<TICKER>,<PER>,<DATE>,<TIME>,<OPEN>,<HIGH>,<LOW>,<CLOSE>,<VOL>,<OPENINT>
1INCH.V,D,20210108,000000,1.3,1.357,1.143,1.2,0,0
1INCH.V,D,20210109,000000,1.2,1.34,1.114,1.244,0,0
1INCH.V,D,20210110,000000,1.244,1.547,1.1,1.224,0,0
1INCH.V,D,20210111,000000,1.224,1.224,0.9543,1.127,0,0
1INCH.V,D,20210112,000000,1.127,1.21,1.049,1.117,0,0
1INCH.V,D,20210113,000000,1.117,1.325,1.054,1.274,0,0
1INCH.V,D,20210114,000000,1.274,1.403,1.265,1.329,0,0
1INCH.V,D,20210115,000000,1.329,1.534,1.161,1.348,0,0
1INCH.V,D,20210116,000000,1.348,1.832,1.342,1.644,0,0
1INCH.V,D,20210117,000000,1.644,2.166,1.581,2.012,0,0
1INCH.V,D,20210118,000000,2.012,2.077,1.763,1.88,0,0
1INCH.V,D,20210119,000000,1.88,2.097,1.811,1.903,0,0
1INCH.V,D,20210120,000000,1.903,1.979,1.639,1.846,0,0
1INCH.V,D,20210121,000000,1.846,1.897,1.541,1.589,0,0
1INCH.V,D,20210122,000000,1.589,1.85,1.417,1.761,0,0
1INCH.V,D,20210123,000000,1.761,1.999,1.715,1.949,0,0
1INCH.V,D,20210124,000000,1.949,2.498,1.888,2.491,0,0
1INCH.V,D,20210125,000000,2.491,2.713,2.302,2.358,0,0
1INCH.V,D,20210126,000000,2.358,2.686,2.18,2.686,0,0
1INCH.V,D,20210127,000000,2.686,2.733,2.233,2.518,0,0
1INCH.V,D,20210128,000000,2.518,3.368,2.44,3.122,0,0
1INCH.V,D,20210129,000000,3.122,3.5,2.85,3.341,0,0
1INCH.V,D,20210130,000000,3.341,4.676,3.187,4.565,0,0
1INCH.V,D,20210131,000000,4.565,5.555,4.468,4.94,0,0
1INCH.V,D,20210201,000000,4.94,5.339,4.364,5.053,0,0
1INCH.V,D,20210202,000000,5.053,5.108,4.503,4.665,0,0
1INCH.V,D,20210203,000000,4.665,5.274,4.46,5.037,0,0
1INCH.V,D,20210204,000000,5.037,6.1,4.59,5.598,0,0
1INCH.V,D,20210205,000000,5.598,6.325,5.497,5.824,0,0
1INCH.V,D,20210206,000000,5.824,5.947,5.11,5.247,0,0
1INCH.V,D,20210207,000000,5.247,5.3,4.317,4.974,0,0
1INCH.V,D,20210208,000000,4.974,5.492,4.699,5.347,0,0
1INCH.V,D,20210209,000000,5.347,5.369,4.835,5.054,0,0
1INCH.V,D,20210210,000000,5.054,5.439,4.516,4.854,0,0
1INCH.V,D,20210211,000000,4.854,5.99,4.694,5.65,0,0
1INCH.V,D,20210212,000000,5.65,5.817,5.024,5.263,0,0
1INCH.V,D,20210213,000000,5.263,6.051,5.112,5.694,0,0
1INCH.V,D,20210214,000000,5.694,6.273,4.75,5.272,0,0
1INCH.V,D,20210215,000000,5.272,5.525,4.2,4.95,0,0
1INCH.V,D,20210216,000000,4.95,5.194,4.56,4.774,0,0
1INCH.V,D,20210217,000000,4.774,5.073,4.362,4.85,0,0
1INCH.V,D,20210218,000000,4.85,5.177,4.7,4.775,0,0
1INCH.V,D,20210219,000000,4.775,4.88,4.5,4.591,0,0
1INCH.V,D,20210220,000000,4.591,5.868,4.338,5.164,0,0
1INCH.V,D,20210221,000000,5.164,5.488,4.924,5.06,0,0
1INCH.V,D,20210222,000000,5.06,5.06,3.65,4.554,0,0
1INCH.V,D,20210223,000000,4.554,4.555,2.914,3.688,0,0
1INCH.V,D,20210224,000000,3.688,4.15,3.39,3.639,0,0
1INCH.V,D,20210225,000000,3.639,4.65,3.519,3.906,0,0
1INCH.V,D,20210226,000000,3.906,5.182,3.77,4.509,0,0
1INCH.V,D,20210227,000000,4.509,4.877,4,4.157,0,0
1INCH.V,D,20210228,000000,4.157,4.161,3.519,3.817,0,0
1INCH.V,D,20210301,000000,3.817,4.23,3.792,4.103,0,0
1INCH.V,D,20210302,000000,4.103,4.374,3.81,4.022,0,0
1INCH.V,D,20210303,000000,4.022,4.317,3.998,4.07,0,0
1INCH.V,D,20210304,000000,4.07,4.235,3.755,3.848,0,0
1INCH.V,D,20210305,000000,3.848,3.848,3.52,3.73,0,0
1INCH.V,D,20210306,000000,3.73,3.856,3.613,3.856,0,0
1INCH.V,D,20210307,000000,3.856,4.107,3.783,4,0,0
1INCH.V,D,20210308,000000,4,4.459,3.476,4.311,0,0
1INCH.V,D,20210309,000000,4.311,5.251,4.214,4.433,0,0
1INCH.V,D,20210310,000000,4.433,4.525,3.52,4.005,0,0
1INCH.V,D,20210311,000000,3.991,4.143,3.907,4.003,0,0
1INCH.V,D,20210312,000000,4.003,4.14,3.696,3.803,0,0
1INCH.V,D,20210313,000000,3.803,4.229,3.634,4.101,0,0
1INCH.V,D,20210314,000000,4.101,4.217,3.835,3.841,0,0
1INCH.V,D,20210315,000000,3.841,4.377,3.733,3.938,0,0
1INCH.V,D,20210316,000000,3.938,4.638,3.792,4.556,0,0
1INCH.V,D,20210317,000000,4.556,5.006,4.255,5.006,0,0
1INCH.V,D,20210318,000000,5.006,5.094,4.546,4.567,0,0
1INCH.V,D,20210319,000000,4.567,5.241,4.468,4.89,0,0
1INCH.V,D,20210320,000000,4.89,5.195,4.683,4.692,0,0
1INCH.V,D,20210321,000000,4.692,4.793,4.51,4.67,0,0
1INCH.V,D,20210322,000000,4.67,4.847,4.212,4.3,0,0
1INCH.V,D,20210323,000000,4.3,4.467,4.002,4.088,0,0
1INCH.V,D,20210324,000000,4.088,4.34,3.629,3.724,0,0
1INCH.V,D,20210325,000000,3.724,3.871,3.573,3.667,0,0
1INCH.V,D,20210326,000000,3.667,4.035,3.666,4.003,0,0
1INCH.V,D,20210327,000000,4.003,4.064,3.803,3.997,0,0
1INCH.V,D,20210328,000000,3.997,4.227,3.938,4.085,0,0
1INCH.V,D,20210329,000000,4.085,4.628,4.025,4.599,0,0
1INCH.V,D,20210330,000000,4.599,4.687,4.435,4.507,0,0
1INCH.V,D,20210331,000000,4.507,4.548,4.176,4.34,0,0
1INCH.V,D,20210401,000000,4.34,4.513,4.264,4.448,0,0
1INCH.V,D,20210402,000000,4.448,4.696,4.389,4.672,0,0
1INCH.V,D,20210403,000000,4.672,4.798,4.237,4.246,0,0
1INCH.V,D,20210404,000000,4.246,4.699,4.158,4.569,0,0
1INCH.V,D,20210405,000000,4.569,5.367,4.423,5.306,0,0
1INCH.V,D,20210406,000000,5.306,5.827,5.179,5.18,0,0
1INCH.V,D,20210407,000000,5.18,5.869,4.55,5.56,0,0
1INCH.V,D,20210408,000000,5.56,6.556,5.47,6.197,0,0
1INCH.V,D,20210409,000000,6.197,6.666,5.944,6.101,0,0
1INCH.V,D,20210410,000000,6.101,6.11,5.535,5.736,0,0
1INCH.V,D,20210411,000000,5.736,5.942,5.544,5.673,0,0
1INCH.V,D,20210412,000000,5.673,5.83,5.272,5.496,0,0
1INCH.V,D,20210413,000000,5.496,5.799,5.42,5.61,0,0
1INCH.V,D,20210414,000000,5.61,6.012,5.457,5.879,0,0
1INCH.V,D,20210415,000000,5.879,6.4,5.778,6.09,0,0
1INCH.V,D,20210416,000000,6.09,6.144,5.606,5.82,0,0
1INCH.V,D,20210417,000000,5.82,6.532,5.811,6.479,0,0
1INCH.V,D,20210418,000000,6.479,6.656,4.636,5.292,0,0
1INCH.V,D,20210419,000000,5.292,5.463,4.722,4.852,0,0
1INCH.V,D,20210420,000000,4.852,5.201,4.435,5.032,0,0
1INCH.V,D,20210421,000000,5.032,5.281,4.867,5.024,0,0
1INCH.V,D,20210422,000000,5.024,5.323,4.571,4.599,0,0
1INCH.V,D,20210423,000000,4.599,4.694,3.777,4.281,0,0
1INCH.V,D,20210424,000000,4.281,4.286,3.925,3.954,0,0
1INCH.V,D,20210425,000000,3.954,4.249,3.803,3.999,0,0
1INCH.V,D,20210426,000000,3.999,4.574,3.954,4.549,0,0
1INCH.V,D,20210427,000000,4.549,5.156,4.469,5.128,0,0
1INCH.V,D,20210428,000000,5.128,5.756,4.713,5.556,0,0
1INCH.V,D,20210429,000000,5.556,5.904,5.232,5.472,0,0
1INCH.V,D,20210430,000000,5.472,5.752,5.342,5.648,0,0
1INCH.V,D,20210501,000000,5.648,5.754,5.365,5.521,0,0
1INCH.V,D,20210502,000000,5.521,5.531,5.168,5.36,0,0
1INCH.V,D,20210503,000000,5.36,5.943,5.355,5.865,0,0
1INCH.V,D,20210504,000000,5.865,5.911,5.217,5.245,0,0
1INCH.V,D,20210505,000000,5.245,6.288,5.202,5.986,0,0
1INCH.V,D,20210506,000000,5.986,7.556,5.895,6.604,0,0
1INCH.V,D,20210507,000000,6.604,7.119,6.314,6.58,0,0
1INCH.V,D,20210508,000000,6.58,7.88,6.48,7.492,0,0
1INCH.V,D,20210509,000000,7.492,7.532,6.734,7.08,0,0
1INCH.V,D,20210510,000000,7.08,7.192,5.678,6.19,0,0
1INCH.V,D,20210511,000000,6.19,6.536,5.813,6.53,0,0
1INCH.V,D,20210512,000000,6.53,6.92,5.57,5.591,0,0
1INCH.V,D,20210513,000000,5.591,6.079,5.179,5.584,0,0
1INCH.V,D,20210514,000000,5.584,5.94,5.388,5.742,0,0
1INCH.V,D,20210515,000000,5.742,6.051,5.252,5.264,0,0
1INCH.V,D,20210516,000000,5.264,5.264,5.129,5.129,0,0
1INCH.V,D,20210517,000000,5.129,5.147,4.464,4.703,0,0
1INCH.V,D,20210518,000000,4.703,5.401,4.658,5.273,0,0
1INCH.V,D,20210519,000000,5.273,5.421,2.7,3.231,0,0
1INCH.V,D,20210520,000000,3.231,3.961,2.772,3.608,0,0
1INCH.V,D,20210521,000000,3.608,3.815,2.655,3.119,0,0
1INCH.V,D,20210522,000000,3.119,3.222,2.648,2.726,0,0
1INCH.V,D,20210523,000000,2.726,2.888,1.787,2.342,0,0
1INCH.V,D,20210524,000000,2.342,3.011,2.293,2.947,0,0
1INCH.V,D,20210525,000000,2.947,3.101,2.539,2.893,0,0
1INCH.V,D,20210526,000000,2.893,3.467,2.837,3.429,0,0
1INCH.V,D,20210527,000000,3.429,3.441,2.977,3.273,0,0
1INCH.V,D,20210528,000000,3.273,3.369,2.611,2.76,0,0
1INCH.V,D,20210529,000000,2.76,2.978,2.444,2.566,0,0
1INCH.V,D,20210530,000000,2.566,2.978,2.409,2.882,0,0
1INCH.V,D,20210531,000000,2.882,3.288,2.753,3.21,0,0
1INCH.V,D,20210601,000000,3.21,3.268,2.991,3.121,0,0
1INCH.V,D,20210602,000000,3.121,3.566,3.042,3.374,0,0
1INCH.V,D,20210603,000000,3.374,3.594,3.331,3.494,0,0
1INCH.V,D,20210604,000000,3.494,3.683,3.109,3.38,0,0
1INCH.V,D,20210605,000000,3.38,4.004,3.34,3.683,0,0
1INCH.V,D,20210606,000000,3.683,4.107,3.64,3.901,0,0
1INCH.V,D,20210607,000000,3.901,3.912,3.35,3.403,0,0
1INCH.V,D,20210608,000000,3.403,3.455,2.867,3.101,0,0
1INCH.V,D,20210609,000000,3.101,3.233,2.882,3.19,0,0
1INCH.V,D,20210610,000000,3.19,3.256,2.854,3.014,0,0
1INCH.V,D,20210611,000000,3.014,3.068,2.666,2.74,0,0
1INCH.V,D,20210612,000000,2.74,2.838,2.533,2.727,0,0
1INCH.V,D,20210613,000000,2.727,3.044,2.619,3.006,0,0
1INCH.V,D,20210614,000000,3.006,3.852,2.921,3.683,0,0
1INCH.V,D,20210615,000000,3.683,3.796,3.527,3.747,0,0
1INCH.V,D,20210616,000000,3.747,3.944,3.549,3.596,0,0
1INCH.V,D,20210617,000000,3.596,3.734,3.29,3.411,0,0
1INCH.V,D,20210618,000000,3.411,3.426,3.038,3.166,0,0
1INCH.V,D,20210619,000000,3.166,3.211,3.013,3.021,0,0
1INCH.V,D,20210620,000000,3.021,3.492,2.813,3.402,0,0
1INCH.V,D,20210621,000000,3.402,3.466,2.593,2.671,0,0
1INCH.V,D,20210622,000000,2.671,2.856,2.077,2.399,0,0
1INCH.V,D,20210623,000000,2.399,2.834,2.271,2.612,0,0
1INCH.V,D,20210624,000000,2.612,2.785,2.446,2.726,0,0
1INCH.V,D,20210625,000000,2.726,2.79,2.322,2.344,0,0
1INCH.V,D,20210626,000000,2.344,2.454,2.202,2.352,0,0
1INCH.V,D,20210627,000000,2.352,2.519,2.296,2.508,0,0
1INCH.V,D,20210628,000000,2.508,2.611,2.335,2.474,0,0
1INCH.V,D,20210629,000000,2.474,2.702,2.455,2.542,0,0
1INCH.V,D,20210630,000000,2.542,2.573,2.339,2.535,0,0
1INCH.V,D,20210701,000000,2.535,2.537,2.316,2.371,0,0
1INCH.V,D,20210702,000000,2.371,2.408,2.264,2.394,0,0
1INCH.V,D,20210703,000000,2.394,2.495,2.334,2.484,0,0
1INCH.V,D,20210704,000000,2.484,2.665,2.412,2.532,0,0
1INCH.V,D,20210705,000000,2.532,2.543,2.349,2.489,0,0
1INCH.V,D,20210706,000000,2.489,2.929,2.486,2.838,0,0
1INCH.V,D,20210707,000000,2.838,2.966,2.745,2.761,0,0
1INCH.V,D,20210708,000000,2.761,2.773,2.458,2.507,0,0
1INCH.V,D,20210709,000000,2.507,2.625,2.409,2.576,0,0
1INCH.V,D,20210710,000000,2.576,2.627,2.432,2.489,0,0
1INCH.V,D,20210711,000000,2.489,2.573,2.433,2.517,0,0
1INCH.V,D,20210712,000000,2.517,2.587,2.376,2.423,0,0
1INCH.V,D,20210713,000000,2.423,2.452,2.284,2.32,0,0
1INCH.V,D,20210714,000000,2.32,2.358,2.179,2.295,0,0
1INCH.V,D,20210715,000000,2.295,2.349,2.127,2.146,0,0
1INCH.V,D,20210716,000000,2.146,2.218,1.956,1.967,0,0
1INCH.V,D,20210717,000000,1.967,2.085,1.953,2.015,0,0
1INCH.V,D,20210718,000000,2.015,2.12,1.999,2.032,0,0
1INCH.V,D,20210719,000000,2.032,2.046,1.78,1.787,0,0
1INCH.V,D,20210720,000000,1.787,1.825,1.62,1.71,0,0
1INCH.V,D,20210721,000000,1.71,1.916,1.662,1.828,0,0
1INCH.V,D,20210722,000000,1.828,2.082,1.784,2.04,0,0
1INCH.V,D,20210723,000000,2.04,2.148,1.945,2.112,0,0
1INCH.V,D,20210724,000000,2.112,2.15,1.988,2.044,0,0
1INCH.V,D,20210725,000000,2.044,2.129,1.95,2.048,0,0
1INCH.V,D,20210726,000000,2.048,2.35,2.021,2.138,0,0
1INCH.V,D,20210727,000000,2.138,2.22,2.076,2.216,0,0
1INCH.V,D,20210728,000000,2.216,2.241,2.136,2.187,0,0
1INCH.V,D,20210729,000000,2.187,2.262,2.146,2.246,0,0
1INCH.V,D,20210730,000000,2.246,2.32,2.169,2.305,0,0
1INCH.V,D,20210731,000000,2.305,2.44,2.262,2.375,0,0
1INCH.V,D,20210801,000000,2.375,2.486,2.312,2.32,0,0
1INCH.V,D,20210802,000000,2.32,2.39,2.278,2.305,0,0
1INCH.V,D,20210803,000000,2.305,2.345,2.183,2.224,0,0
1INCH.V,D,20210804,000000,2.224,2.41,2.19,2.343,0,0
1INCH.V,D,20210805,000000,2.343,2.436,2.237,2.419,0,0
1INCH.V,D,20210806,000000,2.419,2.563,2.355,2.512,0,0
1INCH.V,D,20210807,000000,2.512,2.718,2.493,2.704,0,0
1INCH.V,D,20210808,000000,2.704,2.71,2.449,2.491,0,0
1INCH.V,D,20210809,000000,2.491,2.833,2.402,2.759,0,0
1INCH.V,D,20210810,000000,2.759,2.865,2.671,2.792,0,0
1INCH.V,D,20210811,000000,2.792,3.1,2.783,2.936,0,0
1INCH.V,D,20210812,000000,2.873,2.88,2.705,2.809,0,0
1INCH.V,D,20210813,000000,2.809,3.074,2.792,3.071,0,0
1INCH.V,D,20210814,000000,3.071,3.11,2.92,3.059,0,0
1INCH.V,D,20210815,000000,3.059,3.09,2.904,3.048,0,0
1INCH.V,D,20210816,000000,3.048,3.289,3.001,3.035,0,0
1INCH.V,D,20210817,000000,3.035,3.394,2.979,3.075,0,0
1INCH.V,D,20210818,000000,3.075,3.259,2.953,3.111,0,0
1INCH.V,D,20210819,000000,3.111,3.46,3.071,3.426,0,0
1INCH.V,D,20210820,000000,3.426,3.617,3.371,3.447,0,0
1INCH.V,D,20210821,000000,3.447,3.535,3.34,3.366,0,0
1INCH.V,D,20210822,000000,3.366,3.5,3.274,3.389,0,0
1INCH.V,D,20210823,000000,3.389,3.491,3.322,3.408,0,0
1INCH.V,D,20210824,000000,3.408,3.503,3.055,3.067,0,0
1INCH.V,D,20210825,000000,3.067,3.198,2.946,3.177,0,0
1INCH.V,D,20210826,000000,3.177,3.211,2.868,2.921,0,0
1INCH.V,D,20210827,000000,2.921,3.277,2.841,3.216,0,0
1INCH.V,D,20210828,000000,3.216,3.359,3.185,3.286,0,0
1INCH.V,D,20210829,000000,3.286,3.322,3.109,3.156,0,0
1INCH.V,D,20210830,000000,3.156,3.171,2.999,3.01,0,0
1INCH.V,D,20210831,000000,3.01,3.206,2.949,3.054,0,0
1INCH.V,D,20210901,000000,3.054,3.37,2.981,3.34,0,0
1INCH.V,D,20210902,000000,3.34,3.434,3.257,3.351,0,0
1INCH.V,D,20210903,000000,3.351,3.671,3.272,3.573,0,0
1INCH.V,D,20210904,000000,3.573,3.776,3.479,3.681,0,0
1INCH.V,D,20210905,000000,3.681,4.009,3.655,3.834,0,0
1INCH.V,D,20210906,000000,3.834,3.96,3.607,3.71,0,0
1INCH.V,D,20210907,000000,3.71,3.746,2.579,2.926,0,0
1INCH.V,D,20210908,000000,2.926,3.015,2.587,2.915,0,0
1INCH.V,D,20210909,000000,2.915,3.197,2.833,3.03,0,0
1INCH.V,D,20210910,000000,3.03,3.166,2.737,2.882,0,0
1INCH.V,D,20210911,000000,2.882,3.024,2.83,2.91,0,0
1INCH.V,D,20210912,000000,2.91,3.115,2.824,2.989,0,0
1INCH.V,D,20210913,000000,2.989,3.014,2.702,2.84,0,0
1INCH.V,D,20210914,000000,2.84,3.105,2.816,3.071,0,0
1INCH.V,D,20210915,000000,3.071,3.327,3.014,3.299,0,0
1INCH.V,D,20210916,000000,3.299,3.512,3.188,3.327,0,0
1INCH.V,D,20210917,000000,3.327,3.365,3.017,3.118,0,0
1INCH.V,D,20210918,000000,3.118,3.315,3.064,3.133,0,0
1INCH.V,D,20210919,000000,3.133,3.142,2.907,2.946,0,0
1INCH.V,D,20210920,000000,2.946,2.954,2.514,2.575,0,0
1INCH.V,D,20210921,000000,2.575,2.664,2.256,2.319,0,0
1INCH.V,D,20210922,000000,2.319,2.68,2.264,2.631,0,0
1INCH.V,D,20210923,000000,2.631,2.851,2.565,2.781,0,0
1INCH.V,D,20210924,000000,2.781,2.845,2.37,2.549,0,0
1INCH.V,D,20210925,000000,2.549,2.599,2.444,2.492,0,0
1INCH.V,D,20210926,000000,2.492,2.799,2.228,2.682,0,0
1INCH.V,D,20210927,000000,2.682,2.915,2.514,2.524,0,0
1INCH.V,D,20210928,000000,2.524,2.613,2.365,2.373,0,0
1INCH.V,D,20210929,000000,2.373,2.582,2.364,2.498,0,0
1INCH.V,D,20210930,000000,2.498,2.66,2.477,2.553,0,0
1INCH.V,D,20211001,000000,2.553,2.957,2.543,2.915,0,0
1INCH.V,D,20211002,000000,2.915,3.167,2.815,3.05,0,0
1INCH.V,D,20211003,000000,3.05,3.251,2.973,3.082,0,0
1INCH.V,D,20211004,000000,3.082,3.217,2.924,3.17,0,0
1INCH.V,D,20211005,000000,3.17,3.323,3.14,3.277,0,0
1INCH.V,D,20211006,000000,3.277,3.357,2.975,3.115,0,0
1INCH.V,D,20211007,000000,3.115,3.248,3.025,3.133,0,0
1INCH.V,D,20211008,000000,3.133,3.287,3.087,3.161,0,0
1INCH.V,D,20211009,000000,3.161,3.242,3.13,3.198,0,0
1INCH.V,D,20211010,000000,3.198,3.199,2.941,2.955,0,0
1INCH.V,D,20211011,000000,2.955,3.058,2.817,2.905,0,0
1INCH.V,D,20211012,000000,2.905,2.931,2.702,2.897,0,0
1INCH.V,D,20211013,000000,2.897,2.989,2.826,2.962,0,0
1INCH.V,D,20211014,000000,2.962,3.499,2.954,3.359,0,0
1INCH.V,D,20211015,000000,3.359,3.378,3.043,3.242,0,0
1INCH.V,D,20211016,000000,3.242,3.334,3.186,3.209,0,0
1INCH.V,D,20211017,000000,3.209,3.572,3.158,3.48,0,0
1INCH.V,D,20211018,000000,3.48,3.646,3.302,3.45,0,0
1INCH.V,D,20211019,000000,3.45,3.768,3.419,3.73,0,0
1INCH.V,D,20211020,000000,3.73,4.238,3.661,4.168,0,0
1INCH.V,D,20211021,000000,4.168,4.527,4.058,4.139,0,0
1INCH.V,D,20211022,000000,4.139,4.339,3.938,4.021,0,0
1INCH.V,D,20211023,000000,4.021,4.077,3.829,4.02,0,0
1INCH.V,D,20211024,000000,4.02,4.067,3.688,3.806,0,0
1INCH.V,D,20211025,000000,3.806,4.162,3.768,4.048,0,0
1INCH.V,D,20211026,000000,4.048,4.195,3.876,3.949,0,0
1INCH.V,D,20211027,000000,3.949,9.749,3.918,5.721,0,0
1INCH.V,D,20211028,000000,5.721,5.799,4.799,5.142,0,0
1INCH.V,D,20211029,000000,5.142,5.572,4.921,5.046,0,0
1INCH.V,D,20211030,000000,5.046,5.13,4.583,4.7,0,0
1INCH.V,D,20211031,000000,4.7,4.705,4.309,4.579,0,0
1INCH.V,D,20211101,000000,4.579,4.678,4.237,4.573,0,0
1INCH.V,D,20211102,000000,4.573,4.764,4.402,4.629,0,0
1INCH.V,D,20211103,000000,4.629,4.629,4.334,4.423,0,0
1INCH.V,D,20211104,000000,4.423,4.599,4.346,4.512,0,0
1INCH.V,D,20211105,000000,4.512,4.612,4.373,4.396,0,0
1INCH.V,D,20211106,000000,4.396,4.461,4.18,4.423,0,0
1INCH.V,D,20211107,000000,4.423,4.621,4.368,4.573,0,0
1INCH.V,D,20211108,000000,4.573,4.632,4.426,4.629,0,0
1INCH.V,D,20211109,000000,4.629,4.64,4.419,4.432,0,0
1INCH.V,D,20211110,000000,4.432,4.728,3.803,4.076,0,0
1INCH.V,D,20211111,000000,4.076,4.479,4.006,4.283,0,0
1INCH.V,D,20211112,000000,4.283,4.283,3.98,4.166,0,0
1INCH.V,D,20211113,000000,4.166,4.296,4.107,4.275,0,0
1INCH.V,D,20211114,000000,4.275,4.338,4.147,4.279,0,0
1INCH.V,D,20211115,000000,4.279,4.352,4.129,4.188,0,0
1INCH.V,D,20211116,000000,4.188,4.189,3.601,3.848,0,0
1INCH.V,D,20211117,000000,3.848,3.956,3.701,3.93,0,0
1INCH.V,D,20211118,000000,3.93,4.014,3.477,3.548,0,0
1INCH.V,D,20211119,000000,3.548,3.959,3.475,3.892,0,0
1INCH.V,D,20211120,000000,3.892,4.026,3.802,3.988,0,0
1INCH.V,D,20211121,000000,3.988,4.15,3.865,3.993,0,0
1INCH.V,D,20211122,000000,3.993,3.999,3.758,3.826,0,0
1INCH.V,D,20211123,000000,3.826,4.119,3.755,4.032,0,0
1INCH.V,D,20211124,000000,4.032,4.135,3.899,3.99,0,0
1INCH.V,D,20211125,000000,3.99,4.309,3.955,4.252,0,0
1INCH.V,D,20211126,000000,4.252,4.261,3.587,3.673,0,0
1INCH.V,D,20211127,000000,3.673,3.803,3.645,3.711,0,0
1INCH.V,D,20211128,000000,3.711,3.711,3.382,3.655,0,0
1INCH.V,D,20211129,000000,3.655,3.78,3.588,3.759,0,0
1INCH.V,D,20211130,000000,3.759,3.796,3.521,3.546,0,0
1INCH.V,D,20211201,000000,3.546,4.255,3.525,3.687,0,0
1INCH.V,D,20211202,000000,3.687,3.687,3.41,3.476,0,0
1INCH.V,D,20211203,000000,3.481,3.4868,3.0033,3.1308,0,0
1INCH.V,D,20211204,000000,3.1363,3.1581,1.95,2.6664,0,0
1INCH.V,D,20211205,000000,2.6748,2.8421,2.5313,2.6066,0,0
1INCH.V,D,20211206,000000,2.608,2.6799,2.3721,2.6703,0,0
1INCH.V,D,20211207,000000,2.6776,2.8559,2.6388,2.6575,0,0
1INCH.V,D,20211208,000000,2.6494,2.7884,2.575,2.7184,0,0
1INCH.V,D,20211209,000000,2.7302,2.9666,2.4966,2.5207,0,0
1INCH.V,D,20211210,000000,2.52,2.6555,2.469,2.5352,0,0
1INCH.V,D,20211211,000000,2.5356,2.6185,2.4572,2.5581,0,0
1INCH.V,D,20211212,000000,2.5581,2.6074,2.4916,2.5668,0,0
1INCH.V,D,20211213,000000,2.56,2.65,2.2345,2.4469,0,0
1INCH.V,D,20211214,000000,2.4483,2.5824,2.3658,2.5394,0,0
1INCH.V,D,20211215,000000,2.5394,2.56928,2.32516,2.52351,0,0
1INCH.V,D,20211216,000000,2.52251,2.70281,2.52251,2.63079,0,0
1INCH.V,D,20211217,000000,2.62979,2.73009,2.39196,2.47599,0,0
1INCH.V,D,20211218,000000,2.47599,2.61605,2.42473,2.48599,0,0
1INCH.V,D,20211219,000000,2.48399,2.52201,2.41196,2.46098,0,0
1INCH.V,D,20211220,000000,2.46123,2.46323,2.30046,2.38171,0,0
1INCH.V,D,20211221,000000,2.38071,2.47099,2.35871,2.45798,0,0
1INCH.V,D,20211222,000000,2.45698,2.57003,2.42697,2.52726,0,0
1INCH.V,D,20211223,000000,2.52901,2.89687,2.44149,2.76138,0,0
1INCH.V,D,20211224,000000,2.7611,2.98119,2.72936,2.75365,0,0
1INCH.V,D,20211225,000000,2.75365,2.81769,2.69535,2.73509,0,0
1INCH.V,D,20211226,000000,2.73509,2.79712,2.63432,2.77339,6237664,0
1INCH.V,D,20211227,000000,2.77239,2.98219,2.7401,2.82085,16776320,0
1INCH.V,D,20211228,000000,2.81985,2.83585,2.52425,2.56251,17815791,0
1INCH.V,D,20211229,000000,2.56251,2.59652,2.4,2.45449,11878070,0
1INCH.V,D,20211230,000000,2.45025,2.52751,2.33823,2.45449,13712321,0
1INCH.V,D,20211231,000000,2.45949,2.5145,2.34323,2.38924,8748307.405285,0
1INCH.V,D,20220101,000000,2.38924,2.53025,2.38395,2.5125,6635054.7113761,0
1INCH.V,D,20220102,000000,2.5135,2.58226,2.46649,2.56151,7667646.494147,0
1INCH.V,D,20220103,000000,2.56651,2.65827,2.50025,2.56026,12827160.487941,0
1INCH.V,D,20220104,000000,2.56026,2.59774,2.46475,2.50475,9898428.6176331,0
1INCH.V,D,20220105,000000,2.4985,2.58126,2.19978,2.30977,14392686.262943,0
1INCH.V,D,20220106,000000,2.30777,2.38676,2.22833,2.35976,16908328.779207,0
1INCH.V,D,20220107,000000,2.35794,2.36276,2.13257,2.16478,14881051.639093,0
1INCH.V,D,20220108,000000,2.16378,2.23978,2.04359,2.159,9621344.1457894,0
1INCH.V,D,20220109,000000,2.158,2.201,2.091,2.163,5349231.9925895,0
1INCH.V,D,20220110,000000,2.164,2.18822,1.973,2.065,8942491.5570698,0
1INCH.V,D,20220111,000000,2.066,2.16222,2.03,2.13221,6346984.6327144,0
1INCH.V,D,20220112,000000,2.13021,2.2609,2.13,2.2419,5918520.799758,0
1INCH.V,D,20220113,000000,2.2409,2.52501,2.21489,2.37595,45042709.792355,0
1INCH.V,D,20220114,000000,2.37595,2.45122,2.26491,2.36971,10653430.536946,0
1INCH.V,D,20220115,000000,2.37095,2.42697,2.3387,2.38519,5554302.5360193,0
1INCH.V,D,20220116,000000,2.38519,2.46423,2.35894,2.43597,9677365.1944273,0
1INCH.V,D,20220117,000000,2.43697,2.44998,2.19666,2.23189,7644315.1157845,0
1INCH.V,D,20220118,000000,2.23189,2.27891,2.11685,2.21166,7244067.8585849,0
1INCH.V,D,20220119,000000,2.21066,2.21088,2.06262,2.11964,6413801.3021107,0
1INCH.V,D,20220120,000000,2.11964,2.23945,2.06621,2.08642,6862523.2378501,0
1INCH.V,D,20220121,000000,2.08642,2.08742,1.70934,1.78053,10690618.313041,0
1INCH.V,D,20220122,000000,1.78053,1.86056,1.5053,1.59748,12614788.076876,0
1INCH.V,D,20220123,000000,1.59648,1.71251,1.58132,1.63433,7787433.7511294,0
1INCH.V,D,20220124,000000,1.63433,1.69634,1.42428,1.57047,9855639.6428648,0
1INCH.V,D,20220125,000000,1.57047,1.61281,1.53246,1.58779,6168953.2922715,0
1INCH.V,D,20220126,000000,1.58627,1.8019,1.57594,1.61597,12584285.866061,0
1INCH.V,D,20220127,000000,1.61397,1.66066,1.52361,1.56178,7228697.2107433,0
1INCH.V,D,20220128,000000,1.56563,1.75835,1.55162,1.63549,9569594.7679816,0
1INCH.V,D,20220129,000000,1.63733,1.74452,1.63649,1.71752,7884077.7423512,0
1INCH.V,D,20220130,000000,1.71651,1.72952,1.62549,1.64949,4790120.585525,0
1INCH.V,D,20220131,000000,1.64996,1.69425,1.57563,1.68144,4836393.1304567,0
1INCH.V,D,20220201,000000,1.6805,1.74387,1.63782,1.71703,5858554.2037231,0
1INCH.V,D,20220202,000000,1.71686,1.74887,1.60664,1.6293,5001874.176016,0
1INCH.V,D,20220203,000000,1.63047,1.65766,1.58779,1.64082,3914872.0001328,0
1INCH.V,D,20220204,000000,1.63912,1.75005,1.63755,1.7474,6805586.6915,0
1INCH.V,D,20220205,000000,1.7474,1.84829,1.74139,1.79608,6631660.5363165,0
1INCH.V,D,20220206,000000,1.79608,1.85893,1.75905,1.82173,5935260.729785,0
1INCH.V,D,20220207,000000,1.82173,1.96377,1.80226,1.93736,6806832.2956866,0
1INCH.V,D,20220208,000000,1.93736,1.98339,1.78443,1.85267,8806530.0046704,0
1INCH.V,D,20220209,000000,1.85267,1.95676,1.83847,1.93493,6573254.5927157,0
1INCH.V,D,20220210,000000,1.93493,1.95175,1.78861,1.82127,7465556.8046719,0
1INCH.V,D,20220211,000000,1.82127,1.84347,1.6835,1.68751,5870975.923624,0
1INCH.V,D,20220212,000000,1.68818,1.74139,1.64799,1.68884,4138383.7599009,0
1INCH.V,D,20220213,000000,1.68884,1.70765,1.61227,1.6716,3587786.0714154,0
1INCH.V,D,20220214,000000,1.676,1.73804,1.62277,1.69902,7256117.2164813,0
1INCH.V,D,20220215,000000,1.69985,1.77907,1.68801,1.77406,3620747.5486969,0
1INCH.V,D,20220216,000000,1.77486,1.8553,1.75005,1.81309,7178638.4167318,0
1INCH.V,D,20220217,000000,1.81409,1.8291,1.64799,1.67817,6553218.822026,0
1INCH.V,D,20220218,000000,1.67717,1.68018,1.56094,1.58479,7558355.7720369,0
1INCH.V,D,20220219,000000,1.58195,1.60506,1.52276,1.57765,3654363.4689229,0
1INCH.V,D,20220220,000000,1.57729,1.58865,1.45798,1.51406,4387071.6605044,0
1INCH.V,D,20220221,000000,1.51406,1.55262,1.38755,1.4047,7544834.31856,0
1INCH.V,D,20220222,000000,1.4047,1.43858,1.31339,1.3947,6841602.2397506,0
1INCH.V,D,20220223,000000,1.39794,1.48364,1.39524,1.41785,5361101.4686503,0
1INCH.V,D,20220224,000000,1.41795,1.41911,1.18069,1.30852,12161142.464718,0
1INCH.V,D,20220225,000000,1.30939,1.45072,1.30939,1.45072,5609635.4143798,0
1INCH.V,D,20220226,000000,1.45072,1.50375,1.41357,1.43672,4745472.6704809,0
1INCH.V,D,20220227,000000,1.43647,1.53862,1.36154,1.3987,8667610.9487248,0
1INCH.V,D,20220228,000000,1.39656,1.5026,1.32936,1.48759,7989366.2700101,0
1INCH.V,D,20220301,000000,1.48874,1.55362,1.46759,1.50445,5651687.0114614,0
1INCH.V,D,20220302,000000,1.50445,1.54746,1.46744,1.50545,5105874.919112,0
1INCH.V,D,20220303,000000,1.50545,1.51445,1.40242,1.44229,4320225.6946287,0
1INCH.V,D,20220304,000000,1.44443,1.45329,1.32326,1.3404,5924951.0414924,0
1INCH.V,D,20220305,000000,1.3384,1.36541,1.30126,1.35791,2285769.2346919,0
1INCH.V,D,20220306,000000,1.35741,1.36997,1.29169,1.328,3087950.0562777,0
1INCH.V,D,20220307,000000,1.3305,1.33327,1.22945,1.27038,4187115.2044636,0
1INCH.V,D,20220308,000000,1.27038,1.32226,1.26525,1.28126,2539995.8695658,0
1INCH.V,D,20220309,000000,1.28006,1.40028,1.27936,1.36514,3571683.4017252,0
1INCH.V,D,20220310,000000,1.36527,1.46058,1.28626,1.36955,11850175.880289,0
1INCH.V,D,20220311,000000,1.36955,1.38055,1.30639,1.32813,2383371.9256361,0
1INCH.V,D,20220312,000000,1.32827,1.37514,1.31626,1.34213,3464821.6109083,0
1INCH.V,D,20220313,000000,1.34327,1.41628,1.29839,1.30539,4061394.4344764,0
1INCH.V,D,20220314,000000,1.30226,1.34827,1.29413,1.32126,2500287.4324442,0
1INCH.V,D,20220315,000000,1.32226,1.36827,1.28626,1.3444,2566013.4408532,0
1INCH.V,D,20220316,000000,1.3454,1.54146,1.3414,1.50445,14411847.339635,0
1INCH.V,D,20220317,000000,1.50445,1.54846,1.46144,1.48574,5614481.4869518,0
1INCH.V,D,20220318,000000,1.48559,1.62597,1.45072,1.61281,13423405.05458,0
1INCH.V,D,20220319,000000,1.61481,1.74405,1.58479,1.63182,13320153.593595,0
1INCH.V,D,20220320,000000,1.63182,1.66083,1.53061,1.56863,7830727.7847471,0
1INCH.V,D,20220321,000000,1.56878,1.59364,1.51361,1.54062,5766942.4724566,0
1INCH.V,D,20220322,000000,1.54062,1.5938,1.52961,1.55578,6029665.2790564,0
1INCH.V,D,20220323,000000,1.55678,1.62765,1.52376,1.59764,7196215.5050116,0
1INCH.V,D,20220324,000000,1.60264,1.63682,1.56363,1.62465,10369502.931053,0
1INCH.V,D,20220325,000000,1.62365,1.65799,1.54762,1.57279,7169585.8546843,0
1INCH.V,D,20220326,000000,1.57279,1.63081,1.55578,1.61581,4873160.6912617,0
1INCH.V,D,20220327,000000,1.61881,1.76771,1.61665,1.7557,15931974.302976,0
1INCH.V,D,20220328,000000,1.75653,1.82673,1.73235,1.77271,12129662.783305,0
1INCH.V,D,20220329,000000,1.77471,1.91176,1.70451,1.77088,16460875.950837,0
1INCH.V,D,20220330,000000,1.77071,1.89057,1.70868,1.85456,10084292.025617,0
1INCH.V,D,20220331,000000,1.85356,1.93139,1.72635,1.77636,13472900.134264,0
1INCH.V,D,20220401,000000,1.77453,1.88594,1.67233,1.86756,9252290.6644528,0
1INCH.V,D,20220402,000000,1.86737,2.09884,1.85737,1.97479,27171899.077985,0
1INCH.V,D,20220403,000000,1.97279,2.03081,1.87256,1.97259,12617875.819178,0
1INCH.V,D,20220404,000000,1.97659,2.0046,1.80336,1.89557,10502665.511793,0
1INCH.V,D,20220405,000000,1.89657,1.93458,1.83255,1.86219,6788215.6636598,0
1INCH.V,D,20220406,000000,1.86337,1.87237,1.606,1.664,9969403.6241778,0
1INCH.V,D,20220407,000000,1.661,1.667,1.57316,1.64616,5333979.7044775,0
1INCH.V,D,20220408,000000,1.64416,1.68534,1.60048,1.60164,6076961.8729573,0
1INCH.V,D,20220409,000000,1.60364,1.6585,1.56547,1.64649,5072237.2456911,0
1INCH.V,D,20220410,000000,1.64649,1.6685,1.59948,1.63549,2666270.3462105,0
1INCH.V,D,20220411,000000,1.63333,1.63516,1.43029,1.43443,5066249.6247938,0
1INCH.V,D,20220412,000000,1.43629,1.5233,1.42143,1.49945,3803643.4206513,0
1INCH.V,D,20220413,000000,1.49845,1.55031,1.4903,1.53946,3178793.8979807,0
1INCH.V,D,20220414,000000,1.54146,1.56947,1.4823,1.51215,4088497.985724,0
1INCH.V,D,20220415,000000,1.5133,1.54331,1.48715,1.5193,2500347.6081285,0
1INCH.V,D,20220416,000000,1.5203,1.53131,1.48415,1.5113,1370750.433996,0
1INCH.V,D,20220417,000000,1.51215,1.5233,1.48315,1.5013,1477744.1162291,0
1INCH.V,D,20220418,000000,1.5003,1.5063,1.38014,1.48945,4438417.4417843,0
1INCH.V,D,20220419,000000,1.48845,1.54131,1.47744,1.5223,2876533.4353566,0
1INCH.V,D,20220420,000000,1.5223,1.59032,1.5083,1.53731,3572073.4920751,0
1INCH.V,D,20220421,000000,1.53731,1.63816,1.5073,1.5073,7050862.8967545,0
1INCH.V,D,20220422,000000,1.50715,1.61132,1.47129,1.48315,8035808.2934035,0
1INCH.V,D,20220423,000000,1.4813,1.4823,1.43514,1.46215,3223165.8192493,0
1INCH.V,D,20220424,000000,1.46129,1.46229,1.40528,1.43029,2132055.9667464,0
1INCH.V,D,20220425,000000,1.43029,1.43329,1.31026,1.40814,3565433.3028575,0
1INCH.V,D,20220426,000000,1.40828,1.42614,1.29013,1.308,2491281.6084122,0
1INCH.V,D,20220427,000000,1.30913,1.346,1.264,1.319,3492809.6201369,0
1INCH.V,D,20220428,000000,1.31813,1.35314,1.28313,1.30513,4924206.4082881,0
1INCH.V,D,20220429,000000,1.30513,1.31213,1.228,1.25113,3198427.5450842,0
1INCH.V,D,20220430,000000,1.25113,1.35614,1.21112,1.21512,7573524.7311011,0
1INCH.V,D,20220501,000000,1.214,1.21412,1.071,1.146,8150782.2664053,0
1INCH.V,D,20220502,000000,1.147,1.21412,1.12211,1.19312,5803648.9487004,0
1INCH.V,D,20220503,000000,1.194,1.239,1.15477,1.16988,5917693.1198812,0
1INCH.V,D,20220504,000000,1.16588,1.285,1.16088,1.285,3647971.8186782,0
1INCH.V,D,20220505,000000,1.285,1.37972,1.24775,1.26975,27004819.920235,0
1INCH.V,D,20220506,000000,1.27075,1.36586,1.26387,1.33787,24452791.990164,0
1INCH.V,D,20220507,000000,1.33487,1.37386,1.27574,1.28774,13296719.508111,0
1INCH.V,D,20220508,000000,1.28787,1.33047,1.27449,1.3206,7542513.3216545,0
1INCH.V,D,20220509,000000,1.3196,1.36773,1.09967,1.10778,15159358.362565,0
1INCH.V,D,20220510,000000,1.10878,1.13877,0.9986,1.01259,15705089.113951,0
1INCH.V,D,20220511,000000,1.01359,1.07457,0.91152,1.00726,28910708.794244,0
1INCH.V,D,20220512,000000,1.00726,1.05377,0.68183,0.7828,21583194.940838,0
1INCH.V,D,20220513,000000,0.78388,0.949145,0.76892,0.9394,9651087.0478084,0
1INCH.V,D,20220514,000000,0.9394,0.955086,0.891125,0.930695,9111418.971688,0
1INCH.V,D,20220515,000000,0.932599,0.971832,0.907727,0.971735,4142128.2338415,0
1INCH.V,D,20220516,000000,0.971832,0.983818,0.909816,0.92979,3063433.4785581,0
1INCH.V,D,20220517,000000,0.934783,0.975925,0.912629,0.948765,3787850.8684097,0
1INCH.V,D,20220518,000000,0.950762,0.968836,0.900918,0.907818,4423228.0081755,0
1INCH.V,D,20220519,000000,0.909816,0.936063,0.890109,0.916083,4653528.1456042,0
1INCH.V,D,20220520,000000,0.916175,0.940341,0.905185,0.914901,3052432.3606159,0
1INCH.V,D,20220521,000000,0.9159,0.969738,0.905912,0.946768,2743802.4343308,0
1INCH.V,D,20220522,000000,0.946768,1.015678,0.94477,0.988713,4608299.9701821,0
1INCH.V,D,20220523,000000,0.988812,1.052735,0.970736,0.97383,5829901.2379659,0
1INCH.V,D,20220524,000000,0.97383,1.028867,0.942867,0.992708,3446686.0921306,0
1INCH.V,D,20220525,000000,0.992608,1.00669,0.952951,0.974926,2171169.1544158,0
1INCH.V,D,20220526,000000,0.974829,0.979921,0.888932,0.921078,2983367.230438,0
1INCH.V,D,20220527,000000,0.922077,0.92907,0.885114,0.8991,3379770.8191359,0
1INCH.V,D,20220528,000000,0.896976,0.926036,0.88879,0.918924,2118581.7140049,0
1INCH.V,D,20220529,000000,0.918905,0.927026,0.896022,0.915991,2208441.9727204,0
1INCH.V,D,20220530,000000,0.915982,0.997301,0.908999,0.991306,3992463.404043,0
1INCH.V,D,20220531,000000,0.991206,1.013189,0.958233,0.968225,4738308.3988114,0
1INCH.V,D,20220601,000000,0.968225,0.993205,0.942962,0.945149,4684802.2582855,0
1INCH.V,D,20220602,000000,0.945054,0.958137,0.89919,0.919172,12063898.048878,0
1INCH.V,D,20220603,000000,0.919172,0.936157,0.859097,0.876237,15413765.599458,0
1INCH.V,D,20220604,000000,0.876237,0.881162,0.851148,0.864343,13765536.32464,0
1INCH.V,D,20220605,000000,0.865351,0.870303,0.849311,0.863188,11642690.766596,0
1INCH.V,D,20220606,000000,0.863188,0.897246,0.855187,0.870268,25782384.559924,0
1INCH.V,D,20220607,000000,0.871268,0.877245,0.818328,0.862292,26563251.904281,0
1INCH.V,D,20220608,000000,0.86231,0.86734,0.807499,0.828461,24550994.831642,0
1INCH.V,D,20220609,000000,0.827462,0.831459,0.797314,0.804324,20205190.874244,0
1INCH.V,D,20220610,000000,0.804316,0.805331,0.74219,0.76502,25975683.67419,0
1INCH.V,D,20220611,000000,0.765027,0.771174,0.689137,0.699202,15299414.946911,0
1INCH.V,D,20220612,000000,0.699202,0.719165,0.649084,0.671173,20131848.630157,0
1INCH.V,D,20220613,000000,0.671173,0.671173,0.564438,0.592176,80393233.202184,0
1INCH.V,D,20220614,000000,0.593174,0.600219,0.552176,0.577306,81048858.258649,0
1INCH.V,D,20220615,000000,0.576308,0.605333,0.536033,0.603094,81505776.671195,0
1INCH.V,D,20220616,000000,0.602096,0.62975,0.586595,0.592229,21790681.897648,0
1INCH.V,D,20220617,000000,0.578195,0.601263,0.57151,0.589692,65508510.386352,0
1INCH.V,D,20220618,000000,0.592294,0.598992,0.513239,0.538127,72112841.453993,0
1INCH.V,D,20220619,000000,0.538127,0.584298,0.528212,0.580245,34998023.192527,0
1INCH.V,D,20220620,000000,0.5808,0.723204,0.5573,0.670262,23416034.265554,0
1INCH.V,D,20220621,000000,0.667265,0.735117,0.656212,0.692238,19452251.601069,0
1INCH.V,D,20220622,000000,0.693306,0.74925,0.645354,0.695304,18668571.912514,0
1INCH.V,D,20220623,000000,0.694305,0.712287,0.666333,0.696303,8881357.7008529,0
1INCH.V,D,20220624,000000,0.696303,0.772382,0.695304,0.765403,27757363.958438,0
1INCH.V,D,20220625,000000,0.766233,0.782217,0.695534,0.730488,18239893.674229,0
1INCH.V,D,20220626,000000,0.73148,0.78567,0.717569,0.732546,23160406.263856,0
1INCH.V,D,20220627,000000,0.732553,0.73256,0.647391,0.668405,8341626.4504048,0
1INCH.V,D,20220628,000000,0.668391,0.807265,0.640615,0.765058,41443953.994122,0
1INCH.V,D,20220629,000000,0.764051,0.778073,0.69409,0.71813,14662291.813182,0
1INCH.V,D,20220630,000000,0.718137,0.750211,0.662204,0.670195,18147044.970063,0
1INCH.V,D,20220701,000000,0.670195,0.712144,0.644097,0.653281,12212997.158095,0
1INCH.V,D,20220702,000000,0.6533,0.6612,0.6205,0.64063,13846030.974031,0
1INCH.V,D,20220703,000000,0.639767,0.641429,0.608647,0.626984,8767036.3386417,0
1INCH.V,D,20220704,000000,0.629648,0.638014,0.606421,0.631983,5501832.4617156,0
1INCH.V,D,20220705,000000,0.628245,0.65721,0.598281,0.622315,8928514.0374478,0
1INCH.V,D,20220706,000000,0.622315,0.631305,0.609329,0.621316,7941783.2423234,0
1INCH.V,D,20220707,000000,0.622614,0.653542,0.618619,0.646612,5012954.578418,0
1INCH.V,D,20220708,000000,0.645612,0.718497,0.636427,0.690585,15121728.332751,0
1INCH.V,D,20220709,000000,0.690585,0.713572,0.672529,0.684589,4739645.0610225,0
1INCH.V,D,20220710,000000,0.68552,0.706576,0.633556,0.646612,6161028.7157616,0
1INCH.V,D,20220711,000000,0.646612,0.659604,0.608391,0.611449,6808456.4397258,0
1INCH.V,D,20220712,000000,0.612571,0.612571,0.565377,0.570429,13074648.929376,0
1INCH.V,D,20220713,000000,0.573343,0.588711,0.542403,0.578978,34995611.101643,0
1INCH.V,D,20220714,000000,0.575082,0.624925,0.567146,0.609234,48836597.813355,0
1INCH.V,D,20220715,000000,0.609134,0.694483,0.604237,0.656803,93284996.187767,0
1INCH.V,D,20220716,000000,0.654903,0.669866,0.631547,0.663701,50824803.063368,0
1INCH.V,D,20220717,000000,0.663701,0.682043,0.639108,0.655829,41056084.327821,0
1INCH.V,D,20220718,000000,0.655669,0.735375,0.642788,0.708337,65571231.953339,0
1INCH.V,D,20220719,000000,0.708387,0.774399,0.703024,0.740218,70498778.100277,0
1INCH.V,D,20220720,000000,0.7401,0.749882,0.66852,0.688834,53453245.874684,0
1INCH.V,D,20220721,000000,0.688834,0.691276,0.647732,0.685471,51960950.112658,0
1INCH.V,D,20220722,000000,0.685571,0.714693,0.655405,0.660845,65866410.515947,0
1INCH.V,D,20220723,000000,0.660745,0.702742,0.652026,0.669727,67327922.444406,0
1INCH.V,D,20220724,000000,0.669767,0.697214,0.667387,0.68173,54883829.856251,0
1INCH.V,D,20220725,000000,0.683437,0.690031,0.629594,0.646352,70871042.177173,0
1INCH.V,D,20220726,000000,0.649958,0.651465,0.604648,0.619287,67655927.590221,0
1INCH.V,D,20220727,000000,0.619287,0.686265,0.614986,0.681063,74316064.552738,0
1INCH.V,D,20220728,000000,0.680963,0.806393,0.680963,0.776455,114510856.08973,0
1INCH.V,D,20220729,000000,0.776355,0.784961,0.739751,0.760812,83470531.497581,0
1INCH.V,D,20220730,000000,0.758611,0.834492,0.755502,0.78896,92068420.210741,0
1INCH.V,D,20220731,000000,0.777864,0.80621,0.757712,0.780379,62776024.988522,0
1INCH.V,D,20220801,000000,0.780612,0.784004,0.744471,0.760028,73082519.874129,0
1INCH.V,D,20220802,000000,0.761028,0.780504,0.717408,0.746527,76685257.982772,0
1INCH.V,D,20220803,000000,0.746449,0.80983,0.724781,0.793898,64409739.602239,0
1INCH.V,D,20220804,000000,0.796539,0.8328,0.762568,0.793324,59933827.043096,0
1INCH.V,D,20220805,000000,0.793624,0.852211,0.788255,0.823256,57368992.294042,0
1INCH.V,D,20220806,000000,0.823656,0.845418,0.808737,0.81858,39875406.783229,0
1INCH.V,D,20220807,000000,0.818388,0.823389,0.801912,0.818956,22255458.392112,0
1INCH.V,D,20220808,000000,0.818856,0.863859,0.804597,0.843001,58815449.891959,0
1INCH.V,D,20220809,000000,0.843601,0.876484,0.793074,0.809062,57695098.804001,0
1INCH.V,D,20220810,000000,0.809262,0.906045,0.783319,0.870252,72158593.724008,0
1INCH.V,D,20220811,000000,0.870452,0.891019,0.858643,0.867708,45206088.274637,0
1INCH.V,D,20220812,000000,0.865707,0.892546,0.846423,0.868099,54720871.254032,0
1INCH.V,D,20220813,000000,0.874602,0.91071,0.866116,0.884645,64050828.174703,0
1INCH.V,D,20220814,000000,0.884645,0.892048,0.830916,0.842061,68027284.817493,0
1INCH.V,D,20220815,000000,0.841852,0.863825,0.813328,0.819905,49656922.36748,0
1INCH.V,D,20220816,000000,0.819605,0.83315,0.808129,0.821074,45106960.992968,0
1INCH.V,D,20220817,000000,0.821074,0.842293,0.7736,0.778054,38605831.017987,0
1INCH.V,D,20220818,000000,0.767061,0.783163,0.759061,0.766308,43484964.745338,0
1INCH.V,D,20220819,000000,0.762676,0.7673,0.655666,0.685269,69691535.887284,0
1INCH.V,D,20220820,000000,0.665333,0.701691,0.658093,0.672093,41820438.788524,0
1INCH.V,D,20220821,000000,0.671787,0.7124,0.67178,0.707586,46515765.494271,0
1INCH.V,D,20220822,000000,0.707086,0.709128,0.658061,0.680984,35654973.033836,0
1INCH.V,D,20220823,000000,0.681798,0.725093,0.676465,0.719714,75216689.523239,0
1INCH.V,D,20220824,000000,0.719528,0.741137,0.708672,0.737466,59404932.441092,0
1INCH.V,D,20220825,000000,0.736466,0.750932,0.721343,0.747322,57265519.917744,0
1INCH.V,D,20220826,000000,0.746722,0.751662,0.679193,0.682368,53077324.909914,0
1INCH.V,D,20220827,000000,0.682368,0.682968,0.644971,0.65122,46284712.220737,0
1INCH.V,D,20220828,000000,0.65122,0.669093,0.645906,0.661,36984862.342236,0
1INCH.V,D,20220829,000000,0.6609,0.669847,0.626356,0.666247,52225813.400388,0
1INCH.V,D,20220830,000000,0.666353,0.684,0.637208,0.655359,52153326.006286,0
1INCH.V,D,20220831,000000,0.655352,0.705921,0.651278,0.678793,70283933.996181,0
1INCH.V,D,20220901,000000,0.679793,0.683507,0.641787,0.66516,48392628.694914,0
1INCH.V,D,20220902,000000,0.66406,0.737874,0.66346,0.710607,126637287.10255,0
1INCH.V,D,20220903,000000,0.711514,0.716322,0.678,0.6853,72500211.687193,0
1INCH.V,D,20220904,000000,0.6853,0.6917,0.6583,0.6691,104388808.44805,0
1INCH.V,D,20220905,000000,0.6688,0.676768,0.649,0.656566,57265632.109586,0
1INCH.V,D,20220906,000000,0.657966,0.675668,0.59854,0.6146,100813722.66948,0
1INCH.V,D,20220907,000000,0.6089,0.634081,0.593182,0.630944,85971883.187204,0
1INCH.V,D,20220908,000000,0.630944,0.642203,0.615606,0.634995,78717878.948781,0
1INCH.V,D,20220909,000000,0.634695,0.675315,0.634389,0.665233,80935121.728864,0
1INCH.V,D,20220910,000000,0.665133,0.680897,0.645526,0.655024,107848689.76311,0
1INCH.V,D,20220911,000000,0.654824,0.673122,0.63916,0.63936,105502721.42687,0
1INCH.V,D,20220912,000000,0.638253,0.673562,0.633558,0.64863,95317831.313919,0
1INCH.V,D,20220913,000000,0.648617,0.658371,0.5935,0.595812,74612965.740416,0
1INCH.V,D,20220914,000000,0.595812,0.617537,0.5897,0.609452,83126254.974257,0
1INCH.V,D,20220915,000000,0.609252,0.619136,0.591706,0.600646,80366257.883436,0
1INCH.V,D,20220916,000000,0.600646,0.625037,0.582453,0.622838,88240685.925858,0
1INCH.V,D,20220917,000000,0.622838,0.6252,0.6112,0.6202,65594418.680663,0
1INCH.V,D,20220918,000000,0.6202,0.6394,0.533847,0.5765,77763870.483696,0
1INCH.V,D,20220919,000000,0.5763,0.60032,0.5552,0.59916,118349936.20625,0
1INCH.V,D,20220920,000000,0.59926,0.608122,0.585717,0.59856,92216570.645622,0
1INCH.V,D,20220921,000000,0.597306,0.605861,0.5574,0.56,108789094.18624,0
1INCH.V,D,20220922,000000,0.5609,0.5968,0.5527,0.5905,95105839.572259,0
1INCH.V,D,20220923,000000,0.590559,0.6193,0.5848,0.605439,107862396.80983,0
1INCH.V,D,20220924,000000,0.605558,0.625475,0.603054,0.604948,78202977.096888,0
1INCH.V,D,20220925,000000,0.6049,0.626763,0.596976,0.5985,95844191.191552,0
1INCH.V,D,20220926,000000,0.5985,0.6361,0.591182,0.6236,91472490.66305,0
1INCH.V,D,20220927,000000,0.6229,0.6485,0.60144,0.60344,110912044.13959,0
1INCH.V,D,20220928,000000,0.6035,0.6115,0.574543,0.5881,109470309.07028,0
1INCH.V,D,20220929,000000,0.5875,0.5923,0.572643,0.580558,94368916.974689,0
1INCH.V,D,20220930,000000,0.583,0.590218,0.5749,0.5791,90392529.78297,0
1INCH.V,D,20221001,000000,0.576858,0.580458,0.5714,0.5729,52903797.568665,0
1INCH.V,D,20221002,000000,0.5729,0.5775,0.553,0.5664,42442076.93963,0
1INCH.V,D,20221003,000000,0.5663,0.574415,0.5448,0.572057,50439472.250036,0
1INCH.V,D,20221004,000000,0.572357,0.589577,0.570157,0.585576,48139534.267905,0
1INCH.V,D,20221005,000000,0.586917,0.589018,0.5677,0.581316,61142242.652331,0
1INCH.V,D,20221006,000000,0.581316,0.593807,0.576575,0.580099,60082269.827421,0
1INCH.V,D,20221007,000000,0.580099,0.641719,0.572274,0.611086,154127226.38719,0
1INCH.V,D,20221008,000000,0.610785,0.625131,0.594607,0.600256,76323686.441911,0
1INCH.V,D,20221009,000000,0.597155,0.611861,0.592877,0.60002,81041359.062115,0
1INCH.V,D,20221010,000000,0.59996,0.618862,0.580742,0.588141,71883463.636232,0
1INCH.V,D,20221011,000000,0.5888,0.5902,0.557905,0.562549,59215622.966234,0
1INCH.V,D,20221012,000000,0.562449,0.573783,0.558516,0.571317,43096993.609311,0
1INCH.V,D,20221013,000000,0.571317,0.572706,0.535289,0.564445,69156375.237047,0
1INCH.V,D,20221014,000000,0.566045,0.578546,0.554628,0.556417,80051720.936696,0
1INCH.V,D,20221015,000000,0.556422,0.569151,0.552617,0.564628,73797787.37601,0
1INCH.V,D,20221016,000000,0.5645,0.572429,0.558639,0.569223,57806856.190671,0
1INCH.V,D,20221017,000000,0.568828,0.577006,0.562289,0.574911,74086995.344969,0
1INCH.V,D,20221018,000000,0.5749,0.582429,0.561594,0.575034,78075446.499696,0
1INCH.V,D,20221019,000000,0.574957,0.582517,0.5576,0.5757,99808205.4022,0
1INCH.V,D,20221020,000000,0.5762,0.580617,0.55475,0.559661,102420739.20822,0
1INCH.V,D,20221021,000000,0.559661,0.56864,0.543384,0.566845,115617355.61197,0
1INCH.V,D,20221022,000000,0.56684,0.573034,0.558011,0.568151,124179810.55129,0
1INCH.V,D,20221023,000000,0.568151,0.578964,0.559256,0.575381,95410466.428134,0
1INCH.V,D,20221024,000000,0.575269,0.580835,0.560611,0.567723,126490456.63136,0
1INCH.V,D,20221025,000000,0.569223,0.593202,0.565123,0.580886,130609611.48477,0
1INCH.V,D,20221026,000000,0.581298,0.617391,0.579922,0.616673,134366772.73525,0
1INCH.V,D,20221027,000000,0.617179,0.622424,0.593042,0.599536,103644407.78726,0
1INCH.V,D,20221028,000000,0.599536,0.621543,0.584329,0.617824,122619774.31319,0
1INCH.V,D,20221029,000000,0.618017,0.63638,0.609777,0.627844,125425476.48751,0
1INCH.V,D,20221030,000000,0.627851,0.633727,0.60182,0.606721,115898403.12955,0
1INCH.V,D,20221031,000000,0.606721,0.644213,0.603733,0.619163,143984794.53755,0
1INCH.V,D,20221101,000000,0.619163,0.62385,0.605873,0.610739,83890254.514839,0
1INCH.V,D,20221102,000000,0.610239,0.610333,0.577277,0.586365,95055693.569366,0
1INCH.V,D,20221103,000000,0.586365,0.615982,0.584982,0.607594,137726690.02712,0
1INCH.V,D,20221104,000000,0.607394,0.651959,0.603188,0.648752,147539991.91582,0
1INCH.V,D,20221105,000000,0.648452,0.664133,0.641451,0.649232,82122482.65433106,0
1INCH.V,D,20221106,000000,0.649526,0.674313,0.633232,0.646145,94198940.55753893,0
1INCH.V,D,20221107,000000,0.645852,0.660453,0.622737,0.629982,79335269.60667579,0
1INCH.V,D,20221108,000000,0.629889,0.6393,0.513066,0.546735,100534197.45789467,0
1INCH.V,D,20221109,000000,0.546836,0.565428,0.518287,0.529007,69682215.42253688,0
1INCH.V,D,20221110,000000,0.533462,0.633682,0.521063,0.571393,54947407.21623103,0
1INCH.V,D,20221111,000000,0.571848,0.662345,0.540908,0.55511,47860776.12846288,0
1INCH.V,D,20221112,000000,0.554988,0.565701,0.496904,0.508184,45981712.95037201,0
1INCH.V,D,20221113,000000,0.505688,0.528506,0.490649,0.51358,45431209.39606913,0
1INCH.V,D,20221114,000000,0.513683,0.524517,0.475134,0.511232,41188353.95845593,0
1INCH.V,D,20221115,000000,0.510907,0.542103,0.507338,0.533566,27555803.598905023,0
1INCH.V,D,20221116,000000,0.532749,0.542956,0.513645,0.523818,39147865.98003707,0
1INCH.V,D,20221117,000000,0.523776,0.525595,0.503861,0.516897,63536122.87310193,0
1INCH.V,D,20221118,000000,0.516797,0.532888,0.513479,0.526893,37213774.793295756,0
1INCH.V,D,20221119,000000,0.526893,0.541693,0.518093,0.537036,29379094.64329544,0
1INCH.V,D,20221120,000000,0.537915,0.540556,0.501248,0.50593,21755889.398344565,0
1INCH.V,D,20221121,000000,0.505935,0.5068,0.488708,0.501692,38816935.75094688,0
1INCH.V,D,20221122,000000,0.501897,0.531367,0.500194,0.530951,26804060.231516574,0
1INCH.V,D,20221123,000000,0.533406,0.541544,0.528417,0.538612,20747080.49862663,0
1INCH.V,D,20221124,000000,0.538607,0.546493,0.521377,0.522456,26376720.182629727,0
1INCH.V,D,20221125,000000,0.522456,0.527231,0.511913,0.512008,24095765.58987435,0
1INCH.V,D,20221126,000000,0.512641,0.526395,0.512198,0.518394,20982912.65480311,0
1INCH.V,D,20221127,000000,0.518394,0.552768,0.514501,0.529966,23083055.99327062,0
1INCH.V,D,20221128,000000,0.530088,0.539225,0.49983,0.515904,28919665.631787732,0
1INCH.V,D,20221129,000000,0.515909,0.524033,0.510501,0.517508,18959734.080011573,0
1INCH.V,D,20221130,000000,0.518908,0.529925,0.51169,0.523326,28285654.503061555,0
1INCH.V,D,20221201,000000,0.523416,0.527479,0.505315,0.509131,32434409.82037045,0
1INCH.V,D,20221202,000000,0.508931,0.512246,0.49585,0.50063,50182883.75204862,0
1INCH.V,D,20221203,000000,0.50213,0.505651,0.488798,0.491949,43412675.80432858,0
1INCH.V,D,20221204,000000,0.488949,0.49895,0.482196,0.49735,23893156.708832175,0
1INCH.V,D,20221205,000000,0.49725,0.50424,0.480824,0.48261,56086488.83807031,0
1INCH.V,D,20221206,000000,0.482748,0.489705,0.467891,0.471595,60244804.69110302,0
1INCH.V,D,20221207,000000,0.471791,0.4763,0.429717,0.4411,67616973.21237454,0
1INCH.V,D,20221208,000000,0.442618,0.448531,0.4308,0.447731,36915723.414189,0
1INCH.V,D,20221209,000000,0.447831,0.450532,0.438318,0.438613,37451841.1336938,0
1INCH.V,D,20221210,000000,0.438613,0.447604,0.438418,0.444491,42622238.02469821,0
1INCH.V,D,20221211,000000,0.4436,0.451,0.437844,0.439244,37619391.779313244,0
1INCH.V,D,20221212,000000,0.439188,0.439188,0.412937,0.429539,51858521.90806013,0
1INCH.V,D,20221213,000000,0.429439,0.44388,0.416804,0.441194,49538772.239866294,0
1INCH.V,D,20221214,000000,0.441194,0.444691,0.428404,0.431326,31334611.5303991,0
1INCH.V,D,20221215,000000,0.43123,0.436187,0.422642,0.424885,31245862.52193013,0
1INCH.V,D,20221216,000000,0.424842,0.430143,0.364136,0.386339,37011848.47500015,0
1INCH.V,D,20221217,000000,0.386739,0.389862,0.375141,0.38215,41883517.985397555,0
1INCH.V,D,20221218,000000,0.382138,0.39062,0.382046,0.38565,6997764.896635069,0
1INCH.V,D,20221219,000000,0.389755,0.400332,0.382769,0.3844,28064666.8362795,0
1INCH.V,D,20221220,000000,0.384092,0.404136,0.378904,0.403816,28890827.358028676,0
1INCH.V,D,20221221,000000,0.403816,0.406316,0.393912,0.39442,34734980.06040057,0
1INCH.V,D,20221222,000000,0.39442,0.401296,0.389177,0.396533,22753125.442934677,0
1INCH.V,D,20221223,000000,0.396533,0.39812,0.390377,0.39616,14935941.53304715,0
1INCH.V,D,20221224,000000,0.396156,0.402364,0.39608,0.401376,36691862.98304271,0
1INCH.V,D,20221225,000000,0.40144,0.401892,0.389445,0.397748,30765554.123560388,0
1INCH.V,D,20221226,000000,0.397852,0.406343,0.396456,0.404819,29609641.481135584,0
1INCH.V,D,20221227,000000,0.404719,0.412376,0.396053,0.397045,37444422.926929384,0
1INCH.V,D,20221228,000000,0.397045,0.401251,0.379687,0.382693,32030320.199740246,0
1INCH.V,D,20221229,000000,0.382697,0.386679,0.374047,0.375727,30840721.856082324,0
1INCH.V,D,20221230,000000,0.375931,0.386322,0.371414,0.377507,29455629.839355208,0
1INCH.V,D,20221231,000000,0.377507,0.389397,0.373117,0.387606,40667084.41886502,0
1INCH.V,D,20230101,000000,0.387606,0.387606,0.379887,0.386418,40338774.69484405,0
1INCH.V,D,20230102,000000,0.386368,0.399672,0.378845,0.397577,44523593.139423534,0
1INCH.V,D,20230103,000000,0.397669,0.399872,0.382443,0.38435,34696148.33471547,0
1INCH.V,D,20230104,000000,0.384454,0.402743,0.383754,0.39357,29938074.2448039,0
1INCH.V,D,20230105,000000,0.39357,0.39958,0.386841,0.390563,32793630.815628078,0
1INCH.V,D,20230106,000000,0.390783,0.394642,0.38084,0.393178,40376352.35508583,0
1INCH.V,D,20230107,000000,0.393174,0.400488,0.392378,0.397005,38900406.12196963,0
1INCH.V,D,20230108,000000,0.396981,0.407851,0.392937,0.407751,45079558.91238059,0
1INCH.V,D,20230109,000000,0.407751,0.433648,0.406519,0.423596,50085759.46722369,0
1INCH.V,D,20230110,000000,0.4236,0.437087,0.416088,0.43196,45547397.04250203,0
1INCH.V,D,20230111,000000,0.431765,0.433565,0.41395,0.425891,21867046.602762334,0
1INCH.V,D,20230112,000000,0.4259,0.454923,0.42587,0.44904,41972535.68512967,0
1INCH.V,D,20230113,000000,0.44904,0.467856,0.443742,0.465842,45091106.1237362,0
1INCH.V,D,20230114,000000,0.465442,0.50197,0.448908,0.475824,62809829.353806585,0
1INCH.V,D,20230115,000000,0.475824,0.504281,0.470889,0.494543,55019824.09076014,0
1INCH.V,D,20230116,000000,0.494598,0.510958,0.470809,0.488105,53697874.32528282,0
1INCH.V,D,20230117,000000,0.48791,0.49671,0.475838,0.483448,44199135.57417861,0
1INCH.V,D,20230118,000000,0.483453,0.486563,0.439896,0.445878,39686676.040987805,0
1INCH.V,D,20230119,000000,0.446073,0.471948,0.443613,0.458882,53149126.63228668,0
1INCH.V,D,20230120,000000,0.459182,0.486692,0.453505,0.483182,24991693.932312943,0
1INCH.V,D,20230121,000000,0.482987,0.516508,0.482787,0.508802,69100707.91937247,0
1INCH.V,D,20230122,000000,0.510197,0.540486,0.494494,0.510997,61613381.080193885,0
1INCH.V,D,20230123,000000,0.511002,0.551555,0.509197,0.529285,49788272.169902496,0
1INCH.V,D,20230124,000000,0.529479,0.546988,0.502365,0.511315,54917149.01128226,0
1INCH.V,D,20230125,000000,0.511315,0.566874,0.498165,0.526784,69806630.12228721,0
1INCH.V,D,20230126,000000,0.526784,0.548677,0.514651,0.526242,43480627.905612,0
1INCH.V,D,20230127,000000,0.526237,0.53555,0.506347,0.529159,48502508.45722207,0
1INCH.V,D,20230128,000000,0.528185,0.548932,0.516414,0.525305,41512192.629011154,0
1INCH.V,D,20230129,000000,0.525505,0.540943,0.521215,0.539827,37640376.09494784,0
1INCH.V,D,20230130,000000,0.539227,0.543733,0.4914,0.502535,42346132.54725185,0
1INCH.V,D,20230131,000000,0.502135,0.51689,0.500035,0.509846,50267862.18698793,0
1INCH.V,D,20230201,000000,0.51391,0.530127,0.49402,0.528432,54313388.93094544,0
1INCH.V,D,20230202,000000,0.528432,0.575752,0.525326,0.537307,72284451.2428399,0
1INCH.V,D,20230203,000000,0.539581,0.572492,0.535475,0.561545,63812981.30881399,0
1INCH.V,D,20230204,000000,0.561645,0.603648,0.552433,0.593353,72060696.27679017,0
1INCH.V,D,20230205,000000,0.592547,0.621218,0.549043,0.555139,75383548.35292147,0
1INCH.V,D,20230206,000000,0.555139,0.596919,0.555139,0.561022,53361696.054466255,0
1INCH.V,D,20230207,000000,0.561122,0.589606,0.545016,0.584441,74087058.31838539,0
1INCH.V,D,20230208,000000,0.584435,0.597048,0.552606,0.560545,52235701.073590666,0
1INCH.V,D,20230209,000000,0.560539,0.573211,0.511828,0.517652,59838658.68836645,0
1INCH.V,D,20230210,000000,0.516947,0.540943,0.516947,0.53098,40696077.06266259,0
1INCH.V,D,20230211,000000,0.53098,0.539354,0.526153,0.538248,30657593.426654927,0
1INCH.V,D,20230212,000000,0.538308,0.545555,0.521673,0.529853,43614454.28247397,0
1INCH.V,D,20230213,000000,0.533153,0.536236,0.512681,0.519981,34177208.66768628,0
1INCH.V,D,20230214,000000,0.519986,0.542522,0.519881,0.537515,25530894.36197982,0
1INCH.V,D,20230215,000000,0.537526,0.562873,0.533849,0.562307,36203152.36757629,0
1INCH.V,D,20230216,000000,0.562401,0.572314,0.541681,0.546186,29931571.782919604,0
1INCH.V,D,20230217,000000,0.546186,0.57228,0.538254,0.563851,38824722.70869622,0
1INCH.V,D,20230218,000000,0.563856,0.582493,0.562296,0.571591,34622800.505550705,0
1INCH.V,D,20230219,000000,0.571791,0.60159,0.566196,0.576233,41408693.43331689,0
1INCH.V,D,20230220,000000,0.579127,0.616468,0.563569,0.609324,37496154.43960696,0
1INCH.V,D,20230221,000000,0.609624,0.687931,0.604603,0.670114,84461749.6678923,0
1INCH.V,D,20230222,000000,0.679515,0.693518,0.629482,0.6369,48855421.24335625,0
1INCH.V,D,20230223,000000,0.6372,0.645526,0.608703,0.61388,36654072.055355534,0
1INCH.V,D,20230224,000000,0.613786,0.626206,0.583252,0.591394,39280055.303947814,0
1INCH.V,D,20230225,000000,0.591194,0.601954,0.563856,0.579041,27541458.191565078,0
1INCH.V,D,20230226,000000,0.579058,0.597154,0.569511,0.577335,30665653.952246897,0
1INCH.V,D,20230227,000000,0.577029,0.588153,0.563123,0.573534,38664529.71951828,0
1INCH.V,D,20230228,000000,0.573529,0.586335,0.565923,0.569597,24076797.724055693,0
1INCH.V,D,20230301,000000,0.569614,0.599348,0.567351,0.586576,33802003.11032915,0
1INCH.V,D,20230302,000000,0.586482,0.589577,0.551478,0.562751,29721823.992843837,0
1INCH.V,D,20230303,000000,0.562745,0.566223,0.504535,0.522137,33467913.01578731,0
1INCH.V,D,20230304,000000,0.522337,0.532159,0.499225,0.509636,25900944.473938223,0
1INCH.V,D,20230305,000000,0.509641,0.530027,0.509636,0.517557,22887820.954749838,0
1INCH.V,D,20230306,000000,0.517562,0.530921,0.510395,0.527168,35248470.861963995,0
1INCH.V,D,20230307,000000,0.527147,0.527952,0.494631,0.498575,31984977.411144063,0
1INCH.V,D,20230308,000000,0.498875,0.509405,0.468481,0.470572,31797953.070713762,0
1INCH.V,D,20230309,000000,0.470553,0.4817,0.433213,0.434839,27842159.77034677,0
1INCH.V,D,20230310,000000,0.434943,0.447672,0.410771,0.446406,26028859.906529203,0
1INCH.V,D,20230311,000000,0.446174,0.46285,0.424859,0.438815,28490406.036275838,0
1INCH.V,D,20230312,000000,0.43821,0.471432,0.432964,0.470946,21054486.069632847,0
1INCH.V,D,20230313,000000,0.471047,0.504907,0.464273,0.503401,38338708.74837392,0
1INCH.V,D,20230314,000000,0.503501,0.540082,0.492334,0.525255,34842130.92200792,0
1INCH.V,D,20230315,000000,0.525054,0.53898,0.482885,0.488945,31299536.70867973,0
1INCH.V,D,20230316,000000,0.488945,0.50096,0.484627,0.493836,45003579.507734865,0
1INCH.V,D,20230317,000000,0.493812,0.517563,0.488367,0.513832,32322727.898380037,0
1INCH.V,D,20230318,000000,0.526487,0.544873,0.521989,0.527573,25769939.438947972,0
1INCH.V,D,20230319,000000,0.527678,0.584561,0.519487,0.549961,60286413.78545899,0
1INCH.V,D,20230320,000000,0.549861,0.559473,0.517575,0.527719,30878470.982453983,0
1INCH.V,D,20230321,000000,0.527724,0.536499,0.502979,0.533195,39100801.60283293,0
1INCH.V,D,20230322,000000,0.533195,0.538312,0.492932,0.502674,28445070.184062026,0
1INCH.V,D,20230323,000000,0.503476,0.530016,0.503476,0.518276,33773996.87208845,0
1INCH.V,D,20230324,000000,0.518271,0.523508,0.497907,0.506821,28149411.321704105,0
1INCH.V,D,20230325,000000,0.507162,0.510789,0.494594,0.497882,27039779.932015546,0
1INCH.V,D,20230326,000000,0.497882,0.515964,0.49578,0.508174,23916191.36514614,0
1INCH.V,D,20230327,000000,0.508158,0.517219,0.484324,0.487334,29247710.46408501,0
1INCH.V,D,20230328,000000,0.485428,0.504936,0.485128,0.498694,31580595.256643914,0
1INCH.V,D,20230329,000000,0.498694,0.518535,0.494734,0.515893,28607900.139144287,0
1INCH.V,D,20230330,000000,0.516155,0.600632,0.510726,0.57096,109137237.69187522,0
1INCH.V,D,20230331,000000,0.570354,0.587012,0.537356,0.556911,61453235.76395441,0
1INCH.V,D,20230401,000000,0.557017,0.562157,0.533565,0.535993,38637899.23149753,0
1INCH.V,D,20230402,000000,0.535898,0.541227,0.511717,0.521823,26913853.02701563,0
1INCH.V,D,20230403,000000,0.521823,0.524525,0.499065,0.510599,29293031.602494277,0
1INCH.V,D,20230404,000000,0.511805,0.539551,0.509148,0.534773,31530009.693442192,0
1INCH.V,D,20230405,000000,0.536574,0.558262,0.52451,0.532492,43863020.307850964,0
1INCH.V,D,20230406,000000,0.532292,0.539662,0.523857,0.533187,28040692.270948045,0
1INCH.V,D,20230407,000000,0.532986,0.538569,0.520001,0.524688,25289197.03229686,0
1INCH.V,D,20230408,000000,0.524288,0.536,0.52088,0.531607,23743369.497320127,0
1INCH.V,D,20230409,000000,0.531613,0.535337,0.518085,0.533757,22683044.976413965,0
1INCH.V,D,20230410,000000,0.532873,0.544863,0.519892,0.542044,24202604.04013267,0
1INCH.V,D,20230411,000000,0.541939,0.550756,0.539853,0.544839,31403524.95913082,0
1INCH.V,D,20230412,000000,0.544739,0.546295,0.523085,0.536818,47872655.80246438,0
1INCH.V,D,20230413,000000,0.536618,0.548686,0.532842,0.545323,37656728.188209176,0
1INCH.V,D,20230414,000000,0.545523,0.566422,0.545123,0.56176,57853260.15809925,0
1INCH.V,D,20230415,000000,0.561766,0.571031,0.552113,0.561305,46262866.798392035,0
1INCH.V,D,20230416,000000,0.561299,0.5802,0.557507,0.576392,52664023.53965606,0
1INCH.V,D,20230417,000000,0.576392,0.582589,0.548674,0.557234,77887177.66680634,0
1INCH.V,D,20230418,000000,0.557229,0.579526,0.54888,0.561195,51536765.381122194,0
1INCH.V,D,20230419,000000,0.56099,0.572157,0.510489,0.51086,58004919.74053691,0
