<TICKER>,<PER>,<DATE>,<TIME>,<OPEN>,<HIGH>,<LOW>,<CLOSE>,<VOL>,<OPENINT>
ABBC.V,D,20220515,000000,0.0886668,0.0911904,0.0872689,0.0910906,15927987.708323,0
ABBC.V,D,20220516,000000,0.0914901,0.0935876,0.087586,0.0883761,11747445.218337,0
ABBC.V,D,20220517,000000,0.088385,0.0924796,0.0864961,0.0910906,14187941.384873,0
ABBC.V,D,20220518,000000,0.0904822,0.092979,0.0821848,0.0823928,11922036.889967,0
ABBC.V,D,20220519,000000,0.0827922,0.0911179,0.0779985,0.0902187,11857823.866498,0
ABBC.V,D,20220520,000000,0.0905094,0.0918896,0.0840905,0.0911813,13398904.7743,0
ABBC.V,D,20220521,000000,0.0913902,0.0918804,0.0886846,0.0916807,13811154.43934,0
ABBC.V,D,20220522,000000,0.0914809,0.0968836,0.0887783,0.0958752,10829230.04076,0
ABBC.V,D,20220523,000000,0.0960846,0.0964937,0.07491,0.0815021,18822587.443113,0
ABBC.V,D,20220524,000000,0.079904,0.0853061,0.0729197,0.0797961,14832720.709708,0
ABBC.V,D,20220525,000000,0.0797961,0.0849065,0.0797961,0.0831085,14315744.835218,0
ABBC.V,D,20220526,000000,0.0831002,0.0831002,0.0798201,0.0803196,14101533.762958,0
ABBC.V,D,20220527,000000,0.0803196,0.0833166,0.0798201,0.0830169,12973731.508658,0
ABBC.V,D,20220528,000000,0.0835496,0.0837087,0.0794118,0.0816044,11481706.703356,0
ABBC.V,D,20220529,000000,0.0820023,0.083613,0.0800127,0.0832117,13726448.608392,0
ABBC.V,D,20220530,000000,0.0829641,0.0917357,0.0829641,0.086131,17821910.526609,0
ABBC.V,D,20220531,000000,0.086131,0.0924352,0.0853317,0.0902278,13267839.94145,0
ABBC.V,D,20220601,000000,0.0909299,0.0953237,0.0896327,0.0929163,15981294.77718,0
ABBC.V,D,20220602,000000,0.092907,0.0936157,0.091908,0.0934158,18733337.166528,0
ABBC.V,D,20220603,000000,0.0935158,0.0935158,0.09083,0.0916202,16337707.713856,0
ABBC.V,D,20220604,000000,0.0915212,0.0953246,0.090207,0.0944282,15108104.980573,0
ABBC.V,D,20220605,000000,0.0941284,0.0949145,0.0897246,0.0922142,16684920.61026,0
ABBC.V,D,20220606,000000,0.0923131,0.1011109,0.0911124,0.0976179,13109881.424711,0
ABBC.V,D,20220607,000000,0.0971174,0.0981175,0.0892223,0.0928285,15322736.854647,0
ABBC.V,D,20220608,000000,0.0920263,0.0949316,0.0909399,0.0943386,90478953.090591,0
ABBC.V,D,20220609,000000,0.093839,0.0967245,0.0892277,0.0895247,138378118.60289,0
ABBC.V,D,20220610,000000,0.0895238,0.0927258,0.0895203,0.0909843,71002093.402188,0
ABBC.V,D,20220611,000000,0.0906847,0.0945958,0.089694,0.0901971,26023807.873394,0
ABBC.V,D,20220612,000000,0.0903968,0.0922771,0.0870919,0.0891893,15721617.97614,0
ABBC.V,D,20220613,000000,0.0881905,0.0883911,0.072392,0.0760948,31754567.267795,0
ABBC.V,D,20220614,000000,0.0742966,0.0808882,0.0679978,0.0743137,133174362.79353,0
ABBC.V,D,20220615,000000,0.0768085,0.0779797,0.0717684,0.0754866,341236893.0163,0
ABBC.V,D,20220616,000000,0.0754866,0.0813105,0.074895,0.0749025,145943091.24168,0
ABBC.V,D,20220617,000000,0.0738986,0.076886,0.0721988,0.0747102,120557571.72822,0
ABBC.V,D,20220618,000000,0.0752096,0.0768891,0.0702895,0.0741789,310717406.75995,0
ABBC.V,D,20220619,000000,0.0739785,0.0752831,0.0665933,0.0700159,21996559.534402,0
ABBC.V,D,20220620,000000,0.0727054,0.0740111,0.071587,0.0721206,13116394.498407,0
ABBC.V,D,20220621,000000,0.0720135,0.0741513,0.0696573,0.0705284,10973823.800958,0
ABBC.V,D,20220622,000000,0.0653346,0.0710289,0.0643356,0.0667332,31415953.186996,0
ABBC.V,D,20220623,000000,0.0674325,0.0675324,0.0651283,0.0664335,31138467.345497,0
ABBC.V,D,20220624,000000,0.0663336,0.0709439,0.0661272,0.0706449,93708117.518681,0
ABBC.V,D,20220625,000000,0.0701298,0.0725492,0.0696303,0.07135,23653203.72019,0
ABBC.V,D,20220626,000000,0.0709517,0.0717512,0.0695568,0.0701572,24712460.84247,0
ABBC.V,D,20220627,000000,0.0693584,0.0702606,0.0667399,0.0678382,21200327.998183,0
ABBC.V,D,20220628,000000,0.0675392,0.0694319,0.0663177,0.0669169,14581795.281314,0
ABBC.V,D,20220629,000000,0.0663177,0.0724028,0.0663004,0.0695081,21932173.813901,0
ABBC.V,D,20220630,000000,0.0708142,0.0714242,0.0615267,0.0650219,28385531.693652,0
ABBC.V,D,20220701,000000,0.0618257,0.064516,0.0616198,0.0631305,30911727.650958,0
ABBC.V,D,20220702,000000,0.0629307,0.0713143,0.0629307,0.0679184,30325467.916172,0
ABBC.V,D,20220703,000000,0.0679184,0.0726128,0.0658209,0.0677119,19473242.467812,0
ABBC.V,D,20220704,000000,0.0680115,0.0703085,0.06662,0.06662,10985913.973732,0
ABBC.V,D,20220705,000000,0.067419,0.0694166,0.0662271,0.0674258,15265775.459041,0
ABBC.V,D,20220706,000000,0.0662271,0.0694236,0.0657276,0.0662271,22369380.079723,0
ABBC.V,D,20220707,000000,0.0664269,0.0674258,0.0651544,0.0651609,22742291.637447,0
ABBC.V,D,20220708,000000,0.0651609,0.0673596,0.0651544,0.0670597,28491952.911087,0
ABBC.V,D,20220709,000000,0.0671597,0.0674595,0.0654607,0.0670597,28076844.283321,0
ABBC.V,D,20220710,000000,0.06656,0.0679592,0.064255,0.0650609,27714724.808598,0
ABBC.V,D,20220711,000000,0.0658605,0.06656,0.0630495,0.0636427,21217225.940429,0
ABBC.V,D,20220712,000000,0.0636427,0.0645354,0.0617382,0.0623376,21470453.028916,0
ABBC.V,D,20220713,000000,0.0623395,0.0677302,0.0616383,0.0618443,23828350.208809,0
ABBC.V,D,20220714,000000,0.0619442,0.0623438,0.0608574,0.0609634,16763733.611309,0
ABBC.V,D,20220715,000000,0.0612632,0.0628523,0.0604637,0.0613816,13675800.047985,0
ABBC.V,D,20220716,000000,0.0613816,0.0667566,0.0602819,0.0613816,12074594.478377,0
ABBC.V,D,20220717,000000,0.061684,0.066888,0.0605836,0.0611841,15827905.127588,0
ABBC.V,D,20220718,000000,0.061484,0.0618,0.0594821,0.0602861,15710870.500152,0
ABBC.V,D,20220719,000000,0.0608854,0.0637285,0.05974,0.0605503,11163375.513966,0
ABBC.V,D,20220720,000000,0.060316,0.0626551,0.0582029,0.059703,15259247.004396,0
ABBC.V,D,20220721,000000,0.0600072,0.0616099,0.0584047,0.0595131,20181634.775757,0
ABBC.V,D,20220722,000000,0.0596149,0.0605073,0.0570063,0.0574126,25833423.746013,0
ABBC.V,D,20220723,000000,0.0571,0.0595059,0.0571,0.0588118,20538636.925348,0
ABBC.V,D,20220724,000000,0.0589118,0.0608116,0.0577012,0.0605121,20456363.67129,0
ABBC.V,D,20220725,000000,0.0603115,0.0605121,0.0563994,0.0564045,20867344.423644,0
ABBC.V,D,20220726,000000,0.0564056,0.057008,0.0479043,0.0496074,17644393.872006,0
ABBC.V,D,20220727,000000,0.0494074,0.0522047,0.0493035,0.0506111,25946162.337068,0
ABBC.V,D,20220728,000000,0.0505116,0.051199,0.0464093,0.047409,27459593.391716,0
ABBC.V,D,20220729,000000,0.047812,0.0487146,0.0452869,0.0468192,20351755.392369,0
ABBC.V,D,20220730,000000,0.0468187,0.0496179,0.0462171,0.0494168,26011888.433326,0
ABBC.V,D,20220731,000000,0.0491182,0.0506147,0.0491103,0.0502115,22397425.272948,0
ABBC.V,D,20220801,000000,0.050013,0.0504227,0.047912,0.0486146,26196708.981723,0
ABBC.V,D,20220802,000000,0.0489147,0.0507098,0.0471052,0.0471085,24286601.349038,0
ABBC.V,D,20220803,000000,0.0473095,0.0495104,0.0465037,0.0472113,30089289.564096,0
ABBC.V,D,20220804,000000,0.0471113,0.0486083,0.0468103,0.0482014,29861029.059102,0
ABBC.V,D,20220805,000000,0.0477019,0.0507096,0.0477019,0.0493094,27101417.285359,0
ABBC.V,D,20220806,000000,0.0496099,0.0510582,0.0483005,0.0503116,25173368.603281,0
ABBC.V,D,20220807,000000,0.0503111,0.0510212,0.0483068,0.0491088,25392356.159632,0
ABBC.V,D,20220808,000000,0.0490098,0.0503086,0.0484082,0.0485073,20359619.92479,0
ABBC.V,D,20220809,000000,0.0488054,0.0503106,0.0481072,0.0487102,21078927.069113,0
ABBC.V,D,20220810,000000,0.0489103,0.0505242,0.048011,0.0481139,20653029.65057,0
ABBC.V,D,20220811,000000,0.0481139,0.051123,0.0481135,0.0504222,20990505.49746,0
ABBC.V,D,20220812,000000,0.0504252,0.1212521,0.0499249,0.1070492,28603019.340681,0
ABBC.V,D,20220813,000000,0.1051483,0.2126978,0.1028473,0.133452,26909444.914294,0
ABBC.V,D,20220814,000000,0.1322516,0.179561,0.1257427,0.1470456,18881047.81746,0
ABBC.V,D,20220815,000000,0.1470456,0.1581411,0.1413396,0.1465337,11423328.621,0
ABBC.V,D,20220816,000000,0.1465352,0.174402,0.1465249,0.168015,10209542.44186,0
ABBC.V,D,20220817,000000,0.167515,0.313109,0.164715,0.296821,18196975.964405,0
ABBC.V,D,20220818,000000,0.295321,0.312031,0.232295,0.239402,7040698.3617628,0
ABBC.V,D,20220819,000000,0.239424,0.260626,0.190119,0.220622,7285123.4825428,0
ABBC.V,D,20220820,000000,0.222311,0.277636,0.209008,0.233798,6195713.7305113,0
ABBC.V,D,20220821,000000,0.2341,0.24957,0.231381,0.231693,5503626.7683027,0
ABBC.V,D,20220822,000000,0.231609,0.238905,0.2167,0.217863,6017058.2351407,0
ABBC.V,D,20220823,000000,0.217867,0.233798,0.213402,0.216506,3887913.9999685,0
ABBC.V,D,20220824,000000,0.216498,0.219518,0.117794,0.171515,10060840.583624,0
ABBC.V,D,20220825,000000,0.172014,0.213704,0.17151,0.177105,6877838.1446114,0
ABBC.V,D,20220826,000000,0.176596,0.205912,0.176596,0.189017,12104639.719646,0
ABBC.V,D,20220827,000000,0.188419,0.191506,0.178905,0.180105,5880652.7352929,0
ABBC.V,D,20220828,000000,0.179402,0.187407,0.172807,0.175698,5156463.389429,0
ABBC.V,D,20220829,000000,0.176139,0.176754,0.165085,0.168412,6893878.2495724,0
ABBC.V,D,20220830,000000,0.168517,0.177891,0.165608,0.165618,4815461.7530232,0
ABBC.V,D,20220831,000000,0.165512,0.181,0.16522,0.1662,5821676.0753116,0
ABBC.V,D,20220901,000000,0.165998,0.175186,0.162485,0.169693,6967075.5387567,0
ABBC.V,D,20220902,000000,0.16999,0.190032,0.16909,0.18983,6100075.5557183,0
ABBC.V,D,20220903,000000,0.190427,0.219322,0.1765,0.18,6393467.3218866,0
ABBC.V,D,20220904,000000,0.1793,0.206521,0.1769,0.1944,6062238.7485039,0
ABBC.V,D,20220905,000000,0.1946,0.210221,0.1944,0.20112,4284512.8433755,0
ABBC.V,D,20220906,000000,0.2005,0.209,0.1962,0.1969,5902362.2316556,0
ABBC.V,D,20220907,000000,0.197212,0.200534,0.196094,0.19802,6980358.4877013,0
ABBC.V,D,20220908,000000,0.199998,0.200597,0.19343,0.198467,5338596.2009104,0
ABBC.V,D,20220909,000000,0.197496,0.206154,0.194978,0.195364,6979187.5716932,0
ABBC.V,D,20220910,000000,0.19538,0.202363,0.18988,0.191838,5313318.2559246,0
ABBC.V,D,20220911,000000,0.19225,0.192773,0.177757,0.178543,5386912.483371,0
ABBC.V,D,20220912,000000,0.178536,0.188345,0.177744,0.183237,5731381.808517,0
ABBC.V,D,20220913,000000,0.184137,0.184137,0.162702,0.162803,4562575.3003436,0
ABBC.V,D,20220914,000000,0.163503,0.186711,0.160503,0.171645,8702156.7288003,0
ABBC.V,D,20220915,000000,0.171245,0.178809,0.170655,0.174084,4615678.2265544,0
ABBC.V,D,20220916,000000,0.174993,0.17898,0.169492,0.173183,4238163.159166,0
ABBC.V,D,20220917,000000,0.173183,0.17936,0.171151,0.178039,6428918.0297008,0
ABBC.V,D,20220918,000000,0.178754,0.181371,0.167883,0.167883,5006505.0850527,0
ABBC.V,D,20220919,000000,0.165683,0.171583,0.165033,0.167417,5266509.0554233,0
ABBC.V,D,20220920,000000,0.167233,0.168734,0.165417,0.168017,5353777.0772652,0
ABBC.V,D,20220921,000000,0.167517,0.171117,0.1649,0.1672,4237645.1071336,0
ABBC.V,D,20220922,000000,0.1662,0.172017,0.1648,0.171383,5919311.5356872,0
ABBC.V,D,20220923,000000,0.1716,0.1757,0.164784,0.168,5943311.354245,0
ABBC.V,D,20220924,000000,0.167993,0.170893,0.164908,0.165713,8510836.2549262,0
ABBC.V,D,20220925,000000,0.166011,0.1676,0.162516,0.163893,6892893.2001627,0
ABBC.V,D,20220926,000000,0.162695,0.1639,0.1561,0.1561,7184666.9503619,0
ABBC.V,D,20220927,000000,0.156516,0.1645,0.156,0.160484,4877668.9102399,0
ABBC.V,D,20220928,000000,0.159984,0.162,0.156084,0.159,7852193.9981945,0
ABBC.V,D,20220929,000000,0.159,0.163,0.156984,0.161816,4437395.83484,0
ABBC.V,D,20220930,000000,0.161916,0.164316,0.1594,0.1608,6690083.8464176,0
ABBC.V,D,20221001,000000,0.1607,0.173,0.1586,0.1615,7824273.9976219,0
ABBC.V,D,20221002,000000,0.1615,0.1665,0.1568,0.1617,6877490.1424274,0
ABBC.V,D,20221003,000000,0.1618,0.1624,0.1582,0.159116,7721887.9638991,0
ABBC.V,D,20221004,000000,0.158816,0.161516,0.157416,0.157947,6128043.5810201,0
ABBC.V,D,20221005,000000,0.158548,0.15938,0.155025,0.157796,5460820.3542561,0
ABBC.V,D,20221006,000000,0.156408,0.158163,0.146308,0.147373,6419876.0254878,0
ABBC.V,D,20221007,000000,0.147124,0.15242,0.144813,0.147221,7698754.7721438,0
ABBC.V,D,20221008,000000,0.146818,0.148152,0.145918,0.1481,6107334.5851651,0
ABBC.V,D,20221009,000000,0.147344,0.150399,0.146108,0.147329,7675835.8839354,0
ABBC.V,D,20221010,000000,0.146615,0.150215,0.145,0.1466,8039956.9894455,0
ABBC.V,D,20221011,000000,0.146385,0.147585,0.142586,0.142587,8179144.6015606,0
ABBC.V,D,20221012,000000,0.14268,0.150198,0.14268,0.146804,13391759.87015,0
ABBC.V,D,20221013,000000,0.146003,0.1513,0.14479,0.147313,7694535.0696676,0
ABBC.V,D,20221014,000000,0.147313,0.149806,0.144207,0.145004,7773095.3543085,0
ABBC.V,D,20221015,000000,0.14516,0.146522,0.144011,0.145252,9979839.1982736,0
ABBC.V,D,20221016,000000,0.146406,0.149004,0.143604,0.144507,11012786.834846,0
ABBC.V,D,20221017,000000,0.145006,0.14731,0.139804,0.144003,12627700.476717,0
ABBC.V,D,20221018,000000,0.144204,0.149015,0.139608,0.140707,10893658.479692,0
ABBC.V,D,20221019,000000,0.141206,0.145704,0.139801,0.1412,14606834.45969,0
ABBC.V,D,20221020,000000,0.140701,0.144906,0.139989,0.143286,10834368.145719,0
ABBC.V,D,20221021,000000,0.144188,0.145397,0.141597,0.143511,10540715.464843,0
ABBC.V,D,20221022,000000,0.143413,0.145304,0.142109,0.143211,8945733.4140014,0
ABBC.V,D,20221023,000000,0.144677,0.147204,0.14241,0.145419,11710435.99451,0
ABBC.V,D,20221024,000000,0.144712,0.149812,0.144712,0.146306,13652538.591912,0
ABBC.V,D,20221025,000000,0.147407,0.186215,0.14561,0.169659,13542642.353053,0
ABBC.V,D,20221026,000000,0.169658,0.200254,0.169656,0.188555,13094684.983447,0
ABBC.V,D,20221027,000000,0.189253,0.202146,0.187849,0.198408,11402111.395805,0
ABBC.V,D,20221028,000000,0.19761,0.203019,0.191419,0.198644,9642245.7698259,0
ABBC.V,D,20221029,000000,0.199338,0.202653,0.194849,0.199746,10063730.361744,0
ABBC.V,D,20221030,000000,0.199748,0.255977,0.197149,0.227445,9561353.7696023,0
ABBC.V,D,20221031,000000,0.226145,0.253956,0.2189,0.230079,9892310.6288638,0
ABBC.V,D,20221101,000000,0.230788,0.273064,0.222873,0.253872,6669773.9459794,0
ABBC.V,D,20221102,000000,0.253872,0.28354,0.253872,0.271889,9465688.0993386,0
ABBC.V,D,20221103,000000,0.272284,0.28258,0.267773,0.2788,9572311.7281751,0
ABBC.V,D,20221104,000000,0.2799,0.282289,0.270608,0.272222,8214566.6821909,0
ABBC.V,D,20221105,000000,0.272319,0.272527,0.25201,0.256513,7821991.576648589,0
ABBC.V,D,20221106,000000,0.256208,0.256715,0.206996,0.215113,8127606.503737813,0
ABBC.V,D,20221107,000000,0.215117,0.215126,0.173021,0.183824,9833179.909987757,0
ABBC.V,D,20221108,000000,0.183655,0.204361,0.174109,0.181342,9037418.77935289,0
ABBC.V,D,20221109,000000,0.182354,0.185695,0.154408,0.155624,9687108.989528062,0
ABBC.V,D,20221110,000000,0.155431,0.191974,0.150437,0.177944,9755232.650635684,0
ABBC.V,D,20221111,000000,0.178851,0.209094,0.159268,0.163733,11251699.964027403,0
ABBC.V,D,20221112,000000,0.163645,0.176182,0.16034,0.170093,10104174.136040594,0
ABBC.V,D,20221113,000000,0.168097,0.180129,0.156312,0.169825,12282837.358585961,0
ABBC.V,D,20221114,000000,0.169313,0.172276,0.158093,0.164103,9740018.31609924,0
ABBC.V,D,20221115,000000,0.165963,0.173791,0.164053,0.165611,11490738.102663416,0
ABBC.V,D,20221116,000000,0.168095,0.182445,0.166495,0.179237,8216631.095068964,0
ABBC.V,D,20221117,000000,0.179237,0.183104,0.176361,0.18126,7936371.151644054,0
ABBC.V,D,20221118,000000,0.180947,0.187256,0.178946,0.180173,9643496.768150477,0
ABBC.V,D,20221119,000000,0.179208,0.185242,0.178964,0.183154,10280631.629213933,0
ABBC.V,D,20221120,000000,0.183442,0.184823,0.176834,0.178358,8154664.0376889985,0
ABBC.V,D,20221121,000000,0.178436,0.180531,0.169353,0.170118,7528972.16163553,0
ABBC.V,D,20221122,000000,0.171599,0.176365,0.169827,0.172835,7937070.687485106,0
ABBC.V,D,20221123,000000,0.1733,0.180491,0.172762,0.178879,7510318.842465679,0
ABBC.V,D,20221124,000000,0.178555,0.179856,0.174324,0.176158,5544172.656855403,0
ABBC.V,D,20221125,000000,0.174808,0.176824,0.170269,0.171648,7516005.658474191,0
ABBC.V,D,20221126,000000,0.170783,0.174531,0.170301,0.170717,6415336.66312817,0
ABBC.V,D,20221127,000000,0.170874,0.17435,0.162743,0.163456,6729227.384772343,0
ABBC.V,D,20221128,000000,0.163506,0.166452,0.15039,0.153774,5857787.872420061,0
ABBC.V,D,20221129,000000,0.152584,0.166047,0.152044,0.161672,5771004.1307953745,0
ABBC.V,D,20221130,000000,0.161831,0.167349,0.160149,0.165364,6067456.415275638,0
ABBC.V,D,20221201,000000,0.164588,0.166889,0.161075,0.162731,7286957.685078805,0
ABBC.V,D,20221202,000000,0.163914,0.165013,0.160266,0.162154,7421182.015706068,0
ABBC.V,D,20221203,000000,0.162404,0.162912,0.16035,0.161387,5785021.162005746,0
ABBC.V,D,20221204,000000,0.161398,0.162273,0.157157,0.157173,7337839.3833038295,0
ABBC.V,D,20221205,000000,0.156631,0.159548,0.149704,0.149804,6264748.308043319,0
ABBC.V,D,20221206,000000,0.149803,0.157298,0.149003,0.1517,5728691.1971349,0
ABBC.V,D,20221207,000000,0.153555,0.155367,0.14904,0.149416,5270236.968364923,0
ABBC.V,D,20221208,000000,0.149913,0.1557,0.149147,0.15023,4943786.6693529505,0
ABBC.V,D,20221209,000000,0.150815,0.159997,0.144307,0.144504,5855473.109390287,0
ABBC.V,D,20221210,000000,0.144406,0.153903,0.144406,0.150597,7237540.621672913,0
ABBC.V,D,20221211,000000,0.1506,0.153003,0.143997,0.146315,6047045.988137723,0
ABBC.V,D,20221212,000000,0.146315,0.149401,0.14071,0.143011,6412202.140542701,0
ABBC.V,D,20221213,000000,0.142511,0.144013,0.109197,0.115971,4869901.6376259,0
ABBC.V,D,20221214,000000,0.115763,0.128678,0.107379,0.121408,6232925.286003463,0
ABBC.V,D,20221215,000000,0.122912,0.133413,0.119112,0.123512,4912908.982129169,0
ABBC.V,D,20221216,000000,0.124912,0.128311,0.105104,0.106057,5536934.377891216,0
ABBC.V,D,20221217,000000,0.106235,0.106513,0.093288,0.09742,7771470.809100409,0
ABBC.V,D,20221218,000000,0.097486,0.09838,0.094618,0.096992,6436096.333428077,0
ABBC.V,D,20221219,000000,0.09667,0.098198,0.093605,0.095836,5870303.7622462,0
ABBC.V,D,20221220,000000,0.095296,0.097572,0.092866,0.093834,6318952.69221608,0
ABBC.V,D,20221221,000000,0.094988,0.096399,0.092282,0.094076,6688437.2222102545,0
ABBC.V,D,20221222,000000,0.093628,0.095268,0.090306,0.094149,4915740.947668624,0
ABBC.V,D,20221223,000000,0.093561,0.100444,0.093146,0.097657,4884646.639202524,0
ABBC.V,D,20221224,000000,0.09757,0.100107,0.093385,0.095718,5722892.0374093475,0
ABBC.V,D,20221225,000000,0.095113,0.096112,0.093153,0.093959,5704328.843410035,0
ABBC.V,D,20221226,000000,0.093383,0.095109,0.088151,0.088427,5385930.057365955,0
ABBC.V,D,20221227,000000,0.088153,0.089645,0.082776,0.084008,7895265.633196189,0
ABBC.V,D,20221228,000000,0.08457,0.086005,0.082475,0.084754,10535037.900022894,0
ABBC.V,D,20221229,000000,0.084926,0.087002,0.083063,0.085161,11589792.25707408,0
ABBC.V,D,20221230,000000,0.085259,0.0863936,0.0840771,0.0856362,8445697.991087506,0
ABBC.V,D,20221231,000000,0.0856363,0.0881821,0.0848627,0.0866417,9133408.596401349,0
ABBC.V,D,20230101,000000,0.0869025,0.0878511,0.0837694,0.0842764,7750692.108474514,0
ABBC.V,D,20230102,000000,0.084758,0.085386,0.0823311,0.0832252,5772308.479160719,0
ABBC.V,D,20230103,000000,0.0828806,0.0841633,0.0817935,0.0829566,5861081.180332259,0
ABBC.V,D,20230104,000000,0.0841282,0.0873794,0.0831909,0.0863545,9231583.238014946,0
ABBC.V,D,20230105,000000,0.0867004,0.0948168,0.0859929,0.0948168,8306708.221022432,0
ABBC.V,D,20230106,000000,0.0897686,0.1061618,0.087871,0.0913708,8980956.76626975,0
ABBC.V,D,20230107,000000,0.090671,0.0935429,0.0890681,0.0921799,8241081.679818275,0
ABBC.V,D,20230108,000000,0.0926868,0.092984,0.0895506,0.0911023,7741516.228787604,0
ABBC.V,D,20230109,000000,0.091269,0.0939027,0.0903419,0.091976,7534703.959001584,0
ABBC.V,D,20230110,000000,0.092446,0.093517,0.0911017,0.0922629,9134302.49316787,0
ABBC.V,D,20230111,000000,0.0924479,0.094261,0.091777,0.093864,6638995.931900274,0
ABBC.V,D,20230112,000000,0.0943276,0.0967882,0.0935376,0.0957685,5877263.422603783,0
ABBC.V,D,20230113,000000,0.0958047,0.0963,0.0929058,0.0933753,7780340.209277831,0
ABBC.V,D,20230114,000000,0.0940035,0.0947036,0.089108,0.0892685,7814677.055130277,0
ABBC.V,D,20230115,000000,0.0892659,0.0908132,0.087255,0.0874454,7882957.739497848,0
ABBC.V,D,20230116,000000,0.0886137,0.0906515,0.0872162,0.0894228,7641696.484902695,0
ABBC.V,D,20230117,000000,0.0894026,0.0900381,0.0862373,0.0877108,8458893.55379254,0
ABBC.V,D,20230118,000000,0.0879227,0.0886762,0.0832,0.0836048,10244548.880307814,0
ABBC.V,D,20230119,000000,0.0833818,0.0852922,0.0819851,0.0840596,10235543.517147662,0
ABBC.V,D,20230120,000000,0.08296,0.0849049,0.0810578,0.0810578,5917186.4130037455,0
ABBC.V,D,20230121,000000,0.0813766,0.0831593,0.0805646,0.0815082,7761187.438016578,0
ABBC.V,D,20230122,000000,0.0813855,0.0825374,0.0801152,0.0805161,9484451.751630455,0
ABBC.V,D,20230123,000000,0.0808194,0.0822379,0.0781607,0.0781607,8153582.099423884,0
ABBC.V,D,20230124,000000,0.0782287,0.0798918,0.075326,0.0775151,7921363.628140354,0
ABBC.V,D,20230125,000000,0.077277,0.0789744,0.0733937,0.0737345,11708417.683873551,0
ABBC.V,D,20230126,000000,0.0733832,0.0760953,0.0731334,0.0752983,8544496.078104228,0
ABBC.V,D,20230127,000000,0.0742789,0.0838818,0.0742789,0.0811178,9466527.27285842,0
ABBC.V,D,20230128,000000,0.0809257,0.0832785,0.079924,0.0816155,8752000.221192429,0
ABBC.V,D,20230129,000000,0.081918,0.0824231,0.0794477,0.080028,12517666.545099605,0
ABBC.V,D,20230130,000000,0.0801556,0.0803058,0.0742047,0.0745057,13350606.146879336,0
ABBC.V,D,20230131,000000,0.0738859,0.0763866,0.0735426,0.0758536,11675397.686491838,0
ABBC.V,D,20230201,000000,0.0764333,0.0787018,0.0742435,0.0777884,10825299.973710751,0
ABBC.V,D,20230202,000000,0.0784909,0.0785209,0.0756257,0.0765285,7049675.87218004,0
ABBC.V,D,20230203,000000,0.0760802,0.0773227,0.0730073,0.0749967,13406184.954365388,0
ABBC.V,D,20230204,000000,0.0750568,0.0760376,0.0742067,0.0756746,21970515.21149677,0
ABBC.V,D,20230205,000000,0.0746857,0.0759334,0.0742064,0.0750047,15319916.000204999,0
ABBC.V,D,20230206,000000,0.0752996,0.0777068,0.0744634,0.0769803,18007006.985569596,0
ABBC.V,D,20230207,000000,0.0763173,0.0784984,0.074359,0.075703,24644887.024788734,0
ABBC.V,D,20230208,000000,0.0761,0.0783063,0.0758023,0.0770614,17673114.426335327,0
ABBC.V,D,20230209,000000,0.077325,0.0776008,0.0742148,0.0743634,11155613.512526566,0
ABBC.V,D,20230210,000000,0.074749,0.0759122,0.0740099,0.0750185,14004752.8520803,0
ABBC.V,D,20230211,000000,0.0754621,0.0763889,0.0752053,0.0760076,18534514.02851397,0
ABBC.V,D,20230212,000000,0.0769369,0.0774308,0.0758091,0.0761043,21259293.845145185,0
ABBC.V,D,20230213,000000,0.0761269,0.0772378,0.0743283,0.0750688,16397368.85600083,0
ABBC.V,D,20230214,000000,0.075083,0.0766291,0.0746291,0.0749285,23890418.255143534,0
ABBC.V,D,20230215,000000,0.0749315,0.07701,0.074609,0.0754136,13728110.572794072,0
ABBC.V,D,20230216,000000,0.0755121,0.0780133,0.0752128,0.0765314,14212763.005744064,0
ABBC.V,D,20230217,000000,0.0746264,0.0760607,0.0742392,0.0758578,19125178.839540835,0
ABBC.V,D,20230218,000000,0.0759846,0.0766428,0.0749135,0.0753128,17434452.780707456,0
ABBC.V,D,20230219,000000,0.0756406,0.0761607,0.0742186,0.0743986,14691872.448505236,0
ABBC.V,D,20230220,000000,0.0749165,0.0755666,0.0745006,0.0753208,16180927.361991627,0
ABBC.V,D,20230221,000000,0.0750168,0.0777921,0.0749115,0.0755759,18471917.15794633,0
ABBC.V,D,20230222,000000,0.0755683,0.0772187,0.0741774,0.0744842,25885002.002603978,0
ABBC.V,D,20230223,000000,0.0747805,0.0923892,0.074601,0.0788147,18352850.93531404,0
ABBC.V,D,20230224,000000,0.0790319,0.0829057,0.0755691,0.0787592,16130721.190788379,0
ABBC.V,D,20230225,000000,0.077154,0.0790843,0.074058,0.0753193,14505819.168876838,0
ABBC.V,D,20230226,000000,0.0749482,0.0764389,0.0742124,0.0759916,16700762.846473856,0
ABBC.V,D,20230227,000000,0.0755833,0.076392,0.0709448,0.0712811,16246958.48295727,0
ABBC.V,D,20230228,000000,0.0711963,0.0760818,0.0710093,0.0749837,15520225.188400224,0
ABBC.V,D,20230301,000000,0.0742056,0.0759349,0.072938,0.0734448,15213479.851238905,0
ABBC.V,D,20230302,000000,0.0746284,0.0746867,0.0712936,0.0716064,14907523.006115593,0
ABBC.V,D,20230303,000000,0.0711007,0.0730168,0.0708149,0.0728044,15846169.353576938,0
ABBC.V,D,20230304,000000,0.0721798,0.0753388,0.0721798,0.0750853,17273422.05046997,0
ABBC.V,D,20230305,000000,0.074594,0.0755033,0.0739796,0.075339,18599016.963387012,0
ABBC.V,D,20230306,000000,0.07538,0.0753838,0.0727558,0.0737876,17498947.865624208,0
ABBC.V,D,20230307,000000,0.0741138,0.0742475,0.0713029,0.0713964,23264531.775394402,0
ABBC.V,D,20230308,000000,0.0715993,0.0722749,0.0672336,0.0673083,16857659.92768777,0
ABBC.V,D,20230309,000000,0.0675,0.0683938,0.0637096,0.0654075,22446217.82559986,0
ABBC.V,D,20230310,000000,0.0650228,0.066667,0.0624681,0.0656761,13761535.889718056,0
ABBC.V,D,20230311,000000,0.0662031,0.0665537,0.0637734,0.064366,17382613.580377,0
ABBC.V,D,20230312,000000,0.0649894,0.0666352,0.0639142,0.0661392,15981785.553708104,0
ABBC.V,D,20230313,000000,0.0666476,0.0684164,0.0644216,0.0671609,17338873.8098989,0
ABBC.V,D,20230314,000000,0.0667965,0.0734869,0.0652164,0.0699269,16255288.100353565,0
ABBC.V,D,20230315,000000,0.0700291,0.0752399,0.0693017,0.0723971,21143704.605621647,0
ABBC.V,D,20230316,000000,0.0725534,0.0739987,0.0718161,0.0734201,18581899.319900714,0
ABBC.V,D,20230317,000000,0.0740112,0.0745429,0.0718785,0.0730184,14279206.620297937,0
ABBC.V,D,20230318,000000,0.0728178,0.0728752,0.0716021,0.0723358,12341162.011925086,0
ABBC.V,D,20230319,000000,0.0724861,0.0737471,0.0710138,0.0711435,11636759.438419335,0
ABBC.V,D,20230320,000000,0.0710926,0.0738496,0.068079,0.0700842,12940199.618680961,0
ABBC.V,D,20230321,000000,0.0700362,0.0722061,0.0689303,0.0710178,17836280.034227937,0
ABBC.V,D,20230322,000000,0.070845,0.0743408,0.0703745,0.0725658,15780266.98379683,0
ABBC.V,D,20230323,000000,0.0727982,0.0730004,0.0723441,0.0727554,466195.1612302359,0
ABBC.V,D,20230324,000000,0.0728238,0.0746073,0.0726782,0.0739887,4582474.806803241,0
ABBC.V,D,20230325,000000,0.073689,0.0744893,0.0728973,0.0743713,3296895.005843841,0
ABBC.V,D,20230326,000000,0.0742742,0.0753678,0.0735654,0.0736832,3800625.043627057,0
ABBC.V,D,20230327,000000,0.0743617,0.0766375,0.0720266,0.0726348,4128443.0887427623,0
ABBC.V,D,20230328,000000,0.0726348,0.0758205,0.0726348,0.0755317,5126713.271105929,0
ABBC.V,D,20230329,000000,0.0754294,0.0869209,0.0754287,0.0847042,4894787.856970803,0
ABBC.V,D,20230330,000000,0.0847254,0.0864035,0.0765054,0.0805225,5698698.544844484,0
ABBC.V,D,20230331,000000,0.0807226,0.0840185,0.0770146,0.0795159,5406467.635115114,0
ABBC.V,D,20230401,000000,0.0794238,0.0834309,0.079223,0.0830307,5316051.421918878,0
ABBC.V,D,20230402,000000,0.0833342,0.084058,0.0817335,0.0828513,3904112.954962656,0
ABBC.V,D,20230403,000000,0.0836518,0.083852,0.0819287,0.0823305,6339702.151235497,0
ABBC.V,D,20230404,000000,0.0821353,0.0854342,0.0821353,0.0828414,6887716.078478207,0
ABBC.V,D,20230405,000000,0.0831415,0.0875271,0.0829274,0.0855308,5762356.134271786,0
ABBC.V,D,20230406,000000,0.0850187,0.0891419,0.0842168,0.0883309,5011949.958115663,0
ABBC.V,D,20230407,000000,0.0884318,0.0921626,0.0882423,0.0911774,6502618.787059406,0
ABBC.V,D,20230408,000000,0.0911674,0.0913685,0.0867347,0.0898359,4775970.187789671,0
ABBC.V,D,20230409,000000,0.0898458,0.0930558,0.0896457,0.0915549,6160673.052324674,0
ABBC.V,D,20230410,000000,0.0916559,0.0932466,0.0911592,0.0924711,6804740.053787346,0
ABBC.V,D,20230411,000000,0.0925712,0.093977,0.0901811,0.0911893,6164368.90802979,0
ABBC.V,D,20230412,000000,0.0910901,0.094094,0.0902884,0.0920718,6174956.220626203,0
ABBC.V,D,20230413,000000,0.0924721,0.0949024,0.0921746,0.0938938,4175197.0044064983,0
ABBC.V,D,20230414,000000,0.0942904,0.0967909,0.094094,0.0967909,3981921.1458329535,0
ABBC.V,D,20230415,000000,0.0968794,0.0970941,0.0959959,0.0965868,2664800.8135969215,0
ABBC.V,D,20230416,000000,0.0967861,0.0970786,0.0945661,0.0945661,4228107.850066453,0
ABBC.V,D,20230417,000000,0.0947634,0.0964762,0.0937543,0.0938413,2738225.6553119128,0
ABBC.V,D,20230418,000000,0.0939639,0.0964251,0.0935421,0.0960182,3493571.614421178,0
ABBC.V,D,20230419,000000,0.0957239,0.0965647,0.0942471,0.094248,4174029.4330504695,0
