<TICKER>,<PER>,<DATE>,<TIME>,<OPEN>,<HIGH>,<LOW>,<CLOSE>,<VOL>,<OPENINT>
AMP.V,D,20201020,000000,0.005516,0.005516,0.005516,0.005516,0,0
AMP.V,D,20201021,000000,0.005516,0.005922,0.005313,0.005313,0,0
AMP.V,D,20201022,000000,0.005313,0.005916,0.005277,0.005277,0,0
AMP.V,D,20201023,000000,0.005277,0.005277,0.005277,0.005277,0,0
AMP.V,D,20201024,000000,0.005277,0.005629,0.004995,0.005629,0,0
AMP.V,D,20201025,000000,0.005629,0.005629,0.004995,0.004995,0,0
AMP.V,D,20201026,000000,0.004995,0.004995,0.004947,0.004947,0,0
AMP.V,D,20201027,000000,0.004947,0.005092,0.004806,0.004806,0,0
AMP.V,D,20201028,000000,0.004806,0.004806,0.004514,0.004514,0,0
AMP.V,D,20201029,000000,0.004514,0.00456,0.004072,0.00456,0,0
AMP.V,D,20201030,000000,0.00456,0.004638,0.003358,0.004052,0,0
AMP.V,D,20201031,000000,0.004052,0.004777,0.004012,0.004012,0,0
AMP.V,D,20201101,000000,0.004012,0.004633,0.003818,0.004072,0,0
AMP.V,D,20201102,000000,0.004072,0.004077,0.003822,0.004077,0,0
AMP.V,D,20201103,000000,0.004077,0.004077,0.003707,0.004004,0,0
AMP.V,D,20201104,000000,0.004004,0.004004,0.003765,0.004004,0,0
AMP.V,D,20201105,000000,0.004004,0.004036,0.0037,0.0037,0,0
AMP.V,D,20201106,000000,0.0037,0.005272,0.00305,0.004942,0,0
AMP.V,D,20201107,000000,0.004942,0.004952,0.003657,0.003657,0,0
AMP.V,D,20201108,000000,0.003657,0.003822,0.003654,0.003822,0,0
AMP.V,D,20201109,000000,0.003822,0.004168,0.003818,0.003818,0,0
AMP.V,D,20201110,000000,0.003818,0.003822,0.003358,0.003506,0,0
AMP.V,D,20201111,000000,0.003506,0.003826,0.003506,0.003826,0,0
AMP.V,D,20201112,000000,0.003826,0.004295,0.003818,0.004295,0,0
AMP.V,D,20201113,000000,0.004295,0.004295,0.00372,0.003818,0,0
AMP.V,D,20201114,000000,0.003818,0.003818,0.0036,0.0036,0,0
AMP.V,D,20201115,000000,0.0036,0.004076,0.0036,0.003605,0,0
AMP.V,D,20201116,000000,0.003605,0.0045,0.0036,0.004179,0,0
AMP.V,D,20201117,000000,0.004179,0.004638,0.003822,0.004413,0,0
AMP.V,D,20201118,000000,0.004413,0.00495,0.004409,0.004409,0,0
AMP.V,D,20201119,000000,0.004409,0.004413,0.004076,0.004076,0,0
AMP.V,D,20201120,000000,0.004076,0.004633,0.004072,0.004633,0,0
AMP.V,D,20201121,000000,0.004633,0.004633,0.003994,0.004603,0,0
AMP.V,D,20201122,000000,0.004603,0.004895,0.00433,0.004895,0,0
AMP.V,D,20201123,000000,0.004895,0.005729,0.004848,0.005699,0,0
AMP.V,D,20201124,000000,0.005699,0.005728,0.004631,0.00527,0,0
AMP.V,D,20201125,000000,0.00527,0.00591,0.00527,0.005552,0,0
AMP.V,D,20201126,000000,0.005552,0.005563,0.004642,0.004952,0,0
AMP.V,D,20201127,000000,0.004952,0.005806,0.004638,0.005806,0,0
AMP.V,D,20201128,000000,0.005806,0.006176,0.005553,0.005806,0,0
AMP.V,D,20201129,000000,0.005806,0.006229,0.005806,0.005958,0,0
AMP.V,D,20201130,000000,0.005958,0.00651,0.005625,0.00651,0,0
AMP.V,D,20201201,000000,0.00651,0.006517,0.005756,0.005756,0,0
AMP.V,D,20201202,000000,0.005756,0.006206,0.005756,0.005756,0,0
AMP.V,D,20201203,000000,0.005756,0.005756,0.004104,0.005505,0,0
AMP.V,D,20201204,000000,0.005505,0.005623,0.0052,0.00543,0,0
AMP.V,D,20201205,000000,0.00543,0.006404,0.005205,0.006206,0,0
AMP.V,D,20201206,000000,0.006206,0.007085,0.004104,0.007007,0,0
AMP.V,D,20201207,000000,0.007007,0.007506,0.006404,0.006404,0,0
AMP.V,D,20201208,000000,0.006404,0.008098,0.006298,0.007898,0,0
AMP.V,D,20201209,000000,0.007898,0.0079,0.006345,0.006465,0,0
AMP.V,D,20201210,000000,0.006465,0.006824,0.0063,0.0063,0,0
AMP.V,D,20201211,000000,0.0063,0.006481,0.005623,0.005623,0,0
AMP.V,D,20201212,000000,0.005623,0.006156,0.005623,0.005629,0,0
AMP.V,D,20201213,000000,0.005629,0.00625,0.005623,0.00625,0,0
AMP.V,D,20201214,000000,0.00625,0.006397,0.005923,0.006397,0,0
AMP.V,D,20201215,000000,0.005975,0.006221,0.005638,0.006027,0,0
AMP.V,D,20201216,000000,0.006404,0.006499,0.005299,0.006499,0,0
AMP.V,D,20201217,000000,0.006499,0.007089,0.006397,0.006397,0,0
AMP.V,D,20201218,000000,0.006397,0.007297,0.006354,0.006354,0,0
AMP.V,D,20201219,000000,0.006354,0.00729,0.006348,0.0072,0,0
AMP.V,D,20201220,000000,0.0072,0.007287,0.006629,0.006629,0,0
AMP.V,D,20201221,000000,0.006629,0.006865,0.005799,0.005799,0,0
AMP.V,D,20201222,000000,0.005799,0.006595,0.005621,0.006595,0,0
AMP.V,D,20201223,000000,0.006595,0.006595,0.005994,0.006393,0,0
AMP.V,D,20201224,000000,0.006393,0.006397,0.005623,0.005623,0,0
AMP.V,D,20201225,000000,0.005623,0.005623,0.005623,0.005623,0,0
AMP.V,D,20201226,000000,0.005623,0.006387,0.005614,0.005895,0,0
AMP.V,D,20201227,000000,0.005895,0.006842,0.004495,0.006032,0,0
AMP.V,D,20201228,000000,0.006032,0.007723,0.004854,0.00599,0,0
AMP.V,D,20201229,000000,0.00599,0.007983,0.005988,0.00625,0,0
AMP.V,D,20201230,000000,0.00625,0.006824,0.00575,0.005998,0,0
AMP.V,D,20201231,000000,0.005998,0.006406,0.005806,0.006406,0,0
AMP.V,D,20210101,000000,0.006406,0.006838,0.005812,0.006411,0,0
AMP.V,D,20210102,000000,0.006411,0.0067,0.005998,0.00635,0,0
AMP.V,D,20210103,000000,0.00635,0.0081,0.0046,0.0075,0,0
AMP.V,D,20210104,000000,0.0075,0.009277,0.006824,0.007777,0,0
AMP.V,D,20210105,000000,0.007777,0.009519,0.007777,0.009117,0,0
AMP.V,D,20210106,000000,0.009117,0.009509,0.009108,0.009508,0,0
AMP.V,D,20210107,000000,0.009508,0.009508,0.00878,0.00878,0,0
AMP.V,D,20210108,000000,0.00878,0.009499,0.008218,0.008218,0,0
AMP.V,D,20210109,000000,0.008218,0.009527,0.008218,0.009527,0,0
AMP.V,D,20210110,000000,0.009527,0.009527,0.008499,0.009498,0,0
AMP.V,D,20210111,000000,0.009498,0.009508,0.006839,0.007286,0,0
AMP.V,D,20210112,000000,0.007286,0.009506,0.007286,0.007858,0,0
AMP.V,D,20210113,000000,0.007858,0.009497,0.007,0.009277,0,0
AMP.V,D,20210114,000000,0.009277,0.009277,0.007906,0.00821,0,0
AMP.V,D,20210115,000000,0.00821,0.008729,0.007732,0.008729,0,0
AMP.V,D,20210116,000000,0.008729,0.008731,0.007734,0.0078,0,0
AMP.V,D,20210117,000000,0.0078,0.0078,0.007279,0.00753,0,0
AMP.V,D,20210118,000000,0.00753,0.008226,0.007507,0.008178,0,0
AMP.V,D,20210119,000000,0.008178,0.009,0.0071,0.007501,0,0
AMP.V,D,20210120,000000,0.007501,0.007975,0.006833,0.006833,0,0
AMP.V,D,20210121,000000,0.006833,0.007498,0.005999,0.006688,0,0
AMP.V,D,20210122,000000,0.006688,0.007736,0.006506,0.007679,0,0
AMP.V,D,20210123,000000,0.007679,0.008559,0.006506,0.006834,0,0
AMP.V,D,20210124,000000,0.006834,0.007362,0.006413,0.006513,0,0
AMP.V,D,20210125,000000,0.006513,0.006984,0.006007,0.006799,0,0
AMP.V,D,20210126,000000,0.006799,0.007407,0.006014,0.007407,0,0
AMP.V,D,20210127,000000,0.007407,0.007415,0.006012,0.006062,0,0
AMP.V,D,20210128,000000,0.006062,0.006659,0.005775,0.006659,0,0
AMP.V,D,20210129,000000,0.006659,0.0075,0.006074,0.007433,0,0
AMP.V,D,20210130,000000,0.007433,0.00744,0.006136,0.007387,0,0
AMP.V,D,20210131,000000,0.007387,0.009507,0.006506,0.008311,0,0
AMP.V,D,20210201,000000,0.008311,0.009508,0.008194,0.009076,0,0
AMP.V,D,20210202,000000,0.009076,0.009709,0.008206,0.009699,0,0
AMP.V,D,20210203,000000,0.009699,0.0097,0.008509,0.009456,0,0
AMP.V,D,20210204,000000,0.009456,0.01101,0.008529,0.009512,0,0
AMP.V,D,20210205,000000,0.009512,0.0145,0.009501,0.01253,0,0
AMP.V,D,20210206,000000,0.01253,0.01401,0.01101,0.0116,0,0
AMP.V,D,20210207,000000,0.0116,0.0116,0.01092,0.01134,0,0
AMP.V,D,20210208,000000,0.01134,0.01166,0.01071,0.01166,0,0
AMP.V,D,20210209,000000,0.01166,0.01251,0.01076,0.01251,0,0
AMP.V,D,20210210,000000,0.01251,0.0178,0.01117,0.01501,0,0
AMP.V,D,20210211,000000,0.01501,0.03,0.015,0.03,0,0
AMP.V,D,20210212,000000,0.03,0.03897,0.02664,0.03555,0,0
AMP.V,D,20210213,000000,0.03555,0.03854,0.03203,0.03342,0,0
AMP.V,D,20210214,000000,0.03342,0.03804,0.02523,0.02945,0,0
AMP.V,D,20210215,000000,0.02945,0.0398,0.02942,0.03646,0,0
AMP.V,D,20210216,000000,0.03646,0.03781,0.03109,0.03322,0,0
AMP.V,D,20210217,000000,0.03322,0.0338,0.02994,0.033,0,0
AMP.V,D,20210218,000000,0.033,0.0398,0.03123,0.0335,0,0
AMP.V,D,20210219,000000,0.0335,0.0398,0.0255,0.02883,0,0
AMP.V,D,20210220,000000,0.02883,0.03399,0.025,0.02819,0,0
AMP.V,D,20210221,000000,0.02819,0.0345,0.027,0.0282,0,0
AMP.V,D,20210222,000000,0.0282,0.0327,0.026,0.02763,0,0
AMP.V,D,20210223,000000,0.02763,0.02778,0.019,0.0216,0,0
AMP.V,D,20210224,000000,0.0216,0.03162,0.02152,0.02603,0,0
AMP.V,D,20210225,000000,0.02603,0.02863,0.02408,0.02457,0,0
AMP.V,D,20210226,000000,0.02457,0.02599,0.02141,0.02406,0,0
AMP.V,D,20210227,000000,0.02406,0.02442,0.02273,0.02273,0,0
AMP.V,D,20210228,000000,0.02273,0.02329,0.02154,0.02329,0,0
AMP.V,D,20210301,000000,0.02329,0.03,0.02324,0.02431,0,0
AMP.V,D,20210302,000000,0.02431,0.02546,0.02302,0.02468,0,0
AMP.V,D,20210303,000000,0.02468,0.02543,0.022,0.02492,0,0
AMP.V,D,20210304,000000,0.02492,0.02543,0.0215,0.02229,0,0
AMP.V,D,20210305,000000,0.02229,0.02338,0.02002,0.02196,0,0
AMP.V,D,20210306,000000,0.02196,0.02399,0.02005,0.02137,0,0
AMP.V,D,20210307,000000,0.02137,0.02422,0.02137,0.02336,0,0
AMP.V,D,20210308,000000,0.02336,0.02392,0.0205,0.0225,0,0
AMP.V,D,20210309,000000,0.0225,0.02706,0.02116,0.02706,0,0
AMP.V,D,20210310,000000,0.02706,0.03003,0.02433,0.02693,0,0
AMP.V,D,20210311,000000,0.02693,0.02804,0.02489,0.02542,0,0
AMP.V,D,20210312,000000,0.02542,0.02743,0.02386,0.02386,0,0
AMP.V,D,20210313,000000,0.02386,0.0265,0.02366,0.02634,0,0
AMP.V,D,20210314,000000,0.02634,0.02799,0.02388,0.02619,0,0
AMP.V,D,20210315,000000,0.02619,0.0265,0.0225,0.02322,0,0
AMP.V,D,20210316,000000,0.02322,0.02525,0.02271,0.02422,0,0
AMP.V,D,20210317,000000,0.02422,0.02645,0.02339,0.02429,0,0
AMP.V,D,20210318,000000,0.02429,0.02999,0.02429,0.02753,0,0
AMP.V,D,20210319,000000,0.02753,0.03,0.02674,0.02783,0,0
AMP.V,D,20210320,000000,0.02783,0.03319,0.02782,0.03009,0,0
AMP.V,D,20210321,000000,0.03009,0.034,0.02916,0.02916,0,0
AMP.V,D,20210322,000000,0.02916,0.02956,0.02661,0.02661,0,0
AMP.V,D,20210323,000000,0.02661,0.02821,0.025,0.02633,0,0
AMP.V,D,20210324,000000,0.02633,0.0286,0.02465,0.02621,0,0
AMP.V,D,20210325,000000,0.02621,0.02621,0.0231,0.02388,0,0
AMP.V,D,20210326,000000,0.02388,0.02703,0.02388,0.02621,0,0
AMP.V,D,20210327,000000,0.02621,0.02962,0.02539,0.02624,0,0
AMP.V,D,20210328,000000,0.02624,0.02702,0.024,0.02462,0,0
AMP.V,D,20210329,000000,0.02462,0.027,0.02358,0.02606,0,0
AMP.V,D,20210330,000000,0.02606,0.02873,0.02402,0.02763,0,0
AMP.V,D,20210331,000000,0.02763,0.029,0.025,0.02779,0,0
AMP.V,D,20210401,000000,0.02779,0.03199,0.02699,0.03199,0,0
AMP.V,D,20210402,000000,0.03199,0.033,0.0287,0.02978,0,0
AMP.V,D,20210403,000000,0.02978,0.03149,0.028,0.028,0,0
AMP.V,D,20210404,000000,0.028,0.02948,0.02618,0.02744,0,0
AMP.V,D,20210405,000000,0.02744,0.0299,0.026,0.02769,0,0
AMP.V,D,20210406,000000,0.02769,0.0299,0.02769,0.02962,0,0
AMP.V,D,20210407,000000,0.02962,0.03,0.02792,0.02818,0,0
AMP.V,D,20210408,000000,0.02818,0.03,0.028,0.0299,0,0
AMP.V,D,20210409,000000,0.0299,0.02999,0.02768,0.02782,0,0
AMP.V,D,20210410,000000,0.02782,0.0294,0.02769,0.0294,0,0
AMP.V,D,20210411,000000,0.0294,0.0294,0.02725,0.02873,0,0
AMP.V,D,20210412,000000,0.02873,0.03033,0.02767,0.02933,0,0
AMP.V,D,20210413,000000,0.02933,0.02999,0.02698,0.02905,0,0
AMP.V,D,20210414,000000,0.03745,0.0403,0.03329,0.03782,0,0
AMP.V,D,20210415,000000,0.03782,0.04321,0.03538,0.03995,0,0
AMP.V,D,20210416,000000,0.03995,0.0532,0.03947,0.05307,0,0
AMP.V,D,20210417,000000,0.05307,0.069,0.045,0.06016,0,0
AMP.V,D,20210418,000000,0.06016,0.06497,0.0475,0.06299,0,0
AMP.V,D,20210419,000000,0.06299,0.064,0.0505,0.05375,0,0
AMP.V,D,20210420,000000,0.05375,0.05479,0.045,0.05099,0,0
AMP.V,D,20210421,000000,0.05099,0.05865,0.0491,0.05106,0,0
AMP.V,D,20210422,000000,0.05106,0.05567,0.0488,0.04913,0,0
AMP.V,D,20210423,000000,0.04913,0.05166,0.038,0.04976,0,0
AMP.V,D,20210424,000000,0.04976,0.04988,0.044,0.045,0,0
AMP.V,D,20210425,000000,0.045,0.0475,0.042,0.04569,0,0
AMP.V,D,20210426,000000,0.04569,0.05999,0.04569,0.0598,0,0
AMP.V,D,20210427,000000,0.0598,0.06242,0.05652,0.05843,0,0
AMP.V,D,20210428,000000,0.05843,0.06,0.05362,0.05461,0,0
AMP.V,D,20210429,000000,0.05461,0.05691,0.0445,0.04841,0,0
AMP.V,D,20210430,000000,0.04841,0.0567,0.04733,0.05669,0,0
AMP.V,D,20210501,000000,0.05669,0.05945,0.05556,0.05851,0,0
AMP.V,D,20210502,000000,0.05851,0.05922,0.056,0.05702,0,0
AMP.V,D,20210503,000000,0.05702,0.059,0.05691,0.05803,0,0
AMP.V,D,20210504,000000,0.05803,0.0589,0.05402,0.055,0,0
AMP.V,D,20210505,000000,0.055,0.06421,0.05469,0.06098,0,0
AMP.V,D,20210506,000000,0.06098,0.0785,0.05969,0.07367,0,0
AMP.V,D,20210507,000000,0.07367,0.0772,0.07,0.0723,0,0
AMP.V,D,20210508,000000,0.0723,0.07589,0.06915,0.07431,0,0
AMP.V,D,20210509,000000,0.07431,0.07513,0.06801,0.07055,0,0
AMP.V,D,20210510,000000,0.07055,0.07349,0.067,0.06889,0,0
AMP.V,D,20210511,000000,0.06889,0.07233,0.06505,0.07059,0,0
AMP.V,D,20210512,000000,0.07059,0.074,0.06229,0.06325,0,0
AMP.V,D,20210513,000000,0.06325,0.06864,0.0575,0.06302,0,0
AMP.V,D,20210514,000000,0.06302,0.0699,0.06166,0.06803,0,0
AMP.V,D,20210515,000000,0.06803,0.06944,0.061,0.06184,0,0
AMP.V,D,20210516,000000,0.06184,0.06398,0.0555,0.05986,0,0
AMP.V,D,20210517,000000,0.05986,0.061,0.05324,0.05667,0,0
AMP.V,D,20210518,000000,0.05667,0.0635,0.05575,0.05999,0,0
AMP.V,D,20210519,000000,0.05999,0.06053,0.03996,0.04566,0,0
AMP.V,D,20210520,000000,0.04566,0.05604,0.04,0.04907,0,0
AMP.V,D,20210521,000000,0.04907,0.051,0.03504,0.04058,0,0
AMP.V,D,20210522,000000,0.04058,0.04305,0.0354,0.03865,0,0
AMP.V,D,20210523,000000,0.03865,0.03945,0.0255,0.03186,0,0
AMP.V,D,20210524,000000,0.03186,0.0411,0.03,0.03972,0,0
AMP.V,D,20210525,000000,0.03972,0.04411,0.036,0.04325,0,0
AMP.V,D,20210526,000000,0.04325,0.05285,0.0405,0.04542,0,0
AMP.V,D,20210527,000000,0.04542,0.04544,0.0375,0.04032,0,0
AMP.V,D,20210528,000000,0.04032,0.0415,0.033,0.0368,0,0
AMP.V,D,20210529,000000,0.0368,0.03748,0.0316,0.03371,0,0
AMP.V,D,20210530,000000,0.03371,0.04168,0.032,0.03797,0,0
AMP.V,D,20210531,000000,0.03797,0.03842,0.03523,0.03777,0,0
AMP.V,D,20210601,000000,0.03777,0.03994,0.03611,0.03773,0,0
AMP.V,D,20210602,000000,0.03773,0.041,0.03659,0.0398,0,0
AMP.V,D,20210603,000000,0.0398,0.04065,0.0385,0.04,0,0
AMP.V,D,20210604,000000,0.04,0.04045,0.03564,0.03952,0,0
AMP.V,D,20210605,000000,0.03952,0.04837,0.03952,0.04256,0,0
AMP.V,D,20210606,000000,0.04256,0.04749,0.0421,0.04571,0,0
AMP.V,D,20210607,000000,0.04571,0.04765,0.04086,0.04229,0,0
AMP.V,D,20210608,000000,0.04229,0.05467,0.038,0.0505,0,0
AMP.V,D,20210609,000000,0.0505,0.06389,0.0485,0.05926,0,0
AMP.V,D,20210610,000000,0.05926,0.071,0.051,0.06819,0,0
AMP.V,D,20210611,000000,0.06819,0.077,0.05891,0.06145,0,0
AMP.V,D,20210612,000000,0.06145,0.06462,0.05711,0.05943,0,0
AMP.V,D,20210613,000000,0.05943,0.06299,0.0552,0.06039,0,0
AMP.V,D,20210614,000000,0.06039,0.0798,0.05902,0.07666,0,0
AMP.V,D,20210615,000000,0.07666,0.09868,0.07584,0.09481,0,0
AMP.V,D,20210616,000000,0.09481,0.122,0.08642,0.1089,0,0
AMP.V,D,20210617,000000,0.1089,0.119,0.0925,0.09676,0,0
AMP.V,D,20210618,000000,0.09676,0.1022,0.0755,0.08244,0,0
AMP.V,D,20210619,000000,0.08244,0.09408,0.07511,0.08702,0,0
AMP.V,D,20210620,000000,0.08702,0.09521,0.0808,0.09121,0,0
AMP.V,D,20210621,000000,0.09121,0.09204,0.0631,0.06728,0,0
AMP.V,D,20210622,000000,0.06728,0.07539,0.0505,0.06056,0,0
AMP.V,D,20210623,000000,0.06056,0.06775,0.05813,0.06308,0,0
AMP.V,D,20210624,000000,0.06308,0.06857,0.059,0.06292,0,0
AMP.V,D,20210625,000000,0.06292,0.0645,0.05525,0.0574,0,0
AMP.V,D,20210626,000000,0.0574,0.05845,0.0538,0.05588,0,0
AMP.V,D,20210627,000000,0.05588,0.06306,0.05534,0.06198,0,0
AMP.V,D,20210628,000000,0.06198,0.06216,0.05821,0.05876,0,0
AMP.V,D,20210629,000000,0.05876,0.063,0.05702,0.0587,0,0
AMP.V,D,20210630,000000,0.0587,0.05938,0.055,0.0579,0,0
AMP.V,D,20210701,000000,0.0579,0.05875,0.05588,0.05681,0,0
AMP.V,D,20210702,000000,0.05681,0.062,0.05282,0.05759,0,0
AMP.V,D,20210703,000000,0.05759,0.05885,0.05634,0.05773,0,0
AMP.V,D,20210704,000000,0.05773,0.05861,0.05512,0.05582,0,0
AMP.V,D,20210705,000000,0.05582,0.05674,0.05417,0.05476,0,0
AMP.V,D,20210706,000000,0.05476,0.0567,0.053,0.05541,0,0
AMP.V,D,20210707,000000,0.05541,0.06248,0.05516,0.05715,0,0
AMP.V,D,20210708,000000,0.05715,0.05793,0.05475,0.05573,0,0
AMP.V,D,20210709,000000,0.05573,0.05668,0.05314,0.05607,0,0
AMP.V,D,20210710,000000,0.05607,0.05645,0.05394,0.05421,0,0
AMP.V,D,20210711,000000,0.05421,0.05596,0.05396,0.05511,0,0
AMP.V,D,20210712,000000,0.05511,0.05517,0.05002,0.05173,0,0
AMP.V,D,20210713,000000,0.05173,0.05205,0.0482,0.04901,0,0
AMP.V,D,20210714,000000,0.04901,0.05192,0.0465,0.05007,0,0
AMP.V,D,20210715,000000,0.05007,0.0511,0.046,0.04718,0,0
AMP.V,D,20210716,000000,0.04718,0.04762,0.0422,0.04278,0,0
AMP.V,D,20210717,000000,0.04278,0.0457,0.0401,0.04296,0,0
AMP.V,D,20210718,000000,0.04296,0.0475,0.04231,0.04489,0,0
AMP.V,D,20210719,000000,0.04489,0.04555,0.0405,0.04083,0,0
AMP.V,D,20210720,000000,0.04083,0.04152,0.038,0.0401,0,0
AMP.V,D,20210721,000000,0.0401,0.04534,0.03941,0.04348,0,0
AMP.V,D,20210722,000000,0.04348,0.04431,0.04116,0.04412,0,0
AMP.V,D,20210723,000000,0.04412,0.05512,0.04305,0.05236,0,0
AMP.V,D,20210724,000000,0.05236,0.05305,0.0493,0.05044,0,0
AMP.V,D,20210725,000000,0.05044,0.06487,0.04802,0.06236,0,0
AMP.V,D,20210726,000000,0.06236,0.09156,0.06054,0.06844,0,0
AMP.V,D,20210727,000000,0.06844,0.0745,0.0615,0.0697,0,0
AMP.V,D,20210728,000000,0.0697,0.0786,0.06705,0.07717,0,0
AMP.V,D,20210729,000000,0.07717,0.08262,0.07,0.07535,0,0
AMP.V,D,20210730,000000,0.07535,0.07666,0.07,0.07322,0,0
AMP.V,D,20210731,000000,0.07322,0.07473,0.0711,0.07198,0,0
AMP.V,D,20210801,000000,0.07198,0.07291,0.06672,0.06704,0,0
AMP.V,D,20210802,000000,0.06704,0.07032,0.0648,0.06637,0,0
AMP.V,D,20210803,000000,0.06637,0.06683,0.05981,0.06058,0,0
AMP.V,D,20210804,000000,0.06058,0.067,0.05918,0.0617,0,0
AMP.V,D,20210805,000000,0.0617,0.06252,0.05891,0.05946,0,0
AMP.V,D,20210806,000000,0.05946,0.06365,0.0585,0.06207,0,0
AMP.V,D,20210807,000000,0.06207,0.068,0.06103,0.06221,0,0
AMP.V,D,20210808,000000,0.06221,0.06382,0.05894,0.0601,0,0
AMP.V,D,20210809,000000,0.0601,0.06287,0.05812,0.06101,0,0
AMP.V,D,20210810,000000,0.06101,0.06267,0.06002,0.06063,0,0
AMP.V,D,20210811,000000,0.06063,0.06814,0.06047,0.06105,0,0
AMP.V,D,20210812,000000,0.06152,0.06179,0.06,0.06023,0,0
AMP.V,D,20210813,000000,0.06023,0.0647,0.06,0.06255,0,0
AMP.V,D,20210814,000000,0.06255,0.06317,0.06035,0.06077,0,0
AMP.V,D,20210815,000000,0.06077,0.062,0.05941,0.06026,0,0
AMP.V,D,20210816,000000,0.06026,0.06207,0.05991,0.06012,0,0
AMP.V,D,20210817,000000,0.06012,0.06095,0.0575,0.05785,0,0
AMP.V,D,20210818,000000,0.05785,0.062,0.05643,0.05891,0,0
AMP.V,D,20210819,000000,0.05891,0.06092,0.05757,0.06033,0,0
AMP.V,D,20210820,000000,0.06033,0.061,0.0597,0.0603,0,0
AMP.V,D,20210821,000000,0.0603,0.06039,0.0591,0.05971,0,0
AMP.V,D,20210822,000000,0.05971,0.06559,0.05843,0.06079,0,0
AMP.V,D,20210823,000000,0.06079,0.0756,0.06056,0.06761,0,0
AMP.V,D,20210824,000000,0.06761,0.06853,0.06128,0.06153,0,0
AMP.V,D,20210825,000000,0.06153,0.06345,0.05935,0.061,0,0
AMP.V,D,20210826,000000,0.061,0.06284,0.05999,0.06021,0,0
AMP.V,D,20210827,000000,0.06021,0.06126,0.05902,0.06033,0,0
AMP.V,D,20210828,000000,0.06033,0.06144,0.05961,0.05991,0,0
AMP.V,D,20210829,000000,0.05991,0.0605,0.0588,0.0593,0,0
AMP.V,D,20210830,000000,0.0593,0.0598,0.05,0.0526,0,0
AMP.V,D,20210831,000000,0.0526,0.0567,0.0519,0.0532,0,0
AMP.V,D,20210901,000000,0.0532,0.0554,0.0517,0.0544,0,0
AMP.V,D,20210902,000000,0.0544,0.0618,0.0538,0.0583,0,0
AMP.V,D,20210903,000000,0.0583,0.0592,0.055,0.0566,0,0
AMP.V,D,20210904,000000,0.0566,0.0576,0.055,0.0553,0,0
AMP.V,D,20210905,000000,0.0553,0.0619,0.055,0.0617,0,0
AMP.V,D,20210906,000000,0.0617,0.062,0.0584,0.0591,0,0
AMP.V,D,20210907,000000,0.0591,0.0596,0.05,0.0525,0,0
AMP.V,D,20210908,000000,0.0525,0.0579,0.0519,0.056,0,0
AMP.V,D,20210909,000000,0.056,0.056,0.0524,0.0538,0,0
AMP.V,D,20210910,000000,0.0538,0.0557,0.0501,0.0509,0,0
AMP.V,D,20210911,000000,0.0509,0.054,0.0505,0.0513,0,0
AMP.V,D,20210912,000000,0.0513,0.0525,0.0505,0.0511,0,0
AMP.V,D,20210913,000000,0.0511,0.0515,0.0496,0.0501,0,0
AMP.V,D,20210914,000000,0.0501,0.0511,0.05002,0.05015,0,0
AMP.V,D,20210915,000000,0.05015,0.0525,0.05002,0.05156,0,0
AMP.V,D,20210916,000000,0.05156,0.05176,0.0485,0.04944,0,0
AMP.V,D,20210917,000000,0.04944,0.04998,0.04679,0.04787,0,0
AMP.V,D,20210918,000000,0.04787,0.05095,0.0475,0.04938,0,0
AMP.V,D,20210919,000000,0.04938,0.04953,0.04756,0.04791,0,0
AMP.V,D,20210920,000000,0.04791,0.0486,0.04025,0.04211,0,0
AMP.V,D,20210921,000000,0.04211,0.04651,0.04026,0.04136,0,0
AMP.V,D,20210922,000000,0.04136,0.04782,0.04084,0.04725,0,0
AMP.V,D,20210923,000000,0.04725,0.05149,0.04603,0.04847,0,0
AMP.V,D,20210924,000000,0.04847,0.04892,0.04322,0.04577,0,0
AMP.V,D,20210925,000000,0.04577,0.04852,0.04451,0.04631,0,0
AMP.V,D,20210926,000000,0.04631,0.04762,0.04498,0.04628,0,0
AMP.V,D,20210927,000000,0.04628,0.04676,0.04383,0.04425,0,0
AMP.V,D,20210928,000000,0.04425,0.04512,0.04217,0.0429,0,0
AMP.V,D,20210929,000000,0.0429,0.04524,0.04243,0.04341,0,0
AMP.V,D,20210930,000000,0.04341,0.04985,0.04338,0.04855,0,0
AMP.V,D,20211001,000000,0.04855,0.05277,0.0472,0.0503,0,0
AMP.V,D,20211002,000000,0.0503,0.05117,0.04902,0.04972,0,0
AMP.V,D,20211003,000000,0.04972,0.05048,0.0482,0.04937,0,0
AMP.V,D,20211004,000000,0.04937,0.05351,0.04921,0.05318,0,0
AMP.V,D,20211005,000000,0.05318,0.05971,0.05107,0.05278,0,0
AMP.V,D,20211006,000000,0.05278,0.05306,0.04836,0.04895,0,0
AMP.V,D,20211007,000000,0.04895,0.05188,0.0465,0.04775,0,0
AMP.V,D,20211008,000000,0.04775,0.04841,0.04529,0.04733,0,0
AMP.V,D,20211009,000000,0.04733,0.05227,0.04655,0.04914,0,0
AMP.V,D,20211010,000000,0.04914,0.05042,0.04705,0.04719,0,0
AMP.V,D,20211011,000000,0.04719,0.04899,0.04571,0.04818,0,0
AMP.V,D,20211012,000000,0.04818,0.04834,0.04428,0.04555,0,0
AMP.V,D,20211013,000000,0.04555,0.04713,0.04487,0.04586,0,0
AMP.V,D,20211014,000000,0.04586,0.04818,0.04523,0.04586,0,0
AMP.V,D,20211015,000000,0.04586,0.05222,0.04483,0.05178,0,0
AMP.V,D,20211016,000000,0.05178,0.05388,0.04873,0.04974,0,0
AMP.V,D,20211017,000000,0.04974,0.04978,0.0474,0.04848,0,0
AMP.V,D,20211018,000000,0.04848,0.05035,0.0473,0.0475,0,0
AMP.V,D,20211019,000000,0.0475,0.0489,0.04684,0.04723,0,0
AMP.V,D,20211020,000000,0.04723,0.0498,0.04677,0.04911,0,0
AMP.V,D,20211021,000000,0.04911,0.05139,0.04772,0.04813,0,0
AMP.V,D,20211022,000000,0.04813,0.05023,0.04751,0.04862,0,0
AMP.V,D,20211023,000000,0.04862,0.05186,0.04704,0.04863,0,0
AMP.V,D,20211024,000000,0.04863,0.04912,0.04665,0.0473,0,0
AMP.V,D,20211025,000000,0.0473,0.04809,0.04682,0.04741,0,0
AMP.V,D,20211026,000000,0.04741,0.04793,0.04602,0.0463,0,0
AMP.V,D,20211027,000000,0.0463,0.04668,0.04103,0.0416,0,0
AMP.V,D,20211028,000000,0.0416,0.04698,0.04135,0.04489,0,0
AMP.V,D,20211029,000000,0.04489,0.0474,0.04457,0.04605,0,0
AMP.V,D,20211030,000000,0.04605,0.04741,0.04406,0.0451,0,0
AMP.V,D,20211031,000000,0.0451,0.06096,0.0447,0.04849,0,0
AMP.V,D,20211101,000000,0.04849,0.05168,0.04733,0.0491,0,0
AMP.V,D,20211102,000000,0.0491,0.05535,0.04852,0.05398,0,0
AMP.V,D,20211103,000000,0.05398,0.07946,0.05203,0.07329,0,0
AMP.V,D,20211104,000000,0.07329,0.0796,0.0584,0.0634,0,0
AMP.V,D,20211105,000000,0.0634,0.0712,0.0575,0.0593,0,0
AMP.V,D,20211106,000000,0.0593,0.0649,0.0576,0.0591,0,0
AMP.V,D,20211107,000000,0.0591,0.0688,0.0567,0.0647,0,0
AMP.V,D,20211108,000000,0.0647,0.0657,0.0593,0.0618,0,0
AMP.V,D,20211109,000000,0.0618,0.0623,0.0585,0.0597,0,0
AMP.V,D,20211110,000000,0.0597,0.0631,0.0557,0.0582,0,0
AMP.V,D,20211111,000000,0.0582,0.0617,0.0564,0.0601,0,0
AMP.V,D,20211112,000000,0.0601,0.0608,0.0565,0.0575,0,0
AMP.V,D,20211113,000000,0.0575,0.0601,0.0563,0.0579,0,0
AMP.V,D,20211114,000000,0.0579,0.0588,0.057,0.0576,0,0
AMP.V,D,20211115,000000,0.0576,0.0587,0.0559,0.0567,0,0
AMP.V,D,20211116,000000,0.0567,0.0569,0.0506,0.0524,0,0
AMP.V,D,20211117,000000,0.0524,0.055,0.05,0.0512,0,0
AMP.V,D,20211118,000000,0.0512,0.0533,0.047,0.0488,0,0
AMP.V,D,20211119,000000,0.0488,0.0523,0.0473,0.0508,0,0
AMP.V,D,20211120,000000,0.0508,0.0533,0.0508,0.0522,0,0
AMP.V,D,20211121,000000,0.0522,0.053,0.0502,0.0502,0,0
AMP.V,D,20211122,000000,0.0502,0.0531,0.0484,0.0496,0,0
AMP.V,D,20211123,000000,0.0496,0.0771,0.0493,0.0706,0,0
AMP.V,D,20211124,000000,0.0706,0.0735,0.05727,0.05994,0,0
AMP.V,D,20211125,000000,0.05992,0.0656,0.05831,0.06122,0,0
AMP.V,D,20211126,000000,0.06125,0.0632,0.05583,0.05807,0,0
AMP.V,D,20211127,000000,0.05803,0.06671,0.05688,0.06287,0,0
AMP.V,D,20211128,000000,0.06278,0.07624,0.05976,0.06294,0,0
AMP.V,D,20211129,000000,0.06298,0.06715,0.06121,0.06374,0,0
AMP.V,D,20211130,000000,0.06375,0.06413,0.06,0.06133,0,0
AMP.V,D,20211201,000000,0.06132,0.0619,0.05804,0.05862,0,0
AMP.V,D,20211202,000000,0.05866,0.06056,0.05727,0.05793,0,0
AMP.V,D,20211203,000000,0.05787,0.05912,0.05354,0.05487,0,0
AMP.V,D,20211204,000000,0.0548,0.05491,0.04927,0.053,0,0
AMP.V,D,20211205,000000,0.05295,0.05583,0.05,0.05135,0,0
AMP.V,D,20211206,000000,0.05131,0.05479,0.04806,0.05233,0,0
AMP.V,D,20211207,000000,0.05234,0.05483,0.0513,0.05137,0,0
AMP.V,D,20211208,000000,0.05133,0.06206,0.05035,0.05503,0,0
AMP.V,D,20211209,000000,0.05504,0.05903,0.0525,0.0536,0,0
AMP.V,D,20211210,000000,0.05301,0.05437,0.05078,0.05146,0,0
AMP.V,D,20211211,000000,0.05143,0.05286,0.05001,0.05141,0,0
AMP.V,D,20211212,000000,0.05156,0.05281,0.05105,0.05253,0,0
AMP.V,D,20211213,000000,0.05258,0.05261,0.048,0.04962,0,0
AMP.V,D,20211214,000000,0.0495,0.05014,0.0476,0.04977,0,0
AMP.V,D,20211215,000000,0.04979,0.0515958,0.0472636,0.0492896,0,0
AMP.V,D,20211216,000000,0.0492846,0.05085,0.0478196,0.0487246,0,0
AMP.V,D,20211217,000000,0.0487246,0.0492846,0.0471441,0.0483293,0,0
AMP.V,D,20211218,000000,0.0482693,0.04984,0.0476743,0.04906,0,0
AMP.V,D,20211219,000000,0.0490496,0.04939,0.04764,0.04814,0,0
AMP.V,D,20211220,000000,0.048104,0.04869,0.04602,0.04665,0,0
AMP.V,D,20211221,000000,0.046584,0.04908,0.04595,0.04846,0,0
AMP.V,D,20211222,000000,0.04848,0.0514806,0.0481344,0.050035,0,0
AMP.V,D,20211223,000000,0.05005,0.0510104,0.0483645,0.05009,0,0
AMP.V,D,20211224,000000,0.05012,0.0520008,0.05002,0.0501751,0,0
AMP.V,D,20211225,000000,0.0501801,0.0503702,0.0493196,0.0497699,0,0
AMP.V,D,20211226,000000,0.04984,0.0514457,0.0489093,0.0509504,81464675,0
AMP.V,D,20211227,000000,0.0509555,0.0594438,0.0504252,0.0537461,704205264,0
AMP.V,D,20211228,000000,0.0537261,0.0537607,0.049625,0.0505101,132378522,0
AMP.V,D,20211229,000000,0.0505101,0.0522705,0.0491298,0.0493699,84753362,0
AMP.V,D,20211230,000000,0.0493149,0.050055,0.0485949,0.0491298,58035527,0
AMP.V,D,20211231,000000,0.0491198,0.05004,0.04774,0.0479148,77788963.610808,0
AMP.V,D,20220101,000000,0.0478848,0.04988,0.0478848,0.0493599,59777425.696758,0
AMP.V,D,20220102,000000,0.04929,0.04978,0.04883,0.04908,48598082.343496,0
AMP.V,D,20220103,000000,0.04906,0.052,0.0481,0.0493249,144900220.90286,0
AMP.V,D,20220104,000000,0.0493351,0.05613,0.0493,0.050015,674815509.4256,0
AMP.V,D,20220105,000000,0.05,0.050255,0.04479,0.0459954,229020065.68128,0
AMP.V,D,20220106,000000,0.0460808,0.04736,0.0444956,0.0466453,136426697.34472,0
AMP.V,D,20220107,000000,0.04678,0.04727,0.04266,0.04333,135375891.95126,0
AMP.V,D,20220108,000000,0.04322,0.044971,0.0412617,0.04308,140561108.71339,0
AMP.V,D,20220109,000000,0.04313,0.04457,0.04219,0.04359,132501828.07554,0
AMP.V,D,20220110,000000,0.04357,0.04359,0.04058,0.04141,119071849.71507,0
AMP.V,D,20220111,000000,0.04138,0.04254,0.0406159,0.0415442,171338033.49826,0
AMP.V,D,20220112,000000,0.0415442,0.0435387,0.0412482,0.042547,213448220.12172,0
AMP.V,D,20220113,000000,0.042537,0.0430715,0.0409064,0.0411064,129479570.03881,0
AMP.V,D,20220114,000000,0.0411264,0.0416408,0.0401801,0.0413624,145316091.90418,0
AMP.V,D,20220115,000000,0.0413065,0.04198,0.0410564,0.04148,37851422.093169,0
AMP.V,D,20220116,000000,0.04151,0.04164,0.04059,0.04124,88673557.100479,0
AMP.V,D,20220117,000000,0.04121,0.04145,0.039972,0.0403761,95146268.983881,0
AMP.V,D,20220118,000000,0.0404062,0.0405862,0.0377813,0.03868,113161576.06966,0
AMP.V,D,20220119,000000,0.03872,0.03977,0.03732,0.03761,101289074.82089,0
AMP.V,D,20220120,000000,0.03765,0.03921,0.0361,0.0362,145155735.28328,0
AMP.V,D,20220121,000000,0.03623,0.03627,0.0284057,0.0291287,209595860.78247,0
AMP.V,D,20220122,000000,0.0292058,0.0313894,0.025075,0.030159,179071395.33377,0
AMP.V,D,20220123,000000,0.030039,0.0303191,0.0282328,0.0289258,177894031.65966,0
AMP.V,D,20220124,000000,0.0289287,0.0292829,0.0255051,0.0271982,163830508.35179,0
AMP.V,D,20220125,000000,0.02719,0.029965,0.02648,0.0284642,236811936.80746,0
AMP.V,D,20220126,000000,0.028377,0.035004,0.028317,0.029988,291597830.2257,0
AMP.V,D,20220127,000000,0.0298879,0.0308854,0.0285114,0.0290245,121509576.76774,0
AMP.V,D,20220128,000000,0.02894,0.03115,0.02864,0.02958,91629453.859443,0
AMP.V,D,20220129,000000,0.0296,0.03105,0.0296,0.03031,88138532.536698,0
AMP.V,D,20220130,000000,0.03032,0.031,0.02933,0.02949,70457285.534903,0
AMP.V,D,20220131,000000,0.02951,0.03005,0.02821,0.02987,72224239.04224,0
AMP.V,D,20220201,000000,0.02986,0.0314,0.0297,0.03005,102813236.1319,0
AMP.V,D,20220202,000000,0.03012,0.03102,0.029,0.02918,71200048.267091,0
AMP.V,D,20220203,000000,0.02917,0.02961,0.02802,0.02886,62594367.136734,0
AMP.V,D,20220204,000000,0.02889,0.0318191,0.0286272,0.0303242,202899891.59542,0
AMP.V,D,20220205,000000,0.0305314,0.0323326,0.030068,0.0314789,90933482.191343,0
AMP.V,D,20220206,000000,0.031462,0.03335,0.0310186,0.0312625,112125498.10377,0
AMP.V,D,20220207,000000,0.0312925,0.0341,0.0312925,0.03314,97952701.182609,0
AMP.V,D,20220208,000000,0.0334,0.03386,0.0304443,0.0309478,128778146.20932,0
AMP.V,D,20220209,000000,0.0309709,0.0323258,0.0303643,0.0314245,88496345.916403,0
AMP.V,D,20220210,000000,0.0314114,0.0318455,0.030037,0.0306114,64144148.921832,0
AMP.V,D,20220211,000000,0.0306284,0.0381229,0.029985,0.0331699,892321818.96352,0
AMP.V,D,20220212,000000,0.0331199,0.0342174,0.0306853,0.0313488,404309898.22476,0
AMP.V,D,20220213,000000,0.0313657,0.0314557,0.029985,0.0301951,43132057.413318,0
AMP.V,D,20220214,000000,0.0302251,0.0315858,0.0288544,0.0296048,73378126.244758,0
AMP.V,D,20220215,000000,0.0296078,0.0309486,0.0293076,0.0307684,53357516.106104,0
AMP.V,D,20220216,000000,0.0307384,0.0339103,0.0302851,0.0319191,184049109.67735,0
AMP.V,D,20220217,000000,0.0319191,0.0330365,0.0296478,0.0302111,86296867.644882,0
AMP.V,D,20220218,000000,0.0302512,0.0307215,0.0291275,0.0291775,52033558.877665,0
AMP.V,D,20220219,000000,0.0291575,0.0301181,0.0284042,0.0286572,54200759.176581,0
AMP.V,D,20220220,000000,0.0287644,0.0289874,0.0269535,0.0274137,48761970.951307,0
AMP.V,D,20220221,000000,0.0274337,0.0287844,0.0263705,0.0263705,53938516.646805,0
AMP.V,D,20220222,000000,0.0264032,0.026756,0.0243373,0.0263532,121092344.12801,0
AMP.V,D,20220223,000000,0.0263558,0.027974,0.0261757,0.0262457,31095351.712457,0
AMP.V,D,20220224,000000,0.0262457,0.0267407,0.0214507,0.0259904,142993389.27732,0
AMP.V,D,20220225,000000,0.0260078,0.0302321,0.0258177,0.0288444,238423354.08905,0
AMP.V,D,20220226,000000,0.0289144,0.0296448,0.0284414,0.0284914,60332801.858614,0
AMP.V,D,20220227,000000,0.0284442,0.0288544,0.0267407,0.0270608,43946197.504189,0
AMP.V,D,20220228,000000,0.0270435,0.0294947,0.0265806,0.0290116,41553216.491108,0
AMP.V,D,20220301,000000,0.0290116,0.0295118,0.0286086,0.0287186,80729728.55034,0
AMP.V,D,20220302,000000,0.0287686,0.0294788,0.0280284,0.0284885,49188440.282452,0
AMP.V,D,20220303,000000,0.0285186,0.029919,0.0270481,0.0275955,142475027.17879,0
AMP.V,D,20220304,000000,0.0276055,0.0276383,0.0261979,0.026558,61262059.509508,0
AMP.V,D,20220305,000000,0.026578,0.0276483,0.0264553,0.026818,62164044.43216,0
AMP.V,D,20220306,000000,0.0267854,0.0270181,0.0260178,0.0263079,63540422.549636,0
AMP.V,D,20220307,000000,0.0263079,0.0264579,0.0245649,0.0248374,92642128.39296,0
AMP.V,D,20220308,000000,0.024865,0.0261352,0.024765,0.024865,64687077.319291,0
AMP.V,D,20220309,000000,0.024825,0.0269527,0.024825,0.0258452,108499125.73713,0
AMP.V,D,20220310,000000,0.0259052,0.027461,0.0246249,0.0260204,165358936.37886,0
AMP.V,D,20220311,000000,0.0259404,0.0259504,0.0245698,0.024905,75298264.92345,0
AMP.V,D,20220312,000000,0.024835,0.02589,0.0246125,0.0248625,46215442.599628,0
AMP.V,D,20220313,000000,0.0248274,0.0254451,0.0243049,0.0243573,118989449.14219,0
AMP.V,D,20220314,000000,0.0243349,0.025195,0.0240848,0.0244749,69123383.792883,0
AMP.V,D,20220315,000000,0.0244449,0.025135,0.0241448,0.0245774,69442677.156515,0
AMP.V,D,20220316,000000,0.0245849,0.0253576,0.0244149,0.025185,61601658.261438,0
AMP.V,D,20220317,000000,0.0251876,0.0255277,0.0249575,0.02522,30443785.401029,0
AMP.V,D,20220318,000000,0.0252,0.0254853,0.0244198,0.0251426,64881054.481851,0
AMP.V,D,20220319,000000,0.0251426,0.0275765,0.0251326,0.0264606,210470931.25968,0
AMP.V,D,20220320,000000,0.0264432,0.0272436,0.0254202,0.0255902,98021035.23217,0
AMP.V,D,20220321,000000,0.0255902,0.0282613,0.0252226,0.026073,276663560.36017,0
AMP.V,D,20220322,000000,0.0260704,0.0279112,0.0260204,0.0268334,274946164.23099,0
AMP.V,D,20220323,000000,0.0268334,0.0272236,0.0261979,0.0265032,165508829.58558,0
AMP.V,D,20220324,000000,0.0265406,0.0273437,0.0264106,0.0270035,153332427.80927,0
AMP.V,D,20220325,000000,0.0270035,0.0273864,0.0259904,0.0261331,162273515.03597,0
AMP.V,D,20220326,000000,0.0261304,0.0266333,0.0257903,0.0263906,63789323.789691,0
AMP.V,D,20220327,000000,0.0263732,0.0274555,0.0263105,0.027391,137615214.62489,0
AMP.V,D,20220328,000000,0.0273809,0.0283914,0.0272882,0.0275383,212511163.09181,0
AMP.V,D,20220329,000000,0.027541,0.0279712,0.0270035,0.0270035,133062519.30606,0
AMP.V,D,20220330,000000,0.0270035,0.0280056,0.0266907,0.0277683,112864039.11487,0
AMP.V,D,20220331,000000,0.0277556,0.0292759,0.0268554,0.0270254,294589722.65132,0
AMP.V,D,20220401,000000,0.0270054,0.0278939,0.0264553,0.0274382,158034870.60818,0
AMP.V,D,20220402,000000,0.027411,0.0284185,0.0270408,0.0274782,227435306.39701,0
AMP.V,D,20220403,000000,0.027451,0.0284114,0.0270808,0.0279712,265985150.47969,0
AMP.V,D,20220404,000000,0.0279812,0.030009,0.0271854,0.0279884,334144759.83476,0
AMP.V,D,20220405,000000,0.0280284,0.0290087,0.0274455,0.0275228,198520816.09828,0
AMP.V,D,20220406,000000,0.0275415,0.0275525,0.0250715,0.0255106,173793562.27312,0
AMP.V,D,20220407,000000,0.0255196,0.0257236,0.024934,0.0253695,129600138.04963,0
AMP.V,D,20220408,000000,0.0253735,0.0256801,0.0245748,0.0248709,108499316.25516,0
AMP.V,D,20220409,000000,0.0248749,0.0252056,0.0240662,0.0247214,113406208.59956,0
AMP.V,D,20220410,000000,0.0247214,0.0252236,0.0244553,0.024848,99429012.285449,0
AMP.V,D,20220411,000000,0.024841,0.024921,0.0225495,0.0226078,150611082.22757,0
AMP.V,D,20220412,000000,0.0225898,0.0239708,0.0224877,0.023333,102272999.35819,0
AMP.V,D,20220413,000000,0.023321,0.0238298,0.0228756,0.023419,154187515.64562,0
AMP.V,D,20220414,000000,0.0233727,0.0238038,0.0223807,0.0227743,136846626.26288,0
AMP.V,D,20220415,000000,0.0227816,0.0228216,0.0223045,0.0225595,76555840.365464,0
AMP.V,D,20220416,000000,0.0225535,0.0228716,0.0224265,0.0227816,36391220.891553,0
AMP.V,D,20220417,000000,0.0227746,0.0229476,0.0223422,0.0223545,23547995.300861,0
AMP.V,D,20220418,000000,0.0223675,0.0223905,0.0207782,0.0217215,146492037.52027,0
AMP.V,D,20220419,000000,0.0217175,0.0223425,0.0215953,0.0221304,65058537.10666,0
AMP.V,D,20220420,000000,0.0221354,0.0232577,0.0218754,0.0226705,172135042.53295,0
AMP.V,D,20220421,000000,0.0226845,0.0232446,0.0218322,0.0224245,196610529.97249,0
AMP.V,D,20220422,000000,0.0237347,0.024975,0.0226723,0.0230323,700082798.98138,0
AMP.V,D,20220423,000000,0.0230446,0.0231946,0.0219344,0.0222945,211453299.16558,0
AMP.V,D,20220424,000000,0.0223045,0.0223945,0.0215402,0.0217904,111921428.51734,0
AMP.V,D,20220425,000000,0.0217904,0.0233347,0.0211442,0.0216022,297061119.75598,0
AMP.V,D,20220426,000000,0.0216122,0.0222344,0.0205721,0.0209,128322558.59463,0
AMP.V,D,20220427,000000,0.0208671,0.022458,0.0205971,0.0218422,183429016.25341,0
AMP.V,D,20220428,000000,0.0218722,0.0219702,0.0207671,0.020823,105954119.16717,0
AMP.V,D,20220429,000000,0.0208341,0.0210601,0.01999,0.020132,167048609.46465,0
AMP.V,D,20220430,000000,0.020121,0.0207111,0.019508,0.019683,118553850.52234,0
AMP.V,D,20220501,000000,0.019669,0.020341,0.0188459,0.019026,109661491.25757,0
AMP.V,D,20220502,000000,0.0190249,0.0194399,0.0183388,0.0186399,82908316.52624,0
AMP.V,D,20220503,000000,0.0186409,0.0188099,0.0180042,0.0180652,92364196.081821,0
AMP.V,D,20220504,000000,0.0180672,0.019806,0.0180054,0.019325,103608243.99264,0
AMP.V,D,20220505,000000,0.019318,0.0195121,0.0177205,0.0181034,109526070.36748,0
AMP.V,D,20220506,000000,0.0181152,0.0182872,0.0175765,0.0179632,85665685.682114,0
AMP.V,D,20220507,000000,0.0179092,0.0182562,0.0177085,0.0178044,61981468.779993,0
AMP.V,D,20220508,000000,0.0177984,0.0180226,0.0177057,0.0177737,77274004.421343,0
AMP.V,D,20220509,000000,0.0177737,0.0178584,0.0137443,0.0139762,304484948.91166,0
AMP.V,D,20220510,000000,0.0139762,0.0148975,0.0130761,0.0132737,158683380.81572,0
AMP.V,D,20220511,000000,0.01325,0.0136196,0.010223,0.0105966,198024195.84868,0
AMP.V,D,20220512,000000,0.0105917,0.0122708,0.0094788,0.0119439,301260746.55991,0
AMP.V,D,20220513,000000,0.0118467,0.0147593,0.0112285,0.0135669,342276526.44648,0
AMP.V,D,20220514,000000,0.0135968,0.014481,0.0127281,0.0135496,144606272.2224,0
AMP.V,D,20220515,000000,0.01356,0.0143423,0.0129039,0.0142385,81533193.81544,0
AMP.V,D,20220516,000000,0.0142345,0.0143687,0.0129402,0.013801,86536672.863787,0
AMP.V,D,20220517,000000,0.013816,0.0144676,0.0135224,0.0141166,197044299.03107,0
AMP.V,D,20220518,000000,0.0141376,0.0143753,0.013056,0.0135733,170862350.54819,0
AMP.V,D,20220519,000000,0.0135723,0.013976,0.013037,0.0136204,87423810.699753,0
AMP.V,D,20220520,000000,0.0136204,0.0139113,0.0129212,0.0130061,89827233.847889,0
AMP.V,D,20220521,000000,0.0130263,0.0133846,0.0128543,0.013063,86466145.417228,0
AMP.V,D,20220522,000000,0.0130607,0.0134312,0.0129142,0.0131282,72946975.567303,0
AMP.V,D,20220523,000000,0.0131272,0.013662,0.013028,0.0131292,409817847.97915,0
AMP.V,D,20220524,000000,0.0131132,0.014173,0.0127097,0.0132278,201425547.72519,0
AMP.V,D,20220525,000000,0.0132368,0.0137944,0.0128615,0.0129494,123201867.71115,0
AMP.V,D,20220526,000000,0.0129657,0.0129737,0.0121928,0.0122687,85003618.8117,0
AMP.V,D,20220527,000000,0.0122765,0.0124346,0.0115095,0.0116122,94500769.893574,0
AMP.V,D,20220528,000000,0.0116028,0.0118969,0.0113687,0.0116414,69243707.560812,0
AMP.V,D,20220529,000000,0.0116414,0.0119272,0.0114616,0.0117581,47664833.793207,0
AMP.V,D,20220530,000000,0.0117629,0.0126841,0.0117132,0.0125629,103803486.10704,0
AMP.V,D,20220531,000000,0.0125612,0.0127348,0.0119976,0.0123271,89444214.737774,0
AMP.V,D,20220601,000000,0.0123209,0.0126489,0.011835,0.0118533,97036801.658225,0
AMP.V,D,20220602,000000,0.0118482,0.0120601,0.0114006,0.0120012,114254208.18085,0
AMP.V,D,20220603,000000,0.0120012,0.0120182,0.0111908,0.0114091,97097495.262748,0
AMP.V,D,20220604,000000,0.0114111,0.0119773,0.0112167,0.0114303,181677111.78691,0
AMP.V,D,20220605,000000,0.0114323,0.011639,0.0112753,0.0114913,159964974.13753,0
AMP.V,D,20220606,000000,0.0114752,0.0118881,0.0114412,0.0117901,335643772.58948,0
AMP.V,D,20220607,000000,0.0118103,0.0119001,0.0112594,0.0117903,244623939.90158,0
AMP.V,D,20220608,000000,0.0117809,0.0118011,0.0111421,0.0112027,264569238.96235,0
AMP.V,D,20220609,000000,0.0112027,0.0113399,0.0109913,0.0111107,175935736.34751,0
AMP.V,D,20220610,000000,0.0111305,0.0114709,0.0107985,0.010916,300346248.09031,0
AMP.V,D,20220611,000000,0.0109161,0.0112726,0.0104077,0.0105091,97415666.12586,0
AMP.V,D,20220612,000000,0.010514,0.0107174,0.0099629,0.0100806,134103083.86837,0
AMP.V,D,20220613,000000,0.0100776,0.0102711,0.0091862,0.0092272,722134510.09266,0
AMP.V,D,20220614,000000,0.0092272,0.0096694,0.0085973,0.0095785,1069020298.7535,0
AMP.V,D,20220615,000000,0.0095484,0.0098288,0.0087642,0.0096755,420942643.76216,0
AMP.V,D,20220616,000000,0.0097154,0.0097473,0.00900038,0.00902625,116427013.40843,0
AMP.V,D,20220617,000000,0.00881781,0.00931999,0.00874483,0.00896123,268966855.3552,0
AMP.V,D,20220618,000000,0.00895,0.00909,0.00789616,0.00829654,633922162.76169,0
AMP.V,D,20220619,000000,0.00827657,0.0092389,0.00819777,0.00900827,238799400.07053,0
AMP.V,D,20220620,000000,0.00900618,0.00928691,0.0085727,0.00885425,203443555.6668,0
AMP.V,D,20220621,000000,0.00885336,0.00941846,0.00884737,0.00905603,119061067.52719,0
AMP.V,D,20220622,000000,0.00905703,0.00939659,0.00869929,0.00915683,122669074.08034,0
AMP.V,D,20220623,000000,0.00916682,0.00966632,0.008992,0.00916483,158007663.02809,0
AMP.V,D,20220624,000000,0.00916391,0.00970284,0.00911188,0.00939966,319375506.12607,0
AMP.V,D,20220625,000000,0.00939966,0.00959618,0.00927697,0.00947936,149924533.38712,0
AMP.V,D,20220626,000000,0.00948635,0.00954636,0.00928533,0.00933821,155870794.41519,0
AMP.V,D,20220627,000000,0.0093393,0.00941325,0.00896066,0.00914685,88412136.37972,0
AMP.V,D,20220628,000000,0.00911697,0.00915176,0.00875066,0.00883703,83277131.188572,0
AMP.V,D,20220629,000000,0.00883603,0.00890441,0.00849968,0.00864153,94021490.579631,0
AMP.V,D,20220630,000000,0.00863363,0.01537637,0.00830144,0.01026766,1307161938.339,0
AMP.V,D,20220701,000000,0.0102377,0.01122764,0.00936687,0.00956147,591550835.82512,0
AMP.V,D,20220702,000000,0.00955748,0.00959843,0.0089892,0.00910506,222090077.73882,0
AMP.V,D,20220703,000000,0.00910606,0.01011482,0.00898231,0.00933984,146211344.5726,0
AMP.V,D,20220704,000000,0.00935782,0.00946763,0.00899729,0.00937773,115204136.79851,0
AMP.V,D,20220705,000000,0.00937274,0.00943566,0.00896912,0.0091709,128590592.0665,0
AMP.V,D,20220706,000000,0.0091699,0.00922085,0.00896013,0.00904404,74808290.885927,0
AMP.V,D,20220707,000000,0.009077,0.00942063,0.00905503,0.00935538,179684086.86128,0
AMP.V,D,20220708,000000,0.00935438,0.00949935,0.00906465,0.00917049,119007881.69127,0
AMP.V,D,20220709,000000,0.00916949,0.00940341,0.00912952,0.00924245,85080500.191099,0
AMP.V,D,20220710,000000,0.00923653,0.00959324,0.00902967,0.00923046,151288259.94764,0
AMP.V,D,20220711,000000,0.00922646,0.00926344,0.00878708,0.00880507,97249876.124604,0
AMP.V,D,20220712,000000,0.00880906,0.00913685,0.00871415,0.00885713,197602872.94056,0
AMP.V,D,20220713,000000,0.00886748,0.00906075,0.00848166,0.00865021,142175159.39402,0
AMP.V,D,20220714,000000,0.0086562,0.00900459,0.00857827,0.00886068,133557323.12821,0
AMP.V,D,20220715,000000,0.00885768,0.00923638,0.00885269,0.0090033,112466804.71443,0
AMP.V,D,20220716,000000,0.0090023,0.00926615,0.00883823,0.00912326,67188143.374283,0
AMP.V,D,20220717,000000,0.00912917,0.00927177,0.0089223,0.00897767,95833451.63027,0
AMP.V,D,20220718,000000,0.0089832,0.00929244,0.00890633,0.0091249,112359129.62433,0
AMP.V,D,20220719,000000,0.0091239,0.00990569,0.00907782,0.00963454,250875936.98045,0
AMP.V,D,20220720,000000,0.009632,0.01085236,0.00915946,0.00962348,599603111.00948,0
AMP.V,D,20220721,000000,0.00960458,0.00975295,0.00910582,0.00931233,248246898.81046,0
AMP.V,D,20220722,000000,0.00931033,0.00961935,0.00891325,0.00892196,203638323.63585,0
AMP.V,D,20220723,000000,0.00892296,0.00917073,0.00881509,0.00906672,127154393.65156,0
AMP.V,D,20220724,000000,0.0090409,0.00917501,0.00885335,0.00904672,136761485.89278,0
AMP.V,D,20220725,000000,0.00904072,0.00919874,0.00852594,0.00859869,195058558.47977,0
AMP.V,D,20220726,000000,0.00859469,0.00860295,0.00814008,0.00821623,183897361.38512,0
AMP.V,D,20220727,000000,0.00821615,0.00868339,0.00811749,0.00855505,182831604.53139,0
AMP.V,D,20220728,000000,0.00855505,0.00961133,0.00840376,0.00891878,195824151.47104,0
AMP.V,D,20220729,000000,0.00892078,0.009115,0.00867286,0.00888564,112665982.45107,0
AMP.V,D,20220730,000000,0.00888864,0.00938166,0.00883736,0.00920913,154544825.21814,0
AMP.V,D,20220731,000000,0.00921013,0.00943251,0.00898051,0.00903108,110801334.2021,0
AMP.V,D,20220801,000000,0.00904671,0.00922815,0.00828832,0.00829649,267607015.04396,0
AMP.V,D,20220802,000000,0.00829149,0.00856342,0.00807821,0.00838843,379140205.13842,0
AMP.V,D,20220803,000000,0.00838943,0.00859798,0.00815371,0.00819205,200228496.7693,0
AMP.V,D,20220804,000000,0.0081978,0.00844677,0.00806532,0.00818333,120835802.94493,0
AMP.V,D,20220805,000000,0.00816324,0.00845761,0.00803256,0.0084366,129513639.62298,0
AMP.V,D,20220806,000000,0.00826465,0.00854411,0.00826457,0.00837993,103526341.94435,0
AMP.V,D,20220807,000000,0.00837484,0.00847761,0.0082519,0.0084106,77030024.046232,0
AMP.V,D,20220808,000000,0.0084106,0.0084917,0.00830608,0.00836,87092345.29193,0
AMP.V,D,20220809,000000,0.008367,0.00839785,0.00804353,0.00826165,128047291.22292,0
AMP.V,D,20220810,000000,0.00826165,0.00845947,0.0080641,0.00832341,74135284.291613,0
AMP.V,D,20220811,000000,0.00831941,0.00852398,0.00820069,0.0082999,142067878.42802,0
AMP.V,D,20220812,000000,0.0083099,0.0088094,0.00821461,0.00829281,208213912.15911,0
AMP.V,D,20220813,000000,0.00830282,0.00855853,0.00824689,0.00833333,144347910.93544,0
AMP.V,D,20220814,000000,0.00834225,0.00849195,0.00817212,0.0083806,139409118.62966,0
AMP.V,D,20220815,000000,0.0082634,0.00831041,0.00810594,0.00824298,109523160.0814,0
AMP.V,D,20220816,000000,0.00822306,0.00832066,0.00811695,0.00820174,72794958.624537,0
AMP.V,D,20220817,000000,0.00820574,0.00828316,0.00781431,0.00784555,131749406.60318,0
AMP.V,D,20220818,000000,0.00784263,0.0080744,0.00735726,0.00776208,138976669.66759,0
AMP.V,D,20220819,000000,0.00776378,0.00782778,0.00694469,0.00708571,179878555.44046,0
AMP.V,D,20220820,000000,0.00705721,0.00737588,0.00694835,0.007045,92992655.819474,0
AMP.V,D,20220821,000000,0.00708386,0.00733817,0.00704279,0.00723778,52496905.845413,0
AMP.V,D,20220822,000000,0.00724286,0.00725285,0.00671499,0.00678278,103117495.77487,0
AMP.V,D,20220823,000000,0.00682598,0.00744763,0.00678091,0.00695514,144205640.142,0
AMP.V,D,20220824,000000,0.006955,0.00769469,0.00687759,0.00713457,222708133.66808,0
AMP.V,D,20220825,000000,0.00715357,0.00720521,0.00690093,0.00699421,158378253.22812,0
AMP.V,D,20220826,000000,0.00698621,0.00735159,0.00655187,0.00665066,95820824.125916,0
AMP.V,D,20220827,000000,0.00664766,0.00676168,0.00648458,0.0065712,70394928.376971,0
AMP.V,D,20220828,000000,0.00656913,0.00661754,0.00633332,0.006557,87800979.86315,0
AMP.V,D,20220829,000000,0.006571,0.0077883,0.006203,0.00641545,142220053.0644,0
AMP.V,D,20220830,000000,0.00641751,0.006521,0.00604436,0.00619056,85869160.045417,0
AMP.V,D,20220831,000000,0.0061895,0.00646906,0.00614274,0.00626994,149243678.25552,0
AMP.V,D,20220901,000000,0.00625194,0.00634537,0.00606376,0.00618163,73581776.183908,0
AMP.V,D,20220902,000000,0.00618875,0.00629369,0.00593965,0.0060139,160653351.50033,0
AMP.V,D,20220903,000000,0.00601496,0.006282,0.00593753,0.005976,72264361.045212,0
AMP.V,D,20220904,000000,0.0060006,0.006127,0.005947,0.006002,77293706.337177,0
AMP.V,D,20220905,000000,0.006002,0.00624362,0.005924,0.0059536,90390851.008222,0
AMP.V,D,20220906,000000,0.0059536,0.006212,0.005435,0.005585,146317321.43739,0
AMP.V,D,20220907,000000,0.00557939,0.00575717,0.00537379,0.0056504,182110711.20633,0
AMP.V,D,20220908,000000,0.0056844,0.0057184,0.00543605,0.0056169,167946688.20644,0
AMP.V,D,20220909,000000,0.005607,0.00591042,0.00558995,0.00578597,114978509.03326,0
AMP.V,D,20220910,000000,0.00578516,0.00591242,0.00569928,0.00576409,71917816.494642,0
AMP.V,D,20220911,000000,0.00576415,0.00906899,0.0057589,0.00675862,1933292579.0163,0
AMP.V,D,20220912,000000,0.00669161,0.00685171,0.00597125,0.00621112,403458029.25266,0
AMP.V,D,20220913,000000,0.00618586,0.00626419,0.00551106,0.00561911,210794174.3793,0
AMP.V,D,20220914,000000,0.00559056,0.00579429,0.00542254,0.00555139,167951678.51018,0
AMP.V,D,20220915,000000,0.00555139,0.00635819,0.00528862,0.0055275,380326877.87029,0
AMP.V,D,20220916,000000,0.0055345,0.00578088,0.00504499,0.00527147,234440224.07013,0
AMP.V,D,20220917,000000,0.005272,0.00556156,0.005162,0.005471,115092572.3753,0
AMP.V,D,20220918,000000,0.005496,0.005608,0.004854,0.004915,352616827.17317,0
AMP.V,D,20220919,000000,0.00491251,0.00540654,0.00478152,0.0049845,292539079.82759,0
AMP.V,D,20220920,000000,0.0049705,0.00509451,0.00481396,0.00490849,208857066.25422,0
AMP.V,D,20220921,000000,0.0049011,0.00548455,0.004773,0.004792,421983351.09087,0
AMP.V,D,20220922,000000,0.004793,0.00511951,0.004759,0.00492,156829487.3755,0
AMP.V,D,20220923,000000,0.004917,0.005175,0.00489651,0.0049615,116168927.37787,0
AMP.V,D,20220924,000000,0.00496265,0.00508444,0.0049308,0.0049924,90011902.898438,0
AMP.V,D,20220925,000000,0.004977,0.005008,0.00475257,0.004786,86900889.48594,0
AMP.V,D,20220926,000000,0.004834,0.00498505,0.004689,0.00484,86978577.705179,0
AMP.V,D,20220927,000000,0.004835,0.00502,0.00468,0.00491451,163916388.95129,0
AMP.V,D,20220928,000000,0.004913,0.00494651,0.00470153,0.004882,105336186.68115,0
AMP.V,D,20220929,000000,0.004884,0.004926,0.00472553,0.00476548,122179847.4018,0
AMP.V,D,20220930,000000,0.00476248,0.0055061,0.004729,0.004869,422170567.15995,0
AMP.V,D,20221001,000000,0.00486749,0.00586559,0.004814,0.004963,516526355.9149,0
AMP.V,D,20221002,000000,0.004963,0.005033,0.004738,0.004839,154505083.83163,0
AMP.V,D,20221003,000000,0.00483848,0.0049745,0.004809,0.0049505,107410096.08836,0
AMP.V,D,20221004,000000,0.0049505,0.00528559,0.00490998,0.00510653,221000220.83021,0
AMP.V,D,20221005,000000,0.00511553,0.00522909,0.005024,0.00509502,133398096.03011,0
AMP.V,D,20221006,000000,0.00510402,0.00525684,0.00500435,0.00502885,93047443.857498,0
AMP.V,D,20221007,000000,0.00502185,0.00514562,0.0049443,0.00496775,95130376.350474,0
AMP.V,D,20221008,000000,0.0049735,0.0050722,0.0049444,0.00500825,69023534.909676,0
AMP.V,D,20221009,000000,0.0050073,0.00507751,0.004935,0.004979,78501495.837328,0
AMP.V,D,20221010,000000,0.004981,0.0049985,0.004868,0.00493151,85413260.270756,0
AMP.V,D,20221011,000000,0.00493,0.00493,0.004655,0.00472957,128222492.17572,0
AMP.V,D,20221012,000000,0.00472857,0.00569154,0.00470253,0.00488515,810033253.64141,0
AMP.V,D,20221013,000000,0.004884,0.00500295,0.00459572,0.00476738,168644863.6277,0
AMP.V,D,20221014,000000,0.00476438,0.00499135,0.00475557,0.00486019,133176284.79567,0
AMP.V,D,20221015,000000,0.00485919,0.00515115,0.00480638,0.00493725,180351641.7205,0
AMP.V,D,20221016,000000,0.004937,0.00579812,0.00485619,0.00497825,139826442.2516,0
AMP.V,D,20221017,000000,0.00497725,0.00511751,0.00488115,0.0050561,117727311.27625,0
AMP.V,D,20221018,000000,0.00505615,0.00559639,0.0048541,0.0049663,334882160.35438,0
AMP.V,D,20221019,000000,0.00496625,0.00501815,0.00482924,0.004874,115045661.89261,0
AMP.V,D,20221020,000000,0.00486895,0.00527105,0.00482061,0.00488366,185701537.28531,0
AMP.V,D,20221021,000000,0.00488966,0.0050602,0.0048329,0.00491139,103300886.0922,0
AMP.V,D,20221022,000000,0.0049684,0.0049924,0.00479638,0.00494344,126735176.82312,0
AMP.V,D,20221023,000000,0.00494545,0.00499435,0.00481143,0.00493069,104950028.3294,0
AMP.V,D,20221024,000000,0.00493054,0.0050475,0.00480438,0.00484119,96441150.353577,0
AMP.V,D,20221025,000000,0.00484219,0.00500195,0.00473914,0.00489056,210276355.29013,0
AMP.V,D,20221026,000000,0.00489066,0.00502451,0.00486431,0.00490737,130823667.46153,0
AMP.V,D,20221027,000000,0.00490737,0.005025,0.00479366,0.00489034,139680061.53818,0
AMP.V,D,20221028,000000,0.00488729,0.00499245,0.00480029,0.00492608,121861011.42598,0
AMP.V,D,20221029,000000,0.00492394,0.00502251,0.00481149,0.00485312,288159471.73986,0
AMP.V,D,20221030,000000,0.00485416,0.00549959,0.0048172,0.00494699,552385457.31318,0
AMP.V,D,20221031,000000,0.00494099,0.00500005,0.004828,0.00484961,170455688.05901,0
AMP.V,D,20221101,000000,0.00485571,0.00489841,0.00482723,0.00487851,87355085.597028,0
AMP.V,D,20221102,000000,0.00487851,0.00492111,0.00472076,0.00479971,149717932.13811,0
AMP.V,D,20221103,000000,0.00480076,0.0050647,0.00475152,0.004873,162198194.7324,0
AMP.V,D,20221104,000000,0.004873,0.00533143,0.00481066,0.00516841,202751189.1635,0
AMP.V,D,20221105,000000,0.00517536,0.00533337,0.00495235,0.00503625,224708320.6741754,0
AMP.V,D,20221106,000000,0.0050332,0.00509215,0.0048289,0.00488839,163894996.5486238,0
AMP.V,D,20221107,000000,0.00488839,0.00498515,0.00472147,0.00474157,156534303.30599776,0
AMP.V,D,20221108,000000,0.00474895,0.00487798,0.00410633,0.00423467,239670089.641711,0
AMP.V,D,20221109,000000,0.00423166,0.00441569,0.00339931,0.00359585,171810910.12983206,0
AMP.V,D,20221110,000000,0.00371868,0.00447353,0.00349345,0.00407746,149159433.38088873,0
AMP.V,D,20221111,000000,0.00407746,0.0047148,0.00378676,0.00387,87645966.46282475,0
AMP.V,D,20221112,000000,0.00387177,0.00397075,0.00372229,0.00375024,95962695.00592594,0
AMP.V,D,20221113,000000,0.00373626,0.00402739,0.00356671,0.00361993,143378125.70569447,0
AMP.V,D,20221114,000000,0.00363091,0.00369057,0.00343184,0.00352371,87122120.92132947,0
AMP.V,D,20221115,000000,0.0035287,0.00376823,0.0035287,0.00361738,51221913.285100944,0
AMP.V,D,20221116,000000,0.00362038,0.0040364,0.00357128,0.00364968,67714087.8992504,0
AMP.V,D,20221117,000000,0.00365134,0.00377679,0.00361814,0.00370104,28010546.28560666,0
AMP.V,D,20221118,000000,0.00369915,0.00375017,0.00362942,0.00363282,21091017.143977758,0
AMP.V,D,20221119,000000,0.00362982,0.0037448,0.0036285,0.00367414,33107500.73211457,0
AMP.V,D,20221120,000000,0.00367469,0.00379184,0.00339854,0.00346073,59426406.92812586,0
AMP.V,D,20221121,000000,0.00348872,0.00357556,0.00329431,0.00331502,77189194.91444932,0
AMP.V,D,20221122,000000,0.00331502,0.00342151,0.00320615,0.00336988,56266572.35018282,0
AMP.V,D,20221123,000000,0.0033713,0.0036869,0.00336059,0.00361406,122729762.5969489,0
AMP.V,D,20221124,000000,0.00360107,0.00368727,0.00349113,0.00353999,52521307.39382057,0
AMP.V,D,20221125,000000,0.00354099,0.00356047,0.00338553,0.00340006,71680971.82330735,0
AMP.V,D,20221126,000000,0.00340003,0.00365462,0.00339,0.00343597,108950049.58965994,0
AMP.V,D,20221127,000000,0.00343497,0.0036457,0.00341292,0.00355176,40137989.48140663,0
AMP.V,D,20221128,000000,0.00355173,0.00358813,0.00334719,0.00340371,44190958.36171136,0
AMP.V,D,20221129,000000,0.00340371,0.00346768,0.00336769,0.00342673,41534749.0157873,0
AMP.V,D,20221130,000000,0.00343469,0.00388884,0.00340688,0.00353218,81751649.69240126,0
AMP.V,D,20221201,000000,0.00353611,0.00377464,0.00346407,0.00352421,39424614.59662728,0
AMP.V,D,20221202,000000,0.00352421,0.00376015,0.00347576,0.00353821,122401240.71720572,0
AMP.V,D,20221203,000000,0.00354121,0.00358739,0.00348335,0.00351135,40719800.5739692,0
AMP.V,D,20221204,000000,0.00350835,0.00356936,0.00344069,0.00349735,75844700.92983894,0
AMP.V,D,20221205,000000,0.00350135,0.00357004,0.00343803,0.0034771,71960978.83744857,0
AMP.V,D,20221206,000000,0.00347635,0.003569,0.00347003,0.00354493,46616348.537186116,0
AMP.V,D,20221207,000000,0.003546,0.00355504,0.00332013,0.003376,82431024.66842438,0
AMP.V,D,20221208,000000,0.003368,0.0035117,0.00334997,0.00347124,41252862.65365341,0
AMP.V,D,20221209,000000,0.00347324,0.00360004,0.00342503,0.0034911,98668614.4460582,0
AMP.V,D,20221210,000000,0.0034911,0.00408004,0.00343897,0.00348393,442699634.04461306,0
AMP.V,D,20221211,000000,0.00348297,0.00366704,0.00343797,0.00345969,63665953.28268144,0
AMP.V,D,20221212,000000,0.00346235,0.00347135,0.00334089,0.00337927,81571714.79077862,0
AMP.V,D,20221213,000000,0.0033753,0.00351658,0.0032583,0.00340218,75898221.3670165,0
AMP.V,D,20221214,000000,0.00340318,0.00347262,0.00329244,0.00336524,74179684.57695949,0
AMP.V,D,20221215,000000,0.00336,0.00339368,0.00324932,0.00332566,94642062.46739846,0
AMP.V,D,20221216,000000,0.00332667,0.00334967,0.003109,0.00315632,114848209.72772333,0
AMP.V,D,20221217,000000,0.00315832,0.00399516,0.0030323,0.00354346,747946084.9755021,0
AMP.V,D,20221218,000000,0.00353746,0.00358243,0.00319838,0.00321142,218029190.14138904,0
AMP.V,D,20221219,000000,0.003215,0.00328152,0.00304312,0.003047,93839281.00735076,0
AMP.V,D,20221220,000000,0.00304597,0.00333227,0.003043,0.00319513,102395691.49845074,0
AMP.V,D,20221221,000000,0.00319213,0.0032431,0.00309909,0.00310916,56556886.05401985,0
AMP.V,D,20221222,000000,0.00311516,0.00318203,0.00305576,0.00312147,58269137.88220497,0
AMP.V,D,20221223,000000,0.00312147,0.00315062,0.00308151,0.00310269,64663611.775107205,0
AMP.V,D,20221224,000000,0.00310369,0.00345772,0.00310084,0.0032828,225702669.14352465,0
AMP.V,D,20221225,000000,0.00327877,0.00338653,0.00312656,0.00319358,94914403.00573689,0
AMP.V,D,20221226,000000,0.00319162,0.00323068,0.00313972,0.00319236,49096787.33749675,0
AMP.V,D,20221227,000000,0.00319039,0.00323539,0.00309379,0.00313078,48623896.55803172,0
AMP.V,D,20221228,000000,0.00313178,0.00329635,0.00306305,0.00308633,108270658.11428465,0
AMP.V,D,20221229,000000,0.00308736,0.00313359,0.00305378,0.00305959,44006926.040274665,0
AMP.V,D,20221230,000000,0.00306365,0.00329042,0.00300846,0.00303048,124472855.93303184,0
AMP.V,D,20221231,000000,0.00302845,0.00314639,0.00302052,0.00303448,67016083.017098516,0
AMP.V,D,20230101,000000,0.00303648,0.00309951,0.00300217,0.00307359,57745471.956306405,0
AMP.V,D,20230102,000000,0.00307515,0.00316695,0.00303472,0.00312003,57312984.91529207,0
AMP.V,D,20230103,000000,0.00311197,0.00316405,0.00309273,0.00311781,47223324.227480255,0
AMP.V,D,20230104,000000,0.00311781,0.00316473,0.00311472,0.00313497,55609556.337498076,0
AMP.V,D,20230105,000000,0.00313097,0.00322371,0.00312097,0.0031519,69942815.87783737,0
AMP.V,D,20230106,000000,0.00315305,0.0033403,0.00312328,0.00325999,152845048.63898253,0
AMP.V,D,20230107,000000,0.00325896,0.00328508,0.0031862,0.00318823,47177778.23835233,0
AMP.V,D,20230108,000000,0.00318923,0.00334033,0.00317659,0.00326361,64638658.29396679,0
AMP.V,D,20230109,000000,0.00326535,0.00354665,0.00325945,0.00347497,192708029.69122437,0
AMP.V,D,20230110,000000,0.003474,0.00359968,0.00341662,0.00344248,114388983.84552519,0
AMP.V,D,20230111,000000,0.00344255,0.00355093,0.0033195,0.00348293,119787002.44933978,0
AMP.V,D,20230112,000000,0.003482,0.003598,0.00346272,0.00355632,102346881.42914268,0
AMP.V,D,20230113,000000,0.00354632,0.00368537,0.003491,0.00366737,107787458.76813795,0
AMP.V,D,20230114,000000,0.00366029,0.00397348,0.00363836,0.0039632,145439083.89080417,0
AMP.V,D,20230115,000000,0.0039504,0.00396167,0.00376626,0.00387412,72209098.99579571,0
AMP.V,D,20230116,000000,0.00387416,0.00578006,0.00386916,0.00530005,1465966901.699013,0
AMP.V,D,20230117,000000,0.00529005,0.00590006,0.0048399,0.00504055,756265979.9421585,0
AMP.V,D,20230118,000000,0.00504055,0.00532037,0.00449977,0.00459977,240349924.43883702,0
AMP.V,D,20230119,000000,0.00458572,0.00465453,0.0043996,0.00463181,91491044.0879882,0
AMP.V,D,20230120,000000,0.00463386,0.0050169,0.00456891,0.00495384,170689912.13752812,0
AMP.V,D,20230121,000000,0.00495289,0.00505296,0.00487876,0.00494679,93563531.1904796,0
AMP.V,D,20230122,000000,0.00494374,0.0049739,0.00473709,0.00477896,81716116.36188596,0
AMP.V,D,20230123,000000,0.00477991,0.00508151,0.004771,0.00494474,101722923.72635013,0
AMP.V,D,20230124,000000,0.00494379,0.00507356,0.00479177,0.00480714,84390125.66024086,0
AMP.V,D,20230125,000000,0.00481014,0.00508132,0.00473047,0.00486683,123289828.20356253,0
AMP.V,D,20230126,000000,0.00486588,0.00495994,0.00477714,0.00478138,55465677.82319607,0
AMP.V,D,20230127,000000,0.00478243,0.00490469,0.00470738,0.00479735,80960820.05802885,0
AMP.V,D,20230128,000000,0.00479168,0.00484621,0.00473899,0.00475295,53614945.34923222,0
AMP.V,D,20230129,000000,0.00475295,0.00486749,0.00472123,0.00482829,78219899.73181686,0
AMP.V,D,20230130,000000,0.00480305,0.00480948,0.004436,0.00449531,77414665.63057102,0
AMP.V,D,20230131,000000,0.00449131,0.00480766,0.00449131,0.00458846,178153390.64974803,0
AMP.V,D,20230201,000000,0.00458732,0.00470328,0.00442409,0.00469128,84910961.85977909,0
AMP.V,D,20230202,000000,0.00469423,0.00487444,0.00469323,0.00475086,131054886.11093011,0
AMP.V,D,20230203,000000,0.00475195,0.00485773,0.00469942,0.00472938,121078567.68258533,0
AMP.V,D,20230204,000000,0.00472938,0.00483634,0.00472338,0.00481143,71339640.54665343,0
AMP.V,D,20230205,000000,0.00481238,0.0049811,0.00473976,0.0047962,110941127.9231242,0
AMP.V,D,20230206,000000,0.00479625,0.00486717,0.00471695,0.00475819,67694458.30233309,0
AMP.V,D,20230207,000000,0.00475819,0.00513226,0.00469923,0.00511536,200552642.12227795,0
AMP.V,D,20230208,000000,0.00511531,0.005325,0.0049032,0.00496835,311949020.9095133,0
AMP.V,D,20230209,000000,0.0049493,0.00494975,0.00447116,0.0044904,155100873.0416929,0
AMP.V,D,20230210,000000,0.00449045,0.0046593,0.00447045,0.00454873,73578715.58579221,0
AMP.V,D,20230211,000000,0.00454768,0.00468628,0.0045335,0.00463042,50221015.3069976,0
AMP.V,D,20230212,000000,0.00462946,0.00475852,0.00462742,0.00466347,73823664.7074612,0
AMP.V,D,20230213,000000,0.00466347,0.00467147,0.0044162,0.00449538,103678178.89328943,0
AMP.V,D,20230214,000000,0.00449847,0.00464127,0.00447431,0.00462634,51601537.32150237,0
AMP.V,D,20230215,000000,0.00462527,0.00493059,0.00456764,0.00487493,67198790.98369128,0
AMP.V,D,20230216,000000,0.00487088,0.0049908,0.00463658,0.00463658,333169681.8450037,0
AMP.V,D,20230217,000000,0.00464958,0.00484563,0.00460355,0.00478343,125017501.06063792,0
AMP.V,D,20230218,000000,0.00478872,0.00484368,0.00473904,0.00479477,89062659.39310153,0
AMP.V,D,20230219,000000,0.00479582,0.00517088,0.00476067,0.00485912,185963988.1459335,0
AMP.V,D,20230220,000000,0.00485607,0.00546166,0.00473937,0.00517321,378194471.8739285,0
AMP.V,D,20230221,000000,0.00517421,0.00660066,0.00502975,0.00548093,1349811845.2868805,0
AMP.V,D,20230222,000000,0.00547098,0.00679109,0.00515088,0.00621,1464529471.525171,0
AMP.V,D,20230223,000000,0.00622,0.00886089,0.00612024,0.00770108,3500018422.2679625,0
AMP.V,D,20230224,000000,0.00770108,0.0079608,0.00654118,0.00673993,1371087690.8542523,0
AMP.V,D,20230225,000000,0.00674986,0.00691014,0.00569046,0.00597042,369183339.424051,0
AMP.V,D,20230226,000000,0.00597042,0.00615698,0.00563251,0.00582841,454255867.5054242,0
AMP.V,D,20230227,000000,0.00583753,0.00647184,0.00561317,0.00566428,408061569.4445754,0
AMP.V,D,20230228,000000,0.00567534,0.005849,0.00523699,0.00531217,231071709.79297104,0
AMP.V,D,20230301,000000,0.00531306,0.00582441,0.00520573,0.0053547,543716086.1129287,0
AMP.V,D,20230302,000000,0.0053628,0.00557189,0.00517005,0.00539027,304152095.5947979,0
AMP.V,D,20230303,000000,0.00538048,0.00547049,0.00489073,0.00506035,321444893.04596686,0
AMP.V,D,20230304,000000,0.0050604,0.00535005,0.00500045,0.00518036,259758903.08329156,0
AMP.V,D,20230305,000000,0.00519036,0.00528026,0.00502025,0.00508056,142107549.5376082,0
AMP.V,D,20230306,000000,0.00508061,0.00508061,0.00469052,0.00486971,259994249.1564072,0
AMP.V,D,20230307,000000,0.00486951,0.00493995,0.00458972,0.00460977,128263538.9708517,0
AMP.V,D,20230308,000000,0.00460077,0.00467,0.00425066,0.00428083,321110134.05617166,0
AMP.V,D,20230309,000000,0.00428057,0.00512451,0.00421316,0.00437939,798874109.0517243,0
AMP.V,D,20230310,000000,0.00436044,0.00440035,0.00394768,0.00414567,257774821.56564832,0
AMP.V,D,20230311,000000,0.00414784,0.00431738,0.00388714,0.00403303,155224488.94898292,0
AMP.V,D,20230312,000000,0.00401953,0.00423397,0.0039874,0.00423397,80550792.64465015,0
AMP.V,D,20230313,000000,0.00423397,0.00449404,0.00412029,0.00436234,347722011.55628854,0
AMP.V,D,20230314,000000,0.00436936,0.00462179,0.00430394,0.00437089,340782012.7560973,0
AMP.V,D,20230315,000000,0.00437032,0.00449534,0.00397427,0.00405416,281137289.3917447,0
AMP.V,D,20230316,000000,0.00405392,0.00421647,0.00398285,0.00415018,182979713.20278698,0
AMP.V,D,20230317,000000,0.00416618,0.00426965,0.00409213,0.00423262,253210671.61039835,0
AMP.V,D,20230318,000000,0.00423462,0.00435722,0.00413814,0.00418949,296872181.46460426,0
AMP.V,D,20230319,000000,0.00418552,0.00424662,0.00402572,0.00413549,292462372.1322683,0
AMP.V,D,20230320,000000,0.00414231,0.00416542,0.00395824,0.00400649,183352014.3476066,0
AMP.V,D,20230321,000000,0.00399947,0.00404986,0.00386038,0.00402183,150816498.2874846,0
AMP.V,D,20230322,000000,0.00403788,0.00407905,0.00368941,0.00378635,211755978.08617046,0
AMP.V,D,20230323,000000,0.00379437,0.0042831,0.00378913,0.00402836,307085227.5162946,0
AMP.V,D,20230324,000000,0.0040264,0.004138,0.00376298,0.00382116,250214955.7917519,0
AMP.V,D,20230325,000000,0.00382039,0.00396889,0.00364453,0.00364753,251481510.20703673,0
AMP.V,D,20230326,000000,0.00364753,0.00382837,0.00364349,0.00374623,130421797.76153736,0
AMP.V,D,20230327,000000,0.00375012,0.00377532,0.00355438,0.00362971,88074310.0416572,0
AMP.V,D,20230328,000000,0.0036227,0.00366295,0.00351195,0.0035874,248527514.18490702,0
AMP.V,D,20230329,000000,0.00359136,0.00379646,0.00357693,0.0036847,190576140.751349,0
AMP.V,D,20230330,000000,0.00368274,0.00417346,0.00356868,0.00382807,467166303.35248893,0
AMP.V,D,20230331,000000,0.00384908,0.00391039,0.00364966,0.00376775,425245316.7044998,0
AMP.V,D,20230401,000000,0.00375679,0.0038071,0.00370074,0.00375539,247715757.4851179,0
AMP.V,D,20230402,000000,0.00374935,0.00375354,0.00364448,0.0036543,92741729.4595688,0
AMP.V,D,20230403,000000,0.00365526,0.00391564,0.00360769,0.00368547,192242622.92615414,0
AMP.V,D,20230404,000000,0.00369448,0.00377725,0.00365124,0.00375692,120041027.67196302,0
AMP.V,D,20230405,000000,0.00375591,0.00381718,0.00371256,0.00378436,128912180.886962,0
AMP.V,D,20230406,000000,0.0037844,0.00385166,0.00369907,0.0037263,97360032.31635068,0
AMP.V,D,20230407,000000,0.00372534,0.00375191,0.00367046,0.00368776,57701772.66283067,0
AMP.V,D,20230408,000000,0.00368765,0.0041429,0.00367776,0.00374146,716581389.302365,0
AMP.V,D,20230409,000000,0.00375146,0.00379205,0.00364233,0.0037282,281350540.09967136,0
AMP.V,D,20230410,000000,0.00373743,0.00377338,0.00367687,0.00374507,156358637.7925355,0
AMP.V,D,20230411,000000,0.00374896,0.00383814,0.00374569,0.00381577,151571338.1673724,0
AMP.V,D,20230412,000000,0.00381473,0.00393566,0.00371497,0.00374092,157068954.7330496,0
AMP.V,D,20230413,000000,0.00374192,0.00384022,0.00369699,0.00377562,180108722.3646801,0
AMP.V,D,20230414,000000,0.00376861,0.00386525,0.00376631,0.00385323,157089622.68455523,0
AMP.V,D,20230415,000000,0.00386116,0.00423468,0.00383868,0.00405865,476205469.734187,0
AMP.V,D,20230416,000000,0.00405865,0.00409339,0.0039207,0.00399471,289163759.92985743,0
AMP.V,D,20230417,000000,0.00399371,0.00401217,0.00382179,0.00386624,135940995.3124227,0
AMP.V,D,20230418,000000,0.00387428,0.00400116,0.00380175,0.00392267,461795725.1548733,0
AMP.V,D,20230419,000000,0.00392975,0.00408251,0.00372446,0.00386497,336378822.6063211,0
