<TICKER>,<PER>,<DATE>,<TIME>,<OPEN>,<HIGH>,<LOW>,<CLOSE>,<VOL>,<OPENINT>
ANY.V,D,20220514,000000,13.1543,13.1543,13.1543,13.1543,1.141941,0
ANY.V,D,20220515,000000,13.15825,13.16221,13.07608,13.16089,3051.879764,0
ANY.V,D,20220516,000000,13.16089,13.16221,13.03423,13.15825,3059.78585407,0
ANY.V,D,20220517,000000,13.15957,13.16221,13.03162,13.15957,4702.37384116,0
ANY.V,D,20220518,000000,13.15957,13.16089,13.08358,13.15957,3741.39096347,0
ANY.V,D,20220519,000000,13.15825,13.16616,13.07351,13.07351,2716.82343019,0
ANY.V,D,20220520,000000,13.16352,13.16616,13.05584,13.16089,2137.859808,0
ANY.V,D,20220521,000000,13.16089,13.16089,13.06848,13.15957,2764.53496236,0
ANY.V,D,20220522,000000,13.15825,13.16456,13.13042,13.16089,4970.16434597,0
ANY.V,D,20220523,000000,13.16089,13.16352,13.03815,13.16089,2433.16970747,0
ANY.V,D,20220524,000000,13.16089,13.16221,13.08459,13.15957,2593.99952028,0
ANY.V,D,20220525,000000,13.15957,13.16221,6.77624,6.87564,2532.54599483,0
ANY.V,D,20220526,000000,6.63879,6.75766,6.60786,6.60918,1011.50674069,0
ANY.V,D,20220527,000000,6.66892,6.6914,6.60842,6.60842,1016.52707214,0
ANY.V,D,20220528,000000,6.62794,6.7539,6.6068,6.7167,1620.35606869,0
ANY.V,D,20220529,000000,6.70205,6.8154,6.68467,6.70489,4705.00864268,0
ANY.V,D,20220530,000000,6.69243,6.87076,6.62376,6.64105,1915.110476,0
ANY.V,D,20220531,000000,6.62136,6.82813,6.60965,6.82813,1835.84550805,0
ANY.V,D,20220601,000000,6.84373,6.8648,6.60852,6.62693,887.64569746,0
ANY.V,D,20220602,000000,6.61244,6.74203,6.60958,6.72264,959.83640111,0
ANY.V,D,20220603,000000,6.72624,6.72624,6.60846,6.64052,847.63840242,0
ANY.V,D,20220604,000000,6.62673,6.69797,6.60899,6.61887,3416.89998347,0
ANY.V,D,20220605,000000,6.62597,6.69411,6.60898,6.61674,1623.41736025,0
ANY.V,D,20220606,000000,6.63576,6.68461,6.4707,6.4707,3719.53001987,0
ANY.V,D,20220607,000000,6.47596,6.59439,6.35066,6.59195,3933.40082764,0
ANY.V,D,20220608,000000,6.57264,6.59567,6.35168,6.37855,24446.43682325,0
ANY.V,D,20220609,000000,6.37715,6.4236,6.3508,6.39089,23692.68365622,0
ANY.V,D,20220610,000000,6.38207,6.42972,6.34966,6.39799,7536.28740741,0
ANY.V,D,20220611,000000,6.39407,6.44933,6.34813,6.36284,5099.87537248,0
ANY.V,D,20220612,000000,6.35385,6.4477,5.89607,5.97834,5527.075933904,0
ANY.V,D,20220613,000000,5.9593,5.99258,5.27166,5.32983,6215.74235031,0
ANY.V,D,20220614,000000,5.32688,5.56176,5.09867,5.09867,1987.68106135,0
ANY.V,D,20220615,000000,5.11581,5.24677,4.98461,5.21753,5029.08762627,0
ANY.V,D,20220616,000000,5.22485,5.35027,5.02576,5.03015,3221.98572166,0
ANY.V,D,20220617,000000,5.00998,5.1732,3.48791,5.01492,54909.41783747,0
ANY.V,D,20220618,000000,5.03066,5.10357,4.5656,4.60669,4712.47398307,0
ANY.V,D,20220619,000000,4.59057,4.59057,4.24924,4.41639,4232.11602099,0
ANY.V,D,20220620,000000,4.4134,4.48531,4.09508,4.09508,2848.33851185,0
ANY.V,D,20220621,000000,4.0828,4.26193,4.04545,4.23076,3207.93991552,0
ANY.V,D,20220622,000000,4.22005,4.2667,4.12795,4.18571,19881.17393648,0
ANY.V,D,20220623,000000,4.20659,4.3571,4.12907,4.30759,2686.66769281,0
ANY.V,D,20220624,000000,4.2924,4.35754,4.20996,4.30333,2662.65594787,0
ANY.V,D,20220625,000000,4.31668,4.42539,4.27572,4.41448,2262.32055349,0
ANY.V,D,20220626,000000,4.42279,4.60299,4.38976,4.54118,4990.21728718,0
ANY.V,D,20220627,000000,4.54152,4.57636,4.46096,4.50624,2136.07279361,0
ANY.V,D,20220628,000000,4.48688,4.63834,4.45001,4.54933,2456.82163497,0
ANY.V,D,20220629,000000,4.5455,4.65192,4.46642,4.54555,2236.37017818,0
ANY.V,D,20220630,000000,4.53515,4.53885,4.28385,4.29025,3234.86358585,0
ANY.V,D,20220701,000000,4.26907,4.32084,4.12671,4.17608,19614.21134002,0
ANY.V,D,20220702,000000,4.18529,4.25259,4.10785,4.25109,25989.48337424,0
ANY.V,D,20220703,000000,4.2485,4.27656,3.92369,3.96464,360775.82976581,0
ANY.V,D,20220704,000000,3.97503,4.04893,3.92948,3.96673,2957.31025251,0
ANY.V,D,20220705,000000,3.96394,4.08479,3.81991,3.95884,2991.46263383,0
ANY.V,D,20220706,000000,3.96523,4.03546,3.48976,3.49215,3216.49149482,0
ANY.V,D,20220707,000000,3.50334,4.46227,3.47308,4.41715,4129.00590889,0
ANY.V,D,20220708,000000,4.43174,4.47107,4.21225,4.37407,4524.61783501,0
ANY.V,D,20220709,000000,4.37837,4.84199,4.3271,4.84199,3893.755645,0
ANY.V,D,20220710,000000,4.81661,5.05816,4.80981,4.84059,3663.91620802,0
ANY.V,D,20220711,000000,4.81643,5.25519,4.81643,5.18481,1821.89526304,0
ANY.V,D,20220712,000000,5.17734,5.50839,5.1058,5.3579,4211.90751974,0
ANY.V,D,20220713,000000,5.32162,5.32162,5.05324,5.25307,6707.400775,0
ANY.V,D,20220714,000000,5.27485,5.28221,5.01149,5.01319,13456.3546461,0
ANY.V,D,20220715,000000,5.03198,5.55287,4.95463,5.54634,4290.065861,0
ANY.V,D,20220716,000000,5.54644,5.81785,5.49065,5.69966,2148.345427,0
ANY.V,D,20220717,000000,5.70766,5.7274,5.43068,5.61476,5677.7794691,0
ANY.V,D,20220718,000000,5.61644,5.65026,5.41867,5.60309,5156.5819226,0
ANY.V,D,20220719,000000,5.54322,5.99988,5.53577,5.85834,8813.7164086,0
ANY.V,D,20220720,000000,5.8299,6.0015,5.7609,5.9606,9097.4725742,0
ANY.V,D,20220721,000000,5.91399,6.00042,4.19274,4.41267,4886.2594936,0
ANY.V,D,20220722,000000,4.43171,4.74646,4.42041,4.72681,3695.6685937,0
ANY.V,D,20220723,000000,4.7297,4.83475,4.47158,4.47158,2445.9563339,0
ANY.V,D,20220724,000000,4.50353,4.59765,4.34177,4.42804,2566.9492859,0
ANY.V,D,20220725,000000,4.40828,4.63954,4.3322,4.56271,5066.9274592,0
ANY.V,D,20220726,000000,4.53201,4.67237,4.46494,4.60179,5359.5419406,0
ANY.V,D,20220727,000000,4.62195,4.64506,4.37461,4.61826,1502.401212405,0
ANY.V,D,20220728,000000,4.61351,5.06517,4.20224,4.2037,2670.591342601,0
ANY.V,D,20220729,000000,4.18369,4.33283,4.13035,4.1573,2283.216080229,0
ANY.V,D,20220730,000000,4.151,4.409,4.11326,4.371,2829.222963646,0
ANY.V,D,20220731,000000,4.36013,4.74194,4.30845,4.60701,2333.889583308,0
ANY.V,D,20220801,000000,4.5823,4.58936,4.4529,4.47325,1828.501124017,0
ANY.V,D,20220802,000000,4.50214,4.61553,4.18796,4.4409,3405.602231319,0
ANY.V,D,20220803,000000,4.45645,4.6835,4.44307,4.66871,2742.9023892,0
ANY.V,D,20220804,000000,4.60921,4.67444,4.50829,4.57207,2591.313042806,0
ANY.V,D,20220805,000000,4.56778,4.80818,4.52228,4.64108,2654.1751551,0
ANY.V,D,20220806,000000,4.64173,5.03746,4.61932,5.00495,3980.0671379,0
ANY.V,D,20220807,000000,5.0007,5.2248,4.88752,5.0019,3140.6986359,0
ANY.V,D,20220808,000000,4.979,5.24475,4.90514,5.23644,2368.1069427,0
ANY.V,D,20220809,000000,5.22818,5.6725,5.21885,5.66819,3203.5993432,0
ANY.V,D,20220810,000000,5.64733,6.00486,5.64733,5.8637,2392.296003019,0
ANY.V,D,20220811,000000,5.85035,6.00234,5.80094,5.96701,3670.660779847,0
ANY.V,D,20220813,000000,6.69131,6.69641,6.62441,6.62441,120.166814,0
ANY.V,D,20220815,000000,6.65773,6.65773,6.65773,6.65773,740.80739,0
ANY.V,D,20220816,000000,6.22257,6.27134,6.17598,6.17598,2281.5262,0
ANY.V,D,20220817,000000,6.17683,6.20851,5.86706,5.86706,1432.681171,0
ANY.V,D,20220818,000000,5.71103,5.79131,5.69061,5.7126,902.953043,0
ANY.V,D,20220819,000000,5.74387,5.74387,5.4606,5.4606,398.92,0
ANY.V,D,20220820,000000,5.16301,5.21875,4.9853,4.9853,1976.75605,0
ANY.V,D,20220821,000000,5.19479,5.23753,5.19479,5.23753,2069.23236,0
ANY.V,D,20220822,000000,5.19472,5.19472,5.19472,5.19472,752.23283,0
ANY.V,D,20220823,000000,5.25981,5.25981,5.24734,5.24734,1923.31364,0
ANY.V,D,20220824,000000,5.40661,5.40661,5.40661,5.40661,0,0
ANY.V,D,20220825,000000,5.80956,5.80956,5.58456,5.58456,1604.94145,0
ANY.V,D,20220826,000000,5.7384,5.7384,5.7384,5.7384,95.706699,0
ANY.V,D,20220828,000000,5.1553,5.1749,5.1553,5.1749,390.65218,0
ANY.V,D,20220829,000000,5.0342,5.27566,5.0342,5.25246,1907.64518,0
ANY.V,D,20220830,000000,5.2456,5.2456,5.2456,5.2456,947.55104,0
ANY.V,D,20220831,000000,5.15965,5.15965,5.15965,5.15965,609.0739,0
ANY.V,D,20220901,000000,5.10709,5.10709,5.00945,5.00945,435.26354,0
ANY.V,D,20220902,000000,5.10085,5.10085,5.10085,5.10085,379.25379,0
ANY.V,D,20220903,000000,5.17467,5.1882,5.17467,5.1882,1596.8037,0
ANY.V,D,20220904,000000,5.1388,5.1388,5.1388,5.1388,0,0
ANY.V,D,20220905,000000,5.06231,5.06231,5.06231,5.06231,41.875812,0
ANY.V,D,20220906,000000,5.07601,5.14081,5.07601,5.14081,121.45785,0
ANY.V,D,20220907,000000,4.83304,4.99545,4.83304,4.99545,891.20385,0
ANY.V,D,20220908,000000,5.05285,5.05285,5.01715,5.01715,1541.00725,0
ANY.V,D,20220909,000000,5.35169,5.35169,5.35169,5.35169,0,0
ANY.V,D,20220910,000000,5.35054,5.35054,5.35054,5.35054,830.24413,0
ANY.V,D,20220912,000000,5.53228,5.53228,5.53228,5.53228,12.646838,0
ANY.V,D,20220913,000000,5.30241,5.30241,5.30241,5.30241,0,0
ANY.V,D,20220920,000000,4.58006,4.58006,4.58006,4.58006,100.55994,0
ANY.V,D,20220923,000000,4.3445,4.3445,4.3445,4.3445,213.22,0
ANY.V,D,20220924,000000,4.45727,4.45727,4.44321,4.44321,297.688013,0
ANY.V,D,20220927,000000,4.4156,4.4156,4.4156,4.4156,307.55,0
ANY.V,D,20220930,000000,4.3334,4.3334,4.3334,4.3334,0,0
ANY.V,D,20221001,000000,4.3813,4.3813,4.3813,4.3813,495.05,0
ANY.V,D,20221004,000000,4.23935,4.23935,4.23935,4.23935,203.37932,0
ANY.V,D,20221005,000000,4.16535,4.18384,4.16535,4.18384,292.477183,0
ANY.V,D,20221007,000000,4.15929,4.15929,4.15929,4.15929,860.08839,0
ANY.V,D,20221011,000000,3.90109,3.90109,3.90109,3.90109,582.53242,0
ANY.V,D,20221012,000000,3.93781,4.0222,3.93781,4.0222,1150.56082,0
ANY.V,D,20221013,000000,3.97786,3.97786,3.82387,3.82387,1178.5707,0
ANY.V,D,20221014,000000,4.08303,4.08303,4.08303,4.08303,827.26381,0
ANY.V,D,20221017,000000,4.43318,4.43318,4.43318,4.43318,1083.9366,0
ANY.V,D,20221018,000000,4.21958,4.21958,4.18432,4.18432,1117.5382,0
ANY.V,D,20221019,000000,4.03944,4.03944,4.03944,4.03944,0,0
ANY.V,D,20221021,000000,4.2312,4.2312,4.14898,4.14898,988.62303,0
ANY.V,D,20221022,000000,4.25433,4.25433,4.25433,4.25433,124.18627,0
ANY.V,D,20221023,000000,4.52674,4.52674,4.52674,4.52674,756.31924,0
ANY.V,D,20221024,000000,4.46649,4.46649,4.46649,4.46649,1394.2466,0
ANY.V,D,20221028,000000,4.74423,4.74423,4.74423,4.74423,156.76589,0
ANY.V,D,20221030,000000,4.91633,4.91633,4.91633,4.91633,153.59545,0
ANY.V,D,20221102,000000,4.70282,4.70282,4.70282,4.70282,199.85398,0
ANY.V,D,20221104,000000,4.66943,4.66943,4.66943,4.66943,0,0
ANY.V,D,20221106,000000,5.0723,5.0723,5.0723,5.0723,31.421256,0
ANY.V,D,20221109,000000,4.06262,4.06262,4.06262,4.06262,558.33582,0
ANY.V,D,20221110,000000,3.57284,3.70704,3.57284,3.70704,581.04723,0
ANY.V,D,20221111,000000,3.91055,3.91055,3.91055,3.91055,89.312384,0
ANY.V,D,20221112,000000,3.52055,3.52055,3.52055,3.52055,175.85654,0
ANY.V,D,20221113,000000,3.45175,3.45175,3.45175,3.45175,1002.3227,0
ANY.V,D,20221114,000000,3.36165,3.36165,3.36165,3.36165,315.62343,0
ANY.V,D,20221117,000000,3.286,3.41444,3.286,3.41444,519.58932,0
ANY.V,D,20221118,000000,3.47741,3.65183,3.47741,3.65183,718.7339499999999,0
ANY.V,D,20221119,000000,3.58959,3.58959,3.57996,3.58704,816.23776,0
ANY.V,D,20221120,000000,3.63998,3.63998,3.46209,3.46209,333.29567699999996,0
ANY.V,D,20221121,000000,3.38155,3.38155,3.34105,3.35316,162.67534899999998,0
ANY.V,D,20221122,000000,3.47155,3.47155,3.47155,3.47155,104.16332,0
ANY.V,D,20221123,000000,3.78001,3.78001,3.78001,3.78001,337.56157,0
ANY.V,D,20221124,000000,3.81278,3.87806,3.81278,3.87806,181.58616,0
ANY.V,D,20221125,000000,3.72544,3.72891,3.72544,3.72891,474.536787,0
ANY.V,D,20221126,000000,3.80348,4.25559,3.79027,4.25559,722.130916,0
ANY.V,D,20221127,000000,4.1698,4.41062,4.1698,4.41062,480.29519600000003,0
ANY.V,D,20221128,000000,4.19928,4.19928,4.02445,4.02445,67.189528,0
ANY.V,D,20221129,000000,4.12119,4.14394,4.12119,4.14394,198.416107,0
ANY.V,D,20221130,000000,4.40232,4.40232,4.35375,4.38831,380.48503500000004,0
ANY.V,D,20221202,000000,4.39553,4.39553,4.39553,4.39553,507.82351,0
ANY.V,D,20221203,000000,4.41243,4.45444,4.292,4.292,554.4940799999999,0
ANY.V,D,20221204,000000,4.2426,4.33963,4.2426,4.28676,434.63051099999996,0
ANY.V,D,20221205,000000,4.45086,4.45086,4.38164,4.38164,616.5654400000001,0
ANY.V,D,20221206,000000,4.41033,4.41724,4.31049,4.31049,176.347355,0
ANY.V,D,20221207,000000,4.24073,4.24073,4.06548,4.06548,208.180748,0
ANY.V,D,20221208,000000,4.01678,4.1299,4.01678,4.1299,78.405978,0
ANY.V,D,20221209,000000,4.36376,4.36376,4.2403,4.2403,288.425503,0
ANY.V,D,20221210,000000,4.25516,4.3523,4.25516,4.2559,634.1337599999999,0
ANY.V,D,20221211,000000,4.31714,4.31714,4.31714,4.31714,160.83839,0
ANY.V,D,20221212,000000,4.09347,4.25514,4.09347,4.25514,485.514438,0
ANY.V,D,20221213,000000,4.15096,4.15096,4.15096,4.15096,0,0
ANY.V,D,20221214,000000,4.25791,4.25791,4.25791,4.25791,77.006171,0
ANY.V,D,20221215,000000,4.06541,4.06541,4.06541,4.06541,107.85921,0
ANY.V,D,20221216,000000,4.11231,4.11231,4.0409,4.0409,306.97929,0
ANY.V,D,20221218,000000,3.92327,4.09067,3.92327,3.97836,244.121449,0
ANY.V,D,20221219,000000,4.20495,4.20495,4.05998,4.05998,238.740239,0
ANY.V,D,20221220,000000,4.23775,4.23775,4.23775,4.23775,43.887366,0
ANY.V,D,20221221,000000,4.22348,4.2475,4.22348,4.2475,139.821107,0
ANY.V,D,20221222,000000,4.34996,4.34996,4.25896,4.25896,701.12701,0
ANY.V,D,20221223,000000,4.42914,4.42914,4.20766,4.26697,561.095843,0
ANY.V,D,20221224,000000,4.35126,4.65847,4.35126,4.65847,280.772299,0
ANY.V,D,20221226,000000,4.56649,4.56649,4.54085,4.54085,411.057932,0
ANY.V,D,20221228,000000,4.54245,4.54245,4.36859,4.44732,607.15883,0
ANY.V,D,20221229,000000,4.42883,4.58361,4.35673,4.58361,843.718398,0
ANY.V,D,20221230,000000,4.48641,4.57147,4.3977,4.3977,392.219293,0
ANY.V,D,20221231,000000,4.4883,4.4883,4.4883,4.4883,463.14694,0
ANY.V,D,20230101,000000,4.41435,4.41435,4.41435,4.41435,56.563938,0
ANY.V,D,20230102,000000,4.55139,4.65899,4.35877,4.65899,807.001576,0
ANY.V,D,20230103,000000,4.59343,4.7483,4.59343,4.62919,1020.175889,0
ANY.V,D,20230104,000000,4.81243,4.8704,4.81243,4.8704,362.98339999999996,0
ANY.V,D,20230105,000000,4.8258,4.84626,4.69466,4.84626,417.207566,0
ANY.V,D,20230106,000000,4.65994,4.65994,4.65994,4.65994,103.42136,0
ANY.V,D,20230107,000000,4.71718,4.71718,4.6727,4.6727,912.75964,0
ANY.V,D,20230108,000000,4.73505,4.80893,4.73505,4.80893,244.83017,0
ANY.V,D,20230109,000000,4.92082,4.92082,4.76706,4.76706,25.0819073,0
ANY.V,D,20230110,000000,4.75895,5.12719,4.75895,5.12515,590.065897,0
ANY.V,D,20230111,000000,5.12745,5.1275,5.05185,5.0753,309.12170000000003,0
ANY.V,D,20230112,000000,5.40318,5.40318,5.22822,5.23888,1096.1832829999998,0
ANY.V,D,20230113,000000,6.02354,7.02792,6.02354,6.91589,786.0035399999999,0
ANY.V,D,20230114,000000,7.31792,7.93267,7.31792,7.93267,196.042811,0
ANY.V,D,20230115,000000,7.81642,7.81642,7.61374,7.74254,1072.282174,0
ANY.V,D,20230116,000000,7.7549,7.93309,7.7549,7.91706,243.378474,0
ANY.V,D,20230117,000000,8.3578,8.5211,8.3578,8.38845,705.503686,0
ANY.V,D,20230119,000000,7.66937,7.66937,7.5034,7.5034,389.145691,0
ANY.V,D,20230120,000000,7.60295,7.60295,7.57292,7.57292,78.551026,0
ANY.V,D,20230121,000000,8.82722,9.47135,8.82722,9.47135,279.59139500000003,0
ANY.V,D,20230122,000000,9.43171,9.43171,9.43171,9.43171,148.01779,0
ANY.V,D,20230123,000000,9.306,9.55116,9.306,9.55116,430.081841,0
ANY.V,D,20230124,000000,9.56744,9.68654,9.56744,9.68654,285.280567,0
ANY.V,D,20230125,000000,9.00324,9.26314,9.00324,9.05123,999.02098,0
ANY.V,D,20230126,000000,9.11617,9.38131,9.11617,9.38131,6.399104,0
ANY.V,D,20230127,000000,9.60818,9.60818,9.20032,9.20032,61.625826,0
ANY.V,D,20230128,000000,9.2622,9.2622,9.1203,9.1203,363.28988000000004,0
ANY.V,D,20230129,000000,9.51129,9.51129,9.49642,9.49642,632.83017,0
ANY.V,D,20230130,000000,9.56148,9.56148,9.18522,9.18522,1100.26225,0
ANY.V,D,20230131,000000,9.11877,9.60707,9.01909,9.60707,878.9609229999999,0
ANY.V,D,20230201,000000,9.49539,9.49539,9.2883,9.2883,210.75,0
ANY.V,D,20230202,000000,10.11802,10.9345,10.11802,10.9345,486.9104,0
ANY.V,D,20230203,000000,10.62299,10.83231,10.62299,10.83231,387.61863700000004,0
ANY.V,D,20230204,000000,10.46144,10.46144,10.46144,10.46144,129.11967,0
ANY.V,D,20230205,000000,10.41998,10.41998,10.41998,10.41998,154.86902,0
ANY.V,D,20230206,000000,10.06262,10.12942,10.06262,10.12942,150.09436499999998,0
ANY.V,D,20230207,000000,9.7839,10.09119,9.7839,10.071,646.680609,0
ANY.V,D,20230208,000000,10.28171,10.28171,10.1628,10.1628,209.48534,0
ANY.V,D,20230209,000000,9.8436,9.883,9.48214,9.48214,716.31658,0
ANY.V,D,20230210,000000,11.94679,11.94679,10.36705,10.36705,433.37939000000006,0
ANY.V,D,20230211,000000,9.94119,10.0232,9.88529,10.0232,882.556026,0
ANY.V,D,20230212,000000,9.67934,9.67934,9.67934,9.67934,295.57679,0
ANY.V,D,20230213,000000,9.40183,9.43562,9.1333,9.1333,768.379903,0
ANY.V,D,20230214,000000,9.36081,9.36994,9.36081,9.36175,876.31216,0
ANY.V,D,20230215,000000,9.78284,10.40066,9.69921,10.40066,534.787811,0
ANY.V,D,20230216,000000,10.66442,10.66442,10.66442,10.66442,20.086384,0
ANY.V,D,20230217,000000,10.70656,10.70656,10.70656,10.70656,8.729214,0
ANY.V,D,20230218,000000,11.12391,11.12391,11.12391,11.12391,17.62665,0
ANY.V,D,20230219,000000,10.99325,10.99325,10.85846,10.85846,55.620584,0
ANY.V,D,20230220,000000,12.77878,12.77878,12.77878,12.77878,15.508449,0
ANY.V,D,20230222,000000,11.11413,11.11413,11.11413,11.11413,13.40839,0
ANY.V,D,20230223,000000,11.30924,11.30924,11.11813,11.22121,74.81901099999999,0
ANY.V,D,20230224,000000,11.17632,11.17632,11.17632,11.17632,14.247293,0
ANY.V,D,20230225,000000,10.77129,10.77129,10.77129,10.77129,19.330193,0
ANY.V,D,20230226,000000,10.75555,11.46426,10.74977,11.46426,41.765883,0
ANY.V,D,20230227,000000,11.29472,11.29472,11.19464,11.19464,37.577043,0
ANY.V,D,20230228,000000,10.85617,10.92192,10.85617,10.92192,43.117595,0
ANY.V,D,20230302,000000,11.04824,11.04824,10.55101,10.55101,52.13759,0
ANY.V,D,20230304,000000,10.16192,10.39732,10.16192,10.39732,38.947541,0
ANY.V,D,20230305,000000,10.23452,10.23452,10.10661,10.10661,47.725756000000004,0
ANY.V,D,20230306,000000,10.06361,10.17361,10.06361,10.17361,26.937056,0
ANY.V,D,20230307,000000,10.0456,10.0456,10.0456,10.0456,24.702223,0
ANY.V,D,20230308,000000,9.78662,9.78662,9.40093,9.40093,67.218541,0
ANY.V,D,20230309,000000,9.50204,9.50204,8.58437,8.58437,5.171225,0
ANY.V,D,20230311,000000,8.84513,8.84513,8.47904,8.47904,35.306334,0
ANY.V,D,20230313,000000,9.43161,9.43161,9.20036,9.20036,15.2610555,0
ANY.V,D,20230314,000000,10.04879,10.73202,9.90593,10.73202,40.267095,0
ANY.V,D,20230316,000000,9.94304,9.94304,9.94304,9.94304,22.601517,0
ANY.V,D,20230317,000000,10.11865,10.11865,10.11865,10.11865,6.900884,0
ANY.V,D,20230318,000000,10.7965,10.7965,10.4424,10.4424,50.724244,0
ANY.V,D,20230321,000000,10.00589,10.33361,10.00589,10.33361,16.694622000000003,0
ANY.V,D,20230322,000000,10.12827,10.2941,10.12827,10.2941,21.566646,0
ANY.V,D,20230323,000000,10.2199,10.38626,10.1629,10.1629,32.600735,0
ANY.V,D,20230324,000000,9.83821,9.83821,9.83821,9.83821,22.125661,0
ANY.V,D,20230325,000000,9.8541,9.88393,9.76909,9.76909,84.829696,0
ANY.V,D,20230326,000000,9.60964,9.60964,9.60964,9.60964,1.398755,0
ANY.V,D,20230328,000000,9.23207,9.69189,9.23207,9.69189,80.12495,0
ANY.V,D,20230329,000000,9.61324,9.67728,9.61324,9.67728,28.378546999999998,0
ANY.V,D,20230330,000000,9.44574,9.44574,9.44574,9.44574,9.69903,0
ANY.V,D,20230331,000000,9.68153,9.68153,9.66277,9.66277,30.310621,0
ANY.V,D,20230401,000000,9.87066,9.87066,9.69707,9.70423,64.281684,0
ANY.V,D,20230402,000000,9.30372,9.30727,9.20581,9.20581,61.896591,0
ANY.V,D,20230403,000000,9.15813,9.58482,9.13158,9.13158,38.928446,0
ANY.V,D,20230404,000000,9.49757,9.56566,9.49757,9.56566,31.681162,0
ANY.V,D,20230405,000000,9.9968,10.02571,9.9968,10.02571,46.620963,0
ANY.V,D,20230406,000000,9.67199,9.67199,9.67199,9.67199,17.744321,0
ANY.V,D,20230407,000000,9.63662,9.63662,9.63662,9.63662,29.295645,0
ANY.V,D,20230408,000000,9.57707,9.57707,9.57707,9.57707,17.006904,0
ANY.V,D,20230409,000000,9.51535,9.51535,9.51535,9.51535,32.853244,0
ANY.V,D,20230410,000000,9.58144,9.74741,9.56879,9.74741,25.231915,0
ANY.V,D,20230411,000000,9.90261,10.13601,9.90261,10.13601,70.853774,0
ANY.V,D,20230412,000000,10.23821,11.66322,10.23821,11.66322,27.065803000000002,0
ANY.V,D,20230413,000000,11.35642,11.35642,10.93792,11.03956,99.091787,0
ANY.V,D,20230414,000000,11.06731,11.82659,11.06731,11.4964,106.22449,0
ANY.V,D,20230415,000000,11.72568,11.72568,11.72568,11.72568,22.358089,0
ANY.V,D,20230416,000000,11.48416,11.75099,11.47047,11.75099,49.41999,0
ANY.V,D,20230417,000000,11.55237,11.6484,11.11861,11.11861,62.119361999999995,0
ANY.V,D,20230418,000000,11.23576,11.31082,11.14152,11.14152,43.351211000000006,0
ANY.V,D,20230419,000000,11.69878,11.69878,10.98325,11.02381,45.925706000000005,0
