<TICKER>,<PER>,<DATE>,<TIME>,<OPEN>,<HIGH>,<LOW>,<CLOSE>,<VOL>,<OPENINT>
AR.V,D,20200616,000000,1.256,1.334,1.256,1.329,0,0
AR.V,D,20200617,000000,1.329,1.343,1.32,1.343,0,0
AR.V,D,20200618,000000,1.343,1.343,1.281,1.282,0,0
AR.V,D,20200619,000000,1.282,1.843,1.173,1.569,0,0
AR.V,D,20200620,000000,1.569,1.593,1.413,1.424,0,0
AR.V,D,20200621,000000,1.424,1.84,1.404,1.745,0,0
AR.V,D,20200622,000000,1.745,1.935,1.745,1.771,0,0
AR.V,D,20200623,000000,1.771,1.838,1.649,1.744,0,0
AR.V,D,20200624,000000,1.744,1.744,1.597,1.645,0,0
AR.V,D,20200625,000000,1.645,1.696,1.636,1.695,0,0
AR.V,D,20200626,000000,1.695,1.695,1.564,1.564,0,0
AR.V,D,20200627,000000,1.564,1.592,1.461,1.581,0,0
AR.V,D,20200628,000000,1.581,1.601,1.473,1.497,0,0
AR.V,D,20200629,000000,1.497,1.527,1.446,1.446,0,0
AR.V,D,20200630,000000,1.446,1.636,1.412,1.446,0,0
AR.V,D,20200701,000000,1.446,1.478,1.386,1.391,0,0
AR.V,D,20200702,000000,1.391,1.601,1.366,1.51,0,0
AR.V,D,20200703,000000,1.51,1.705,1.506,1.628,0,0
AR.V,D,20200704,000000,1.628,1.719,1.628,1.688,0,0
AR.V,D,20200705,000000,1.688,1.707,1.66,1.666,0,0
AR.V,D,20200706,000000,1.666,1.757,1.666,1.748,0,0
AR.V,D,20200707,000000,1.748,1.748,1.602,1.639,0,0
AR.V,D,20200708,000000,1.639,1.672,1.548,1.549,0,0
AR.V,D,20200709,000000,1.549,1.549,1.432,1.469,0,0
AR.V,D,20200710,000000,1.469,1.673,1.469,1.641,0,0
AR.V,D,20200711,000000,1.641,1.729,1.566,1.58,0,0
AR.V,D,20200712,000000,1.58,1.59,1.442,1.492,0,0
AR.V,D,20200713,000000,1.492,1.64,1.46,1.548,0,0
AR.V,D,20200714,000000,1.548,1.569,1.512,1.562,0,0
AR.V,D,20200715,000000,1.562,1.676,1.552,1.631,0,0
AR.V,D,20200716,000000,1.631,1.665,1.552,1.607,0,0
AR.V,D,20200717,000000,1.607,1.655,1.557,1.615,0,0
AR.V,D,20200718,000000,1.615,1.678,1.608,1.671,0,0
AR.V,D,20200719,000000,1.671,1.687,1.661,1.687,0,0
AR.V,D,20200720,000000,1.687,1.769,1.677,1.761,0,0
AR.V,D,20200721,000000,1.761,1.805,1.597,1.665,0,0
AR.V,D,20200722,000000,1.665,1.691,1.584,1.609,0,0
AR.V,D,20200723,000000,1.609,1.673,1.569,1.652,0,0
AR.V,D,20200724,000000,1.652,1.798,1.639,1.721,0,0
AR.V,D,20200725,000000,1.721,1.796,1.686,1.712,0,0
AR.V,D,20200726,000000,1.712,1.799,1.651,1.727,0,0
AR.V,D,20200727,000000,1.727,1.918,1.639,1.641,0,0
AR.V,D,20200728,000000,1.641,1.651,1.546,1.613,0,0
AR.V,D,20200729,000000,1.613,1.659,1.389,1.518,0,0
AR.V,D,20200730,000000,1.518,1.649,1.518,1.599,0,0
AR.V,D,20200731,000000,1.599,1.634,1.419,1.451,0,0
AR.V,D,20200801,000000,1.451,1.636,1.451,1.557,0,0
AR.V,D,20200802,000000,1.557,1.572,1.45,1.554,0,0
AR.V,D,20200803,000000,1.554,1.578,1.502,1.513,0,0
AR.V,D,20200804,000000,1.513,1.541,1.508,1.534,0,0
AR.V,D,20200805,000000,1.534,1.622,1.534,1.55,0,0
AR.V,D,20200806,000000,1.55,1.667,1.55,1.661,0,0
AR.V,D,20200807,000000,1.661,2.173,1.623,1.745,0,0
AR.V,D,20200808,000000,1.745,1.836,1.702,1.769,0,0
AR.V,D,20200809,000000,1.769,2.303,1.756,2.252,0,0
AR.V,D,20200810,000000,2.252,2.312,1.823,2.228,0,0
AR.V,D,20200811,000000,2.228,2.274,2.108,2.168,0,0
AR.V,D,20200812,000000,2.168,2.311,2.168,2.264,0,0
AR.V,D,20200813,000000,2.264,2.541,2.231,2.541,0,0
AR.V,D,20200814,000000,2.541,3.264,2.484,3.085,0,0
AR.V,D,20200815,000000,3.085,3.288,2.784,3.045,0,0
AR.V,D,20200816,000000,3.045,3.554,3.045,3.429,0,0
AR.V,D,20200817,000000,3.429,3.934,3.429,3.54,0,0
AR.V,D,20200818,000000,3.54,3.624,3.348,3.548,0,0
AR.V,D,20200819,000000,3.548,3.558,2.931,3.238,0,0
AR.V,D,20200820,000000,3.238,3.355,3.2,3.213,0,0
AR.V,D,20200821,000000,3.213,3.213,2.575,2.79,0,0
AR.V,D,20200822,000000,2.79,3.863,2.744,3.36,0,0
AR.V,D,20200823,000000,3.36,3.414,3.186,3.414,0,0
AR.V,D,20200824,000000,3.414,4.336,3.414,4.336,0,0
AR.V,D,20200825,000000,4.336,4.336,2.743,3.958,0,0
AR.V,D,20200826,000000,3.958,5.096,3.922,4.978,0,0
AR.V,D,20200827,000000,4.978,5.584,4.75,5.169,0,0
AR.V,D,20200828,000000,5.169,5.768,5.169,5.621,0,0
AR.V,D,20200829,000000,5.621,7.59,5.594,7.141,0,0
AR.V,D,20200830,000000,7.141,7.48,6.444,6.548,0,0
AR.V,D,20200831,000000,6.548,6.686,5.36,5.748,0,0
AR.V,D,20200901,000000,5.748,7.687,5.748,6.798,0,0
AR.V,D,20200902,000000,6.798,6.839,4.98,6.491,0,0
AR.V,D,20200903,000000,6.491,6.491,4.959,4.959,0,0
AR.V,D,20200904,000000,4.959,6.49,4.959,6.28,0,0
AR.V,D,20200905,000000,6.28,6.355,4.466,4.644,0,0
AR.V,D,20200906,000000,4.644,5.715,3.547,5.002,0,0
AR.V,D,20200907,000000,5.002,5.679,4.348,4.733,0,0
AR.V,D,20200908,000000,4.733,4.742,4.232,4.478,0,0
AR.V,D,20200909,000000,4.478,5.467,4.306,4.84,0,0
AR.V,D,20200910,000000,4.84,4.935,4.586,4.605,0,0
AR.V,D,20200911,000000,4.605,4.628,4.169,4.471,0,0
AR.V,D,20200912,000000,4.471,4.597,4.2,4.44,0,0
AR.V,D,20200913,000000,4.44,4.96,4.185,4.319,0,0
AR.V,D,20200914,000000,4.319,5.126,4.27,4.407,0,0
AR.V,D,20200915,000000,4.407,4.681,3.865,3.865,0,0
AR.V,D,20200916,000000,3.865,4.072,3.508,3.725,0,0
AR.V,D,20200917,000000,3.725,3.785,3.349,3.552,0,0
AR.V,D,20200918,000000,3.552,3.632,3.549,3.566,0,0
AR.V,D,20200919,000000,3.566,3.651,3.566,3.642,0,0
AR.V,D,20200920,000000,3.642,3.648,3.561,3.561,0,0
AR.V,D,20200921,000000,3.561,3.561,2.921,2.949,0,0
AR.V,D,20200922,000000,2.949,3.048,2.651,2.929,0,0
AR.V,D,20200923,000000,2.929,3.153,2.846,3.057,0,0
AR.V,D,20200924,000000,3.057,3.208,2.826,2.876,0,0
AR.V,D,20200925,000000,2.876,2.876,2.863,2.863,0,0
AR.V,D,20200926,000000,2.863,2.874,2.863,2.874,0,0
AR.V,D,20200927,000000,2.874,2.886,2.874,2.886,0,0
AR.V,D,20200928,000000,2.886,5.05,2.815,3.731,0,0
AR.V,D,20200929,000000,3.731,5.204,3.731,4.756,0,0
AR.V,D,20200930,000000,4.756,5.913,3.927,4.809,0,0
AR.V,D,20201001,000000,4.809,4.809,4.145,4.181,0,0
AR.V,D,20201002,000000,4.181,4.432,3.702,4.428,0,0
AR.V,D,20201003,000000,4.428,4.465,4.149,4.172,0,0
AR.V,D,20201004,000000,4.172,4.224,4.153,4.167,0,0
AR.V,D,20201005,000000,4.167,4.31,4.118,4.133,0,0
AR.V,D,20201006,000000,4.133,4.133,3.76,3.76,0,0
AR.V,D,20201007,000000,3.76,3.899,3.553,3.582,0,0
AR.V,D,20201008,000000,3.582,4.808,3.582,4.025,0,0
AR.V,D,20201009,000000,4.025,4.073,3.842,4.063,0,0
AR.V,D,20201010,000000,4.063,5.651,3.843,5.392,0,0
AR.V,D,20201011,000000,5.392,5.688,4.574,4.7,0,0
AR.V,D,20201012,000000,4.7,5.754,4.667,4.768,0,0
AR.V,D,20201013,000000,4.768,4.898,4.644,4.802,0,0
AR.V,D,20201014,000000,4.802,4.868,4.217,4.303,0,0
AR.V,D,20201015,000000,4.303,4.417,3.627,3.805,0,0
AR.V,D,20201016,000000,3.805,3.805,3.14,3.14,0,0
AR.V,D,20201017,000000,3.14,3.328,3.126,3.134,0,0
AR.V,D,20201018,000000,3.134,3.395,3.134,3.335,0,0
AR.V,D,20201019,000000,3.335,3.406,2.979,3.141,0,0
AR.V,D,20201020,000000,2.746,2.75,2.508,2.509,0,0
AR.V,D,20201021,000000,2.509,2.944,2.507,2.622,0,0
AR.V,D,20201022,000000,2.622,2.733,2.597,2.701,0,0
AR.V,D,20201023,000000,2.701,2.993,2.677,2.919,0,0
AR.V,D,20201024,000000,2.919,2.996,2.791,2.799,0,0
AR.V,D,20201025,000000,2.799,3.087,2.787,2.924,0,0
AR.V,D,20201026,000000,2.924,3.01,2.748,2.748,0,0
AR.V,D,20201027,000000,2.748,2.75,2.498,2.552,0,0
AR.V,D,20201028,000000,2.552,2.556,2.295,2.387,0,0
AR.V,D,20201029,000000,2.387,2.473,2.224,2.383,0,0
AR.V,D,20201030,000000,2.383,2.429,2.151,2.274,0,0
AR.V,D,20201031,000000,2.274,2.274,2.151,2.175,0,0
AR.V,D,20201101,000000,2.175,2.379,2.147,2.321,0,0
AR.V,D,20201102,000000,2.321,2.325,1.935,1.987,0,0
AR.V,D,20201103,000000,1.987,2.002,1.682,1.846,0,0
AR.V,D,20201104,000000,1.846,1.847,1.683,1.71,0,0
AR.V,D,20201105,000000,1.71,1.934,1.696,1.807,0,0
AR.V,D,20201106,000000,1.807,2.442,1.793,2.27,0,0
AR.V,D,20201107,000000,2.27,2.59,2.053,2.195,0,0
AR.V,D,20201108,000000,2.195,2.312,2.111,2.242,0,0
AR.V,D,20201109,000000,2.242,2.343,2.071,2.179,0,0
AR.V,D,20201110,000000,2.179,2.425,2.146,2.351,0,0
AR.V,D,20201111,000000,2.351,2.452,2.206,2.209,0,0
AR.V,D,20201112,000000,2.209,2.244,2.15,2.184,0,0
AR.V,D,20201113,000000,2.184,2.366,2.167,2.284,0,0
AR.V,D,20201114,000000,2.284,2.411,2.229,2.29,0,0
AR.V,D,20201115,000000,2.29,2.345,2.231,2.289,0,0
AR.V,D,20201116,000000,2.289,2.778,2.286,2.697,0,0
AR.V,D,20201117,000000,2.697,2.772,2.403,2.628,0,0
AR.V,D,20201118,000000,2.628,2.706,2.374,2.536,0,0
AR.V,D,20201119,000000,2.536,2.546,2.305,2.417,0,0
AR.V,D,20201120,000000,2.417,2.609,2.394,2.606,0,0
AR.V,D,20201121,000000,2.606,2.69,2.508,2.62,0,0
AR.V,D,20201122,000000,2.62,2.71,2.402,2.599,0,0
AR.V,D,20201123,000000,2.599,2.727,2.536,2.658,0,0
AR.V,D,20201124,000000,2.658,2.797,2.349,2.484,0,0
AR.V,D,20201125,000000,2.484,2.853,2.399,2.579,0,0
AR.V,D,20201126,000000,2.579,2.644,2.216,2.315,0,0
AR.V,D,20201127,000000,2.315,2.421,2.192,2.268,0,0
AR.V,D,20201128,000000,2.268,2.435,2.218,2.283,0,0
AR.V,D,20201129,000000,2.283,2.379,2.248,2.287,0,0
AR.V,D,20201130,000000,2.287,2.372,2.283,2.355,0,0
AR.V,D,20201201,000000,2.355,2.448,2.136,2.197,0,0
AR.V,D,20201202,000000,2.197,2.282,2.031,2.234,0,0
AR.V,D,20201203,000000,2.234,2.272,2.142,2.251,0,0
AR.V,D,20201204,000000,2.251,2.377,2.079,2.079,0,0
AR.V,D,20201205,000000,2.079,2.387,2.073,2.322,0,0
AR.V,D,20201206,000000,2.322,2.356,2.205,2.254,0,0
AR.V,D,20201207,000000,2.254,2.31,2.21,2.235,0,0
AR.V,D,20201208,000000,2.235,2.245,2.024,2.053,0,0
AR.V,D,20201209,000000,2.053,2.237,2.037,2.176,0,0
AR.V,D,20201210,000000,2.176,2.254,2.118,2.252,0,0
AR.V,D,20201211,000000,2.252,2.298,2.129,2.268,0,0
AR.V,D,20201212,000000,2.268,2.391,2.207,2.27,0,0
AR.V,D,20201213,000000,2.27,2.369,2.262,2.291,0,0
AR.V,D,20201214,000000,2.291,2.303,2.182,2.262,0,0
AR.V,D,20201215,000000,2.262,2.38,2.136,2.32,0,0
AR.V,D,20201216,000000,2.32,2.357,2.203,2.291,0,0
AR.V,D,20201217,000000,2.291,2.334,2.221,2.265,0,0
AR.V,D,20201218,000000,2.265,2.294,2.207,2.279,0,0
AR.V,D,20201219,000000,2.279,2.786,2.192,2.595,0,0
AR.V,D,20201220,000000,2.595,2.799,2.453,2.496,0,0
AR.V,D,20201221,000000,2.496,2.833,2.441,2.613,0,0
AR.V,D,20201222,000000,2.613,2.67,2.248,2.559,0,0
AR.V,D,20201223,000000,2.559,2.569,2.228,2.297,0,0
AR.V,D,20201224,000000,2.297,2.533,2.194,2.367,0,0
AR.V,D,20201225,000000,2.367,2.562,2.357,2.447,0,0
AR.V,D,20201226,000000,2.447,2.463,2.304,2.316,0,0
AR.V,D,20201227,000000,2.316,2.372,2.231,2.247,0,0
AR.V,D,20201228,000000,2.247,2.382,2.221,2.355,0,0
AR.V,D,20201229,000000,2.355,2.366,2.196,2.263,0,0
AR.V,D,20201230,000000,2.263,2.493,2.259,2.432,0,0
AR.V,D,20201231,000000,2.432,2.631,2.402,2.622,0,0
AR.V,D,20210101,000000,2.622,2.766,2.534,2.621,0,0
AR.V,D,20210102,000000,2.621,2.81,2.569,2.671,0,0
AR.V,D,20210103,000000,2.671,2.803,2.457,2.575,0,0
AR.V,D,20210104,000000,2.575,2.736,2.49,2.689,0,0
AR.V,D,20210105,000000,2.689,2.943,2.639,2.823,0,0
AR.V,D,20210106,000000,2.823,3.154,2.772,3.103,0,0
AR.V,D,20210107,000000,3.103,3.162,2.82,2.857,0,0
AR.V,D,20210108,000000,2.857,3.074,2.608,2.781,0,0
AR.V,D,20210109,000000,2.781,3.366,2.593,3.199,0,0
AR.V,D,20210110,000000,3.199,4.131,3.188,4.096,0,0
AR.V,D,20210111,000000,4.096,4.131,3.087,3.655,0,0
AR.V,D,20210112,000000,3.655,4.308,3.364,4.107,0,0
AR.V,D,20210113,000000,4.107,4.772,4.03,4.395,0,0
AR.V,D,20210114,000000,4.395,4.722,4.164,4.241,0,0
AR.V,D,20210115,000000,4.241,4.458,3.845,4.113,0,0
AR.V,D,20210116,000000,4.113,4.405,3.898,4.103,0,0
AR.V,D,20210117,000000,4.103,4.739,4.048,4.633,0,0
AR.V,D,20210118,000000,4.633,4.972,4.522,4.632,0,0
AR.V,D,20210119,000000,4.632,5.337,4.5,4.804,0,0
AR.V,D,20210120,000000,4.804,5.132,4.702,5.002,0,0
AR.V,D,20210121,000000,5.002,5.044,4.514,4.531,0,0
AR.V,D,20210122,000000,4.531,5.183,4.219,5.172,0,0
AR.V,D,20210123,000000,5.172,5.715,4.816,5.455,0,0
AR.V,D,20210124,000000,5.455,6.267,5.416,6.078,0,0
AR.V,D,20210125,000000,6.078,6.275,5.462,5.517,0,0
AR.V,D,20210126,000000,5.517,5.681,4.862,5.552,0,0
AR.V,D,20210127,000000,5.552,5.665,4.805,5.086,0,0
AR.V,D,20210128,000000,5.086,6.156,4.993,5.682,0,0
AR.V,D,20210129,000000,5.682,5.818,5.026,5.256,0,0
AR.V,D,20210130,000000,5.256,5.304,4.908,5.002,0,0
AR.V,D,20210131,000000,5.002,5.022,4.63,4.809,0,0
AR.V,D,20210201,000000,4.809,5.377,4.662,5.022,0,0
AR.V,D,20210202,000000,5.022,6.085,5,5.67,0,0
AR.V,D,20210203,000000,5.67,5.833,5.366,5.679,0,0
AR.V,D,20210204,000000,5.679,5.867,5.137,5.522,0,0
AR.V,D,20210205,000000,5.522,5.753,5.313,5.469,0,0
AR.V,D,20210206,000000,5.469,5.519,4.896,4.921,0,0
AR.V,D,20210207,000000,4.921,5.517,4.681,5.486,0,0
AR.V,D,20210208,000000,5.486,5.503,5.136,5.492,0,0
AR.V,D,20210209,000000,5.492,5.943,5.364,5.936,0,0
AR.V,D,20210210,000000,5.936,6.943,5.913,6.552,0,0
AR.V,D,20210211,000000,6.552,7.208,6.53,7.04,0,0
AR.V,D,20210212,000000,7.04,7.062,6.562,6.892,0,0
AR.V,D,20210213,000000,6.892,7.734,6.83,7.209,0,0
AR.V,D,20210214,000000,7.209,7.499,6.678,6.878,0,0
AR.V,D,20210215,000000,6.878,7.662,5.719,7.221,0,0
AR.V,D,20210216,000000,7.221,8.056,7.055,7.953,0,0
AR.V,D,20210217,000000,7.953,8.054,7.499,7.837,0,0
AR.V,D,20210218,000000,7.837,7.881,7.308,7.7,0,0
AR.V,D,20210219,000000,7.7,7.782,6.666,6.879,0,0
AR.V,D,20210220,000000,6.879,7.483,6.556,7.285,0,0
AR.V,D,20210221,000000,7.285,7.715,7.08,7.265,0,0
AR.V,D,20210222,000000,7.265,7.412,5.924,6.758,0,0
AR.V,D,20210223,000000,6.758,6.816,5.599,6.738,0,0
AR.V,D,20210224,000000,6.738,12.67,6.624,11.42,0,0
AR.V,D,20210225,000000,11.42,14.53,9.038,11.04,0,0
AR.V,D,20210226,000000,11.04,12.46,9.947,12.05,0,0
AR.V,D,20210227,000000,12.05,12.18,10.42,11.04,0,0
AR.V,D,20210228,000000,11.04,11.5,8.64,9.271,0,0
AR.V,D,20210301,000000,9.271,10.94,8.769,10.82,0,0
AR.V,D,20210302,000000,10.82,12.36,10.21,12.19,0,0
AR.V,D,20210303,000000,12.19,16.88,11.89,16.53,0,0
AR.V,D,20210304,000000,16.53,17.63,13.63,14.43,0,0
AR.V,D,20210305,000000,14.43,15.83,13.41,14.72,0,0
AR.V,D,20210306,000000,14.72,14.86,13.38,13.73,0,0
AR.V,D,20210307,000000,13.73,14.34,12.92,13.47,0,0
AR.V,D,20210308,000000,13.47,14.2,12.4,14.15,0,0
AR.V,D,20210309,000000,14.15,15.17,13.57,14.42,0,0
AR.V,D,20210310,000000,14.42,15.19,13.72,15.18,0,0
AR.V,D,20210311,000000,15.18,16.88,14.28,14.97,0,0
AR.V,D,20210312,000000,14.97,15.05,13.82,14.39,0,0
AR.V,D,20210313,000000,14.39,15.65,13.73,15.02,0,0
AR.V,D,20210314,000000,15.02,15.52,14.46,14.7,0,0
AR.V,D,20210315,000000,14.7,14.99,12.91,13.45,0,0
AR.V,D,20210316,000000,13.45,13.57,12.11,13.07,0,0
AR.V,D,20210317,000000,13.07,14.62,12.82,14.35,0,0
AR.V,D,20210318,000000,14.35,19.05,13.87,17.4,0,0
AR.V,D,20210319,000000,17.4,21.06,16.58,19.24,0,0
AR.V,D,20210320,000000,19.24,43.91,19.03,22.91,0,0
AR.V,D,20210321,000000,22.91,23.23,19.54,21.27,0,0
AR.V,D,20210322,000000,21.27,24.86,19.63,22.56,0,0
AR.V,D,20210323,000000,22.56,24.46,19.81,21.46,0,0
AR.V,D,20210324,000000,21.46,21.65,19.41,19.87,0,0
AR.V,D,20210325,000000,19.87,23.07,19.03,20.48,0,0
AR.V,D,20210326,000000,20.48,26.65,20.48,26.54,0,0
AR.V,D,20210327,000000,26.54,29.69,24.85,29.69,0,0
AR.V,D,20210328,000000,29.69,31.09,25.63,26.99,0,0
AR.V,D,20210329,000000,26.99,29.87,26.99,28.87,0,0
AR.V,D,20210330,000000,28.87,29.26,26.15,27.96,0,0
AR.V,D,20210331,000000,27.96,33.21,27.04,32.68,0,0
AR.V,D,20210401,000000,32.68,34.21,30.11,31.35,0,0
AR.V,D,20210402,000000,31.35,32.91,28.56,28.91,0,0
AR.V,D,20210403,000000,28.91,29.49,25.26,28.23,0,0
AR.V,D,20210404,000000,28.23,28.89,26.6,27.19,0,0
AR.V,D,20210405,000000,27.19,28.54,26.96,27.54,0,0
AR.V,D,20210406,000000,27.54,31.08,27.42,29.77,0,0
AR.V,D,20210407,000000,29.77,31.11,25.99,29.04,0,0
AR.V,D,20210408,000000,29.04,32.8,28.47,32.31,0,0
AR.V,D,20210409,000000,32.31,32.36,29.95,30.07,0,0
AR.V,D,20210410,000000,30.07,30.42,27.96,29.22,0,0
AR.V,D,20210411,000000,29.22,29.76,27.53,27.67,0,0
AR.V,D,20210412,000000,27.67,27.93,25.91,26.68,0,0
AR.V,D,20210413,000000,26.68,27.69,26.23,26.69,0,0
AR.V,D,20210414,000000,26.69,26.78,22.64,24.88,0,0
AR.V,D,20210415,000000,24.88,37.19,24.01,28.4,0,0
AR.V,D,20210416,000000,28.4,29.12,25.5,26.09,0,0
AR.V,D,20210417,000000,26.09,28.32,24.48,25.46,0,0
AR.V,D,20210418,000000,25.46,25.51,20.37,24.16,0,0
AR.V,D,20210419,000000,24.16,26.99,23.44,23.84,0,0
AR.V,D,20210420,000000,23.84,23.84,21.61,23.62,0,0
AR.V,D,20210421,000000,23.62,24.27,22.48,22.95,0,0
AR.V,D,20210422,000000,22.95,22.98,20.54,21.92,0,0
AR.V,D,20210423,000000,21.92,22.08,16.81,19.76,0,0
AR.V,D,20210424,000000,19.76,26.02,19.52,24.76,0,0
AR.V,D,20210425,000000,24.76,28.91,23.03,27.44,0,0
AR.V,D,20210426,000000,27.44,30.89,27.2,28.8,0,0
AR.V,D,20210427,000000,28.8,32.1,28.58,30.18,0,0
AR.V,D,20210428,000000,30.18,30.92,28.76,29.21,0,0
AR.V,D,20210429,000000,29.21,30.28,28.59,29.41,0,0
AR.V,D,20210430,000000,29.41,31.94,28.88,29.68,0,0
AR.V,D,20210501,000000,29.68,30.64,28.96,29.19,0,0
AR.V,D,20210502,000000,29.19,29.19,26.64,26.77,0,0
AR.V,D,20210503,000000,26.77,28.26,26.66,27.27,0,0
AR.V,D,20210504,000000,27.27,27.44,25.05,25.11,0,0
AR.V,D,20210505,000000,25.11,28.82,24.69,27.52,0,0
AR.V,D,20210506,000000,27.52,27.52,26.04,26.19,0,0
AR.V,D,20210507,000000,26.19,26.87,25.47,25.49,0,0
AR.V,D,20210508,000000,25.49,26.3,23.63,24.24,0,0
AR.V,D,20210509,000000,24.24,26.28,23.83,23.97,0,0
AR.V,D,20210510,000000,23.97,25.07,22.95,23.93,0,0
AR.V,D,20210511,000000,23.93,29.1,23.92,28.9,0,0
AR.V,D,20210512,000000,28.9,31.16,28.02,29.05,0,0
AR.V,D,20210513,000000,29.05,31.13,25.04,25.52,0,0
AR.V,D,20210514,000000,25.52,46.29,25.52,29.34,0,0
AR.V,D,20210515,000000,29.34,32.11,26.34,26.96,0,0
AR.V,D,20210516,000000,26.96,28.01,23.12,24.19,0,0
AR.V,D,20210517,000000,24.19,24.24,21.41,22.72,0,0
AR.V,D,20210518,000000,22.72,25.89,21.96,22.7,0,0
AR.V,D,20210519,000000,22.7,22.98,12.69,17.07,0,0
AR.V,D,20210520,000000,17.07,19.01,15.94,18.71,0,0
AR.V,D,20210521,000000,18.71,20.81,13.7,15.38,0,0
AR.V,D,20210522,000000,15.38,15.57,12.7,14.3,0,0
AR.V,D,20210523,000000,14.3,14.98,9.849,13.26,0,0
AR.V,D,20210524,000000,13.26,15.72,12.42,15.17,0,0
AR.V,D,20210525,000000,15.17,15.51,12.92,14.59,0,0
AR.V,D,20210526,000000,14.59,18.67,14.53,17.48,0,0
AR.V,D,20210527,000000,17.48,17.49,15.28,15.56,0,0
AR.V,D,20210528,000000,15.56,15.61,13.09,14.58,0,0
AR.V,D,20210529,000000,14.58,15.98,12.09,12.75,0,0
AR.V,D,20210530,000000,12.75,15.05,12.25,14.16,0,0
AR.V,D,20210531,000000,14.16,15.27,12.58,15.24,0,0
AR.V,D,20210601,000000,15.24,17.11,14.63,15.4,0,0
AR.V,D,20210602,000000,15.4,17.46,15.08,16.89,0,0
AR.V,D,20210603,000000,16.89,18.69,15.91,18.64,0,0
AR.V,D,20210604,000000,18.64,19.21,15.23,15.89,0,0
AR.V,D,20210605,000000,15.89,17.23,15.02,15.37,0,0
AR.V,D,20210606,000000,15.37,16.35,15.2,15.77,0,0
AR.V,D,20210607,000000,15.77,22.66,15.51,17.24,0,0
AR.V,D,20210608,000000,17.24,20.91,15.59,17.04,0,0
AR.V,D,20210609,000000,17.04,18.69,15.62,18.03,0,0
AR.V,D,20210610,000000,18.03,19.28,16.52,16.67,0,0
AR.V,D,20210611,000000,16.67,16.91,15.11,15.48,0,0
AR.V,D,20210612,000000,15.48,15.61,13.96,14.66,0,0
AR.V,D,20210613,000000,14.66,17.04,13.59,15.7,0,0
AR.V,D,20210614,000000,15.7,16.64,15.21,16.09,0,0
AR.V,D,20210615,000000,16.09,16.46,15.75,15.94,0,0
AR.V,D,20210616,000000,15.94,15.96,14.69,14.97,0,0
AR.V,D,20210617,000000,14.97,16.76,14.91,16.17,0,0
AR.V,D,20210618,000000,16.17,17.42,15.09,15.68,0,0
AR.V,D,20210619,000000,15.68,17.82,15.39,17.41,0,0
AR.V,D,20210620,000000,17.41,18.9,15.56,18.33,0,0
AR.V,D,20210621,000000,18.33,18.37,13.35,13.59,0,0
AR.V,D,20210622,000000,13.59,14.65,10.9,11.97,0,0
AR.V,D,20210623,000000,11.97,13.21,11.2,11.78,0,0
AR.V,D,20210624,000000,11.78,12.65,11,11.42,0,0
AR.V,D,20210625,000000,11.42,11.74,9.155,9.476,0,0
AR.V,D,20210626,000000,9.476,9.727,8.303,8.941,0,0
AR.V,D,20210627,000000,8.941,10.4,8.899,10.28,0,0
AR.V,D,20210628,000000,10.28,10.43,9.671,10.02,0,0
AR.V,D,20210629,000000,10.02,11.37,10,10.69,0,0
AR.V,D,20210630,000000,10.69,10.75,9.887,10.39,0,0
AR.V,D,20210701,000000,10.39,12.26,10.09,10.84,0,0
AR.V,D,20210702,000000,10.84,11.03,9.972,10.58,0,0
AR.V,D,20210703,000000,10.58,10.91,10.11,10.59,0,0
AR.V,D,20210704,000000,10.59,11.33,10.37,10.97,0,0
AR.V,D,20210705,000000,10.97,11.18,10.44,10.64,0,0
AR.V,D,20210706,000000,10.64,11.42,10.61,11.12,0,0
AR.V,D,20210707,000000,11.12,12.83,11.07,11.79,0,0
AR.V,D,20210708,000000,11.79,12.35,10.63,10.89,0,0
AR.V,D,20210709,000000,10.89,11.16,10.41,11.02,0,0
AR.V,D,20210710,000000,11.02,11.14,10.27,10.75,0,0
AR.V,D,20210711,000000,10.75,11.5,10.54,11.24,0,0
AR.V,D,20210712,000000,11.24,11.43,10.42,10.59,0,0
AR.V,D,20210713,000000,10.59,10.63,9.933,10.2,0,0
AR.V,D,20210714,000000,10.2,10.54,9.663,10.01,0,0
AR.V,D,20210715,000000,10.01,10.24,9.236,9.373,0,0
AR.V,D,20210716,000000,9.373,9.672,8.75,8.78,0,0
AR.V,D,20210717,000000,8.78,8.917,8.185,8.677,0,0
AR.V,D,20210718,000000,8.677,10.38,8.642,9.011,0,0
AR.V,D,20210719,000000,9.011,9.036,8.012,8.188,0,0
AR.V,D,20210720,000000,8.188,8.208,7.218,7.223,0,0
AR.V,D,20210721,000000,7.223,8.646,7.126,8.251,0,0
AR.V,D,20210722,000000,8.251,8.728,7.933,8.498,0,0
AR.V,D,20210723,000000,8.498,8.944,8.192,8.918,0,0
AR.V,D,20210724,000000,8.918,9.075,8.769,8.923,0,0
AR.V,D,20210725,000000,8.923,10.93,8.814,10.04,0,0
AR.V,D,20210726,000000,10.04,10.85,9.198,9.322,0,0
AR.V,D,20210727,000000,9.322,10.18,8.946,9.949,0,0
AR.V,D,20210728,000000,9.949,12.27,9.776,11.19,0,0
AR.V,D,20210729,000000,11.19,11.31,10.59,11.16,0,0
AR.V,D,20210730,000000,11.16,11.37,10.43,11.26,0,0
AR.V,D,20210731,000000,11.26,11.94,10.94,11.73,0,0
AR.V,D,20210801,000000,11.73,13.55,11.47,11.54,0,0
AR.V,D,20210802,000000,11.54,11.91,11.27,11.54,0,0
AR.V,D,20210803,000000,11.54,11.68,10.71,10.93,0,0
AR.V,D,20210804,000000,10.93,11.94,10.86,11.39,0,0
AR.V,D,20210805,000000,11.39,11.56,10.73,11.52,0,0
AR.V,D,20210806,000000,11.52,13.4,11.06,12.66,0,0
AR.V,D,20210807,000000,12.66,14.92,12.64,13.83,0,0
AR.V,D,20210808,000000,13.83,16.45,13.37,14.91,0,0
AR.V,D,20210809,000000,14.91,15.83,14.08,15,0,0
AR.V,D,20210810,000000,15,15.23,14.34,14.95,0,0
AR.V,D,20210811,000000,14.95,15.99,14.88,14.94,0,0
AR.V,D,20210812,000000,15.05,15.12,13.9,14.8,0,0
AR.V,D,20210813,000000,14.8,16.5,14.64,16.13,0,0
AR.V,D,20210814,000000,16.13,16.47,15.18,15.65,0,0
AR.V,D,20210815,000000,15.65,16.86,15.19,16.82,0,0
AR.V,D,20210816,000000,16.82,24.56,16.69,19.72,0,0
AR.V,D,20210817,000000,19.72,24.71,18.88,22.09,0,0
AR.V,D,20210818,000000,22.09,35.91,21.59,33.46,0,0
AR.V,D,20210819,000000,33.46,35.65,27.86,30.26,0,0
AR.V,D,20210820,000000,30.26,32.97,28.87,31.06,0,0
AR.V,D,20210821,000000,31.06,31.12,27.82,28.3,0,0
AR.V,D,20210822,000000,28.3,31.72,27.95,28.99,0,0
AR.V,D,20210823,000000,28.99,33.43,28.95,30.83,0,0
AR.V,D,20210824,000000,30.83,31.13,27.91,27.99,0,0
AR.V,D,20210825,000000,27.99,28.97,24.13,26.94,0,0
AR.V,D,20210826,000000,26.94,26.98,23.59,25.67,0,0
AR.V,D,20210827,000000,25.67,42.51,24.69,38.55,0,0
AR.V,D,20210828,000000,38.55,47.97,35.63,47.6,0,0
AR.V,D,20210829,000000,47.6,50,42.42,42.58,0,0
AR.V,D,20210830,000000,42.58,61.45,38.96,56.62,0,0
AR.V,D,20210831,000000,56.62,69.94,54.33,66.08,0,0
AR.V,D,20210901,000000,66.08,68.41,57.26,61.55,0,0
AR.V,D,20210902,000000,61.55,62.3,55.72,56.88,0,0
AR.V,D,20210903,000000,56.88,63.57,55.42,58.72,0,0
AR.V,D,20210904,000000,58.72,59.64,52.86,53.2,0,0
AR.V,D,20210905,000000,53.2,57.33,48.69,49.99,0,0
AR.V,D,20210906,000000,49.99,63.24,49.47,57,0,0
AR.V,D,20210907,000000,57,57.34,42.52,47.63,0,0
AR.V,D,20210908,000000,47.63,60.44,46.73,54.84,0,0
AR.V,D,20210909,000000,54.84,71.9,54.3,64.99,0,0
AR.V,D,20210910,000000,64.99,74.23,58.62,62.53,0,0
AR.V,D,20210911,000000,62.53,65.08,60.08,61.06,0,0
AR.V,D,20210912,000000,61.06,62.94,58.68,59.84,0,0
AR.V,D,20210913,000000,59.84,59.84,50.31,54.24,0,0
AR.V,D,20210914,000000,54.24,57.66,53.23,55.4,0,0
AR.V,D,20210915,000000,55.4,58.97,54.16,57.29,0,0
AR.V,D,20210916,000000,57.29,58.04,52.52,53.02,0,0
AR.V,D,20210917,000000,53.02,53.35,47.93,48.9,0,0
AR.V,D,20210918,000000,48.9,53.05,48,49.58,0,0
AR.V,D,20210919,000000,49.58,54.23,48.07,49.7,0,0
AR.V,D,20210920,000000,49.7,50.89,39.68,40.28,0,0
AR.V,D,20210921,000000,40.28,42.87,34.31,36.95,0,0
AR.V,D,20210922,000000,36.95,48.37,36.38,46.94,0,0
AR.V,D,20210923,000000,46.94,54.86,46.72,52.35,0,0
AR.V,D,20210924,000000,52.35,52.61,43.48,47.59,0,0
AR.V,D,20210925,000000,47.59,47.88,44.7,44.97,0,0
AR.V,D,20210926,000000,44.97,45.42,40.96,43.28,0,0
AR.V,D,20210927,000000,43.28,46.14,40.85,40.92,0,0
AR.V,D,20210928,000000,40.92,41.61,38.13,38.28,0,0
AR.V,D,20210929,000000,38.28,44.88,38.07,40.63,0,0
AR.V,D,20210930,000000,40.63,43.61,40.26,43.34,0,0
AR.V,D,20211001,000000,43.34,49.13,42.61,48.86,0,0
AR.V,D,20211002,000000,48.86,58.35,46.54,58.22,0,0
AR.V,D,20211003,000000,58.22,58.94,54.39,57.54,0,0
AR.V,D,20211004,000000,57.54,57.74,51.78,52.99,0,0
AR.V,D,20211005,000000,52.99,55.64,51.87,53.24,0,0
AR.V,D,20211006,000000,53.24,67.05,48.12,64.52,0,0
AR.V,D,20211007,000000,64.52,67.03,58.75,58.9,0,0
AR.V,D,20211008,000000,58.9,69.74,58.63,62.54,0,0
AR.V,D,20211009,000000,62.54,64.56,59.84,61.12,0,0
AR.V,D,20211010,000000,61.12,62.7,57.76,57.94,0,0
AR.V,D,20211011,000000,57.94,64.01,56.09,58.22,0,0
AR.V,D,20211012,000000,58.22,58.22,51.84,54.48,0,0
AR.V,D,20211013,000000,54.48,55.37,50.72,52.96,0,0
AR.V,D,20211014,000000,52.96,54.84,51.89,52.4,0,0
AR.V,D,20211015,000000,52.4,53.96,50.95,53.91,0,0
AR.V,D,20211016,000000,53.91,56.79,51.54,51.68,0,0
AR.V,D,20211017,000000,51.68,52.95,49.4,51.52,0,0
AR.V,D,20211018,000000,51.52,52.86,48.63,50.72,0,0
AR.V,D,20211019,000000,50.72,55.46,50.17,54.84,0,0
AR.V,D,20211020,000000,54.84,56.85,53.39,56.54,0,0
AR.V,D,20211021,000000,56.54,57.99,52.91,53.37,0,0
AR.V,D,20211022,000000,53.37,56.35,53.2,54.6,0,0
AR.V,D,20211023,000000,54.6,54.74,51.48,52.75,0,0
AR.V,D,20211024,000000,52.75,53.03,49.12,51.35,0,0
AR.V,D,20211025,000000,51.35,54.69,51.06,52.89,0,0
AR.V,D,20211026,000000,52.89,55.3,51.67,53.35,0,0
AR.V,D,20211027,000000,53.35,57.33,46.25,46.51,0,0
AR.V,D,20211028,000000,46.51,49.04,45.7,47.58,0,0
AR.V,D,20211029,000000,47.58,54.51,47.4,51.96,0,0
AR.V,D,20211030,000000,51.96,52.8,48.7,48.98,0,0
AR.V,D,20211031,000000,48.98,60.39,48.98,54.91,0,0
AR.V,D,20211101,000000,54.91,56.86,50.6,53.29,0,0
AR.V,D,20211102,000000,53.29,75.94,53.21,74.97,0,0
AR.V,D,20211103,000000,74.97,88.86,69.26,76.43,0,0
AR.V,D,20211104,000000,76.43,87.65,69.41,85.71,0,0
AR.V,D,20211105,000000,85.71,91.02,73.91,75.54,0,0
AR.V,D,20211106,000000,75.54,84.11,71.78,82.4,0,0
AR.V,D,20211107,000000,82.4,85.69,75.87,76.36,0,0
AR.V,D,20211108,000000,76.36,79.83,74.18,78.89,0,0
AR.V,D,20211109,000000,78.89,79.6,71.75,72.56,0,0
AR.V,D,20211110,000000,72.56,77.59,65.29,70.78,0,0
AR.V,D,20211111,000000,70.78,72.49,65.84,67.41,0,0
AR.V,D,20211112,000000,67.41,70.96,63.68,68.8,0,0
AR.V,D,20211113,000000,68.8,74.33,66.22,73.46,0,0
AR.V,D,20211114,000000,73.46,74.51,67.75,70.17,0,0
AR.V,D,20211115,000000,70.17,71.26,65.52,65.74,0,0
AR.V,D,20211116,000000,65.74,65.74,55.37,60.99,0,0
AR.V,D,20211117,000000,60.99,62.16,55.92,56.93,0,0
AR.V,D,20211118,000000,56.93,57.88,51.12,53.54,0,0
AR.V,D,20211119,000000,53.54,63.9,53.17,59.77,0,0
AR.V,D,20211120,000000,59.77,66.61,59.3,65.2,0,0
AR.V,D,20211121,000000,65.2,73.08,64.35,64.42,0,0
AR.V,D,20211122,000000,64.42,64.51,58.54,59.89,0,0
AR.V,D,20211123,000000,59.89,62.29,58.67,60.74,0,0
AR.V,D,20211124,000000,60.79,61.09,55.839096019,57.8576701710000,0,0
AR.V,D,20211125,000000,57.7224696530000,63.0716586,57.722469653,60.042563497,0,0
AR.V,D,20211126,000000,60.0509312099999,66.35072205,52.012804008,54.8891129919999,0,0
AR.V,D,20211127,000000,54.96420153,64.96162969,53.452147931,58.194494064,0,0
AR.V,D,20211128,000000,58.1007884600000,59.166183338,52.11618621,56.6852031979999,0,0
AR.V,D,20211129,000000,56.2177541999999,62.602218838,55.156851038,61.352763289,0,0
AR.V,D,20211130,000000,61.1402569960000,63.007368793,57.643120158,59.6117288690000,0,0
AR.V,D,20211201,000000,59.8655772,61.588423894,56.51289,57.23165141,0,0
AR.V,D,20211202,000000,57.3155153440000,59.895947384,55.291761757,56.3377179930000,0,0
AR.V,D,20211203,000000,56.466394246,58.215939473,51.199011276,52.35593499,0,0
AR.V,D,20211204,000000,52.341927068,53.941630226,36.846,50.5155586319999,0,0
AR.V,D,20211205,000000,50.455004968,51.4328151,42.843218558,44.282254833,0,0
AR.V,D,20211206,000000,44.412467813,47.070754155,40.308118125,46.6935375599999,0,0
AR.V,D,20211207,000000,46.8785837,49.81591325,45.638017691,46.7193845609999,0,0
AR.V,D,20211208,000000,46.553065713,49.98603876,44.711609284,46.2168667800000,0,0
AR.V,D,20211209,000000,46.587002812,47.683899327,41.795114248,42.7112720040000,0,0
AR.V,D,20211210,000000,42.5304099999999,44.152564905,40.569748128,40.9611227519999,0,0
AR.V,D,20211211,000000,40.7839284199999,42.449157809,39.705465262,41.490285,0,0
AR.V,D,20211212,000000,41.40450928,42.595406477,40.040461102,41.8687294439999,0,0
AR.V,D,20211213,000000,41.898496068,41.988485664,35.279034084,37.058362458,0,0
AR.V,D,20211214,000000,37.0473272280000,39.47272332,35.769447965,38.472662962,0,0
AR.V,D,20211215,000000,38.383416612,42.61704,35.95797,41.27475,0,0
AR.V,D,20211216,000000,41.27475,47.95959,41.15468,46.44393,0,0
AR.V,D,20211217,000000,46.39391,50.96038,44.63785,49.0296,0,0
AR.V,D,20211218,000000,49.11964,53.7715,46.43857,52.86114,0,0
AR.V,D,20211219,000000,52.86114,60.03,50.55516,59.94996,0,0
AR.V,D,20211220,000000,59.97997,60.03,50.45513,55.62668,0,0
AR.V,D,20211221,000000,55.64669,58.37751,53.04591,54.68186,0,0
AR.V,D,20211222,000000,54.70187,56.66266,52.75582,53.68146,0,0
AR.V,D,20211223,000000,53.63144,57.8289,51.60032,57.07282,0,0
AR.V,D,20211224,000000,57.14285,64.55226,55.29211,60.63636,0,0
AR.V,D,20211225,000000,60.55631,68.73808,60.04,60.49419,0,0
AR.V,D,20211226,000000,60.48418,63.5354,58.0232,61.7647,126869,0
AR.V,D,20211227,000000,61.74469,64.55226,61.0183,61.43843,175652,0
AR.V,D,20211228,000000,61.48844,61.48844,53.0153,53.92078,284010,0
AR.V,D,20211229,000000,54.0108,58.50585,52.84057,55.91118,251708,0
AR.V,D,20211230,000000,55.85558,57.91158,53.07531,56.5113,210220,0
AR.V,D,20211231,000000,56.61132,63.77638,56.28563,60.53605,392877.3034774,0
AR.V,D,20220101,000000,60.56606,66.83,58.79588,65.81316,297290.2827248,0
AR.V,D,20220102,000000,65.80316,66.20324,59.81598,60.04201,167220.8131724,0
AR.V,D,20220103,000000,60.09202,61.34387,57.16,59.47595,247165.68124976,0
AR.V,D,20220104,000000,59.5,68.92311,58.83,63.55364,568006.17780652,0
AR.V,D,20220105,000000,63.45731,65.42,53.0347,56.31437,519277.37488645,0
AR.V,D,20220106,000000,56.25437,57.95,52.81472,54.9945,510904.39350235,0
AR.V,D,20220107,000000,55.012,56.0344,48.07038,48.27517,490749.27584448,0
AR.V,D,20220108,000000,48.25517,51.72483,45.26095,48.49,361177.44336127,0
AR.V,D,20220109,000000,48.52,52.03,46.92531,51.9,289035.69951374,0
AR.V,D,20220110,000000,51.95,52.75,43.69563,46.09,474335.1436033,0
AR.V,D,20220111,000000,46.02,48.37484,44.66553,48.07,347648.69258656,0
AR.V,D,20220112,000000,48.17445,53.13594,47.73,52.22088,269218.13046355,0
AR.V,D,20220113,000000,52.2809,54.4272,49.45472,49.68987,353676.81381435,0
AR.V,D,20220114,000000,49.64985,51.37568,48.5094,50.04001,185655.83965913,0
AR.V,D,20220115,000000,50.06501,51.18046,49.28463,50.21509,98676.557889212,0
AR.V,D,20220116,000000,50.23008,50.5202,48.20409,49.32972,119400.12595986,0
AR.V,D,20220117,000000,49.30972,49.64489,45.40362,47.05882,245939.99897293,0
AR.V,D,20220118,000000,47.09883,47.98919,43.81752,45.27358,165392.88638404,0
AR.V,D,20220119,000000,45.22356,45.74829,41.22236,43.18295,193190.67542635,0
AR.V,D,20220120,000000,43.13294,45.35907,39.38394,39.89798,212802.35041752,0
AR.V,D,20220121,000000,39.86797,40.29806,32.71654,33.24997,362258.70824279,0
AR.V,D,20220122,000000,33.24665,34.55036,27.65553,31.03931,625750.42875373,0
AR.V,D,20220123,000000,30.94928,35.80074,30.40608,33.05661,326460.30140216,0
AR.V,D,20220124,000000,33.13663,34.9635,27.42548,32.70981,256916.59271584,0
AR.V,D,20220125,000000,32.6798,34.38031,30.19906,32.03601,300341.38908478,0
AR.V,D,20220126,000000,32.06563,34.8174,29.59775,30.04802,271561.25116902,0
AR.V,D,20220127,000000,30.12807,31.61264,28.70434,29.68483,205819.5277305,0
AR.V,D,20220128,000000,29.77488,32.10963,29.12874,31.53946,158356.94095785,0
AR.V,D,20220129,000000,31.53631,35.75072,31.53631,35.37061,224883.11537001,0
AR.V,D,20220130,000000,35.30059,37.84135,33.80014,35.37414,451354.3952059,0
AR.V,D,20220131,000000,35.38415,41.34066,34.23711,38.96948,455999.41158673,0
AR.V,D,20220201,000000,39.0295,41.8209,37.78889,41.1847,294892.4422674,0
AR.V,D,20220202,000000,41.28063,41.78506,34.99798,35.37181,372033.81850269,0
AR.V,D,20220203,000000,35.39182,35.73143,33.39669,34.75737,239675.45748034,0
AR.V,D,20220204,000000,34.71735,39.40757,34.37374,39.07123,224175.00255239,0
AR.V,D,20220205,000000,39.07123,41.28888,38.46691,38.76324,212097.39202025,0
AR.V,D,20220206,000000,38.76324,40.024,36.31815,36.68834,170413.27900369,0
AR.V,D,20220207,000000,36.67833,42.5983,36.55557,41.01869,346529.7709555,0
AR.V,D,20220208,000000,41.00869,41.41897,35.38181,36.98325,524993.83760927,0
AR.V,D,20220209,000000,36.93321,41.02689,35.48837,40.67063,340209.84557592,0
AR.V,D,20220210,000000,40.60056,41.53735,35.73213,36.5956,613249.71944533,0
AR.V,D,20220211,000000,36.692,36.86579,31.74952,31.87274,247302.85132145,0
AR.V,D,20220212,000000,31.90957,34.38062,31.69951,33.26995,147194.53448939,0
AR.V,D,20220213,000000,33.30997,34.16048,31.33879,32.40943,95284.205510384,0
AR.V,D,20220214,000000,32.37942,32.74964,30.47523,32.46623,163943.47196255,0
AR.V,D,20220215,000000,32.40943,35.01099,32.07603,34.66078,176706.1614891,0
AR.V,D,20220216,000000,34.6808,35.66138,33.27663,33.86693,169762.35035072,0
AR.V,D,20220217,000000,33.88693,34.3506,29.97798,30.43129,225810.62961496,0
AR.V,D,20220218,000000,30.42128,31.47888,28.55712,28.62717,220307.711378,0
AR.V,D,20220219,000000,28.63717,29.27756,27.07353,27.99399,265713.22372191,0
AR.V,D,20220220,000000,27.99399,28.58714,25.56277,26.4032,301698.55209749,0
AR.V,D,20220221,000000,26.39319,27.71385,24.17967,24.56982,310903.77126901,0
AR.V,D,20220222,000000,24.48223,27.40096,23.38701,25.78288,337350.86268355,0
AR.V,D,20220223,000000,25.77288,28.65718,25.69541,26.61596,266473.60442338,0
AR.V,D,20220224,000000,26.63597,27.79111,22.2211,26.85074,411658.08718108,0
AR.V,D,20220225,000000,26.89075,29.93496,26.87074,29.78488,292268.71110576,0
AR.V,D,20220226,000000,29.78488,30.23511,27.48373,27.53376,153458.8627464,0
AR.V,D,20220227,000000,27.55102,31.0124,26.43057,29.2146,244464.76307655,0
AR.V,D,20220228,000000,29.19459,32.18287,28.06122,31.44257,351267.6595188,0
AR.V,D,20220301,000000,31.49259,33.89016,30.49219,33.52005,373784.47135337,0
AR.V,D,20220302,000000,33.55006,34.70041,31.3594,31.73635,254650.67735941,0
AR.V,D,20220303,000000,31.70951,31.92638,29.86896,31.88638,174358.15721766,0
AR.V,D,20220304,000000,31.88956,32.31646,28.16563,28.72862,281902.87371326,0
AR.V,D,20220305,000000,28.6886,29.25877,27.9984,29.0087,120047.18985468,0
AR.V,D,20220306,000000,28.87577,29.64889,28.22847,28.74862,108083.12519504,0
AR.V,D,20220307,000000,28.74862,31.14623,27.25545,29.81894,222127.17799877,0
AR.V,D,20220308,000000,29.79894,33.22664,29.5059,32.10642,353673.0328371,0
AR.V,D,20220309,000000,32.10642,38.79776,31.90638,38.12381,441650.5389057,0
AR.V,D,20220310,000000,38.11762,38.55771,31.74952,32.30292,474621.57573055,0
AR.V,D,20220311,000000,32.29291,34.10364,30.05202,31.56316,527160.79420997,0
AR.V,D,20220312,000000,31.5263,32.67653,30.57694,30.76308,149376.79470185,0
AR.V,D,20220313,000000,30.75307,31.89957,29.55591,30.3291,180672.95826105,0
AR.V,D,20220314,000000,30.2721,31.94639,29.60592,30.54611,138389.00489442,0
AR.V,D,20220315,000000,30.51305,31.30626,29.63593,30.04901,130891.58874114,0
AR.V,D,20220316,000000,30.09903,33.97019,29.70891,33.64009,326711.49045876,0
AR.V,D,20220317,000000,33.57007,34.86046,32.53976,33.77688,227439.96668108,0
AR.V,D,20220318,000000,33.7635,35.04401,33.11655,33.77688,335428.40816416,0
AR.V,D,20220319,000000,33.777,36.61464,33.55342,33.78688,381651.12342894,0
AR.V,D,20220320,000000,33.8169,34.35374,32.24289,32.88643,174665.17807949,0
AR.V,D,20220321,000000,32.83641,33.46338,31.37568,32.72635,127386.99616577,0
AR.V,D,20220322,000000,32.70308,34.2171,32.45298,32.48623,245648.41472251,0
AR.V,D,20220323,000000,32.47623,33.5034,31.47258,32.89315,312809.78531775,0
AR.V,D,20220324,000000,32.91316,33.54677,32.14285,32.78639,326148.65559053,0
AR.V,D,20220325,000000,32.82641,34.7739,32.32292,33.38668,580749.62678692,0
AR.V,D,20220326,000000,33.35334,35.5042,33.25662,35.36414,378597.27652152,0
AR.V,D,20220327,000000,35.43771,37.0011,34.04702,36.95478,417023.39687494,0
AR.V,D,20220328,000000,36.94477,40.29611,36.56462,38.73162,480186.46611129,0
AR.V,D,20220329,000000,38.73936,40.46214,36.20448,38.6193,375824.19279281,0
AR.V,D,20220330,000000,38.52925,41.26825,36.5146,39.04781,523463.01241174,0
AR.V,D,20220331,000000,39.0217,40.72814,35.67713,37.17743,481488.34707981,0
AR.V,D,20220401,000000,37.16114,39.85594,34.65039,39.49579,426433.23245543,0
AR.V,D,20220402,000000,39.49184,41.38655,38.53541,39.90596,301655.2503447,0
AR.V,D,20220403,000000,39.91596,41.7667,38.22528,40.36614,232641.57698243,0
AR.V,D,20220404,000000,40.37211,41.33653,37.05741,38.75775,230792.7884234,0
AR.V,D,20220405,000000,38.77163,39.59187,36.80368,37.22372,150035.30953835,0
AR.V,D,20220406,000000,37.20744,37.40748,32.75,33.9934,169253.79255501,0
AR.V,D,20220407,000000,33.87339,34.59,32.0332,34.10341,145317.39081332,0
AR.V,D,20220408,000000,34.11341,35.5142,33.5034,33.84353,186717.91493038,0
AR.V,D,20220409,000000,33.84353,34.89046,32.91987,33.99019,130686.34596325,0
AR.V,D,20220410,000000,33.94018,35.39061,33.84015,34.58692,97527.903459412,0
AR.V,D,20220411,000000,34.59692,34.987,29.25585,29.40882,200035.49573573,0
AR.V,D,20220412,000000,29.39588,32.67653,29.18875,30.95619,192877.3899357,0
AR.V,D,20220413,000000,30.89927,32.0196,30.09903,31.63949,183120.88267536,0
AR.V,D,20220414,000000,31.69951,32.31969,29.79596,30.47609,102972.48330774,0
AR.V,D,20220415,000000,30.4961,30.70614,29.83597,30.17302,71871.073145803,0
AR.V,D,20220416,000000,30.16302,30.57611,29.33293,29.68594,30087.870385235,0
AR.V,D,20220417,000000,29.68594,30.37607,29.58592,30.10602,31634.201219041,0
AR.V,D,20220418,000000,30.10602,30.10602,27.76278,29.999,102887.13982349,0
AR.V,D,20220419,000000,30.02901,31.35627,29.54295,30.77615,96072.697364369,0
AR.V,D,20220420,000000,30.78616,31.79636,29.53295,29.97599,124317.29241474,0
AR.V,D,20220421,000000,29.96599,30.59612,28.30566,28.32566,59794.387659475,0
AR.V,D,20220422,000000,28.28283,29.19584,27.67277,28.47285,88878.106932181,0
AR.V,D,20220423,000000,28.46569,28.70574,27.79278,28.29283,27432.683213729,0
AR.V,D,20220424,000000,28.32566,28.78576,27.0254,27.39274,49451.552069421,0
AR.V,D,20220425,000000,27.39548,27.65276,25.44254,27.64276,69492.022379753,0
AR.V,D,20220426,000000,27.63276,28.40568,24.81248,25.45,79123.013343561,0
AR.V,D,20220427,000000,25.47255,28.2,25.29253,26.1,336270.01414161,0
AR.V,D,20220428,000000,26.11261,27.45275,25.93,26.46265,109055.55338522,0
AR.V,D,20220429,000000,26.46265,26.67267,24.17,24.66247,155106.61965202,0
AR.V,D,20220430,000000,24.67247,26.0126,23.81,23.95,151986.69419248,0
AR.V,D,20220501,000000,23.95,25.67,22.03,24.43,230563.83170235,0
AR.V,D,20220502,000000,24.42,25.39254,22.93,24.9725,167607.5873502,0
AR.V,D,20220503,000000,25.08251,25.62,24.18758,24.33757,164781.09880155,0
AR.V,D,20220504,000000,24.37512,26.57,23.78,26.03,141171.18477983,0
AR.V,D,20220505,000000,26.02219,26.9846,22.15778,22.60548,218304.6347207,0
AR.V,D,20220506,000000,22.59548,22.95541,21.17576,22.17778,189599.70425506,0
AR.V,D,20220507,000000,22.23778,22.50775,20.21798,20.21798,209474.91991548,0
AR.V,D,20220508,000000,20.24595,20.56383,19.36419,20.35389,189028.04896856,0
AR.V,D,20220509,000000,20.3439,20.43591,16.53338,17.45651,314497.30544685,0
AR.V,D,20220510,000000,17.56649,20.40388,15.91363,16.9832,548916.61405591,0
AR.V,D,20220511,000000,17.02319,19.33033,13.57684,14.61572,526877.45869801,0
AR.V,D,20220512,000000,14.62568,16.59672,9.46852,13.93088,803342.70173985,0
AR.V,D,20220513,000000,13.9622,16.25762,13.29137,14.23576,554383.76680005,0
AR.V,D,20220514,000000,14.23576,15.00595,12.9228,14.45973,360262.90261001,0
AR.V,D,20220515,000000,14.43976,19.13509,14.22149,18.98529,521912.69486225,0
AR.V,D,20220516,000000,18.99527,19.66637,15.69799,15.80942,446944.76912891,0
AR.V,D,20220517,000000,15.83938,16.46187,14.73083,15.62966,202531.88735638,0
AR.V,D,20220518,000000,15.62966,16.08068,14.07168,14.55106,130818.03482457,0
AR.V,D,20220519,000000,14.50966,15.70271,13.64224,15.0964,144695.86477833,0
AR.V,D,20220520,000000,15.0964,15.88728,14.2329,14.45119,169706.04911374,0
AR.V,D,20220521,000000,14.49259,15.30008,14.02175,14.85067,248710.75275594,0
AR.V,D,20220522,000000,14.85067,15.98919,14.81922,15.4399,110425.71783963,0
AR.V,D,20220523,000000,15.45144,16.40358,14.91208,15.16178,128741.40741162,0
AR.V,D,20220524,000000,15.13182,15.29316,13.61364,14.55106,177959.6233,0
AR.V,D,20220525,000000,14.54107,15.76264,14.37129,14.73377,137774.72167875,0
AR.V,D,20220526,000000,14.75228,14.97201,12.88581,14.30568,174059.90363657,0
AR.V,D,20220527,000000,14.29569,14.42556,12.31644,13.08559,177288.49524337,0
AR.V,D,20220528,000000,13.07508,13.54251,12.84637,13.12463,146864.04032183,0
AR.V,D,20220529,000000,13.13435,13.49581,12.64671,13.2554,86482.081073907,0
AR.V,D,20220530,000000,13.23529,15.56754,13.14618,15.14787,152382.23068933,0
AR.V,D,20220531,000000,15.24932,16.41686,14.32853,15.17633,153892.61016011,0
AR.V,D,20220601,000000,15.22811,15.50805,13.00828,13.01827,89989.549774338,0
AR.V,D,20220602,000000,12.97701,13.22676,12.68857,13.08821,107970.06927629,0
AR.V,D,20220603,000000,13.10819,13.37929,12.15027,12.61901,85344.23830349,0
AR.V,D,20220604,000000,12.629,12.95768,11.98752,12.7503,149074.17253805,0
AR.V,D,20220605,000000,12.7503,12.95833,12.36997,12.8579,111032.7637621,0
AR.V,D,20220606,000000,12.8579,13.95854,12.65822,12.91914,530977.93571331,0
AR.V,D,20220607,000000,12.90915,14.02877,12.25969,13.96854,275255.55933539,0
AR.V,D,20220608,000000,14.00836,14.72013,13.34199,14.18078,432104.92263351,0
AR.V,D,20220609,000000,14.21076,14.23089,13.09977,13.40873,260192.23173134,0
AR.V,D,20220610,000000,13.40873,13.55874,12.43705,12.75365,356499.65295175,0
AR.V,D,20220611,000000,12.78374,12.84354,10.79649,11.37702,238165.07720543,0
AR.V,D,20220612,000000,11.40698,11.55704,9.93607,10.56699,311368.48506373,0
AR.V,D,20220613,000000,10.557,10.57697,8.41468,9.10732,1034621.9072484,0
AR.V,D,20220614,000000,9.12739,9.20525,8.07795,8.33998,2032279.1318594,0
AR.V,D,20220615,000000,8.32999,9.4867,7.69612,9.47577,1201856.5738376,0
AR.V,D,20220616,000000,9.48575,9.57753,8.26008,8.9175,550130.2401258,0
AR.V,D,20220617,000000,8.69689,9.16315,8.03598,8.15121,713732.4503652,0
AR.V,D,20220618,000000,8.14322,8.35105,7.1698,7.71748,1864294.2339167,0
AR.V,D,20220619,000000,7.71748,8.78944,7.52877,8.57969,418663.42578546,0
AR.V,D,20220620,000000,8.59967,9.52855,8.20931,9.14901,330218.36152964,0
AR.V,D,20220621,000000,9.13902,10.47846,8.98011,9.64035,443175.75404415,0
AR.V,D,20220622,000000,9.65034,9.94005,8.94105,9.16083,197722.15102752,0
AR.V,D,20220623,000000,9.1699,9.73026,8.96103,9.51048,122739.95766994,0
AR.V,D,20220624,000000,9.55044,10.81178,9.54948,10.79147,513075.80367614,0
AR.V,D,20220625,000000,10.79919,10.9722,9.92335,10.52263,322327.70219774,0
AR.V,D,20220626,000000,10.52263,10.92257,10.14391,10.37367,173475.07155877,0
AR.V,D,20220627,000000,10.36367,10.38304,9.60106,9.83105,126984.68401099,0
AR.V,D,20220628,000000,9.84123,10.17084,9.33038,9.46834,126713.53029989,0
AR.V,D,20220629,000000,9.44827,9.44827,8.76841,9.12894,209810.36299146,0
AR.V,D,20220630,000000,9.12903,9.57753,8.27864,9.14901,329142.95995546,0
AR.V,D,20220701,000000,9.159,10.5384,9.07909,10.27868,578639.05994451,0
AR.V,D,20220702,000000,10.26869,10.80702,9.86913,10.38752,621360.13690695,0
AR.V,D,20220703,000000,10.37753,11.55096,9.97701,11.25435,289156.17220925,0
AR.V,D,20220704,000000,11.25535,12.1554,11.04562,11.77585,515457.76656225,0
AR.V,D,20220705,000000,11.76586,12.47626,11.20654,12.27648,377115.67927357,0
AR.V,D,20220706,000000,12.27648,12.37637,11.54613,11.807,240059.96393383,0
AR.V,D,20220707,000000,11.807,12.20267,11.45738,12.10273,164610.50736836,0
AR.V,D,20220708,000000,12.10273,12.55121,11.37317,11.40315,230697.92745729,0
AR.V,D,20220709,000000,11.41315,12.07275,11.30321,11.76294,91533.035812779,0
AR.V,D,20220710,000000,11.76176,11.9928,11.26211,11.85288,90886.837583656,0
AR.V,D,20220711,000000,11.8329,12.34012,11.34319,12.08911,362977.50724727,0
AR.V,D,20220712,000000,12.08154,12.25773,10.78812,10.89909,331107.34681714,0
AR.V,D,20220713,000000,10.898,12.41757,10.58845,12.25896,673067.11636079,0
AR.V,D,20220714,000000,12.26895,14.68971,12.21899,14.08155,715803.79315363,0
AR.V,D,20220715,000000,14.10153,14.81111,13.73313,14.03579,594271.76233667,0
AR.V,D,20220716,000000,14.03579,16.39672,13.84585,15.73528,817105.72316956,0
AR.V,D,20220717,000000,15.78574,16.08549,15.13546,15.97585,301698.74491429,0
AR.V,D,20220718,000000,15.98584,17.42791,15.37539,16.11629,818307.04497197,0
AR.V,D,20220719,000000,16.14629,16.72632,15.42123,15.82253,485774.200885,0
AR.V,D,20220720,000000,15.83253,15.97112,13.77917,14.11071,642544.09892222,0
AR.V,D,20220721,000000,14.10071,14.62263,13.46067,14.50348,677629.54401378,0
AR.V,D,20220722,000000,14.50348,14.85297,13.13263,13.44296,553896.05379602,0
AR.V,D,20220723,000000,13.43,14.11127,13.08039,13.47269,321906.33262044,0
AR.V,D,20220724,000000,13.49135,14.16099,13.38201,13.64259,339380.98379142,0
AR.V,D,20220725,000000,13.63259,13.75275,12.51,13.15105,706506.65112047,0
AR.V,D,20220726,000000,13.14105,13.24185,11.61012,11.9718,593295.4506556,0
AR.V,D,20220727,000000,11.9718,13.73302,11.96167,13.71329,557704.33957451,0
AR.V,D,20220728,000000,13.70329,14.66015,13.17184,14.17283,899814.85229091,0
AR.V,D,20220729,000000,14.17298,15.14091,13.10445,13.43537,832286.86499413,0
AR.V,D,20220730,000000,13.39536,15.80585,13.39536,14.96494,1301831.3044601,0
AR.V,D,20220731,000000,14.96509,18.20328,14.17397,16.28374,2345001.498049,0
AR.V,D,20220801,000000,16.2665,16.42722,14.18227,14.30429,1362299.292406,0
AR.V,D,20220802,000000,14.31429,14.60555,13.27411,14.07253,741421.69839986,0
AR.V,D,20220803,000000,14.08282,14.87238,13.68219,14.28357,590203.34496924,0
AR.V,D,20220804,000000,14.27328,14.43332,13.55108,13.80041,431417.92734738,0
AR.V,D,20220805,000000,13.80041,14.89283,13.80041,14.62292,310311.72759745,0
AR.V,D,20220806,000000,14.63278,15.67094,14.35129,15.04346,605757.57851898,0
AR.V,D,20220807,000000,15.04331,15.16364,14.28243,14.87268,370537.48000001,0
AR.V,D,20220808,000000,14.87283,15.68314,14.51247,15.12181,358211.02431745,0
AR.V,D,20220809,000000,15.16182,15.39215,14.24313,14.47289,390264.55584637,0
AR.V,D,20220810,000000,14.47289,15.70188,13.88347,15.54451,316923.43779754,0
AR.V,D,20220811,000000,15.54466,16.15598,14.77532,14.93702,632515.76919899,0
AR.V,D,20220812,000000,14.92701,14.96748,14.30715,14.72677,292596.19208202,0
AR.V,D,20220813,000000,14.73663,15.31888,14.42447,14.6157,356307.72771894,0
AR.V,D,20220814,000000,14.63571,14.84594,13.61313,13.80428,283436.99714246,0
AR.V,D,20220815,000000,13.80414,14.32387,13.56325,13.96321,240423.09358725,0
AR.V,D,20220816,000000,13.95349,14.08268,13.53298,13.93125,172624.66805681,0
AR.V,D,20220817,000000,13.94112,14.43202,13.09052,13.20106,290999.43664658,0
AR.V,D,20220818,000000,13.20092,13.5004,13.08026,13.39013,151314.88750138,0
AR.V,D,20220819,000000,13.39134,13.43,11.6,11.71117,542576.52088789,0
AR.V,D,20220820,000000,11.74117,12.27221,11.70047,12.13988,365508.82059322,0
AR.V,D,20220821,000000,12.13976,12.76962,11.8981,12.69975,226766.8966906,0
AR.V,D,20220822,000000,12.68975,12.81013,11.56931,11.85798,267392.91089586,0
AR.V,D,20220823,000000,11.87822,12.42988,11.67,12.41025,187471.71497389,0
AR.V,D,20220824,000000,12.40988,12.99078,12.19939,12.69114,245191.31246237,0
AR.V,D,20220825,000000,12.70114,12.88858,12.31062,12.40037,128144.49956217,0
AR.V,D,20220826,000000,12.39037,12.42,11.4292,11.63116,246075.6585069,0
AR.V,D,20220827,000000,11.64116,11.66082,10.90131,10.93033,339175.26503428,0
AR.V,D,20220828,000000,10.92022,11.08011,10.55926,10.68,198002.10797449,0
AR.V,D,20220829,000000,10.68,10.97132,10.0802,10.90076,265017.00858538,0
AR.V,D,20220830,000000,10.90109,11.02088,9.9711,10.20082,308070.71095786,0
AR.V,D,20220831,000000,10.22092,10.64011,9.9102,10.1199,276539.24612327,0
AR.V,D,20220901,000000,10.1199,10.29918,9.82951,10.09939,240288.86821929,0
AR.V,D,20220902,000000,10.10939,10.55179,9.82059,10.0016,241563.88454237,0
AR.V,D,20220903,000000,9.9816,10.26103,9.90089,10.07101,178119.50474895,0
AR.V,D,20220904,000000,10.08,10.25,9.9,10.21,154901.35747458,0
AR.V,D,20220905,000000,10.19,10.39,9.94,10.11101,189642.40780492,0
AR.V,D,20220906,000000,10.12101,10.48105,9.34906,9.41,369150.86078577,0
AR.V,D,20220907,000000,9.4,9.8099,9.26954,9.75068,222584.44281356,0
AR.V,D,20220908,000000,9.76068,10.07101,9.54086,9.92149,328117.93272618,0
AR.V,D,20220909,000000,9.93139,11.6022,9.90099,10.97373,728173.15692279,0
AR.V,D,20220910,000000,10.95383,11.3833,10.77431,11.25203,292096.98150983,0
AR.V,D,20220911,000000,11.29305,11.76353,10.87424,11.08277,430425.57961604,0
AR.V,D,20220912,000000,11.09266,11.6521,10.65181,10.79194,377523.24821037,0
AR.V,D,20220913,000000,10.79324,11.0222,9.68039,9.8501,400759.08228755,0
AR.V,D,20220914,000000,9.8102,9.9904,9.5201,9.76244,317110.93845485,0
AR.V,D,20220915,000000,9.77254,9.84226,9.30814,9.73912,183470.78086187,0
AR.V,D,20220916,000000,9.72932,10.26,9.58914,10.10899,215364.92841568,0
AR.V,D,20220917,000000,10.11899,10.34,9.94,10.14,182333.57341669,0
AR.V,D,20220918,000000,10.15,10.63894,9.37906,9.48,320946.57345654,0
AR.V,D,20220919,000000,9.48,9.961,9.13,9.67193,447529.9793157,0
AR.V,D,20220920,000000,9.67193,10.03,9.49095,9.52,357683.40906741,0
AR.V,D,20220921,000000,9.49,9.71097,8.98,9.01,446053.04691633,0
AR.V,D,20220922,000000,9,10.28,8.93,9.99,533292.95115404,0
AR.V,D,20220923,000000,9.99,10.38,9.75902,10.14898,455046.11205123,0
AR.V,D,20220924,000000,10.13899,10.33907,9.75107,9.78078,306236.77760485,0
AR.V,D,20220925,000000,9.78,9.9203,9.39972,9.4,287316.07062053,0
AR.V,D,20220926,000000,9.4,9.64,9.12091,9.34,358928.30798283,0
AR.V,D,20220927,000000,9.33,10.1,9.26,9.40906,495602.63406976,0
AR.V,D,20220928,000000,9.40906,9.48905,8.9791,9.36,467641.08953702,0
AR.V,D,20220929,000000,9.38,9.38,8.90089,9.0009,595251.76452311,0
AR.V,D,20220930,000000,9,9.87099,8.96,9.34,369335.0239417,0
AR.V,D,20221001,000000,9.32,9.44,9.19,9.29,120990.30414426,0
AR.V,D,20221002,000000,9.29,9.43094,9.13,9.28,164251.94791812,0
AR.V,D,20221003,000000,9.28,9.53095,8.95,9.51095,262772.67021233,0
AR.V,D,20221004,000000,9.51285,9.72292,9.44094,9.69291,155266.10764705,0
AR.V,D,20221005,000000,9.6829,9.74292,9.29,9.45094,192438.64897352,0
AR.V,D,20221006,000000,9.44189,9.70165,9.17119,9.17156,258445.13265181,0
AR.V,D,20221007,000000,9.17156,9.22157,8.97018,9.06127,152792.68961229,0
AR.V,D,20221008,000000,9.06091,9.15128,8.77088,8.82221,142153.72523347,0
AR.V,D,20221009,000000,8.7922,8.9818,8.76219,8.88178,130613.4542905,0
AR.V,D,20221010,000000,8.86177,9.0118,8.61086,8.93911,235032.0703871,0
AR.V,D,20221011,000000,8.92,8.92,8.4,8.65922,217780.18125168,0
AR.V,D,20221012,000000,8.63888,8.90991,8.5888,8.89027,91134.920450735,0
AR.V,D,20221013,000000,8.89036,9.9708,8.51991,9.9408,913456.04560244,0
AR.V,D,20221014,000000,9.9508,10.0007,9.42019,9.52038,427335.63819832,0
AR.V,D,20221015,000000,9.52038,9.9805,9.39066,9.66048,387331.60949829,0
AR.V,D,20221016,000000,9.66,10.1899,9.64039,9.9104,338333.68675651,0
AR.V,D,20221017,000000,9.9105,10.3,9.8101,9.9802,228711.31688278,0
AR.V,D,20221018,000000,9.98,10.37093,9.84059,10.22051,324359.90372303,0
AR.V,D,20221019,000000,10.23051,10.30082,9.9402,10.12,152272.2198744,0
AR.V,D,20221020,000000,10.0999,10.23,9.71961,10.09929,235137.22222729,0
AR.V,D,20221021,000000,10.11929,10.44084,9.74971,10.36062,210991.38212442,0
AR.V,D,20221022,000000,10.38073,10.58032,10.22051,10.29082,168095.93616879,0
AR.V,D,20221023,000000,10.28082,10.95066,10.24061,10.70139,159219.33492394,0
AR.V,D,20221024,000000,10.70139,10.78108,10.13091,10.26051,167925.0667168,0
AR.V,D,20221025,000000,10.23072,10.92371,10.0391,10.66352,190551.02799538,0
AR.V,D,20221026,000000,10.65362,11.03353,10.52284,10.65298,295719.1210349,0
AR.V,D,20221027,000000,10.64298,11.10233,10.1104,10.26062,494516.32252125,0
AR.V,D,20221028,000000,10.24061,10.50199,10.0307,10.27216,277738.0568316,0
AR.V,D,20221029,000000,10.28195,10.67363,10.12223,10.13233,422484.91211701,0
AR.V,D,20221030,000000,10.13243,11.33272,10.03261,10.39208,1097380.3636807,0
AR.V,D,20221031,000000,10.38208,10.47209,9.93139,10.33917,572139.86492415,0
AR.V,D,20221101,000000,10.37938,10.47843,10.10879,10.16888,222655.04846501,0
AR.V,D,20221102,000000,10.16888,10.49937,9.9,10.26938,967953.70352311,0
AR.V,D,20221103,000000,10.26938,17.77804,10.13939,14.28986,12180196.209061,0
AR.V,D,20221104,000000,14.33,17.66053,13.76041,14.9612,7023856.0210386,0
AR.V,D,20221105,000000,14.9512,16.37016,14.71132,15.11076,1942716.20215604,0
AR.V,D,20221106,000000,15.09091,17.38948,14.25171,14.43101,2603391.5322031123,0
AR.V,D,20221107,000000,14.37115,14.54102,13.20119,13.45161,1334457.1358424353,0
AR.V,D,20221108,000000,13.50405,14.1956,10.44356,11.55456,1517667.0697036758,0
AR.V,D,20221109,000000,11.50441,12.02147,8.99876,9.19607,1617429.3068592586,0
AR.V,D,20221110,000000,9.1503,11.83631,8.85918,10.67465,1735597.0054475558,0
AR.V,D,20221111,000000,10.65562,11.82229,9.23,9.61,1236914.3178240946,0
AR.V,D,20221112,000000,9.58383,9.72973,8.74423,9.06366,879033.5875096887,0
AR.V,D,20221113,000000,9.08362,9.19434,8.49894,8.75772,589123.2548795306,0
AR.V,D,20221114,000000,8.73775,9.33784,8.2967,8.92659,631465.0010928537,0
AR.V,D,20221115,000000,8.90617,9.51048,8.80765,9.25074,503982.4930823417,0
AR.V,D,20221116,000000,9.22077,10.66718,9.16999,9.42142,1535940.7155930279,0
AR.V,D,20221117,000000,9.42142,10.07224,9.32254,10.03197,828015.1615335657,0
AR.V,D,20221118,000000,10.01218,10.3718,9.8627,10.14832,451937.52930082934,0
AR.V,D,20221119,000000,10.1582,10.55858,9.68962,10.39907,444506.5432152408,0
AR.V,D,20221120,000000,10.41062,11.18701,9.35941,9.45561,1221895.7895814993,0
AR.V,D,20221121,000000,9.47567,9.76435,8.81083,9.01916,728463.7172702857,0
AR.V,D,20221122,000000,9.01916,9.28875,8.58959,9.06892,561460.720240931,0
AR.V,D,20221123,000000,9.06892,9.62853,8.97858,9.38975,874988.0359623526,0
AR.V,D,20221124,000000,9.41982,9.78129,8.93195,9.07237,925957.7578137836,0
AR.V,D,20221125,000000,9.09226,9.38371,8.83434,9.27471,477432.65015829,0
AR.V,D,20221126,000000,9.28461,9.52438,9.11453,9.17458,434999.14652757236,0
AR.V,D,20221127,000000,9.15469,9.60385,9.15469,9.40407,377750.5062439201,0
AR.V,D,20221128,000000,9.39408,9.64489,8.85513,9.16652,1016252.625601592,0
AR.V,D,20221129,000000,9.17651,9.4448,9.03602,9.12662,375900.1213326758,0
AR.V,D,20221130,000000,9.16652,9.68058,9.05982,9.68039,929633.2374738812,0
AR.V,D,20221201,000000,9.65029,9.8801,9.28991,9.36056,599078.6838345999,0
AR.V,D,20221202,000000,9.39047,9.59125,9.20092,9.54057,416448.4462909254,0
AR.V,D,20221203,000000,9.56057,9.62135,9.12091,9.20092,322999.98329801444,0
AR.V,D,20221204,000000,9.20092,9.31093,9.14091,9.23185,177425.52501063398,0
AR.V,D,20221205,000000,9.23185,9.48284,9.18064,9.37028,399161.37467201304,0
AR.V,D,20221206,000000,9.38094,9.86,9.29009,9.49981,676740.0387557138,0
AR.V,D,20221207,000000,9.51981,9.61981,8.78009,8.9,782064.2228238123,0
AR.V,D,20221208,000000,8.89,9.19138,8.8,9.18064,469821.96629267605,0
AR.V,D,20221209,000000,9.19064,9.26065,8.92036,8.95045,328300.1749111889,0
AR.V,D,20221210,000000,8.95036,9.00018,8.86991,8.89982,149556.2887984161,0
AR.V,D,20221211,000000,8.89982,9.00036,8.65086,8.70087,275842.07633158617,0
AR.V,D,20221212,000000,8.69087,8.77088,8.50085,8.73061,492221.33056022023,0
AR.V,D,20221213,000000,8.75061,9.09,8.33225,8.80789,879054.3314337922,0
AR.V,D,20221214,000000,8.82788,9.04855,8.73,8.75061,408189.8975891727,0
AR.V,D,20221215,000000,8.76061,8.77088,8.26083,8.28166,276078.7043855324,0
AR.V,D,20221216,000000,8.28083,8.41,7.52075,7.62076,580886.1840130687,0
AR.V,D,20221217,000000,7.62076,7.73108,7.28044,7.711,683754.7459870715,0
AR.V,D,20221218,000000,7.731,7.86039,7.63031,7.75093,197429.09716420714,0
AR.V,D,20221219,000000,7.75,7.84133,7.20007,7.24007,165460.1145798713,0
AR.V,D,20221220,000000,7.24986,7.64992,7.24014,7.36029,210686.2977342302,0
AR.V,D,20221221,000000,7.37037,7.44067,6.99993,7.02035,315325.90956968156,0
AR.V,D,20221222,000000,7.01035,7.19993,6.82932,6.96882,420370.71146361635,0
AR.V,D,20221223,000000,6.96882,7.05887,6.57928,6.60934,469036.17022222094,0
AR.V,D,20221224,000000,6.60934,6.61967,6.25962,6.26956,548807.2557759206,0
AR.V,D,20221225,000000,6.27962,6.49981,6.16889,6.29906,289863.04602619977,0
AR.V,D,20221226,000000,6.29924,6.73872,6.28925,6.61868,204375.2768114194,0
AR.V,D,20221227,000000,6.63874,6.72879,6.46871,6.64741,516313.05408016854,0
AR.V,D,20221228,000000,6.6574,6.75723,6.24806,6.38661,337667.83099813137,0
AR.V,D,20221229,000000,6.39667,6.61729,6.29742,6.42711,198650.5143816817,0
AR.V,D,20221230,000000,6.41711,6.47708,6.07702,6.19454,235378.29857211164,0
AR.V,D,20221231,000000,6.19744,6.28048,6.1757,6.20729,265197.9213917417,0
AR.V,D,20230101,000000,6.2016,6.39766,6.08493,6.33252,199933.85338315103,0
AR.V,D,20230102,000000,6.33542,6.74237,6.23074,6.63701,345682.913519291,0
AR.V,D,20230103,000000,6.6507,6.74634,6.53868,6.6607,310918.9424665006,0
AR.V,D,20230104,000000,6.662,7.03988,6.6577,6.88163,318096.73709428095,0
AR.V,D,20230105,000000,6.88153,7.05111,6.58373,6.67136,515468.20186344505,0
AR.V,D,20230106,000000,6.67296,6.87727,6.37849,6.86147,321915.1096957584,0
AR.V,D,20230107,000000,6.8671,6.93953,6.77637,6.90274,282600.47884698043,0
AR.V,D,20230108,000000,6.89914,7.25691,6.76612,7.24911,489938.0658275366,0
AR.V,D,20230109,000000,7.25305,7.80385,7.23837,7.62552,513360.79763291223,0
AR.V,D,20230110,000000,7.6084,7.75648,7.32243,7.47935,469754.44666558044,0
AR.V,D,20230111,000000,7.47112,7.69077,7.33934,7.62992,444414.2695190181,0
AR.V,D,20230112,000000,7.63947,8.10951,7.61878,7.91087,628539.2720287109,0
AR.V,D,20230113,000000,7.90071,8.371,7.79008,8.22074,805886.1904748424,0
AR.V,D,20230114,000000,8.23074,9.43085,8.23074,9.01045,1261881.5970868275,0
AR.V,D,20230115,000000,8.99045,9.53162,8.6413,9.10264,835148.1181377592,0
AR.V,D,20230116,000000,9.10273,9.38366,8.62052,8.96009,994526.2349328587,0
AR.V,D,20230117,000000,8.96009,9.76146,8.7607,9.40103,988280.0888878695,0
AR.V,D,20230118,000000,9.41104,9.62106,8.35925,8.75956,966235.7980502525,0
AR.V,D,20230119,000000,8.73948,9.30916,8.60974,8.88964,564861.5888416643,0
AR.V,D,20230120,000000,8.88964,9.41188,8.67983,9.29167,545464.2769782586,0
AR.V,D,20230121,000000,9.32168,9.94209,9.29223,9.42188,1326952.9581216741,0
AR.V,D,20230122,000000,9.41151,10.24195,9.21138,9.73195,1077518.213314084,0
AR.V,D,20230123,000000,9.72194,10.27123,9.65087,9.77147,612838.6990744077,0
AR.V,D,20230124,000000,9.78147,10.87,9.69136,9.82029,1023824.2556907933,0
AR.V,D,20230125,000000,9.80029,10.60106,9.33196,10.11162,1441231.4507806534,0
AR.V,D,20230126,000000,10.09172,10.47188,9.81059,10.0308,777973.4555318949,0
AR.V,D,20230127,000000,10.0209,10.29247,9.79196,10.15497,533706.2888541628,0
AR.V,D,20230128,000000,10.14385,10.58233,9.90228,10.18193,600266.0971534146,0
AR.V,D,20230129,000000,10.19204,10.96033,10.10232,10.94044,683246.3873583433,0
AR.V,D,20230130,000000,10.95055,11.20067,9.80049,9.9407,1030096.8564291209,0
AR.V,D,20230131,000000,9.9307,10.77032,9.91079,10.64096,445815.65112554625,0
AR.V,D,20230201,000000,10.66096,12.8409,10.48021,12.53075,4709451.42998012,0
AR.V,D,20230202,000000,12.55063,12.78192,11.96287,12.5125,3437399.0628801896,0
AR.V,D,20230203,000000,12.5125,12.69025,11.71012,12.451,1643177.1668126888,0
AR.V,D,20230204,000000,12.441,12.61101,12.02084,12.2311,569037.6147940311,0
AR.V,D,20230205,000000,12.23098,12.2611,11.2128,11.53288,691969.3924279189,0
AR.V,D,20230206,000000,11.523,11.86285,11.15033,11.15045,712514.4618397476,0
AR.V,D,20230207,000000,11.15045,12.80038,10.96077,12.60088,1581689.5629380422,0
AR.V,D,20230208,000000,12.60076,13.58027,11.46023,11.75082,2204733.891082347,0
AR.V,D,20230209,000000,11.79071,12.14036,10.03201,10.17102,890899.7361623256,0
AR.V,D,20230210,000000,10.20102,10.68203,10.18244,10.40156,825547.939099479,0
AR.V,D,20230211,000000,10.4,12.04144,10.37156,11.65117,1272237.4766652917,0
AR.V,D,20230212,000000,11.66117,11.77118,10.93153,11.09089,577054.5327574352,0
AR.V,D,20230213,000000,11.10111,11.2618,10.02721,10.23563,768870.8687991104,0
AR.V,D,20230214,000000,10.23563,11.28733,10.2051,11.19436,804079.2825404763,0
AR.V,D,20230215,000000,11.22449,12.17195,10.98395,12.08217,1120951.3066095437,0
AR.V,D,20230216,000000,12.08217,12.88116,11.68385,11.68385,1142403.996682198,0
AR.V,D,20230217,000000,11.68397,14.06042,11.37125,13.62123,3738976.0782750854,0
AR.V,D,20230218,000000,13.60136,13.77289,12.23245,12.44211,1535086.145528751,0
AR.V,D,20230219,000000,12.44199,13.84263,12.35185,12.7128,3656956.265188943,0
AR.V,D,20230220,000000,12.7128,13.24146,12.23367,12.56038,1499492.0324282346,0
AR.V,D,20230221,000000,12.5305,12.79153,11.41228,11.6421,1262532.5937082511,0
AR.V,D,20230222,000000,11.6421,12.04169,10.73011,11.15,789631.0799891606,0
AR.V,D,20230223,000000,11.14989,11.4708,10.73118,10.92142,1084236.8972151533,0
AR.V,D,20230224,000000,10.90153,11.15089,10.0505,10.1198,899434.3413009226,0
AR.V,D,20230225,000000,10.1299,10.34072,9.40141,9.80069,716548.819145697,0
AR.V,D,20230226,000000,9.82098,10.33103,9.76029,10.14061,623448.5196504846,0
AR.V,D,20230227,000000,10.17051,10.76043,9.90119,10.43063,1701847.8854579942,0
AR.V,D,20230228,000000,10.41062,10.64979,9.74088,9.85167,1416300.7183710036,0
AR.V,D,20230301,000000,9.84187,10.45115,9.77137,10.08131,853107.7567642116,0
AR.V,D,20230302,000000,10.06131,10.20143,9.43934,9.68087,826666.9971418527,0
AR.V,D,20230303,000000,9.69078,9.89079,8.42059,9.10055,2517808.6074212566,0
AR.V,D,20230304,000000,9.11055,9.25046,8.59043,8.78061,592924.2824673501,0
AR.V,D,20230305,000000,8.77061,9.28084,8.73061,8.75096,732169.463988827,0
AR.V,D,20230306,000000,8.71096,8.96928,8.52111,8.73948,1185680.8473123307,0
AR.V,D,20230307,000000,8.73913,9,8.13976,8.27959,1029243.6066611926,0
AR.V,D,20230308,000000,8.26959,8.43067,7.43918,7.5297,1126474.9816958138,0
AR.V,D,20230309,000000,7.53925,8.05847,7.21834,7.33066,985623.1642333207,0
AR.V,D,20230310,000000,7.32073,7.66253,6.89945,7.63747,1245729.0370911374,0
AR.V,D,20230311,000000,7.6469,7.88574,7.0707,7.50401,1091144.0589905728,0
AR.V,D,20230312,000000,7.50498,8.05042,7.40235,7.96519,832129.203743588,0
AR.V,D,20230313,000000,7.97529,8.77889,7.87258,8.71463,1721548.781875941,0
AR.V,D,20230314,000000,8.71463,9.3491,8.25934,8.86638,1748741.524311625,0
AR.V,D,20230315,000000,8.86691,8.99136,7.53639,7.83315,1616566.3184874647,0
AR.V,D,20230316,000000,7.82272,8.93406,7.75706,8.67171,1440850.0261995292,0
AR.V,D,20230317,000000,8.69124,9.41526,8.5187,9.32781,1535407.6663105842,0
AR.V,D,20230318,000000,9.33793,9.79306,8.86387,9.027,1082838.4103851342,0
AR.V,D,20230319,000000,9.03703,9.24766,8.8249,9.12757,734564.564797004,0
AR.V,D,20230320,000000,9.11754,9.27664,8.41953,8.61132,995393.0853064364,0
AR.V,D,20230321,000000,8.62144,8.96384,8.35112,8.78803,578001.4614846767,0
AR.V,D,20230322,000000,8.81804,8.90895,8.24515,8.43304,580418.1960294077,0
AR.V,D,20230323,000000,8.42302,8.85296,8.3123,8.48779,1004700.5931880674,0
AR.V,D,20230324,000000,8.48762,8.63646,7.8986,8.05837,659297.1431294832,0
AR.V,D,20230325,000000,8.04892,8.1881,7.88859,7.9276,213433.14455931587,0
AR.V,D,20230326,000000,7.92408,8.30757,7.90596,8.19715,187000.93945347905,0
AR.V,D,20230327,000000,8.21663,8.3238,7.60795,7.80397,268329.15034119616,0
AR.V,D,20230328,000000,7.79716,8.19051,7.62264,8.05076,294060.806545711,0
AR.V,D,20230329,000000,8.04574,8.66412,8.04428,8.62845,303818.28314659296,0
AR.V,D,20230330,000000,8.61448,8.62454,8.07163,8.16789,375066.3472863119,0
AR.V,D,20230331,000000,8.17101,8.73615,8.06244,8.73463,259616.43841217828,0
AR.V,D,20230401,000000,8.73033,9.01926,8.54175,8.6583,715370.457792039,0
AR.V,D,20230402,000000,8.66222,8.90185,8.20558,8.24061,445388.44699088146,0
AR.V,D,20230403,000000,8.24091,8.44871,8.08587,8.2157,359355.15320632077,0
AR.V,D,20230404,000000,8.23321,8.75306,8.15522,8.48432,466686.6066395289,0
AR.V,D,20230405,000000,8.48432,8.74176,8.29557,8.44664,199109.84368149142,0
AR.V,D,20230406,000000,8.44923,8.60073,8.23973,8.33543,223796.93481422853,0
AR.V,D,20230407,000000,8.33292,8.53156,8.24578,8.40131,329692.10864500015,0
AR.V,D,20230408,000000,8.4006,8.64782,8.28578,8.30862,262684.6397826268,0
AR.V,D,20230409,000000,8.30714,8.4754,8.1944,8.4731,231855.81316778462,0
AR.V,D,20230410,000000,8.48373,8.87692,8.32799,8.7872,750376.3223509946,0
AR.V,D,20230411,000000,8.79721,8.88666,8.62759,8.67858,415381.01586694625,0
AR.V,D,20230412,000000,8.66857,8.71949,8.24915,8.54666,238309.19030458803,0
AR.V,D,20230413,000000,8.53645,8.98208,8.43275,8.93817,364709.6914001623,0
AR.V,D,20230414,000000,8.93857,9.24942,8.8167,9.05751,665882.7218350237,0
AR.V,D,20230415,000000,9.05751,9.22848,8.91766,9.07816,461502.54039644316,0
AR.V,D,20230416,000000,9.07807,9.45652,9.06734,9.4164,493187.46743562055,0
AR.V,D,20230417,000000,9.4163,9.49721,8.925,9.06544,481613.37608343473,0
AR.V,D,20230418,000000,9.09536,9.38375,8.93393,9.18156,590416.7120500116,0
AR.V,D,20230419,000000,9.19147,9.23369,8.14,8.30432,754506.8961941622,0
