<TICKER>,<PER>,<DATE>,<TIME>,<OPEN>,<HIGH>,<LOW>,<CLOSE>,<VOL>,<OPENINT>
AUDIO.V,D,20210108,000000,0.1806,0.192,0.1766,0.1917,0,0
AUDIO.V,D,20210109,000000,0.1917,0.1951,0.1744,0.1833,0,0
AUDIO.V,D,20210110,000000,0.1833,0.2095,0.1822,0.1931,0,0
AUDIO.V,D,20210111,000000,0.1931,0.1954,0.1612,0.1681,0,0
AUDIO.V,D,20210112,000000,0.1681,0.1812,0.166,0.1694,0,0
AUDIO.V,D,20210113,000000,0.1694,0.178,0.1626,0.1741,0,0
AUDIO.V,D,20210114,000000,0.1741,0.1822,0.1684,0.1745,0,0
AUDIO.V,D,20210115,000000,0.1745,0.1898,0.1668,0.1835,0,0
AUDIO.V,D,20210116,000000,0.1835,0.2,0.178,0.1879,0,0
AUDIO.V,D,20210117,000000,0.1879,0.19,0.1683,0.1827,0,0
AUDIO.V,D,20210118,000000,0.1827,0.2152,0.1806,0.2082,0,0
AUDIO.V,D,20210119,000000,0.2082,0.2147,0.187,0.1943,0,0
AUDIO.V,D,20210120,000000,0.1943,0.1956,0.1748,0.1873,0,0
AUDIO.V,D,20210121,000000,0.1873,0.22,0.1801,0.2073,0,0
AUDIO.V,D,20210122,000000,0.2073,0.2402,0.2012,0.2152,0,0
AUDIO.V,D,20210123,000000,0.2152,0.2191,0.1995,0.2048,0,0
AUDIO.V,D,20210124,000000,0.2048,0.2161,0.1997,0.2067,0,0
AUDIO.V,D,20210125,000000,0.2067,0.21,0.196,0.1968,0,0
AUDIO.V,D,20210126,000000,0.1968,0.2563,0.1892,0.2487,0,0
AUDIO.V,D,20210127,000000,0.2487,0.2864,0.2141,0.217,0,0
AUDIO.V,D,20210128,000000,0.217,0.244,0.2099,0.2224,0,0
AUDIO.V,D,20210129,000000,0.2224,0.2239,0.2025,0.209,0,0
AUDIO.V,D,20210130,000000,0.209,0.2202,0.207,0.2144,0,0
AUDIO.V,D,20210131,000000,0.2144,0.2292,0.2075,0.2137,0,0
AUDIO.V,D,20210201,000000,0.2137,0.2173,0.2051,0.2121,0,0
AUDIO.V,D,20210202,000000,0.2121,0.2204,0.2054,0.2146,0,0
AUDIO.V,D,20210203,000000,0.2146,0.2352,0.2113,0.2264,0,0
AUDIO.V,D,20210204,000000,0.2264,0.2572,0.2202,0.2456,0,0
AUDIO.V,D,20210205,000000,0.2456,0.282,0.2452,0.275,0,0
AUDIO.V,D,20210206,000000,0.275,0.2773,0.2446,0.2494,0,0
AUDIO.V,D,20210207,000000,0.2494,0.3331,0.2475,0.2945,0,0
AUDIO.V,D,20210208,000000,0.2945,0.3556,0.2873,0.2991,0,0
AUDIO.V,D,20210209,000000,0.2991,0.3408,0.2907,0.3212,0,0
AUDIO.V,D,20210210,000000,0.3212,0.4004,0.3153,0.3831,0,0
AUDIO.V,D,20210211,000000,0.3831,0.4033,0.373,0.3903,0,0
AUDIO.V,D,20210212,000000,0.3903,0.4079,0.3607,0.4,0,0
AUDIO.V,D,20210213,000000,0.4,0.4257,0.3926,0.4006,0,0
AUDIO.V,D,20210214,000000,0.4006,0.4036,0.3527,0.3594,0,0
AUDIO.V,D,20210215,000000,0.3594,0.3647,0.3186,0.3494,0,0
AUDIO.V,D,20210216,000000,0.3494,0.3568,0.339,0.3464,0,0
AUDIO.V,D,20210217,000000,0.3464,0.3642,0.3375,0.3582,0,0
AUDIO.V,D,20210218,000000,0.3582,0.4536,0.34,0.446,0,0
AUDIO.V,D,20210219,000000,0.446,0.5,0.4262,0.4559,0,0
AUDIO.V,D,20210220,000000,0.4559,0.4572,0.401,0.4087,0,0
AUDIO.V,D,20210221,000000,0.4087,0.4453,0.4068,0.4245,0,0
AUDIO.V,D,20210222,000000,0.4245,0.4493,0.3395,0.413,0,0
AUDIO.V,D,20210223,000000,0.413,0.4154,0.3607,0.3843,0,0
AUDIO.V,D,20210224,000000,0.3843,0.4294,0.3765,0.426,0,0
AUDIO.V,D,20210225,000000,0.426,0.4885,0.4247,0.465,0,0
AUDIO.V,D,20210226,000000,0.465,0.5399,0.4454,0.4567,0,0
AUDIO.V,D,20210227,000000,0.4567,0.4724,0.3917,0.406,0,0
AUDIO.V,D,20210228,000000,0.406,0.4083,0.3477,0.3804,0,0
AUDIO.V,D,20210301,000000,0.3804,0.42,0.375,0.4027,0,0
AUDIO.V,D,20210302,000000,0.4027,0.4581,0.4013,0.4571,0,0
AUDIO.V,D,20210303,000000,0.4571,0.5268,0.4558,0.4983,0,0
AUDIO.V,D,20210304,000000,0.4983,0.79,0.4568,0.6087,0,0
AUDIO.V,D,20210305,000000,0.6087,0.7307,0.5477,0.6006,0,0
AUDIO.V,D,20210306,000000,0.6006,1.259,0.5981,1.026,0,0
AUDIO.V,D,20210307,000000,1.026,1.029,0.8451,0.879,0,0
AUDIO.V,D,20210308,000000,0.879,0.963,0.8667,0.9427,0,0
AUDIO.V,D,20210309,000000,0.9427,1.374,0.9161,1.087,0,0
AUDIO.V,D,20210310,000000,1.087,1.155,0.9415,1.013,0,0
AUDIO.V,D,20210311,000000,1.013,1.13,0.9371,1.078,0,0
AUDIO.V,D,20210312,000000,1.078,1.137,0.9546,1.012,0,0
AUDIO.V,D,20210313,000000,1.012,1.598,0.9762,1.463,0,0
AUDIO.V,D,20210314,000000,1.463,1.536,1.303,1.408,0,0
AUDIO.V,D,20210315,000000,1.408,1.904,1.18,1.767,0,0
AUDIO.V,D,20210316,000000,1.767,2.057,1.6,1.729,0,0
AUDIO.V,D,20210317,000000,1.729,1.749,1.427,1.63,0,0
AUDIO.V,D,20210318,000000,1.63,1.775,1.477,1.506,0,0
AUDIO.V,D,20210319,000000,1.506,1.618,1.467,1.536,0,0
AUDIO.V,D,20210320,000000,1.536,1.61,1.395,1.399,0,0
AUDIO.V,D,20210321,000000,1.399,1.561,1.288,1.554,0,0
AUDIO.V,D,20210322,000000,1.554,1.988,1.54,1.752,0,0
AUDIO.V,D,20210323,000000,1.752,1.89,1.639,1.876,0,0
AUDIO.V,D,20210324,000000,1.876,2.458,1.717,2.054,0,0
AUDIO.V,D,20210325,000000,2.054,2.55,1.85,2.38,0,0
AUDIO.V,D,20210326,000000,2.38,3.475,2.326,2.997,0,0
AUDIO.V,D,20210327,000000,2.997,4.99,2.917,4.03,0,0
AUDIO.V,D,20210328,000000,4.03,4.211,3.402,3.672,0,0
AUDIO.V,D,20210329,000000,3.672,3.77,3.241,3.326,0,0
AUDIO.V,D,20210330,000000,3.326,3.645,3.143,3.424,0,0
AUDIO.V,D,20210331,000000,3.424,3.47,2.992,3.164,0,0
AUDIO.V,D,20210401,000000,3.164,3.459,3.012,3.127,0,0
AUDIO.V,D,20210402,000000,3.127,3.436,3.031,3.185,0,0
AUDIO.V,D,20210403,000000,3.185,3.43,3.006,3.086,0,0
AUDIO.V,D,20210404,000000,3.086,3.192,3.027,3.051,0,0
AUDIO.V,D,20210405,000000,3.051,3.075,2.73,2.756,0,0
AUDIO.V,D,20210406,000000,2.756,2.77,2.38,2.394,0,0
AUDIO.V,D,20210407,000000,2.394,2.696,2.119,2.47,0,0
AUDIO.V,D,20210408,000000,2.47,2.767,2.23,2.431,0,0
AUDIO.V,D,20210409,000000,2.431,2.599,2.352,2.388,0,0
AUDIO.V,D,20210410,000000,2.388,2.55,2.27,2.353,0,0
AUDIO.V,D,20210411,000000,2.353,2.368,2.178,2.264,0,0
AUDIO.V,D,20210412,000000,2.264,3.186,2.236,2.631,0,0
AUDIO.V,D,20210413,000000,2.631,2.848,2.447,2.611,0,0
AUDIO.V,D,20210414,000000,2.611,2.697,2.37,2.5,0,0
AUDIO.V,D,20210415,000000,2.5,2.693,2.438,2.618,0,0
AUDIO.V,D,20210416,000000,2.618,2.633,2.346,2.48,0,0
AUDIO.V,D,20210417,000000,2.48,2.504,2.361,2.368,0,0
AUDIO.V,D,20210418,000000,2.368,2.385,1.998,2.166,0,0
AUDIO.V,D,20210419,000000,2.166,2.291,1.923,1.926,0,0
AUDIO.V,D,20210420,000000,1.926,2.052,1.762,1.897,0,0
AUDIO.V,D,20210421,000000,1.897,1.981,1.738,1.753,0,0
AUDIO.V,D,20210422,000000,1.753,2.13,1.672,1.702,0,0
AUDIO.V,D,20210423,000000,1.702,1.749,1.421,1.606,0,0
AUDIO.V,D,20210424,000000,1.606,2.102,1.53,1.929,0,0
AUDIO.V,D,20210425,000000,1.929,2.272,1.766,1.942,0,0
AUDIO.V,D,20210426,000000,1.942,2.502,1.92,2.28,0,0
AUDIO.V,D,20210427,000000,2.28,2.488,2.165,2.441,0,0
AUDIO.V,D,20210428,000000,2.441,2.467,2.107,2.268,0,0
AUDIO.V,D,20210429,000000,2.268,2.394,2.114,2.215,0,0
AUDIO.V,D,20210430,000000,2.215,2.397,2.168,2.275,0,0
AUDIO.V,D,20210501,000000,2.275,2.85,2.229,2.665,0,0
AUDIO.V,D,20210502,000000,2.665,3.093,2.492,2.684,0,0
AUDIO.V,D,20210503,000000,2.684,2.87,2.558,2.63,0,0
AUDIO.V,D,20210504,000000,2.63,2.637,2.199,2.271,0,0
AUDIO.V,D,20210505,000000,2.271,2.464,2.231,2.433,0,0
AUDIO.V,D,20210506,000000,2.433,2.553,2.302,2.347,0,0
AUDIO.V,D,20210507,000000,2.347,2.399,2.228,2.281,0,0
AUDIO.V,D,20210508,000000,2.281,2.382,2.171,2.226,0,0
AUDIO.V,D,20210509,000000,2.226,2.325,2.054,2.154,0,0
AUDIO.V,D,20210510,000000,2.154,2.566,1.993,2.079,0,0
AUDIO.V,D,20210511,000000,2.079,2.173,1.967,2.148,0,0
AUDIO.V,D,20210512,000000,2.148,2.186,1.8,1.802,0,0
AUDIO.V,D,20210513,000000,1.802,1.948,1.7,1.813,0,0
AUDIO.V,D,20210514,000000,1.813,2.106,1.802,2.001,0,0
AUDIO.V,D,20210515,000000,2.001,2.023,1.758,1.802,0,0
AUDIO.V,D,20210516,000000,1.802,1.932,1.622,1.717,0,0
AUDIO.V,D,20210517,000000,1.717,1.816,1.714,1.816,0,0
AUDIO.V,D,20210518,000000,1.816,2.059,1.816,2.059,0,0
AUDIO.V,D,20210519,000000,2.059,2.062,0.982,1.26,0,0
AUDIO.V,D,20210520,000000,1.26,1.505,1.162,1.427,0,0
AUDIO.V,D,20210521,000000,1.427,1.5,1.079,1.212,0,0
AUDIO.V,D,20210522,000000,1.212,1.237,1.066,1.097,0,0
AUDIO.V,D,20210523,000000,1.097,1.138,0.7335,0.9157,0,0
AUDIO.V,D,20210524,000000,0.9157,1.171,0.8863,1.162,0,0
AUDIO.V,D,20210525,000000,1.162,1.197,1.019,1.176,0,0
AUDIO.V,D,20210526,000000,1.176,1.294,1.143,1.269,0,0
AUDIO.V,D,20210527,000000,1.269,1.36,1.153,1.225,0,0
AUDIO.V,D,20210528,000000,1.225,1.235,1.024,1.055,0,0
AUDIO.V,D,20210529,000000,1.055,1.099,0.9221,0.9611,0,0
AUDIO.V,D,20210530,000000,0.9611,1.093,0.9018,1.003,0,0
AUDIO.V,D,20210531,000000,1.003,1.079,0.943,1.067,0,0
AUDIO.V,D,20210601,000000,1.067,1.2,1.024,1.109,0,0
AUDIO.V,D,20210602,000000,1.109,1.188,1.093,1.173,0,0
AUDIO.V,D,20210603,000000,1.173,1.27,1.146,1.174,0,0
AUDIO.V,D,20210604,000000,1.174,1.186,1.04,1.078,0,0
AUDIO.V,D,20210605,000000,1.078,1.133,1.015,1.039,0,0
AUDIO.V,D,20210606,000000,1.039,1.1,1.032,1.09,0,0
AUDIO.V,D,20210607,000000,1.09,1.132,0.9909,0.9983,0,0
AUDIO.V,D,20210608,000000,0.9983,1.094,0.9087,0.9982,0,0
AUDIO.V,D,20210609,000000,0.9982,1.062,0.9636,1.054,0,0
AUDIO.V,D,20210610,000000,1.054,1.064,0.9793,0.9971,0,0
AUDIO.V,D,20210611,000000,0.9971,1.237,0.9734,1.034,0,0
AUDIO.V,D,20210612,000000,1.034,1.06,0.9618,0.9851,0,0
AUDIO.V,D,20210613,000000,0.9851,1.04,0.967,1.03,0,0
AUDIO.V,D,20210614,000000,1.03,1.217,1.021,1.118,0,0
AUDIO.V,D,20210615,000000,1.118,1.129,1.063,1.073,0,0
AUDIO.V,D,20210616,000000,1.073,1.134,1.011,1.017,0,0
AUDIO.V,D,20210617,000000,1.017,1.085,0.9666,1.02,0,0
AUDIO.V,D,20210618,000000,1.02,1.046,0.883,0.9142,0,0
AUDIO.V,D,20210619,000000,0.9142,0.9427,0.8885,0.8896,0,0
AUDIO.V,D,20210620,000000,0.8896,0.9107,0.8157,0.8938,0,0
AUDIO.V,D,20210621,000000,0.8938,0.9034,0.7407,0.7448,0,0
AUDIO.V,D,20210622,000000,0.7448,0.7997,0.5906,0.6647,0,0
AUDIO.V,D,20210623,000000,0.6647,0.78,0.6485,0.728,0,0
AUDIO.V,D,20210624,000000,0.728,0.7475,0.7001,0.7295,0,0
AUDIO.V,D,20210625,000000,0.7295,0.7446,0.6515,0.6582,0,0
AUDIO.V,D,20210626,000000,0.6582,0.7352,0.6379,0.71,0,0
AUDIO.V,D,20210627,000000,0.71,0.7617,0.6654,0.7463,0,0
AUDIO.V,D,20210628,000000,0.7463,0.8694,0.732,0.7682,0,0
AUDIO.V,D,20210629,000000,0.7682,0.8426,0.763,0.7983,0,0
AUDIO.V,D,20210630,000000,0.7983,0.8137,0.7383,0.7848,0,0
AUDIO.V,D,20210701,000000,0.7848,0.8083,0.7344,0.7583,0,0
AUDIO.V,D,20210702,000000,0.7583,0.8537,0.7512,0.8245,0,0
AUDIO.V,D,20210703,000000,0.8245,0.8836,0.8184,0.8682,0,0
AUDIO.V,D,20210704,000000,0.8682,0.8988,0.8418,0.8489,0,0
AUDIO.V,D,20210705,000000,0.8489,0.8595,0.7815,0.789,0,0
AUDIO.V,D,20210706,000000,0.789,0.8521,0.7861,0.8506,0,0
AUDIO.V,D,20210707,000000,0.8506,1.06,0.8319,0.9121,0,0
AUDIO.V,D,20210708,000000,0.9121,0.9274,0.8097,0.8289,0,0
AUDIO.V,D,20210709,000000,0.8289,0.8647,0.7854,0.8485,0,0
AUDIO.V,D,20210710,000000,0.8485,0.8665,0.8004,0.8226,0,0
AUDIO.V,D,20210711,000000,0.8226,1.083,0.8108,1.005,0,0
AUDIO.V,D,20210712,000000,1.005,1.044,0.9084,0.928,0,0
AUDIO.V,D,20210713,000000,0.928,1.412,0.91,1.266,0,0
AUDIO.V,D,20210714,000000,1.266,1.407,1.092,1.281,0,0
AUDIO.V,D,20210715,000000,1.281,1.34,1.089,1.141,0,0
AUDIO.V,D,20210716,000000,1.141,1.16,0.9556,0.9638,0,0
AUDIO.V,D,20210717,000000,0.9638,0.9794,0.9009,0.9086,0,0
AUDIO.V,D,20210718,000000,0.9086,1.171,0.9067,1.044,0,0
AUDIO.V,D,20210719,000000,1.044,1.062,0.8866,0.8896,0,0
AUDIO.V,D,20210720,000000,0.8896,0.9185,0.79,0.8269,0,0
AUDIO.V,D,20210721,000000,0.8269,0.9743,0.8083,0.9269,0,0
AUDIO.V,D,20210722,000000,0.9269,1.03,0.8953,0.9476,0,0
AUDIO.V,D,20210723,000000,0.9476,1.03,0.8921,1.027,0,0
AUDIO.V,D,20210724,000000,1.027,1.268,0.9992,1.111,0,0
AUDIO.V,D,20210725,000000,1.111,1.3,1.041,1.253,0,0
AUDIO.V,D,20210726,000000,1.253,1.334,1.1,1.12,0,0
AUDIO.V,D,20210727,000000,1.12,1.243,1.047,1.207,0,0
AUDIO.V,D,20210728,000000,1.207,1.22,1.097,1.126,0,0
AUDIO.V,D,20210729,000000,1.126,1.194,1.104,1.125,0,0
AUDIO.V,D,20210730,000000,1.125,1.141,1.059,1.122,0,0
AUDIO.V,D,20210731,000000,1.122,1.215,1.109,1.162,0,0
AUDIO.V,D,20210801,000000,1.162,1.201,1.103,1.123,0,0
AUDIO.V,D,20210802,000000,1.123,1.165,1.106,1.121,0,0
AUDIO.V,D,20210803,000000,1.121,1.135,1.051,1.075,0,0
AUDIO.V,D,20210804,000000,1.075,1.167,1.052,1.141,0,0
AUDIO.V,D,20210805,000000,1.141,1.172,1.081,1.172,0,0
AUDIO.V,D,20210806,000000,1.172,1.4,1.163,1.348,0,0
AUDIO.V,D,20210807,000000,1.348,1.449,1.273,1.346,0,0
AUDIO.V,D,20210808,000000,1.346,1.358,1.202,1.266,0,0
AUDIO.V,D,20210809,000000,1.266,1.438,1.224,1.353,0,0
AUDIO.V,D,20210810,000000,1.353,1.483,1.323,1.462,0,0
AUDIO.V,D,20210811,000000,1.462,1.749,1.45,1.562,0,0
AUDIO.V,D,20210812,000000,1.531,1.54,1.41,1.478,0,0
AUDIO.V,D,20210813,000000,1.478,1.762,1.453,1.702,0,0
AUDIO.V,D,20210814,000000,1.702,1.745,1.552,1.59,0,0
AUDIO.V,D,20210815,000000,1.59,1.638,1.508,1.604,0,0
AUDIO.V,D,20210816,000000,1.604,2.989,1.58,2.735,0,0
AUDIO.V,D,20210817,000000,2.735,4.069,2.503,2.87,0,0
AUDIO.V,D,20210818,000000,2.87,3.559,2.605,3.064,0,0
AUDIO.V,D,20210819,000000,3.064,3.689,2.973,3.294,0,0
AUDIO.V,D,20210820,000000,3.294,3.439,3.125,3.156,0,0
AUDIO.V,D,20210821,000000,3.156,3.163,2.862,2.872,0,0
AUDIO.V,D,20210822,000000,2.872,2.989,2.703,2.823,0,0
AUDIO.V,D,20210823,000000,2.823,3.249,2.813,3.084,0,0
AUDIO.V,D,20210824,000000,3.084,3.09,2.658,2.715,0,0
AUDIO.V,D,20210825,000000,2.715,2.882,2.551,2.747,0,0
AUDIO.V,D,20210826,000000,2.747,2.82,2.362,2.427,0,0
AUDIO.V,D,20210827,000000,2.427,2.639,2.241,2.548,0,0
AUDIO.V,D,20210828,000000,2.548,3.149,2.455,2.935,0,0
AUDIO.V,D,20210829,000000,2.935,3.102,2.693,2.832,0,0
AUDIO.V,D,20210830,000000,2.832,2.832,2.48,2.513,0,0
AUDIO.V,D,20210831,000000,2.513,2.746,2.387,2.46,0,0
AUDIO.V,D,20210901,000000,2.46,2.577,2.35,2.541,0,0
AUDIO.V,D,20210902,000000,2.541,2.76,2.469,2.63,0,0
AUDIO.V,D,20210903,000000,2.63,3.086,2.553,2.848,0,0
AUDIO.V,D,20210904,000000,2.848,2.93,2.719,2.774,0,0
AUDIO.V,D,20210905,000000,2.774,2.922,2.734,2.868,0,0
AUDIO.V,D,20210906,000000,2.868,3.019,2.517,2.682,0,0
AUDIO.V,D,20210907,000000,2.682,2.825,1.833,2.086,0,0
AUDIO.V,D,20210908,000000,2.086,2.25,1.858,2.144,0,0
AUDIO.V,D,20210909,000000,2.144,2.549,2.108,2.45,0,0
AUDIO.V,D,20210910,000000,2.45,2.519,2.133,2.2,0,0
AUDIO.V,D,20210911,000000,2.2,2.342,2.177,2.281,0,0
AUDIO.V,D,20210912,000000,2.281,2.425,2.218,2.294,0,0
AUDIO.V,D,20210913,000000,2.294,2.318,2.003,2.139,0,0
AUDIO.V,D,20210914,000000,2.139,2.257,2.126,2.193,0,0
AUDIO.V,D,20210915,000000,2.193,2.268,2.103,2.258,0,0
AUDIO.V,D,20210916,000000,2.258,3.025,2.234,2.962,0,0
AUDIO.V,D,20210917,000000,2.962,3.216,2.587,2.694,0,0
AUDIO.V,D,20210918,000000,2.694,2.897,2.632,2.725,0,0
AUDIO.V,D,20210919,000000,2.725,3.144,2.629,3.056,0,0
AUDIO.V,D,20210920,000000,3.056,3.149,2.211,2.308,0,0
AUDIO.V,D,20210921,000000,2.308,2.546,1.933,1.99,0,0
AUDIO.V,D,20210922,000000,1.99,2.38,1.955,2.299,0,0
AUDIO.V,D,20210923,000000,2.299,2.405,2.177,2.301,0,0
AUDIO.V,D,20210924,000000,2.301,2.307,1.932,2.123,0,0
AUDIO.V,D,20210925,000000,2.123,2.182,2.015,2.081,0,0
AUDIO.V,D,20210926,000000,2.081,2.166,1.917,2.062,0,0
AUDIO.V,D,20210927,000000,2.062,2.196,2.001,2.006,0,0
AUDIO.V,D,20210928,000000,2.006,2.114,1.91,1.924,0,0
AUDIO.V,D,20210929,000000,1.924,2.068,1.905,1.964,0,0
AUDIO.V,D,20210930,000000,1.964,2.159,1.949,2.098,0,0
AUDIO.V,D,20211001,000000,2.098,2.372,2.092,2.355,0,0
AUDIO.V,D,20211002,000000,2.355,2.462,2.256,2.307,0,0
AUDIO.V,D,20211003,000000,2.307,2.573,2.236,2.378,0,0
AUDIO.V,D,20211004,000000,2.378,2.379,2.215,2.244,0,0
AUDIO.V,D,20211005,000000,2.244,2.325,2.157,2.212,0,0
AUDIO.V,D,20211006,000000,2.212,2.352,2.016,2.152,0,0
AUDIO.V,D,20211007,000000,2.152,2.225,2.073,2.11,0,0
AUDIO.V,D,20211008,000000,2.11,2.173,2.069,2.105,0,0
AUDIO.V,D,20211009,000000,2.105,2.169,2.076,2.122,0,0
AUDIO.V,D,20211010,000000,2.122,2.125,1.963,1.973,0,0
AUDIO.V,D,20211011,000000,1.973,2.084,1.928,2.018,0,0
AUDIO.V,D,20211012,000000,2.018,2.018,1.83,1.961,0,0
AUDIO.V,D,20211013,000000,1.961,2.038,1.889,2.004,0,0
AUDIO.V,D,20211014,000000,2.004,2.123,1.996,2.034,0,0
AUDIO.V,D,20211015,000000,2.034,2.129,1.953,2.048,0,0
AUDIO.V,D,20211016,000000,2.048,2.174,2.019,2.038,0,0
AUDIO.V,D,20211017,000000,2.038,2.085,1.908,1.969,0,0
AUDIO.V,D,20211018,000000,1.969,2.087,1.933,1.945,0,0
AUDIO.V,D,20211019,000000,1.945,1.988,1.909,1.952,0,0
AUDIO.V,D,20211020,000000,1.952,2.05,1.912,2.034,0,0
AUDIO.V,D,20211021,000000,2.034,2.121,1.946,1.97,0,0
AUDIO.V,D,20211022,000000,1.97,2.117,1.966,2.052,0,0
AUDIO.V,D,20211023,000000,2.052,2.236,2.033,2.135,0,0
AUDIO.V,D,20211024,000000,2.135,2.378,2.12,2.214,0,0
AUDIO.V,D,20211025,000000,2.214,2.406,2.198,2.386,0,0
AUDIO.V,D,20211026,000000,2.386,2.415,2.182,2.223,0,0
AUDIO.V,D,20211027,000000,2.223,2.278,1.807,1.928,0,0
AUDIO.V,D,20211028,000000,1.928,2.033,1.903,1.974,0,0
AUDIO.V,D,20211029,000000,1.974,2.12,1.959,2.052,0,0
AUDIO.V,D,20211030,000000,2.052,2.39,1.967,2.316,0,0
AUDIO.V,D,20211031,000000,2.316,2.701,2.156,2.225,0,0
AUDIO.V,D,20211101,000000,2.225,2.514,2.12,2.298,0,0
AUDIO.V,D,20211102,000000,2.298,2.919,2.27,2.571,0,0
AUDIO.V,D,20211103,000000,2.571,2.784,2.458,2.635,0,0
AUDIO.V,D,20211104,000000,2.635,2.766,2.483,2.622,0,0
AUDIO.V,D,20211105,000000,2.622,2.935,2.549,2.591,0,0
AUDIO.V,D,20211106,000000,2.591,2.706,2.445,2.541,0,0
AUDIO.V,D,20211107,000000,2.541,2.663,2.525,2.589,0,0
AUDIO.V,D,20211108,000000,2.589,2.695,2.502,2.679,0,0
AUDIO.V,D,20211109,000000,2.679,2.826,2.561,2.619,0,0
AUDIO.V,D,20211110,000000,2.619,2.643,2.17,2.341,0,0
AUDIO.V,D,20211111,000000,2.341,2.424,2.272,2.349,0,0
AUDIO.V,D,20211112,000000,2.349,2.379,2.184,2.262,0,0
AUDIO.V,D,20211113,000000,2.262,2.484,2.262,2.385,0,0
AUDIO.V,D,20211114,000000,2.385,2.624,2.377,2.534,0,0
AUDIO.V,D,20211115,000000,2.534,2.55,2.364,2.386,0,0
AUDIO.V,D,20211116,000000,2.386,2.388,2.001,2.159,0,0
AUDIO.V,D,20211117,000000,2.159,2.291,2.038,2.284,0,0
AUDIO.V,D,20211118,000000,2.284,4.121,2.105,2.147,0,0
AUDIO.V,D,20211119,000000,2.147,2.307,2.076,2.176,0,0
AUDIO.V,D,20211120,000000,2.176,2.308,2.133,2.249,0,0
AUDIO.V,D,20211121,000000,2.249,2.38,2.167,2.234,0,0
AUDIO.V,D,20211122,000000,2.234,2.259,2.036,2.082,0,0
AUDIO.V,D,20211123,000000,2.082,3.078,2.046,2.789,0,0
AUDIO.V,D,20211124,000000,2.801,3.036,2.452,2.56345,0,0
AUDIO.V,D,20211125,000000,2.5658,2.75425,2.44325,2.4623,0,0
AUDIO.V,D,20211126,000000,2.4692,2.49985,2.14255,2.23765,0,0
AUDIO.V,D,20211127,000000,2.23555,2.63555,2.18365,2.4428,0,0
AUDIO.V,D,20211128,000000,2.4428,2.4895,2.21785,2.3851,0,0
AUDIO.V,D,20211129,000000,2.392,2.5773,2.3751,2.43775,0,0
AUDIO.V,D,20211130,000000,2.42865,2.48195,2.3184,2.32615,0,0
AUDIO.V,D,20211201,000000,2.32615,2.57395,2.29015,2.3755,0,0
AUDIO.V,D,20211202,000000,2.3711,2.3722,2.2094,2.2861,0,0
AUDIO.V,D,20211203,000000,2.27785,2.33695,2.07,2.16,0,0
AUDIO.V,D,20211204,000000,2.16,2.1938,1.46255,1.90275,0,0
AUDIO.V,D,20211205,000000,1.90855,1.931,1.6908,1.71615,0,0
AUDIO.V,D,20211206,000000,1.7194,1.8501,1.5466,1.75465,0,0
AUDIO.V,D,20211207,000000,1.75675,1.8579,1.698,1.69805,0,0
AUDIO.V,D,20211208,000000,1.70015,1.8682,1.62,1.76195,0,0
AUDIO.V,D,20211209,000000,1.75525,1.878,1.6098,1.63955,0,0
AUDIO.V,D,20211210,000000,1.6446,1.7551,1.56895,1.6066,0,0
AUDIO.V,D,20211211,000000,1.60065,1.64405,1.5325,1.6227,0,0
AUDIO.V,D,20211212,000000,1.62015,1.65525,1.57525,1.6339,0,0
AUDIO.V,D,20211213,000000,1.6337,1.63905,1.4,1.44125,0,0
AUDIO.V,D,20211214,000000,1.4377,1.46565,1.3736,1.4426,0,0
AUDIO.V,D,20211215,000000,1.4426,1.52676,1.33967,1.48589,0,0
AUDIO.V,D,20211216,000000,1.48689,1.55278,1.45429,1.47044,0,0
AUDIO.V,D,20211217,000000,1.46944,1.5036,1.35254,1.40356,0,0
AUDIO.V,D,20211218,000000,1.40456,1.44558,1.36054,1.40956,0,0
AUDIO.V,D,20211219,000000,1.4107,1.73569,1.39756,1.53061,0,0
AUDIO.V,D,20211220,000000,1.52976,1.56047,1.37141,1.45944,0,0
AUDIO.V,D,20211221,000000,1.45844,1.54462,1.44643,1.54162,0,0
AUDIO.V,D,20211222,000000,1.54262,1.62981,1.51961,1.60864,0,0
AUDIO.V,D,20211223,000000,1.60364,1.77289,1.53946,1.71969,0,0
AUDIO.V,D,20211224,000000,1.71986,1.85511,1.64082,1.72804,0,0
AUDIO.V,D,20211225,000000,1.72704,1.85111,1.69702,1.79472,0,0
AUDIO.V,D,20211226,000000,1.79472,2.03602,1.78389,1.89976,5894166,0
AUDIO.V,D,20211227,000000,1.89995,2.13207,1.87675,2.03161,5896607,0
AUDIO.V,D,20211228,000000,2.02761,2.09242,1.76418,1.80736,5073377,0
AUDIO.V,D,20211229,000000,1.80736,1.85637,1.67517,1.69834,2387638,0
AUDIO.V,D,20211230,000000,1.70134,1.71334,1.61616,1.65617,1203184,0
AUDIO.V,D,20211231,000000,1.66133,1.73317,1.56216,1.60416,3157330.623237,0
AUDIO.V,D,20220101,000000,1.60516,1.65617,1.59284,1.63516,1238510.5353295,0
AUDIO.V,D,20220102,000000,1.63716,1.68434,1.62316,1.64133,1513789.416774,0
AUDIO.V,D,20220103,000000,1.64233,1.69217,1.578,1.60216,3340306.6765749,0
AUDIO.V,D,20220104,000000,1.60684,1.65983,1.55784,1.61,1800560.7787859,0
AUDIO.V,D,20220105,000000,1.60868,1.633,1.36086,1.45285,2366003.1498135,0
AUDIO.V,D,20220106,000000,1.45185,1.475,1.38686,1.46485,1349428.9908911,0
AUDIO.V,D,20220107,000000,1.46359,1.46785,1.3376,1.37186,1149995.0283613,0
AUDIO.V,D,20220108,000000,1.37186,1.42,1.28274,1.346,823572.73262991,0
AUDIO.V,D,20220109,000000,1.344,1.371,1.303,1.342,760535.66640096,0
AUDIO.V,D,20220110,000000,1.344,1.35514,1.21388,1.278,1244719.4112263,0
AUDIO.V,D,20220111,000000,1.278,1.40014,1.275,1.37114,1299842.535336,0
AUDIO.V,D,20220112,000000,1.37114,1.51661,1.37114,1.4986,1291306.536941,0
AUDIO.V,D,20220113,000000,1.4946,1.53261,1.3947,1.4007,1413611.816692,0
AUDIO.V,D,20220114,000000,1.39956,1.44258,1.35854,1.43943,1055675.3628035,0
AUDIO.V,D,20220115,000000,1.43958,1.4886,1.41357,1.44572,772171.62822941,0
AUDIO.V,D,20220116,000000,1.44858,1.48459,1.41871,1.45358,644149.55229294,0
AUDIO.V,D,20220117,000000,1.44958,1.45758,1.31052,1.32753,1258909.7134946,0
AUDIO.V,D,20220118,000000,1.32753,1.34854,1.26238,1.31853,1030560.9256612,0
AUDIO.V,D,20220119,000000,1.31753,1.3274,1.24037,1.27938,931751.92080418,0
AUDIO.V,D,20220120,000000,1.27838,1.32927,1.21312,1.22024,858189.82269601,0
AUDIO.V,D,20220121,000000,1.21924,1.21924,0.97219,0.9942,1758761.9334184,0
AUDIO.V,D,20220122,000000,0.9982,1.03831,0.82016,0.87326,2655405.7696673,0
AUDIO.V,D,20220123,000000,0.87017,0.97319,0.86717,0.916183,1596457.7076569,0
AUDIO.V,D,20220124,000000,0.918184,0.947189,0.765153,0.837167,1863778.6388249,0
AUDIO.V,D,20220125,000000,0.839252,0.882441,0.812244,0.857428,1033175.7944538,0
AUDIO.V,D,20220126,000000,0.856428,0.972583,0.849509,0.872523,1400851.4975492,0
AUDIO.V,D,20220127,000000,0.869521,0.905452,0.813325,0.831332,1168193.4819142,0
AUDIO.V,D,20220128,000000,0.832416,0.889267,0.830332,0.875175,939437.69976533,0
AUDIO.V,D,20220129,000000,0.877263,0.925277,0.876175,0.908272,731455.47072982,0
AUDIO.V,D,20220130,000000,0.905272,0.959288,0.875262,0.892357,1363412.1049669,0
AUDIO.V,D,20220131,000000,0.892357,0.931559,0.846338,0.920552,1384148.2571404,0
AUDIO.V,D,20220201,000000,0.921276,1.02051,0.915549,0.980588,2970966.1485727,0
AUDIO.V,D,20220202,000000,0.978587,1.028514,0.90036,0.911729,1693141.3105299,0
AUDIO.V,D,20220203,000000,0.91182,0.920368,0.882353,0.909364,687091.70268726,0
AUDIO.V,D,20220204,000000,0.908454,1.02051,0.907363,1.006805,1697805.0352342,0
AUDIO.V,D,20220205,000000,1.005804,1.080648,0.993794,1.025717,1796856.6085302,0
AUDIO.V,D,20220206,000000,1.024614,1.127676,1.011505,1.054422,2526461.9782553,0
AUDIO.V,D,20220207,000000,1.053526,1.16805,1.052421,1.142799,1981580.6673199,0
AUDIO.V,D,20220208,000000,1.142799,1.176823,1.04383,1.08508,1785163.7967334,0
AUDIO.V,D,20220209,000000,1.08397,1.18495,1.05774,1.16717,1703143.5569238,0
AUDIO.V,D,20220210,000000,1.16328,1.25112,1.08287,1.21185,3091052.2957423,0
AUDIO.V,D,20220211,000000,1.20784,1.28077,1.06242,1.06632,4221983.2734588,0
AUDIO.V,D,20220212,000000,1.06675,1.13168,1.04152,1.07854,1245621.8000912,0
AUDIO.V,D,20220213,000000,1.08054,1.10166,1.02862,1.04863,813054.06740578,0
AUDIO.V,D,20220214,000000,1.04752,1.04963,0.96848,0.9966,1537681.6512935,0
AUDIO.V,D,20220215,000000,0.9976,1.09065,0.9935,1.08365,2252669.8238441,0
AUDIO.V,D,20220216,000000,1.08276,1.17983,1.03962,1.11767,5013344.5199037,0
AUDIO.V,D,20220217,000000,1.11956,1.12756,0.97058,0.98769,2146931.7018391,0
AUDIO.V,D,20220218,000000,0.98559,1.01471,0.932559,0.959479,1336945.6429114,0
AUDIO.V,D,20220219,000000,0.958575,0.997498,0.929465,0.953572,1150595.8707516,0
AUDIO.V,D,20220220,000000,0.947568,0.959575,0.863345,0.894447,1057351.0255703,0
AUDIO.V,D,20220221,000000,0.896448,0.946473,0.836418,0.842421,1741081.2458707,0
AUDIO.V,D,20220222,000000,0.842421,0.847423,0.777233,0.812487,1726394.2863995,0
AUDIO.V,D,20220223,000000,0.81649,0.868521,0.794397,0.807484,864977.97960763,0
AUDIO.V,D,20220224,000000,0.805483,0.808404,0.656328,0.755302,2507177.577414,0
AUDIO.V,D,20220225,000000,0.757303,0.814407,0.746224,0.812325,2211246.1530625,0
AUDIO.V,D,20220226,000000,0.811406,0.831415,0.771385,0.784392,2431690.1967804,0
AUDIO.V,D,20220227,000000,0.784314,0.8014,0.716358,0.737295,1592158.0041739,0
AUDIO.V,D,20220228,000000,0.737295,0.817408,0.718287,0.807323,1253221.2572986,0
AUDIO.V,D,20220301,000000,0.809324,0.877351,0.807323,0.820246,2453842.9251924,0
AUDIO.V,D,20220302,000000,0.819164,0.862259,0.805242,0.828248,3047236.8620511,0
AUDIO.V,D,20220303,000000,0.826248,0.831249,0.769631,0.783257,2030924.7422714,0
AUDIO.V,D,20220304,000000,0.783157,0.797239,0.714443,0.723245,2200611.6215747,0
AUDIO.V,D,20220305,000000,0.724217,0.762229,0.706141,0.759228,1046656.6831456,0
AUDIO.V,D,20220306,000000,0.760228,0.761228,0.715143,0.719216,922207.68901013,0
AUDIO.V,D,20220307,000000,0.719216,0.743223,0.673202,0.70121,1294222.6096537,0
AUDIO.V,D,20220308,000000,0.702211,0.744223,0.695139,0.717143,1578181.7310375,0
AUDIO.V,D,20220309,000000,0.716143,0.797159,0.716143,0.767153,1773470.0547579,0
AUDIO.V,D,20220310,000000,0.767153,0.780156,0.705211,0.723289,3371823.0859833,0
AUDIO.V,D,20220311,000000,0.72529,0.743297,0.70114,0.709142,1295773.555998,0
AUDIO.V,D,20220312,000000,0.708142,0.724145,0.701,0.708071,885055.72976329,0
AUDIO.V,D,20220313,000000,0.708142,0.732146,0.680136,0.684205,1525796.5869759,0
AUDIO.V,D,20220314,000000,0.682136,0.710071,0.672067,0.70214,1207875.5794786,0
AUDIO.V,D,20220315,000000,0.70214,0.721216,0.685137,0.712214,1187757.0675113,0
AUDIO.V,D,20220316,000000,0.713214,0.743223,0.69921,0.73422,1348703.9259523,0
AUDIO.V,D,20220317,000000,0.732146,0.759304,0.731146,0.735294,1171194.2515539,0
AUDIO.V,D,20220318,000000,0.735367,0.769461,0.72036,0.762381,1580883.7849275,0
AUDIO.V,D,20220319,000000,0.763534,1.271635,0.761533,1.093437,88932485.631435,0
AUDIO.V,D,20220320,000000,1.097548,1.189476,1.007604,1.069428,21239537.97325,0
AUDIO.V,D,20220321,000000,1.066533,1.17959,0.993397,1.002501,17684991.140369,0
AUDIO.V,D,20220322,000000,1.0014,1.05052,0.995398,1.0105,4064407.8652206,0
AUDIO.V,D,20220323,000000,1.0095,1.07154,0.96748,1.01441,7187374.1427251,0
AUDIO.V,D,20220324,000000,1.01541,1.09455,0.9954,1.06843,7403089.7840287,0
AUDIO.V,D,20220325,000000,1.06843,1.08654,0.98239,0.9984,5266165.4928301,0
AUDIO.V,D,20220326,000000,0.9975,1.02351,0.97749,1.01641,2870719.2894869,0
AUDIO.V,D,20220327,000000,1.01551,1.07943,1.0085,1.05542,4724816.8603301,0
AUDIO.V,D,20220328,000000,1.05542,1.15746,1.03831,1.07843,8983591.4381424,0
AUDIO.V,D,20220329,000000,1.07754,1.20648,1.0063,1.08854,8930362.03129,0
AUDIO.V,D,20220330,000000,1.08354,1.28739,1.06242,1.19036,15006066.570502,0
AUDIO.V,D,20220331,000000,1.19236,1.32026,1.10722,1.14023,15254026.269828,0
AUDIO.V,D,20220401,000000,1.14234,1.22061,1.07321,1.17835,6903332.3597208,0
AUDIO.V,D,20220402,000000,1.18024,1.25838,1.16535,1.19248,6243890.8528836,0
AUDIO.V,D,20220403,000000,1.19248,1.56963,1.12745,1.39756,44750001.457825,0
AUDIO.V,D,20220404,000000,1.39842,1.76835,1.34754,1.75735,46019876.245149,0
AUDIO.V,D,20220405,000000,1.75553,1.82155,1.47129,1.5193,40833235.594667,0
AUDIO.V,D,20220406,000000,1.5183,1.59132,1.308,1.34013,11149484.820207,0
AUDIO.V,D,20220407,000000,1.341,1.341,1.225,1.26713,7673243.0600145,0
AUDIO.V,D,20220408,000000,1.26713,1.338,1.16135,1.16747,7171187.2050435,0
AUDIO.V,D,20220409,000000,1.16847,1.24037,1.13934,1.18235,3120349.7916798,0
AUDIO.V,D,20220410,000000,1.18135,1.20836,1.14334,1.17023,2479078.5314723,0
AUDIO.V,D,20220411,000000,1.17023,1.17423,0.9992,1.0023,3637219.9790083,0
AUDIO.V,D,20220412,000000,1.0023,1.10022,0.9942,1.03431,5075391.7378922,0
AUDIO.V,D,20220413,000000,1.03331,1.12345,1.0163,1.10433,3853734.3854154,0
AUDIO.V,D,20220414,000000,1.10433,1.3184,1.10122,1.20924,20203155.893819,0
AUDIO.V,D,20220415,000000,1.20612,1.32226,1.17924,1.26525,17217370.902355,0
AUDIO.V,D,20220416,000000,1.26525,1.33327,1.25525,1.30726,7351152.1647849,0
AUDIO.V,D,20220417,000000,1.30826,1.44929,1.22925,1.37828,8710495.1825666,0
AUDIO.V,D,20220418,000000,1.37828,1.41728,1.25012,1.35941,19361732.447436,0
AUDIO.V,D,20220419,000000,1.35941,1.43343,1.31513,1.32727,8947049.4080392,0
AUDIO.V,D,20220420,000000,1.32827,1.36427,1.25125,1.28726,5711558.9724916,0
AUDIO.V,D,20220421,000000,1.28926,1.32927,1.17524,1.20612,4512063.4012162,0
AUDIO.V,D,20220422,000000,1.20312,1.24025,1.15912,1.18012,3243768.2381786,0
AUDIO.V,D,20220423,000000,1.17924,1.23925,1.14011,1.22412,2624736.7430879,0
AUDIO.V,D,20220424,000000,1.23025,1.29526,1.17524,1.19324,6117485.0797486,0
AUDIO.V,D,20220425,000000,1.19524,1.20024,1.07822,1.14811,3968855.0303961,0
AUDIO.V,D,20220426,000000,1.14723,1.21624,1.0331,1.05611,4436351.4681388,0
AUDIO.V,D,20220427,000000,1.05611,1.13189,1.0251,1.10111,5126040.9614225,0
AUDIO.V,D,20220428,000000,1.10211,1.12611,1.049,1.067,7608399.7130157,0
AUDIO.V,D,20220429,000000,1.069,1.08311,0.952,0.9591,4182018.2324473,0
AUDIO.V,D,20220430,000000,0.9581,0.9941,0.869,0.87109,4133652.7101426,0
AUDIO.V,D,20220501,000000,0.86909,0.95009,0.784,0.857,6727661.857241,0
AUDIO.V,D,20220502,000000,0.85909,0.90009,0.82,0.84908,4708673.5028893,0
AUDIO.V,D,20220503,000000,0.85008,0.88209,0.806839,0.826917,3121460.9927196,0
AUDIO.V,D,20220504,000000,0.825917,0.929907,0.815918,0.899,5804551.8615903,0
AUDIO.V,D,20220505,000000,0.899,0.941812,0.770923,0.804839,10019028.71604,0
AUDIO.V,D,20220506,000000,0.80492,0.831834,0.760848,0.79992,4910890.7248907,0
AUDIO.V,D,20220507,000000,0.80092,0.810919,0.753849,0.753849,3291531.2936019,0
AUDIO.V,D,20220508,000000,0.75185,0.783765,0.729854,0.770769,3435285.6383626,0
AUDIO.V,D,20220509,000000,0.769769,0.771768,0.596821,0.620876,4584884.9677493,0
AUDIO.V,D,20220510,000000,0.621876,0.70086,0.566773,0.580768,8153775.3842582,0
AUDIO.V,D,20220511,000000,0.581767,0.62475,0.36258,0.394535,8523845.5580098,0
AUDIO.V,D,20220512,000000,0.396488,0.431268,0.283691,0.352082,5777915.1657525,0
AUDIO.V,D,20220513,000000,0.352012,0.464628,0.343071,0.432221,4381464.4897403,0
AUDIO.V,D,20220514,000000,0.432221,0.446285,0.373252,0.418413,3922691.4073123,0
AUDIO.V,D,20220515,000000,0.419412,0.490411,0.41342,0.490411,4288870.5654875,0
AUDIO.V,D,20220516,000000,0.49136,0.506442,0.418539,0.448371,5830977.0793804,0
AUDIO.V,D,20220517,000000,0.448416,0.488462,0.427401,0.462398,5782488.0726591,0
AUDIO.V,D,20220518,000000,0.462444,0.486416,0.403475,0.410466,5708644.3258717,0
AUDIO.V,D,20220519,000000,0.412463,0.444599,0.390492,0.424575,5799848.2128089,0
AUDIO.V,D,20220520,000000,0.424575,0.446508,0.392489,0.404514,5406306.968572,0
AUDIO.V,D,20220521,000000,0.404514,0.460401,0.394487,0.432437,8434421.9926372,0
AUDIO.V,D,20220522,000000,0.432437,0.481373,0.431438,0.454454,9869273.0914641,0
AUDIO.V,D,20220523,000000,0.455453,0.505494,0.455453,0.464442,7944030.8079111,0
AUDIO.V,D,20220524,000000,0.463443,0.464489,0.423491,0.455407,9373907.8741821,0
AUDIO.V,D,20220525,000000,0.456406,0.512436,0.448371,0.487414,15090341.723115,0
AUDIO.V,D,20220526,000000,0.488462,0.492408,0.396524,0.411588,12007717.986391,0
AUDIO.V,D,20220527,000000,0.411588,0.420579,0.361602,0.373626,7692707.2794522,0
AUDIO.V,D,20220528,000000,0.373574,0.386512,0.357556,0.370566,6333316.4814851,0
AUDIO.V,D,20220529,000000,0.368594,0.388595,0.352643,0.383578,7544146.6960233,0
AUDIO.V,D,20220530,000000,0.382571,0.447601,0.380585,0.431654,12100363.726845,0
AUDIO.V,D,20220531,000000,0.432654,0.494653,0.409672,0.46263,8623915.0450676,0
AUDIO.V,D,20220601,000000,0.46163,0.489579,0.392407,0.400839,7681613.0880092,0
AUDIO.V,D,20220602,000000,0.39994,0.412728,0.390809,0.410031,5792271.8564423,0
AUDIO.V,D,20220603,000000,0.41073,0.420821,0.374696,0.393557,5320830.534431,0
AUDIO.V,D,20220604,000000,0.395556,0.415584,0.379801,0.403693,11810915.045862,0
AUDIO.V,D,20220605,000000,0.402702,0.409672,0.389669,0.400623,10722324.159149,0
AUDIO.V,D,20220606,000000,0.400623,0.436637,0.394625,0.41665,25090349.604377,0
AUDIO.V,D,20220607,000000,0.416646,0.418652,0.38068,0.416662,19381901.071507,0
AUDIO.V,D,20220608,000000,0.416666,0.460714,0.391706,0.439714,29139880.17124,0
AUDIO.V,D,20220609,000000,0.439714,0.455653,0.422636,0.429639,24761972.87187,0
AUDIO.V,D,20220610,000000,0.428635,0.439635,0.386574,0.401489,14015959.399332,0
AUDIO.V,D,20220611,000000,0.401485,0.41056,0.355559,0.366585,4847554.0542063,0
AUDIO.V,D,20220612,000000,0.366582,0.369586,0.325544,0.344576,5578245.6981129,0
AUDIO.V,D,20220613,000000,0.344576,0.344576,0.268258,0.296587,44782126.050239,0
AUDIO.V,D,20220614,000000,0.29659,0.316544,0.272593,0.287654,43560536.204937,0
AUDIO.V,D,20220615,000000,0.287654,0.322645,0.2775,0.31952,56880025.726636,0
AUDIO.V,D,20220616,000000,0.3224,0.337428,0.2967,0.303505,7000457.1660762,0
AUDIO.V,D,20220617,000000,0.297788,0.3122,0.150246,0.306532,13031262.827219,0
AUDIO.V,D,20220618,000000,0.305633,0.310633,0.259615,0.276548,42867695.361399,0
AUDIO.V,D,20220619,000000,0.276551,0.30763,0.267601,0.300609,26312397.299698,0
AUDIO.V,D,20220620,000000,0.30355,0.31975,0.28985,0.305633,7447814.222732,0
AUDIO.V,D,20220621,000000,0.303666,0.35558,0.301638,0.322645,6711719.7980411,0
AUDIO.V,D,20220622,000000,0.322677,0.400099,0.304964,0.356643,20942156.760511,0
AUDIO.V,D,20220623,000000,0.356643,0.374625,0.335664,0.366633,11760759.384425,0
AUDIO.V,D,20220624,000000,0.366633,0.391608,0.364635,0.382697,10873614.235354,0
AUDIO.V,D,20220625,000000,0.382617,0.396722,0.362757,0.38573,6667478.2574631,0
AUDIO.V,D,20220626,000000,0.38573,0.413852,0.368075,0.377966,10324948.41443,0
AUDIO.V,D,20220627,000000,0.377873,0.385738,0.357403,0.367473,2930629.9142845,0
AUDIO.V,D,20220628,000000,0.367465,0.414918,0.366958,0.380232,13695228.546767,0
AUDIO.V,D,20220629,000000,0.380528,0.396484,0.361435,0.379144,8281149.3472146,0
AUDIO.V,D,20220630,000000,0.379944,0.38274,0.324078,0.336695,44942664.362843,0
AUDIO.V,D,20220701,000000,0.3369,0.36175,0.32885,0.33865,55404298.719152,0
AUDIO.V,D,20220702,000000,0.33865,0.3441,0.3306,0.3429,3915561.9764198,0
AUDIO.V,D,20220705,000000,0.336396,0.341324,0.323444,0.337528,2167277.7208911,0
AUDIO.V,D,20220706,000000,0.337528,0.338827,0.325941,0.33583,2683770.7361753,0
AUDIO.V,D,20220707,000000,0.335331,0.377946,0.332833,0.357785,9380001.3895906,0
AUDIO.V,D,20220708,000000,0.357985,0.367642,0.343559,0.353588,2570201.6259636,0
AUDIO.V,D,20220709,000000,0.353987,0.370777,0.348491,0.364181,2719271.3165273,0
AUDIO.V,D,20220710,000000,0.363745,0.36578,0.335065,0.342794,1806924.4304819,0
AUDIO.V,D,20220711,000000,0.342394,0.342794,0.321111,0.323309,1968480.1725041,0
AUDIO.V,D,20220712,000000,0.323274,0.323573,0.308691,0.30949,1915614.0824242,0
AUDIO.V,D,20220713,000000,0.309203,0.317182,0.29078,0.31122,5883793.5445948,0
AUDIO.V,D,20220714,000000,0.311519,0.330768,0.307953,0.322806,4912710.6485239,0
AUDIO.V,D,20220715,000000,0.323106,0.335432,0.321607,0.331101,3511563.380949,0
AUDIO.V,D,20220716,000000,0.331001,0.342132,0.320972,0.336433,4909500.064534,0
AUDIO.V,D,20220717,000000,0.336809,0.381205,0.336109,0.364105,12624192.050074,0
AUDIO.V,D,20220718,000000,0.363905,0.399852,0.35399,0.382412,11458001.616098,0
AUDIO.V,D,20220719,000000,0.382312,0.417967,0.381697,0.407665,8815729.7504883,0
AUDIO.V,D,20220720,000000,0.4074,0.425847,0.375996,0.39102,7453977.3499339,0
AUDIO.V,D,20220721,000000,0.39112,0.396648,0.362543,0.390521,4842600.241144,0
AUDIO.V,D,20220722,000000,0.390494,0.403056,0.364569,0.370481,5667606.1893132,0
AUDIO.V,D,20220723,000000,0.3703,0.379134,0.349169,0.357271,7259975.0022342,0
AUDIO.V,D,20220724,000000,0.357268,0.36624,0.304046,0.344065,71532500.086357,0
AUDIO.V,D,20220725,000000,0.344069,0.355032,0.318022,0.325026,32171690.452362,0
AUDIO.V,D,20220726,000000,0.324929,0.325742,0.302515,0.308146,8373452.2276964,0
AUDIO.V,D,20220727,000000,0.308443,0.336341,0.308443,0.331279,7700402.0064037,0
AUDIO.V,D,20220728,000000,0.33138,0.35411,0.325536,0.34887,14238671.594822,0
AUDIO.V,D,20220729,000000,0.34877,0.366582,0.335497,0.346542,16850542.426519,0
AUDIO.V,D,20220730,000000,0.346542,0.37133,0.339919,0.351219,13758697.889462,0
AUDIO.V,D,20220731,000000,0.351219,0.367173,0.3433,0.354482,10442560.374738,0
AUDIO.V,D,20220801,000000,0.354242,0.360119,0.338435,0.357107,10706894.821419,0
AUDIO.V,D,20220802,000000,0.357107,0.371115,0.328125,0.342058,20533453.690669,0
AUDIO.V,D,20220803,000000,0.342568,0.356368,0.327972,0.344986,9057402.5482968,0
AUDIO.V,D,20220804,000000,0.34588,0.353053,0.335477,0.34051,6979386.2648661,0
AUDIO.V,D,20220805,000000,0.34071,0.368944,0.339914,0.362369,11342255.204272,0
AUDIO.V,D,20220806,000000,0.362269,0.376504,0.362269,0.369181,6584337.6046852,0
AUDIO.V,D,20220807,000000,0.368981,0.382073,0.357186,0.379868,6368187.3607686,0
AUDIO.V,D,20220808,000000,0.379672,0.392955,0.372767,0.379145,7491333.4301305,0
AUDIO.V,D,20220809,000000,0.379045,0.38677,0.35306,0.362172,8864756.9158497,0
AUDIO.V,D,20220810,000000,0.362472,0.380665,0.351202,0.376009,5684722.481757,0
AUDIO.V,D,20220811,000000,0.376409,0.438488,0.375009,0.409292,39860885.434284,0
AUDIO.V,D,20220812,000000,0.409292,0.409405,0.389995,0.402485,8106220.3274786,0
AUDIO.V,D,20220813,000000,0.402785,0.412247,0.395282,0.398155,6096059.8900805,0
AUDIO.V,D,20220814,000000,0.398055,0.409923,0.373797,0.378017,8385865.1988575,0
AUDIO.V,D,20220815,000000,0.378313,0.390101,0.368892,0.371689,5906398.898734,0
AUDIO.V,D,20220816,000000,0.370889,0.376149,0.362758,0.367733,4273090.5893019,0
AUDIO.V,D,20220817,000000,0.368133,0.38085,0.341631,0.344028,6727917.979966,0
AUDIO.V,D,20220818,000000,0.344028,0.352821,0.340907,0.347703,3334378.8408512,0
AUDIO.V,D,20220819,000000,0.347635,0.347635,0.30003,0.30043,8505851.0078873,0
AUDIO.V,D,20220820,000000,0.300809,0.31565,0.287935,0.296397,5435139.5754773,0
AUDIO.V,D,20220821,000000,0.296694,0.313987,0.296591,0.310394,3813869.7641208,0
AUDIO.V,D,20220822,000000,0.309429,0.311911,0.289149,0.299079,3451891.2556597,0
AUDIO.V,D,20220823,000000,0.299076,0.313086,0.294012,0.309925,3787567.1626986,0
AUDIO.V,D,20220824,000000,0.30877,0.337734,0.3038,0.32983,10901765.595698,0
AUDIO.V,D,20220825,000000,0.33003,0.33003,0.309437,0.315709,6464643.5485265,0
AUDIO.V,D,20220826,000000,0.316303,0.319126,0.284991,0.290129,5686384.5248628,0
AUDIO.V,D,20220827,000000,0.290329,0.290817,0.278925,0.280423,4810861.1498565,0
AUDIO.V,D,20220828,000000,0.280257,0.293974,0.279054,0.287,3562084.0597508,0
AUDIO.V,D,20220829,000000,0.2868,0.296618,0.275278,0.295521,3957590.3936124,0
AUDIO.V,D,20220830,000000,0.295424,0.303697,0.278406,0.284126,4432165.7340176,0
AUDIO.V,D,20220831,000000,0.284826,0.2928,0.279206,0.2834,4147186.5508592,0
AUDIO.V,D,20220901,000000,0.284097,0.284303,0.272081,0.282183,3855356.0885687,0
AUDIO.V,D,20220902,000000,0.282183,0.288532,0.276414,0.279734,3371652.7901604,0
AUDIO.V,D,20220903,000000,0.279742,0.286429,0.278122,0.2848,2485800.8826005,0
AUDIO.V,D,20220904,000000,0.284828,0.2944,0.2835,0.2922,3278680.6846978,0
AUDIO.V,D,20220905,000000,0.2923,0.29663,0.2789,0.281528,3279292.8854159,0
AUDIO.V,D,20220906,000000,0.281528,0.2891,0.256374,0.2599,8036292.9633271,0
AUDIO.V,D,20220907,000000,0.2597,0.283643,0.254692,0.28132,6289344.4063172,0
AUDIO.V,D,20220908,000000,0.281528,0.288491,0.272108,0.279842,4830675.1297589,0
AUDIO.V,D,20220909,000000,0.2804,0.298757,0.279745,0.288501,6189507.6002972,0
AUDIO.V,D,20220910,000000,0.288801,0.296124,0.283299,0.285654,5370938.1251512,0
AUDIO.V,D,20220911,000000,0.285654,0.293105,0.27957,0.280567,4201675.6333615,0
AUDIO.V,D,20220912,000000,0.281067,0.318767,0.275647,0.293059,28443360.876755,0
AUDIO.V,D,20220913,000000,0.292988,0.293756,0.25361,0.259105,15619868.251501,0
AUDIO.V,D,20220914,000000,0.258905,0.26159,0.2453,0.251963,7752403.4551692,0
AUDIO.V,D,20220915,000000,0.251965,0.254648,0.240852,0.244176,5156901.5306596,0
AUDIO.V,D,20220916,000000,0.243978,0.245175,0.238176,0.243176,4035151.8702181,0
AUDIO.V,D,20220917,000000,0.243176,0.251625,0.242776,0.248125,2627300.0779996,0
AUDIO.V,D,20220918,000000,0.2482,0.250725,0.209379,0.2232,4585562.1272886,0
AUDIO.V,D,20220919,000000,0.223865,0.229923,0.212679,0.227145,5640974.2894365,0
AUDIO.V,D,20220920,000000,0.227523,0.229423,0.217844,0.218622,3936546.6140009,0
AUDIO.V,D,20220921,000000,0.218404,0.2312,0.211921,0.2142,5708050.0215667,0
AUDIO.V,D,20220922,000000,0.2142,0.2277,0.2121,0.2232,4026324.5147106,0
AUDIO.V,D,20220923,000000,0.2234,0.2308,0.212179,0.221378,6860682.0197892,0
AUDIO.V,D,20220924,000000,0.221484,0.224078,0.218291,0.218517,3860834.1022662,0
AUDIO.V,D,20220925,000000,0.2185,0.228007,0.211008,0.2122,4296175.6007269,0
AUDIO.V,D,20220926,000000,0.212,0.2185,0.2075,0.2149,3962213.2201246,0
AUDIO.V,D,20220927,000000,0.2149,0.2289,0.2087,0.211779,6457220.7318052,0
AUDIO.V,D,20220928,000000,0.211279,0.2156,0.205579,0.2147,4489486.2513648,0
AUDIO.V,D,20220929,000000,0.2145,0.2165,0.2067,0.2121,6233089.7865848,0
AUDIO.V,D,20220930,000000,0.2122,0.225145,0.2111,0.2127,7672790.2679754,0
AUDIO.V,D,20221001,000000,0.2126,0.2171,0.2114,0.2138,1778138.0347763,0
AUDIO.V,D,20221002,000000,0.2139,0.2161,0.208121,0.2114,2310596.0432607,0
AUDIO.V,D,20221003,000000,0.210921,0.217322,0.20342,0.214121,5125675.5080059,0
AUDIO.V,D,20221004,000000,0.214121,0.222767,0.213943,0.220366,8696594.1868539,0
AUDIO.V,D,20221005,000000,0.220366,0.222567,0.2089,0.212721,6861728.4446325,0
AUDIO.V,D,20221006,000000,0.212442,0.218428,0.207535,0.207535,6237894.384248,0
AUDIO.V,D,20221007,000000,0.207637,0.211342,0.205008,0.206529,2452866.0514396,0
AUDIO.V,D,20221008,000000,0.206621,0.207625,0.20064,0.202055,2780489.8273105,0
AUDIO.V,D,20221009,000000,0.201952,0.20392,0.19812,0.20164,7286020.9709098,0
AUDIO.V,D,20221010,000000,0.20144,0.20312,0.189419,0.191681,8469503.4539715,0
AUDIO.V,D,20221011,000000,0.1918,0.1919,0.1764,0.185483,7356556.7337623,0
AUDIO.V,D,20221012,000000,0.185581,0.189898,0.184176,0.186206,2053296.9385355,0
AUDIO.V,D,20221013,000000,0.186206,0.188396,0.165988,0.183015,5944363.1044929,0
AUDIO.V,D,20221014,000000,0.183417,0.190717,0.178902,0.179107,3366569.7743556,0
AUDIO.V,D,20221015,000000,0.179105,0.189715,0.178905,0.183509,7605685.0498092,0
AUDIO.V,D,20221016,000000,0.1835,0.192898,0.182115,0.189308,5667443.7038984,0
AUDIO.V,D,20221017,000000,0.189309,0.195102,0.188702,0.193704,4903788.2448541,0
AUDIO.V,D,20221018,000000,0.193804,0.195508,0.185902,0.189809,6809740.4776776,0
AUDIO.V,D,20221019,000000,0.189809,0.191306,0.182804,0.1848,4536217.7406669,0
AUDIO.V,D,20221020,000000,0.184898,0.185707,0.177189,0.180287,8563118.301796,0
AUDIO.V,D,20221021,000000,0.180182,0.181307,0.172995,0.180314,5363739.0253401,0
AUDIO.V,D,20221022,000000,0.180313,0.183113,0.177814,0.180316,3851568.7823335,0
AUDIO.V,D,20221023,000000,0.180216,0.182518,0.176505,0.181525,5413689.3009738,0
AUDIO.V,D,20221024,000000,0.181724,0.184911,0.178825,0.182707,7310288.8078275,0
AUDIO.V,D,20221025,000000,0.182707,0.194635,0.181584,0.190561,7412980.7135116,0
AUDIO.V,D,20221026,000000,0.190663,0.194062,0.188832,0.192254,5571877.9001699,0
AUDIO.V,D,20221027,000000,0.192154,0.202739,0.188711,0.189713,8665869.5341081,0
AUDIO.V,D,20221028,000000,0.189611,0.19754,0.184909,0.195441,7220089.380989,0
AUDIO.V,D,20221029,000000,0.195637,0.206578,0.195137,0.201348,12827738.851402,0
AUDIO.V,D,20221030,000000,0.201348,0.21274,0.195835,0.19824,18472743.196085,0
AUDIO.V,D,20221031,000000,0.198242,0.202096,0.193746,0.200284,11215570.828488,0
AUDIO.V,D,20221101,000000,0.200288,0.219032,0.199584,0.211279,21170270.321009,0
AUDIO.V,D,20221102,000000,0.210979,0.219356,0.196884,0.206088,21694640.220261,0
AUDIO.V,D,20221103,000000,0.20569,0.231381,0.20569,0.215298,25981739.791787,0
AUDIO.V,D,20221104,000000,0.215398,0.244917,0.2148,0.229618,27176935.652723,0
AUDIO.V,D,20221105,000000,0.229718,0.273808,0.227009,0.243812,55946046.46666657,0
AUDIO.V,D,20221106,000000,0.244015,0.244015,0.226816,0.226816,14072855.624788465,0
AUDIO.V,D,20221107,000000,0.227316,0.230307,0.211419,0.214426,9820258.06412259,0
AUDIO.V,D,20221108,000000,0.214464,0.218065,0.16191,0.175525,24096981.149978094,0
AUDIO.V,D,20221109,000000,0.175023,0.17977,0.138792,0.144422,21151554.182970166,0
AUDIO.V,D,20221110,000000,0.143705,0.181655,0.141854,0.167601,17838239.676944323,0
AUDIO.V,D,20221111,000000,0.167685,0.187956,0.152534,0.159,8802658.91993827,0
AUDIO.V,D,20221112,000000,0.159011,0.161894,0.148532,0.151028,4910320.864953396,0
AUDIO.V,D,20221113,000000,0.151028,0.155644,0.144454,0.148092,11136368.520629011,0
AUDIO.V,D,20221114,000000,0.147593,0.150105,0.137979,0.145382,5436285.398144381,0
AUDIO.V,D,20221115,000000,0.145374,0.162572,0.145374,0.148851,7656319.8282572385,0
AUDIO.V,D,20221116,000000,0.149218,0.152328,0.14445,0.145867,4780854.78484622,0
AUDIO.V,D,20221117,000000,0.145966,0.14897,0.141774,0.148884,3551529.0766456984,0
AUDIO.V,D,20221118,000000,0.148884,0.154576,0.144538,0.146332,6110869.671385311,0
AUDIO.V,D,20221119,000000,0.146531,0.152829,0.14503,0.150841,4982615.160096259,0
AUDIO.V,D,20221120,000000,0.151164,0.155605,0.140237,0.142882,7797980.806662844,0
AUDIO.V,D,20221121,000000,0.142684,0.145387,0.137193,0.141329,5993041.793740834,0
AUDIO.V,D,20221122,000000,0.14133,0.148219,0.136335,0.14742,14712857.979429506,0
AUDIO.V,D,20221123,000000,0.147509,0.157909,0.147314,0.155329,9567182.709220638,0
AUDIO.V,D,20221124,000000,0.155828,0.157539,0.151968,0.156369,7208259.669339024,0
AUDIO.V,D,20221125,000000,0.156467,0.156871,0.149583,0.153013,5887079.481159061,0
AUDIO.V,D,20221126,000000,0.15281,0.158702,0.15181,0.153011,6613589.203224864,0
AUDIO.V,D,20221127,000000,0.153011,0.162095,0.15301,0.160197,6322806.898192194,0
AUDIO.V,D,20221128,000000,0.160199,0.160199,0.146716,0.150144,8524158.921952548,0
AUDIO.V,D,20221129,000000,0.150241,0.154718,0.148038,0.151244,3833523.934520592,0
AUDIO.V,D,20221130,000000,0.151442,0.1632,0.15055,0.161106,8486041.81685824,0
AUDIO.V,D,20221201,000000,0.161105,0.161802,0.156411,0.158309,6839008.8199286945,0
AUDIO.V,D,20221202,000000,0.15891,0.16592,0.156714,0.16431,6286613.379169491,0
AUDIO.V,D,20221203,000000,0.16411,0.164715,0.158232,0.158632,4032248.5520891636,0
AUDIO.V,D,20221204,000000,0.158816,0.168334,0.158216,0.163916,8919318.913295591,0
AUDIO.V,D,20221205,000000,0.164116,0.168934,0.159098,0.159303,6060063.912307022,0
AUDIO.V,D,20221206,000000,0.159303,0.162918,0.1584,0.158997,4526081.647165937,0
AUDIO.V,D,20221207,000000,0.1591,0.161402,0.150983,0.1515,4897194.032212354,0
AUDIO.V,D,20221208,000000,0.1514,0.158313,0.149715,0.155011,16369051.200241035,0
AUDIO.V,D,20221209,000000,0.154611,0.158903,0.1522,0.153105,13855024.692048827,0
AUDIO.V,D,20221210,000000,0.153606,0.1562,0.153098,0.153997,2410920.4186495193,0
AUDIO.V,D,20221211,000000,0.153897,0.1553,0.149315,0.14963,3376251.5078906147,0
AUDIO.V,D,20221212,000000,0.149515,0.15033,0.144314,0.149113,3364085.0333948424,0
AUDIO.V,D,20221213,000000,0.149012,0.154077,0.144938,0.152263,6472290.206741088,0
AUDIO.V,D,20221214,000000,0.152765,0.155774,0.149696,0.151111,10889883.02675351,0
AUDIO.V,D,20221215,000000,0.151011,0.151415,0.145115,0.145215,2503558.1723317155,0
AUDIO.V,D,20221216,000000,0.145129,0.146915,0.126813,0.129826,6091435.569858725,0
AUDIO.V,D,20221217,000000,0.130013,0.131518,0.123715,0.131517,5142771.990144559,0
AUDIO.V,D,20221218,000000,0.131517,0.132816,0.127713,0.131316,2656082.484130824,0
AUDIO.V,D,20221219,000000,0.130917,0.13262,0.121801,0.1236,2827341.4429003424,0
AUDIO.V,D,20221220,000000,0.1239,0.130099,0.1234,0.129405,2677213.981937874,0
AUDIO.V,D,20221221,000000,0.129505,0.130404,0.1261,0.127605,2463073.624283265,0
AUDIO.V,D,20221222,000000,0.127606,0.130697,0.126587,0.13028,7831799.971741863,0
AUDIO.V,D,20221223,000000,0.130278,0.131892,0.129482,0.131286,2456539.198296749,0
AUDIO.V,D,20221224,000000,0.130892,0.131691,0.130886,0.131092,1177028.9727272126,0
AUDIO.V,D,20221225,000000,0.130652,0.131629,0.127722,0.129785,1258547.5033725651,0
AUDIO.V,D,20221226,000000,0.129819,0.131075,0.128583,0.129472,3149137.9933559815,0
AUDIO.V,D,20221227,000000,0.129875,0.132573,0.128945,0.130749,3653851.1864321292,0
AUDIO.V,D,20221228,000000,0.131049,0.135843,0.127631,0.127932,10081870.849929523,0
AUDIO.V,D,20221229,000000,0.128132,0.132346,0.126446,0.128041,3567395.1231825543,0
AUDIO.V,D,20221230,000000,0.128138,0.129542,0.123649,0.125237,2124140.046696332,0
AUDIO.V,D,20221231,000000,0.125339,0.127936,0.124936,0.127336,1941754.9294550295,0
AUDIO.V,D,20230101,000000,0.127033,0.133736,0.125833,0.131838,2548316.5826980043,0
AUDIO.V,D,20230102,000000,0.131638,0.137047,0.130445,0.134656,3335167.781271425,0
AUDIO.V,D,20230103,000000,0.134657,0.135759,0.131642,0.13265,5410452.517394028,0
AUDIO.V,D,20230104,000000,0.133447,0.139843,0.133445,0.135855,5019113.710003355,0
AUDIO.V,D,20230105,000000,0.136055,0.140449,0.135245,0.137251,3485989.229962871,0
AUDIO.V,D,20230106,000000,0.137052,0.159747,0.133025,0.141756,27023827.558332823,0
AUDIO.V,D,20230107,000000,0.141856,0.148955,0.13766,0.141266,30114331.73333504,0
AUDIO.V,D,20230108,000000,0.141657,0.149782,0.139876,0.149782,11234503.003275942,0
AUDIO.V,D,20230109,000000,0.14967,0.163787,0.14907,0.155998,14273824.54184794,0
AUDIO.V,D,20230110,000000,0.156,0.164384,0.154278,0.157922,10485866.604860686,0
AUDIO.V,D,20230111,000000,0.158024,0.159703,0.153291,0.1597,4836165.749341062,0
AUDIO.V,D,20230112,000000,0.15979,0.168324,0.158091,0.166717,9331917.603017187,0
AUDIO.V,D,20230113,000000,0.166513,0.175414,0.1652,0.172716,9525485.735055398,0
AUDIO.V,D,20230114,000000,0.173216,0.197026,0.173014,0.182909,27429843.43006934,0
AUDIO.V,D,20230115,000000,0.183118,0.193568,0.177618,0.192658,17401378.76192419,0
AUDIO.V,D,20230116,000000,0.192458,0.196875,0.182011,0.186004,11381713.83783389,0
AUDIO.V,D,20230117,000000,0.186104,0.190802,0.184211,0.18442,5882498.684359198,0
AUDIO.V,D,20230118,000000,0.18432,0.186115,0.166387,0.168792,11151398.907317014,0
AUDIO.V,D,20230119,000000,0.16899,0.174398,0.164885,0.170395,7967825.094932776,0
AUDIO.V,D,20230120,000000,0.17041,0.192813,0.167798,0.190434,28058516.170690924,0
AUDIO.V,D,20230121,000000,0.191134,0.196947,0.185789,0.188038,12099949.803410755,0
AUDIO.V,D,20230122,000000,0.187228,0.19863,0.184231,0.190238,11059282.877566777,0
AUDIO.V,D,20230123,000000,0.190536,0.222724,0.189836,0.206533,73067871.29064442,0
AUDIO.V,D,20230124,000000,0.206929,0.365004,0.20203,0.282208,331869408.3615867,0
AUDIO.V,D,20230125,000000,0.281008,0.308062,0.256746,0.283845,174339853.62192717,0
AUDIO.V,D,20230126,000000,0.283848,0.348163,0.27895,0.315025,131961060.39028344,0
AUDIO.V,D,20230127,000000,0.314725,0.325923,0.293947,0.301615,53406756.76662576,0
AUDIO.V,D,20230128,000000,0.300814,0.31927,0.288864,0.29866,36531197.5306948,0
AUDIO.V,D,20230129,000000,0.29846,0.307071,0.294276,0.299215,16064809.204086315,0
AUDIO.V,D,20230130,000000,0.299412,0.313319,0.260097,0.266919,19876396.901768394,0
AUDIO.V,D,20230131,000000,0.266119,0.296982,0.264484,0.275525,35774995.838835366,0
AUDIO.V,D,20230201,000000,0.274216,0.299418,0.258503,0.288217,16208451.151192224,0
AUDIO.V,D,20230202,000000,0.288914,0.30387,0.28252,0.286652,22202902.343101803,0
AUDIO.V,D,20230203,000000,0.286357,0.293641,0.276828,0.290323,13548435.166561307,0
AUDIO.V,D,20230204,000000,0.290223,0.292523,0.281111,0.282025,8473180.79403235,0
AUDIO.V,D,20230205,000000,0.281823,0.285666,0.257167,0.264266,9774623.34525459,0
AUDIO.V,D,20230206,000000,0.264369,0.32631,0.258105,0.299212,69752507.97317007,0
AUDIO.V,D,20230207,000000,0.299212,0.313681,0.291212,0.306618,34183614.83262688,0
AUDIO.V,D,20230208,000000,0.306718,0.349328,0.284509,0.290923,32858362.49114352,0
AUDIO.V,D,20230209,000000,0.290017,0.299306,0.250248,0.253825,9415094.58439836,0
AUDIO.V,D,20230210,000000,0.253825,0.261847,0.248745,0.254738,7399309.144380008,0
AUDIO.V,D,20230211,000000,0.2546,0.301327,0.251138,0.278125,37302696.8303759,0
AUDIO.V,D,20230212,000000,0.278828,0.280742,0.263237,0.268619,11183575.58731715,0
AUDIO.V,D,20230213,000000,0.268627,0.273279,0.250035,0.256639,9069274.136949038,0
AUDIO.V,D,20230214,000000,0.256441,0.305362,0.255276,0.279112,83024377.32220107,0
AUDIO.V,D,20230215,000000,0.279012,0.294041,0.271784,0.290052,16461467.418981437,0
AUDIO.V,D,20230216,000000,0.290549,0.342631,0.290052,0.304403,107714672.20465024,0
AUDIO.V,D,20230217,000000,0.304503,0.368822,0.293335,0.33863,91416330.80776691,0
AUDIO.V,D,20230218,000000,0.338734,0.363169,0.327652,0.343858,67573319.0225579,0
AUDIO.V,D,20230219,000000,0.344855,0.353457,0.320154,0.329376,20877040.109239668,0
AUDIO.V,D,20230220,000000,0.329572,0.349838,0.315091,0.335613,18562559.4435654,0
AUDIO.V,D,20230221,000000,0.336413,0.341109,0.311559,0.316854,16302915.439336443,0
AUDIO.V,D,20230222,000000,0.316557,0.322955,0.298127,0.314225,5793998.790229809,0
AUDIO.V,D,20230223,000000,0.314113,0.393247,0.301757,0.372345,173445941.35530776,0
AUDIO.V,D,20230224,000000,0.372852,0.402072,0.337924,0.338493,95578442.99230501,0
AUDIO.V,D,20230225,000000,0.338893,0.367633,0.327329,0.354625,39478898.800537795,0
AUDIO.V,D,20230226,000000,0.354321,0.356336,0.33186,0.345621,13580975.670005677,0
AUDIO.V,D,20230227,000000,0.345717,0.354607,0.328126,0.334417,12441535.996961636,0
AUDIO.V,D,20230228,000000,0.334617,0.335417,0.310428,0.311553,11840442.414722735,0
AUDIO.V,D,20230301,000000,0.311062,0.3276,0.305661,0.318041,12854411.508972894,0
AUDIO.V,D,20230302,000000,0.318541,0.320142,0.294597,0.302421,10656982.086668419,0
AUDIO.V,D,20230303,000000,0.302527,0.302824,0.266935,0.27902,11566407.399987305,0
AUDIO.V,D,20230304,000000,0.27902,0.286917,0.259713,0.267019,5361366.989608482,0
AUDIO.V,D,20230305,000000,0.267719,0.284328,0.266324,0.27153,10813047.125968602,0
AUDIO.V,D,20230306,000000,0.270432,0.272595,0.26195,0.270884,6173065.669949654,0
AUDIO.V,D,20230307,000000,0.270884,0.277,0.25439,0.258287,6786172.800303673,0
AUDIO.V,D,20230308,000000,0.258097,0.2638,0.236691,0.23929,5331335.08370191,0
AUDIO.V,D,20230309,000000,0.239576,0.25082,0.21725,0.21782,11298204.613161607,0
AUDIO.V,D,20230310,000000,0.217622,0.225602,0.205784,0.224909,12371004.71911868,0
AUDIO.V,D,20230311,000000,0.224392,0.231679,0.207099,0.220259,10886534.89131456,0
AUDIO.V,D,20230312,000000,0.220715,0.244813,0.21526,0.241578,8035849.511637077,0
AUDIO.V,D,20230313,000000,0.241782,0.261608,0.235617,0.260389,10915256.996443436,0
AUDIO.V,D,20230314,000000,0.260432,0.284,0.250597,0.272719,16539838.188005107,0
AUDIO.V,D,20230315,000000,0.273037,0.278817,0.237784,0.243815,9855515.005656792,0
AUDIO.V,D,20230316,000000,0.243408,0.250231,0.237324,0.247119,9951982.600105066,0
AUDIO.V,D,20230317,000000,0.247507,0.273466,0.243857,0.271309,13991960.33823319,0
AUDIO.V,D,20230318,000000,0.271412,0.28954,0.268921,0.276702,19452472.086134285,0
AUDIO.V,D,20230319,000000,0.276427,0.319245,0.271211,0.297392,67141848.7071106,0
AUDIO.V,D,20230320,000000,0.297499,0.30863,0.278884,0.282126,17363436.326364275,0
AUDIO.V,D,20230321,000000,0.282831,0.294266,0.276631,0.286009,10481174.476341149,0
AUDIO.V,D,20230322,000000,0.28631,0.291792,0.263707,0.275252,18831633.55623626,0
AUDIO.V,D,20230323,000000,0.275171,0.290754,0.273206,0.282286,7194730.885364645,0
AUDIO.V,D,20230324,000000,0.282386,0.285885,0.263587,0.265968,7878816.630449753,0
AUDIO.V,D,20230325,000000,0.265795,0.271666,0.262396,0.268861,4251047.247406163,0
AUDIO.V,D,20230326,000000,0.26866,0.274947,0.26816,0.270597,5606016.364954209,0
AUDIO.V,D,20230327,000000,0.271298,0.273863,0.252769,0.261523,4126739.962513786,0
AUDIO.V,D,20230328,000000,0.261223,0.297465,0.259601,0.287312,46335514.111159466,0
AUDIO.V,D,20230329,000000,0.287412,0.293794,0.283902,0.287237,10866232.762377001,0
AUDIO.V,D,20230330,000000,0.287486,0.294456,0.273741,0.275874,7954398.003893438,0
AUDIO.V,D,20230331,000000,0.275774,0.285909,0.27333,0.282359,4308084.195259017,0
AUDIO.V,D,20230401,000000,0.282456,0.291005,0.278892,0.282204,6768603.901726812,0
AUDIO.V,D,20230402,000000,0.282404,0.284136,0.268685,0.271471,4020193.471924603,0
AUDIO.V,D,20230403,000000,0.271468,0.279556,0.265985,0.272103,4338464.687481781,0
AUDIO.V,D,20230404,000000,0.272306,0.282218,0.271954,0.278539,8991043.573582277,0
AUDIO.V,D,20230405,000000,0.278942,0.287818,0.275902,0.282902,6488177.363180736,0
AUDIO.V,D,20230406,000000,0.282702,0.332239,0.277497,0.312509,72017949.23508424,0
AUDIO.V,D,20230407,000000,0.312109,0.324872,0.29495,0.302624,53860829.0451168,0
AUDIO.V,D,20230408,000000,0.302223,0.310052,0.290722,0.291013,9940859.369691988,0
AUDIO.V,D,20230409,000000,0.291116,0.30498,0.286183,0.300601,14905116.63511417,0
AUDIO.V,D,20230410,000000,0.30071,0.310029,0.299176,0.307249,9869097.768553391,0
AUDIO.V,D,20230411,000000,0.307452,0.325822,0.303658,0.324321,19838530.87876772,0
AUDIO.V,D,20230412,000000,0.32392,0.327211,0.304838,0.312043,14296463.810153749,0
AUDIO.V,D,20230413,000000,0.312844,0.324705,0.309169,0.317404,8190579.8354271315,0
AUDIO.V,D,20230414,000000,0.317401,0.329025,0.31087,0.320566,10169977.736559553,0
AUDIO.V,D,20230415,000000,0.320963,0.354691,0.320963,0.335098,27935452.908170786,0
AUDIO.V,D,20230416,000000,0.335101,0.339378,0.327882,0.338033,8315116.363570129,0
AUDIO.V,D,20230417,000000,0.338226,0.520811,0.335241,0.371419,364506726.7706759,0
AUDIO.V,D,20230418,000000,0.371419,0.386505,0.362838,0.372063,29430119.458715018,0
AUDIO.V,D,20230419,000000,0.371859,0.372067,0.325348,0.336071,19574924.99822192,0
