<TICKER>,<PER>,<DATE>,<TIME>,<OPEN>,<HIGH>,<LOW>,<CLOSE>,<VOL>,<OPENINT>
AURORA.V,D,20220515,000000,3.67685,3.89533,3.45501,3.75671,12672.1231546603,0
AURORA.V,D,20220516,000000,3.88094,3.88094,3.36516,3.60565,9317.052727999999,0
AURORA.V,D,20220517,000000,3.66746,4.62398,3.45546,4.56681,74545.97647849997,0
AURORA.V,D,20220518,000000,4.44216,5.25776,3.89622,4.67994,95615.03780619997,0
AURORA.V,D,20220519,000000,4.81803,4.89254,4.14913,4.30589,24000.294656000002,0
AURORA.V,D,20220520,000000,4.30023,4.76321,3.53276,3.53276,32736.186886130075,0
AURORA.V,D,20220521,000000,3.64063,3.81234,3.43817,3.72415,29432.719047030092,0
AURORA.V,D,20220522,000000,3.76402,3.9218,3.70055,3.79434,11531.0394324803,0
AURORA.V,D,20220523,000000,3.84059,4.12297,3.66733,3.70235,14759.989561290406,0
AURORA.V,D,20220524,000000,3.66683,3.66683,3.21806,3.3515,19774.19663209997,0
AURORA.V,D,20220525,000000,3.34924,3.72435,3.24772,3.36426,40030.838665620126,0
AURORA.V,D,20220526,000000,3.36376,3.36556,3.02727,3.17003,173719.08942310052,0
AURORA.V,D,20220527,000000,3.1997,3.30899,2.74358,3.01019,551196.4348388988,0
AURORA.V,D,20220528,000000,2.96279,3.29367,2.7758,2.85476,813298.7185049911,0
AURORA.V,D,20220529,000000,2.8573,3.18529,2.82936,3.03616,494586.52330913895,0
AURORA.V,D,20220530,000000,3.03273,3.48656,2.95929,3.19704,667938.2838218708,0
AURORA.V,D,20220531,000000,3.20354,3.74825,3.16968,3.28224,745473.1083249291,0
AURORA.V,D,20220601,000000,3.28037,3.61511,3.03946,3.04745,517638.22072909924,0
AURORA.V,D,20220602,000000,3.05347,3.28804,2.72185,2.82306,680590.4436925013,0
AURORA.V,D,20220603,000000,2.82306,2.91767,2.60629,2.71514,779409.1136905012,0
AURORA.V,D,20220604,000000,2.71943,2.73921,2.58316,2.61361,657859.1391665012,0
AURORA.V,D,20220605,000000,2.61194,2.64186,2.48928,2.53544,672009.5722319012,0
AURORA.V,D,20220606,000000,2.53531,2.68175,2.28479,2.32954,908510.0526485011,0
AURORA.V,D,20220607,000000,2.33491,2.36571,2.17162,2.18531,1019922.2872400007,0
AURORA.V,D,20220608,000000,2.18443,2.27575,2.1214,2.17838,1440743.2849957964,0
AURORA.V,D,20220609,000000,2.17748,2.23346,2.12654,2.17977,1260576.0542108004,0
AURORA.V,D,20220610,000000,2.18025,2.28556,2.0717,2.07174,1536724.4537111802,0
AURORA.V,D,20220611,000000,2.07197,2.09576,1.89157,1.91104,1044497.6566682006,0
AURORA.V,D,20220612,000000,1.91154,1.9489,1.66453,1.73426,1212944.6788517025,0
AURORA.V,D,20220613,000000,1.72707,1.73357,1.39606,1.44918,1549375.4370350034,0
AURORA.V,D,20220614,000000,1.44759,1.59176,1.37141,1.45434,2253397.6989049376,0
AURORA.V,D,20220615,000000,1.43027,1.51638,1.19665,1.41607,3153897.6425565914,0
AURORA.V,D,20220616,000000,1.41727,1.46688,1.25532,1.3062,1680509.4913880485,0
AURORA.V,D,20220617,000000,1.27435,1.71342,1.25505,1.3314,792283.263759424,0
AURORA.V,D,20220618,000000,1.3311,1.63722,1.12343,1.17957,2183715.208859474,0
AURORA.V,D,20220619,000000,1.17977,1.68959,1.13177,1.29551,1412336.5396307213,0
AURORA.V,D,20220620,000000,1.29551,1.70792,1.2456,1.46988,1115178.9738976974,0
AURORA.V,D,20220621,000000,1.46963,1.64768,1.39546,1.46758,801335.8011631004,0
AURORA.V,D,20220622,000000,1.47138,1.54959,1.33866,1.38921,846908.0937407194,0
AURORA.V,D,20220623,000000,1.38621,1.48851,1.36993,1.45824,794843.6712092012,0
AURORA.V,D,20220624,000000,1.45909,1.63654,1.43676,1.60595,917764.6548932695,0
AURORA.V,D,20220625,000000,1.60559,1.75315,1.48795,1.57829,760191.176507049,0
AURORA.V,D,20220626,000000,1.57969,1.64725,1.54117,1.55444,715438.0773884004,0
AURORA.V,D,20220627,000000,1.55485,1.6888,1.36502,1.37419,690325.8136573009,0
AURORA.V,D,20220628,000000,1.37349,1.48919,1.31583,1.36038,756686.8675324471,0
AURORA.V,D,20220629,000000,1.3704,1.38799,1.29287,1.33169,738181.8059030101,0
AURORA.V,D,20220630,000000,1.3299,1.44345,1.22076,1.2451,429553.5572820733,0
AURORA.V,D,20220701,000000,1.22633,1.31812,1.22633,1.28598,58842.13867326999,0
AURORA.V,D,20220702,000000,1.28548,1.31302,1.26531,1.31302,70351.19872392013,0
AURORA.V,D,20220703,000000,1.30353,1.34525,1.26438,1.28253,62034.9024305401,0
AURORA.V,D,20220704,000000,1.27574,1.77806,1.26535,1.4978,113044.17298650005,0
AURORA.V,D,20220705,000000,1.50529,1.59604,1.3286,1.40401,111047.84929833998,0
AURORA.V,D,20220706,000000,1.41874,1.44536,1.36899,1.44536,6405.734605670098,0
AURORA.V,D,20220707,000000,1.4504,1.69728,1.43442,1.68189,14906.445764459992,0
AURORA.V,D,20220708,000000,1.68189,1.69898,1.49885,1.58935,30319.768134099995,0
AURORA.V,D,20220709,000000,1.58909,1.64891,1.55417,1.5728,8720.5529727,0
AURORA.V,D,20220710,000000,1.56676,1.57326,1.43744,1.44353,14578.690356866846,0
AURORA.V,D,20220711,000000,1.44353,1.47462,1.43314,1.4435,8910.598401599991,0
AURORA.V,D,20220712,000000,1.4467,1.4467,1.31775,1.31788,10676.231338670035,0
AURORA.V,D,20220713,000000,1.31783,1.41359,1.30661,1.38146,13300.52287125002,0
AURORA.V,D,20220714,000000,1.39844,1.69957,1.38176,1.53788,28297.02369633991,0
AURORA.V,D,20220715,000000,1.53098,1.58895,1.47192,1.51065,14070.88179773,0
AURORA.V,D,20220716,000000,1.50175,1.60328,1.42137,1.59088,11915.886223890084,0
AURORA.V,D,20220717,000000,1.59087,1.67407,1.54148,1.54898,8020.135500410007,0
AURORA.V,D,20220718,000000,1.55969,1.7511,1.52889,1.63202,27420.352523259975,0
AURORA.V,D,20220719,000000,1.63141,1.92011,1.63121,1.9057,21819.519692210037,0
AURORA.V,D,20220720,000000,1.905,2.02114,1.70557,1.73959,29377.084320422033,0
AURORA.V,D,20220721,000000,1.73959,1.78725,1.65115,1.77864,16937.533084289997,0
AURORA.V,D,20220722,000000,1.77323,1.93393,1.71256,1.73586,27560.758182900176,0
AURORA.V,D,20220723,000000,1.7364,1.78424,1.64103,1.64103,18558.438821353993,0
AURORA.V,D,20220724,000000,1.64056,1.79399,1.61999,1.71354,16362.393161919978,0
AURORA.V,D,20220725,000000,1.71393,1.76133,1.54908,1.56853,28999.938950449952,0
AURORA.V,D,20220726,000000,1.56433,1.59504,1.44009,1.47512,14033.142249310002,0
AURORA.V,D,20220727,000000,1.47481,1.72056,1.47481,1.69371,20546.41512372101,0
AURORA.V,D,20220728,000000,1.68679,1.80922,1.65912,1.75995,26490.193753632,0
AURORA.V,D,20220729,000000,1.75956,1.80562,1.66303,1.7106,13148.001227252957,0
AURORA.V,D,20220730,000000,1.7108,1.78272,1.67827,1.7595,10849.813838849997,0
AURORA.V,D,20220731,000000,1.75862,1.79025,1.66557,1.76491,10751.541357386024,0
AURORA.V,D,20220801,000000,1.76571,1.78047,1.62694,1.6624,16465.03227801198,0
AURORA.V,D,20220802,000000,1.6625,1.68837,1.59796,1.66618,22164.665250374015,0
AURORA.V,D,20220803,000000,1.66608,1.71302,1.60589,1.69461,22245.038199022136,0
AURORA.V,D,20220804,000000,1.69067,1.72908,1.61377,1.62348,21520.89649514099,0
AURORA.V,D,20220805,000000,1.62256,1.84293,1.61556,1.81524,45706.45516810986,0
AURORA.V,D,20220806,000000,1.81534,1.83012,1.68622,1.7514,24127.78963220003,0
AURORA.V,D,20220807,000000,1.75169,1.75199,1.67732,1.70511,15416.908935000058,0
AURORA.V,D,20220808,000000,1.70482,2.09652,1.68564,2.00124,97624.5423541949,0
AURORA.V,D,20220809,000000,2.00194,2.04587,1.87167,1.92228,36640.91072009204,0
AURORA.V,D,20220810,000000,1.93339,2.21807,1.81662,2.18983,38277.35869322299,0
AURORA.V,D,20220811,000000,2.18983,2.23194,2.02983,2.06647,38985.61006559783,0
AURORA.V,D,20220812,000000,2.06633,2.10935,1.97849,2.07515,22590.333544864894,0
AURORA.V,D,20220813,000000,2.07575,2.17624,1.9981,2.02449,25618.748157143968,0
AURORA.V,D,20220814,000000,2.02459,2.03389,1.8461,1.87316,22275.334516361,0
AURORA.V,D,20220815,000000,1.87378,1.96399,1.86047,1.87645,34089.90529576009,0
AURORA.V,D,20220816,000000,1.88065,1.90206,1.81751,1.82386,18677.071861350014,0
AURORA.V,D,20220817,000000,1.83166,1.88316,1.69755,1.72212,18359.80902007797,0
AURORA.V,D,20220818,000000,1.71822,1.78789,1.6686,1.69082,42623.58409823001,0
AURORA.V,D,20220819,000000,1.69107,1.70637,1.38824,1.3907,93782.44989910019,0
AURORA.V,D,20220820,000000,1.38243,1.42803,1.32,1.35079,31951.31320991003,0
AURORA.V,D,20220821,000000,1.35366,1.41017,1.28902,1.40396,12731.009202209987,0
AURORA.V,D,20220822,000000,1.39967,1.42696,1.28551,1.30277,102388.74528230005,0
AURORA.V,D,20220823,000000,1.30387,1.40022,1.28929,1.31414,37036.97982799996,0
AURORA.V,D,20220824,000000,1.3009,1.33827,1.27174,1.31432,18774.33519506002,0
AURORA.V,D,20220825,000000,1.31271,1.32418,1.27832,1.29954,43371.51300887001,0
AURORA.V,D,20220826,000000,1.30881,1.33762,1.18982,1.20061,49882.23553711992,0
AURORA.V,D,20220827,000000,1.20121,1.23232,1.14048,1.16622,19985.32778831001,0
AURORA.V,D,20220828,000000,1.16722,1.21082,1.15732,1.189,11411.099625499995,0
AURORA.V,D,20220829,000000,1.1884,1.34382,1.14722,1.27489,53100.64081527107,0
AURORA.V,D,20220830,000000,1.28713,1.38075,1.20012,1.35391,103008.18403529974,0
AURORA.V,D,20220831,000000,1.35111,1.48494,1.22681,1.4028,182237.45108260008,0
AURORA.V,D,20220901,000000,1.39759,1.41203,1.22653,1.24803,52512.69342661002,0
AURORA.V,D,20220902,000000,1.25699,1.31404,1.20722,1.2192,36407.47319337896,0
AURORA.V,D,20220903,000000,1.21489,1.2658,1.2101,1.2321,11393.533308600045,0
AURORA.V,D,20220904,000000,1.23752,1.3806,1.22732,1.3689,49992.23042160005,0
AURORA.V,D,20220905,000000,1.3689,1.3941,1.2584,1.31583,45546.788034170124,0
AURORA.V,D,20220906,000000,1.31263,1.3794,1.2024,1.2455,114043.90043128004,0
AURORA.V,D,20220907,000000,1.2486,1.29135,1.18385,1.27359,89873.49821605996,0
AURORA.V,D,20220908,000000,1.27438,1.34938,1.2719,1.29979,69696.30123930016,0
AURORA.V,D,20220909,000000,1.30208,1.38903,1.27194,1.33545,59288.832472998896,0
AURORA.V,D,20220910,000000,1.33519,1.38223,1.33005,1.33473,21940.540439115026,0
AURORA.V,D,20220911,000000,1.33428,1.39506,1.33361,1.37534,32504.31957574699,0
AURORA.V,D,20220912,000000,1.37533,1.41818,1.32901,1.39365,62809.205941050015,0
AURORA.V,D,20220913,000000,1.39605,1.41897,1.29675,1.31243,37248.43866833996,0
AURORA.V,D,20220914,000000,1.31143,1.33563,1.29111,1.31173,24794.574902599965,0
AURORA.V,D,20220915,000000,1.31134,1.32549,1.21985,1.22699,24845.80418165397,0
AURORA.V,D,20220916,000000,1.2255,1.2318,1.165,1.18208,12289.539363830021,0
AURORA.V,D,20220917,000000,1.1768,1.2692,1.1671,1.24712,40353.342847199994,0
AURORA.V,D,20220918,000000,1.24582,1.26933,1.17015,1.1795,33987.801113999965,0
AURORA.V,D,20220919,000000,1.1756,1.1838,1.1073,1.13821,42106.74212210009,0
AURORA.V,D,20220920,000000,1.12701,1.16223,1.10902,1.1169,18252.80280550015,0
AURORA.V,D,20220921,000000,1.1265,1.14771,1.10171,1.1124,26233.47255109996,0
AURORA.V,D,20220922,000000,1.1114,1.191,1.09601,1.1464,21064.242813799985,0
AURORA.V,D,20220923,000000,1.1474,1.192,1.1064,1.1403,15945.20711040005,0
AURORA.V,D,20220924,000000,1.13852,1.16295,1.12336,1.13629,17654.2127018999,0
AURORA.V,D,20220925,000000,1.1367,1.16735,1.11221,1.1351,10515.461382400044,0
AURORA.V,D,20220926,000000,1.13469,1.1455,1.116,1.13069,8845.975552900061,0
AURORA.V,D,20220927,000000,1.1305,1.2048,1.09099,1.11639,82390.82869390004,0
AURORA.V,D,20220928,000000,1.11659,1.12567,1.06499,1.1066,21100.56641499999,0
AURORA.V,D,20220929,000000,1.1113,1.1258,1.0652,1.08291,29163.680493000047,0
AURORA.V,D,20220930,000000,1.0825,1.1023,0.9966,1.0127,135527.81896460013,0
AURORA.V,D,20221001,000000,1.0059,1.0229,0.9603,0.9834,52175.73316600019,0
AURORA.V,D,20221002,000000,0.9847,1.0235,0.9698,1.0004,75245.61779920018,0
AURORA.V,D,20221003,000000,0.9998,0.9999,0.9516,0.9756,27599.33542900007,0
AURORA.V,D,20221004,000000,0.9756,1.10992,0.975,1.09383,161679.5635473211,0
AURORA.V,D,20221005,000000,1.09542,1.42228,1.09212,1.16992,621541.4454511511,0
AURORA.V,D,20221006,000000,1.17176,1.25936,1.06677,1.10679,173500.9674147992,0
AURORA.V,D,20221007,000000,1.0988,1.14476,1.03676,1.06935,56077.14686298591,0
AURORA.V,D,20221008,000000,1.06141,1.08835,1.02102,1.06588,43457.30262750014,0
AURORA.V,D,20221009,000000,1.07607,1.08234,1.013,1.0283,65980.81335350013,0
AURORA.V,D,20221010,000000,1.02831,1.05131,0.9884,1.0127,53788.84910090008,0
AURORA.V,D,20221011,000000,1.0145,1.0196,0.94924,0.95811,47651.215477400074,0
AURORA.V,D,20221012,000000,0.9583,1.06712,0.95112,1.03643,148270.2155848001,0
AURORA.V,D,20221013,000000,1.0363,1.0729,0.92054,0.95729,343884.86692174134,0
AURORA.V,D,20221014,000000,0.95789,0.98164,0.922255,0.929219,122467.42172713004,0
AURORA.V,D,20221015,000000,0.930428,0.954676,0.907373,0.932347,105015.48963398003,0
AURORA.V,D,20221016,000000,0.9323,0.936837,0.867926,0.893045,271846.0749342014,0
AURORA.V,D,20221017,000000,0.891236,0.916437,0.88,0.912718,87483.35170218974,0
AURORA.V,D,20221018,000000,0.912109,0.949019,0.859117,0.879653,111322.50879179995,0
AURORA.V,D,20221019,000000,0.879453,0.886518,0.8199,0.8305,130469.44178829984,0
AURORA.V,D,20221020,000000,0.830792,0.855523,0.815951,0.828317,94252.90197980069,0
AURORA.V,D,20221021,000000,0.828442,0.834375,0.784137,0.805164,160498.60143070004,0
AURORA.V,D,20221022,000000,0.805156,0.812457,0.758023,0.783863,117894.57485349993,0
AURORA.V,D,20221023,000000,0.783563,0.803764,0.768169,0.787402,105550.61897540014,0
AURORA.V,D,20221024,000000,0.786186,0.811081,0.765284,0.784631,110846.32784799993,0
AURORA.V,D,20221025,000000,0.784831,0.94426,0.756738,0.832383,359080.85251941637,0
AURORA.V,D,20221026,000000,0.833683,0.869209,0.817821,0.839335,126409.31704321413,0
AURORA.V,D,20221027,000000,0.839335,0.844136,0.77,0.782031,286356.86158577184,0
AURORA.V,D,20221028,000000,0.778955,0.797767,0.753743,0.795567,138820.33970759972,0
AURORA.V,D,20221029,000000,0.791658,0.806174,0.770177,0.777779,146965.27396369938,0
AURORA.V,D,20221030,000000,0.779687,0.788321,0.75992,0.766853,160461.1753850008,0
AURORA.V,D,20221031,000000,0.766853,0.7844,0.760632,0.764739,137680.19095045992,0
AURORA.V,D,20221101,000000,0.765762,0.775345,0.729869,0.739219,125400.76884660004,0
AURORA.V,D,20221102,000000,0.739826,0.750023,0.704958,0.704958,173784.81851983984,0
AURORA.V,D,20221103,000000,0.706758,0.730971,0.699958,0.7001,94080.06902379995,0
AURORA.V,D,20221104,000000,0.702893,0.789995,0.69503,0.765254,173934.3231930998,0
AURORA.V,D,20221105,000000,0.761453,0.785239,0.733322,0.745645,48084.444811299996,0
AURORA.V,D,20221106,000000,0.745622,0.751123,0.704792,0.707828,76845.96654000004,0
AURORA.V,D,20221107,000000,0.708764,0.713757,0.683148,0.69249,54832.130575963,0
AURORA.V,D,20221108,000000,0.694939,0.703552,0.581508,0.609724,111731.05786549073,0
AURORA.V,D,20221109,000000,0.607718,0.619035,0.504756,0.512325,212787.56489964455,0
AURORA.V,D,20221110,000000,0.508398,0.5795,0.482116,0.513648,256652.8643471149,0
AURORA.V,D,20221111,000000,0.513394,0.571676,0.4488,0.456428,195688.3872699559,0
AURORA.V,D,20221112,000000,0.465047,0.734476,0.441504,0.599319,636059.697695085,0
AURORA.V,D,20221113,000000,0.635254,0.989712,0.519064,0.537846,1019406.6228275311,0
AURORA.V,D,20221114,000000,0.532054,0.575509,0.504192,0.536348,267293.0294227197,0
AURORA.V,D,20221115,000000,0.534697,0.576723,0.511734,0.547852,221888.3759777598,0
AURORA.V,D,20221116,000000,0.546952,0.555516,0.519464,0.521614,143022.7198869001,0
AURORA.V,D,20221117,000000,0.519721,0.542077,0.50951,0.52489,176629.30781627516,0
AURORA.V,D,20221118,000000,0.528288,0.531075,0.476804,0.491434,257861.40539670028,0
AURORA.V,D,20221119,000000,0.490136,0.506371,0.469488,0.479686,141205.36290530008,0
AURORA.V,D,20221120,000000,0.475695,0.481607,0.436914,0.44033,230986.14201961522,0
AURORA.V,D,20221121,000000,0.439531,0.455121,0.429342,0.431977,164235.58095160092,0
AURORA.V,D,20221122,000000,0.434878,0.458336,0.430535,0.454917,147637.41505870002,0
AURORA.V,D,20221123,000000,0.455344,0.495505,0.452125,0.473878,139278.89019719994,0
AURORA.V,D,20221124,000000,0.473878,0.481898,0.454868,0.468402,149246.94435056997,0
AURORA.V,D,20221125,000000,0.466503,0.476661,0.440527,0.450634,167043.80851992994,0
AURORA.V,D,20221126,000000,0.450643,0.451511,0.427226,0.433644,140427.63212600004,0
AURORA.V,D,20221127,000000,0.432649,0.446818,0.428351,0.441417,168500.96480790005,0
AURORA.V,D,20221128,000000,0.441622,0.444347,0.41747,0.41994,176627.2541999999,0
AURORA.V,D,20221129,000000,0.41994,0.43114,0.390455,0.392247,223400.05329805787,0
AURORA.V,D,20221130,000000,0.391355,0.409967,0.379479,0.39822,367145.11819670425,0
AURORA.V,D,20221201,000000,0.398216,0.40194,0.360018,0.370922,437839.1758498993,0
AURORA.V,D,20221202,000000,0.371922,0.391267,0.362304,0.370822,448911.6626494996,0
AURORA.V,D,20221203,000000,0.371215,0.37383,0.356736,0.363936,204452.87167067124,0
AURORA.V,D,20221204,000000,0.361672,0.36691,0.350035,0.363473,201653.83956920006,0
AURORA.V,D,20221205,000000,0.364873,0.366673,0.349217,0.350111,153142.9389055001,0
AURORA.V,D,20221206,000000,0.350107,0.353521,0.337,0.34,149135.91596826795,0
AURORA.V,D,20221207,000000,0.3403,0.3403,0.319006,0.3201,231435.34304270006,0
AURORA.V,D,20221208,000000,0.3191,0.322952,0.303161,0.316822,259802.89346100384,0
AURORA.V,D,20221209,000000,0.320922,0.329923,0.310412,0.321219,138112.45955965,0
AURORA.V,D,20221210,000000,0.3253,0.389896,0.310003,0.359993,485854.30477870046,0
AURORA.V,D,20221211,000000,0.363696,0.379214,0.32521,0.369937,532303.0264420995,0
AURORA.V,D,20221212,000000,0.363336,0.363336,0.326197,0.33663,177169.7765786568,0
AURORA.V,D,20221213,000000,0.341034,0.370074,0.317086,0.342014,160778.31305991003,0
AURORA.V,D,20221214,000000,0.342018,0.359043,0.327748,0.340024,112689.86148437807,0
AURORA.V,D,20221215,000000,0.338334,0.347235,0.327566,0.334267,89305.37387919998,0
AURORA.V,D,20221216,000000,0.335167,0.3532,0.280028,0.281928,283273.41910768993,0
AURORA.V,D,20221217,000000,0.282957,0.315257,0.279225,0.282137,216934.8487077801,0
AURORA.V,D,20221218,000000,0.283237,0.287912,0.27003,0.280134,176042.2515596,0
AURORA.V,D,20221219,000000,0.280134,0.282039,0.250113,0.2559,107995.37830500002,0
AURORA.V,D,20221220,000000,0.2561,0.2772,0.249595,0.258813,206839.10066239006,0
AURORA.V,D,20221221,000000,0.258213,0.263705,0.231212,0.232812,317941.80076340097,0
AURORA.V,D,20221222,000000,0.232812,0.284974,0.213583,0.23376,719072.4924386004,0
AURORA.V,D,20221223,000000,0.234762,0.240869,0.220869,0.222775,289317.9178865797,0
AURORA.V,D,20221224,000000,0.22288,0.226682,0.213685,0.215585,170639.5244069,0
AURORA.V,D,20221225,000000,0.215587,0.223196,0.203484,0.210768,258542.9648331153,0
AURORA.V,D,20221226,000000,0.209975,0.229856,0.20167,0.214457,440035.79434849985,0
AURORA.V,D,20221227,000000,0.213657,0.216761,0.199942,0.209718,260403.18498219992,0
AURORA.V,D,20221228,000000,0.210118,0.210118,0.17901,0.1881,333675.7201821998,0
AURORA.V,D,20221229,000000,0.1884,0.190305,0.163335,0.164424,336661.8277320001,0
AURORA.V,D,20221230,000000,0.165824,0.170123,0.152124,0.160118,496211.02676952584,0
AURORA.V,D,20221231,000000,0.159918,0.224088,0.159918,0.16002,1561300.2931066009,0
AURORA.V,D,20230101,000000,0.161219,0.172097,0.15642,0.159627,499508.0254630195,0
AURORA.V,D,20230102,000000,0.159425,0.165935,0.152339,0.160649,252375.1583865403,0
AURORA.V,D,20230103,000000,0.160647,0.169929,0.146644,0.151041,351477.9531093427,0
AURORA.V,D,20230104,000000,0.151641,0.183926,0.151037,0.169444,428127.5217404999,0
AURORA.V,D,20230105,000000,0.168144,0.172848,0.158151,0.164141,546495.9472296498,0
AURORA.V,D,20230106,000000,0.163951,0.169232,0.155124,0.16105,406314.64704291034,0
AURORA.V,D,20230107,000000,0.160549,0.193644,0.160054,0.181256,619068.1697726897,0
AURORA.V,D,20230108,000000,0.181256,0.208571,0.166667,0.171773,1184305.582172001,0
AURORA.V,D,20230109,000000,0.171678,0.212281,0.169271,0.179998,443705.35692193586,0
AURORA.V,D,20230110,000000,0.180498,0.18398,0.177291,0.180725,203674.5678708983,0
AURORA.V,D,20230111,000000,0.180031,0.187596,0.169873,0.187596,456001.0624823375,0
AURORA.V,D,20230112,000000,0.187885,0.219976,0.183782,0.208915,753923.1308036152,0
AURORA.V,D,20230113,000000,0.207217,0.234016,0.193998,0.22222,723859.0956840012,0
AURORA.V,D,20230114,000000,0.22362,0.238726,0.216241,0.226009,671927.8131442771,0
AURORA.V,D,20230115,000000,0.226914,0.229641,0.20002,0.214564,348209.0354621993,0
AURORA.V,D,20230116,000000,0.213064,0.227286,0.205094,0.208902,167487.52438033765,0
AURORA.V,D,20230117,000000,0.209108,0.2129,0.20382,0.210321,255773.7390655002,0
AURORA.V,D,20230118,000000,0.208721,0.215417,0.174996,0.180091,658141.8801858146,0
AURORA.V,D,20230119,000000,0.180393,0.189281,0.176095,0.178295,450532.5189387002,0
AURORA.V,D,20230120,000000,0.178112,0.19884,0.174097,0.197334,584506.3359558001,0
AURORA.V,D,20230121,000000,0.195835,0.206554,0.190253,0.200034,432730.9686103,0
AURORA.V,D,20230122,000000,0.19954,0.200436,0.180036,0.182036,323678.2436023964,0
AURORA.V,D,20230123,000000,0.182235,0.206623,0.181835,0.190832,474667.7799574878,0
AURORA.V,D,20230124,000000,0.190927,0.201126,0.190136,0.192404,230500.74095715594,0
AURORA.V,D,20230125,000000,0.193004,0.196229,0.18443,0.193333,287146.10970820003,0
AURORA.V,D,20230126,000000,0.191733,0.241917,0.191333,0.207817,1132560.11169666,0
AURORA.V,D,20230127,000000,0.207819,0.21583,0.194045,0.205388,438792.35438978876,0
AURORA.V,D,20230128,000000,0.205172,0.209252,0.197836,0.197938,233869.21724520004,0
AURORA.V,D,20230129,000000,0.198046,0.247535,0.196353,0.23841,758207.6065258995,0
AURORA.V,D,20230130,000000,0.234707,0.300015,0.216404,0.225716,1911334.0832352708,0
AURORA.V,D,20230131,000000,0.225811,0.241783,0.219611,0.22382,622825.9843147004,0
AURORA.V,D,20230201,000000,0.222813,0.229909,0.210098,0.226414,671487.6482967293,0
AURORA.V,D,20230202,000000,0.226311,0.242229,0.223709,0.231544,447754.39689399966,0
AURORA.V,D,20230203,000000,0.231553,0.232251,0.215026,0.22492,388035.27900788333,0
AURORA.V,D,20230204,000000,0.224218,0.256718,0.219115,0.245725,509716.41216110066,0
AURORA.V,D,20230205,000000,0.24412,0.251763,0.22945,0.251363,505283.9258835889,0
AURORA.V,D,20230206,000000,0.252566,0.257467,0.240043,0.24601,262043.68329189994,0
AURORA.V,D,20230207,000000,0.24502,0.258918,0.229798,0.258218,543384.1069844993,0
AURORA.V,D,20230208,000000,0.258003,0.381911,0.252013,0.324126,3317256.9461196493,0
AURORA.V,D,20230209,000000,0.324223,0.363207,0.269897,0.283943,1438116.8956021909,0
AURORA.V,D,20230210,000000,0.276033,0.288764,0.26634,0.268138,392727.4641668506,0
AURORA.V,D,20230211,000000,0.267732,0.275639,0.256218,0.264826,291479.284503,0
AURORA.V,D,20230212,000000,0.264826,0.321548,0.263526,0.301721,750845.0694211995,0
AURORA.V,D,20230213,000000,0.300427,0.30083,0.261383,0.275849,655536.5342857415,0
AURORA.V,D,20230214,000000,0.276741,0.295115,0.273594,0.28841,350122.0646160997,0
AURORA.V,D,20230215,000000,0.288198,0.320048,0.283205,0.308055,376837.0809351502,0
AURORA.V,D,20230216,000000,0.30744,0.312859,0.286977,0.287998,510625.52177399973,0
AURORA.V,D,20230217,000000,0.284182,0.299524,0.282734,0.295827,299239.7395244997,0
AURORA.V,D,20230218,000000,0.295338,0.316963,0.294015,0.306749,371467.2840980993,0
AURORA.V,D,20230219,000000,0.299245,0.317638,0.296068,0.30247,329020.12942217436,0
AURORA.V,D,20230220,000000,0.301351,0.33295,0.25601,0.25781,974760.5036509995,0
AURORA.V,D,20230221,000000,0.26061,0.291529,0.26061,0.277947,699138.5963156996,0
AURORA.V,D,20230222,000000,0.27845,0.27845,0.253523,0.259316,413205.2691387998,0
AURORA.V,D,20230223,000000,0.260416,0.276622,0.255246,0.262334,305189.1396169002,0
AURORA.V,D,20230224,000000,0.260242,0.261752,0.238438,0.244198,374075.6066042459,0
AURORA.V,D,20230225,000000,0.244095,0.249122,0.237026,0.241017,291889.212649,0
AURORA.V,D,20230226,000000,0.239922,0.253636,0.239324,0.253115,201888.4049569999,0
AURORA.V,D,20230227,000000,0.253113,0.254405,0.241307,0.242212,186317.80086283022,0
AURORA.V,D,20230228,000000,0.242212,0.243507,0.235124,0.235942,210976.31627309977,0
AURORA.V,D,20230301,000000,0.236833,0.246739,0.235128,0.240431,172571.76043306984,0
AURORA.V,D,20230302,000000,0.240634,0.241236,0.229705,0.233121,405022.998084,0
AURORA.V,D,20230303,000000,0.232921,0.234721,0.215073,0.218715,275018.15112779994,0
AURORA.V,D,20230304,000000,0.218922,0.235712,0.218117,0.226518,314156.2761794998,0
AURORA.V,D,20230305,000000,0.227016,0.246025,0.227016,0.238529,292684.68235960044,0
AURORA.V,D,20230306,000000,0.237726,0.239829,0.22652,0.227682,188955.41033759993,0
AURORA.V,D,20230307,000000,0.228095,0.230998,0.211083,0.214704,211081.97074909988,0
AURORA.V,D,20230308,000000,0.214589,0.221967,0.207575,0.207575,233905.50472570004,0
AURORA.V,D,20230309,000000,0.206771,0.209654,0.198496,0.201118,150965.90353529985,0
AURORA.V,D,20230310,000000,0.202118,0.202704,0.179984,0.18982,247446.17492770002,0
AURORA.V,D,20230311,000000,0.190822,0.200213,0.180958,0.188054,318204.5698104002,0
AURORA.V,D,20230312,000000,0.188787,0.201299,0.187992,0.201114,185718.9040547,0
AURORA.V,D,20230313,000000,0.201424,0.212694,0.197498,0.206922,227460.99076773995,0
AURORA.V,D,20230314,000000,0.20732,0.221684,0.203474,0.214284,255092.5404242239,0
AURORA.V,D,20230315,000000,0.213809,0.219009,0.198914,0.203363,221477.72361679998,0
AURORA.V,D,20230316,000000,0.203844,0.211656,0.20091,0.206807,130491.23389460004,0
AURORA.V,D,20230317,000000,0.206902,0.220271,0.205445,0.220271,148890.370788,0
AURORA.V,D,20230318,000000,0.221738,0.233911,0.218506,0.219402,228524.79159969997,0
AURORA.V,D,20230319,000000,0.218251,0.224973,0.213989,0.221139,226578.9735775002,0
AURORA.V,D,20230320,000000,0.220662,0.223263,0.194787,0.199327,785672.1653226,0
AURORA.V,D,20230321,000000,0.19912,0.201999,0.190356,0.19171,328258.45072880073,0
AURORA.V,D,20230322,000000,0.191712,0.194934,0.185301,0.190125,401753.1323934999,0
AURORA.V,D,20230323,000000,0.190424,0.192405,0.183571,0.190114,357043.9268423,0
AURORA.V,D,20230324,000000,0.190106,0.195837,0.185419,0.186822,248143.39200110012,0
AURORA.V,D,20230325,000000,0.187306,0.187961,0.181405,0.182075,262114.94649243008,0
AURORA.V,D,20230326,000000,0.182477,0.185867,0.181267,0.182706,103489.42995850016,0
AURORA.V,D,20230327,000000,0.183402,0.187648,0.173964,0.174482,401784.9728719002,0
AURORA.V,D,20230328,000000,0.174184,0.183149,0.172767,0.17997,560807.5755184005,0
AURORA.V,D,20230329,000000,0.179268,0.18372,0.175244,0.180032,319903.01163570024,0
AURORA.V,D,20230330,000000,0.180434,0.182848,0.179554,0.181951,288784.56533840066,0
AURORA.V,D,20230331,000000,0.181949,0.191333,0.178964,0.187447,500922.8022256,0
AURORA.V,D,20230401,000000,0.188256,0.188558,0.181785,0.185067,471099.99575200037,0
AURORA.V,D,20230402,000000,0.185769,0.19189,0.182713,0.190518,410506.2697310382,0
AURORA.V,D,20230403,000000,0.190618,0.211189,0.185576,0.191371,808791.9791381996,0
AURORA.V,D,20230404,000000,0.191679,0.202189,0.184485,0.200802,617286.1450701,0
AURORA.V,D,20230405,000000,0.2008,0.219364,0.194927,0.197473,720501.0404967994,0
AURORA.V,D,20230406,000000,0.197345,0.198452,0.190676,0.193768,357122.88738670043,0
AURORA.V,D,20230407,000000,0.19397,0.194597,0.18355,0.185139,189466.78159910027,0
AURORA.V,D,20230408,000000,0.184637,0.212131,0.184338,0.198679,501341.3192414003,0
AURORA.V,D,20230409,000000,0.199178,0.203146,0.191723,0.200834,377959.9797037,0
AURORA.V,D,20230410,000000,0.202231,0.207829,0.193637,0.201765,246110.28816669993,0
AURORA.V,D,20230411,000000,0.201863,0.205869,0.198795,0.198795,329942.46655710024,0
AURORA.V,D,20230412,000000,0.19859,0.219578,0.19189,0.207462,376515.5704588003,0
AURORA.V,D,20230413,000000,0.206761,0.208869,0.197189,0.197189,211729.74729430015,0
AURORA.V,D,20230414,000000,0.196486,0.205223,0.190664,0.197164,365559.32578318095,0
AURORA.V,D,20230415,000000,0.197862,0.200156,0.191385,0.194173,309113.04189390014,0
AURORA.V,D,20230416,000000,0.193472,0.201735,0.192275,0.201735,277871.1991742001,0
AURORA.V,D,20230417,000000,0.201637,0.201935,0.18688,0.18701,355468.4978795797,0
AURORA.V,D,20230418,000000,0.185921,0.190653,0.178746,0.17933,588882.5880635993,0
AURORA.V,D,20230419,000000,0.179332,0.180565,0.169887,0.170787,263626.70483500004,0
