<TICKER>,<PER>,<DATE>,<TIME>,<OPEN>,<HIGH>,<LOW>,<CLOSE>,<VOL>,<OPENINT>
AVAX.V,D,20200922,000000,5.014,7.007,4.031,5.25,0,0
AVAX.V,D,20200923,000000,5.25,5.365,3.403,3.525,0,0
AVAX.V,D,20200924,000000,3.525,4.892,3.406,4.59,0,0
AVAX.V,D,20200925,000000,4.59,5.028,4.204,4.718,0,0
AVAX.V,D,20200926,000000,4.718,4.83,4.338,4.529,0,0
AVAX.V,D,20200927,000000,4.529,4.722,4.115,4.657,0,0
AVAX.V,D,20200928,000000,4.657,4.71,4.172,4.206,0,0
AVAX.V,D,20200929,000000,4.206,4.294,3.965,4.143,0,0
AVAX.V,D,20200930,000000,4.143,4.415,4,4.333,0,0
AVAX.V,D,20201001,000000,4.333,4.535,4.018,4.154,0,0
AVAX.V,D,20201002,000000,4.154,4.224,3.652,3.916,0,0
AVAX.V,D,20201003,000000,3.916,4.194,3.874,4.021,0,0
AVAX.V,D,20201004,000000,4.021,4.084,3.837,3.968,0,0
AVAX.V,D,20201005,000000,3.968,4.05,3.874,3.985,0,0
AVAX.V,D,20201006,000000,3.985,4.004,3.503,3.546,0,0
AVAX.V,D,20201007,000000,3.546,3.55,3.21,3.445,0,0
AVAX.V,D,20201008,000000,3.445,3.961,3.326,3.919,0,0
AVAX.V,D,20201009,000000,3.919,4.329,3.807,4.253,0,0
AVAX.V,D,20201010,000000,4.253,4.272,4.004,4.027,0,0
AVAX.V,D,20201011,000000,4.027,4.18,3.937,4.1,0,0
AVAX.V,D,20201012,000000,4.1,4.715,4.058,4.414,0,0
AVAX.V,D,20201013,000000,4.414,4.569,4.324,4.485,0,0
AVAX.V,D,20201014,000000,4.485,4.489,4.017,4.164,0,0
AVAX.V,D,20201015,000000,4.164,4.233,4.002,4.131,0,0
AVAX.V,D,20201016,000000,4.131,4.162,3.879,4.047,0,0
AVAX.V,D,20201017,000000,4.047,4.214,3.971,4.199,0,0
AVAX.V,D,20201018,000000,4.199,4.25,4.074,4.124,0,0
AVAX.V,D,20201019,000000,4.124,4.179,3.997,4.054,0,0
AVAX.V,D,20201020,000000,4.054,4.095,3.701,3.809,0,0
AVAX.V,D,20201021,000000,3.809,4.106,3.798,3.969,0,0
AVAX.V,D,20201022,000000,3.969,4.488,3.96,4.338,0,0
AVAX.V,D,20201023,000000,4.338,4.479,4.145,4.258,0,0
AVAX.V,D,20201024,000000,4.258,4.359,4.16,4.186,0,0
AVAX.V,D,20201025,000000,4.186,4.253,4.105,4.149,0,0
AVAX.V,D,20201026,000000,4.149,4.486,4.041,4.152,0,0
AVAX.V,D,20201027,000000,4.152,4.347,4.037,4.122,0,0
AVAX.V,D,20201028,000000,4.122,4.175,3.935,4.058,0,0
AVAX.V,D,20201029,000000,4.058,4.098,3.73,3.775,0,0
AVAX.V,D,20201030,000000,3.775,3.827,3.583,3.726,0,0
AVAX.V,D,20201031,000000,3.726,3.748,3.588,3.635,0,0
AVAX.V,D,20201101,000000,3.635,3.713,3.565,3.681,0,0
AVAX.V,D,20201102,000000,3.681,3.875,3.616,3.622,0,0
AVAX.V,D,20201103,000000,3.622,3.651,3.248,3.324,0,0
AVAX.V,D,20201104,000000,3.324,3.376,3.006,3.176,0,0
AVAX.V,D,20201105,000000,3.176,3.378,3.02,3.348,0,0
AVAX.V,D,20201106,000000,3.348,3.658,3.324,3.589,0,0
AVAX.V,D,20201107,000000,3.589,3.913,3.378,3.422,0,0
AVAX.V,D,20201108,000000,3.422,3.66,3.362,3.468,0,0
AVAX.V,D,20201109,000000,3.468,3.533,3.257,3.411,0,0
AVAX.V,D,20201110,000000,3.411,3.629,3.38,3.576,0,0
AVAX.V,D,20201111,000000,3.576,3.804,3.462,3.486,0,0
AVAX.V,D,20201112,000000,3.486,3.56,3.323,3.424,0,0
AVAX.V,D,20201113,000000,3.424,3.696,3.392,3.674,0,0
AVAX.V,D,20201114,000000,3.674,3.697,3.4,3.487,0,0
AVAX.V,D,20201115,000000,3.487,3.642,3.419,3.548,0,0
AVAX.V,D,20201116,000000,3.548,3.817,3.458,3.7,0,0
AVAX.V,D,20201117,000000,3.7,3.93,3.692,3.839,0,0
AVAX.V,D,20201118,000000,3.839,3.867,3.58,3.744,0,0
AVAX.V,D,20201119,000000,3.744,3.827,3.567,3.642,0,0
AVAX.V,D,20201120,000000,3.642,4.002,3.624,3.714,0,0
AVAX.V,D,20201121,000000,3.714,4.085,3.665,4.015,0,0
AVAX.V,D,20201122,000000,4.015,4.051,3.709,3.887,0,0
AVAX.V,D,20201123,000000,3.887,4.248,3.854,4.071,0,0
AVAX.V,D,20201124,000000,4.071,4.33,3.868,4.25,0,0
AVAX.V,D,20201125,000000,4.25,4.398,3.911,4.046,0,0
AVAX.V,D,20201126,000000,4.046,4.091,3.309,3.537,0,0
AVAX.V,D,20201127,000000,3.537,3.761,3.427,3.594,0,0
AVAX.V,D,20201128,000000,3.594,3.7,3.478,3.631,0,0
AVAX.V,D,20201129,000000,3.631,3.766,3.537,3.705,0,0
AVAX.V,D,20201130,000000,3.705,3.816,3.648,3.702,0,0
AVAX.V,D,20201201,000000,3.702,3.814,3.462,3.563,0,0
AVAX.V,D,20201202,000000,3.563,3.845,3.513,3.742,0,0
AVAX.V,D,20201203,000000,3.742,3.897,3.718,3.818,0,0
AVAX.V,D,20201204,000000,3.818,3.859,3.513,3.537,0,0
AVAX.V,D,20201205,000000,3.537,3.72,3.514,3.642,0,0
AVAX.V,D,20201206,000000,3.642,3.677,3.513,3.608,0,0
AVAX.V,D,20201207,000000,3.608,3.612,3.322,3.391,0,0
AVAX.V,D,20201208,000000,3.391,3.391,3.091,3.116,0,0
AVAX.V,D,20201209,000000,3.116,3.414,2.788,3.261,0,0
AVAX.V,D,20201210,000000,3.261,3.348,3.065,3.148,0,0
AVAX.V,D,20201211,000000,3.148,3.303,3.016,3.24,0,0
AVAX.V,D,20201212,000000,3.24,3.454,3.238,3.338,0,0
AVAX.V,D,20201213,000000,3.338,3.416,3.283,3.34,0,0
AVAX.V,D,20201214,000000,3.34,3.341,3.137,3.142,0,0
AVAX.V,D,20201215,000000,3.142,3.461,3.064,3.302,0,0
AVAX.V,D,20201216,000000,3.302,3.376,3.147,3.342,0,0
AVAX.V,D,20201217,000000,3.342,3.375,3.187,3.209,0,0
AVAX.V,D,20201218,000000,3.209,3.475,3.148,3.411,0,0
AVAX.V,D,20201219,000000,3.411,3.607,3.38,3.464,0,0
AVAX.V,D,20201220,000000,3.464,3.494,3.28,3.305,0,0
AVAX.V,D,20201221,000000,3.305,3.352,2.995,3.088,0,0
AVAX.V,D,20201222,000000,3.088,3.131,2.924,3.078,0,0
AVAX.V,D,20201223,000000,3.078,3.666,2.765,2.946,0,0
AVAX.V,D,20201224,000000,2.946,3.111,2.787,3.103,0,0
AVAX.V,D,20201225,000000,3.103,3.126,2.845,2.951,0,0
AVAX.V,D,20201226,000000,2.951,2.989,2.846,2.913,0,0
AVAX.V,D,20201227,000000,2.913,3.069,2.841,2.9,0,0
AVAX.V,D,20201228,000000,2.9,3.045,2.865,2.954,0,0
AVAX.V,D,20201229,000000,2.954,3.004,2.832,2.923,0,0
AVAX.V,D,20201230,000000,2.923,2.941,2.837,2.919,0,0
AVAX.V,D,20201231,000000,2.919,3.266,2.793,3.205,0,0
AVAX.V,D,20210101,000000,3.205,3.934,3.05,3.666,0,0
AVAX.V,D,20210102,000000,3.666,3.941,3.291,3.496,0,0
AVAX.V,D,20210103,000000,3.496,3.827,3.396,3.475,0,0
AVAX.V,D,20210104,000000,3.475,3.831,3.259,3.602,0,0
AVAX.V,D,20210105,000000,3.602,4.363,3.489,4.262,0,0
AVAX.V,D,20210106,000000,4.262,4.974,4.143,4.58,0,0
AVAX.V,D,20210107,000000,4.58,4.817,4.197,4.47,0,0
AVAX.V,D,20210108,000000,4.47,5.863,4.036,5.735,0,0
AVAX.V,D,20210109,000000,5.735,7.491,5.608,7.223,0,0
AVAX.V,D,20210110,000000,7.223,7.498,6.156,6.551,0,0
AVAX.V,D,20210111,000000,6.551,7.003,5.747,6.472,0,0
AVAX.V,D,20210112,000000,6.472,8.238,6.43,7.737,0,0
AVAX.V,D,20210113,000000,7.737,8.497,7.15,8.466,0,0
AVAX.V,D,20210114,000000,8.466,9.565,8.208,9.319,0,0
AVAX.V,D,20210115,000000,9.319,9.881,8.601,9.392,0,0
AVAX.V,D,20210116,000000,9.392,13.47,9.165,12.83,0,0
AVAX.V,D,20210117,000000,12.83,14.55,12.34,13.18,0,0
AVAX.V,D,20210118,000000,13.18,13.85,12.6,12.7,0,0
AVAX.V,D,20210119,000000,12.7,13.37,11.59,11.76,0,0
AVAX.V,D,20210120,000000,11.76,13.04,11.04,12.38,0,0
AVAX.V,D,20210121,000000,12.38,12.99,11.09,11.33,0,0
AVAX.V,D,20210122,000000,11.33,13.39,10.7,12.73,0,0
AVAX.V,D,20210123,000000,12.73,13.49,12.53,12.89,0,0
AVAX.V,D,20210124,000000,12.89,13.2,12.23,12.49,0,0
AVAX.V,D,20210125,000000,12.49,12.95,12.07,12.18,0,0
AVAX.V,D,20210126,000000,12.18,12.72,11.41,12.19,0,0
AVAX.V,D,20210127,000000,12.19,12.22,10.81,11.17,0,0
AVAX.V,D,20210128,000000,11.17,12.78,10.84,11.98,0,0
AVAX.V,D,20210129,000000,11.98,12.67,11.37,11.62,0,0
AVAX.V,D,20210130,000000,11.62,12.66,11.31,12.06,0,0
AVAX.V,D,20210131,000000,12.06,15.36,11.85,13.49,0,0
AVAX.V,D,20210201,000000,13.49,13.62,12.59,13.23,0,0
AVAX.V,D,20210202,000000,13.23,13.7,12.81,13.5,0,0
AVAX.V,D,20210203,000000,13.5,14.95,13.22,14.85,0,0
AVAX.V,D,20210204,000000,14.85,15.89,13.92,15.32,0,0
AVAX.V,D,20210205,000000,15.32,18.03,15.13,17.89,0,0
AVAX.V,D,20210206,000000,17.89,18.61,15.92,18.07,0,0
AVAX.V,D,20210207,000000,18.07,24.43,17.95,23.79,0,0
AVAX.V,D,20210208,000000,23.79,33.78,23.64,30.15,0,0
AVAX.V,D,20210209,000000,30.15,33.03,27.52,31.7,0,0
AVAX.V,D,20210210,000000,31.7,60.22,31.4,54.97,0,0
AVAX.V,D,20210211,000000,54.97,56.4,41.76,46.99,0,0
AVAX.V,D,20210212,000000,46.99,54.56,43.64,48.44,0,0
AVAX.V,D,20210213,000000,48.44,51.87,43.01,43.14,0,0
AVAX.V,D,20210214,000000,43.14,44.03,38.01,38.45,0,0
AVAX.V,D,20210215,000000,38.45,43.89,33.56,38.09,0,0
AVAX.V,D,20210216,000000,38.09,39.54,34.95,36.34,0,0
AVAX.V,D,20210217,000000,36.34,41.31,34.06,36.92,0,0
AVAX.V,D,20210218,000000,36.92,43.68,35.82,41,0,0
AVAX.V,D,20210219,000000,41,41.26,37.59,38.77,0,0
AVAX.V,D,20210220,000000,38.77,42.81,32.62,36.03,0,0
AVAX.V,D,20210221,000000,36.03,37.98,34.89,36.17,0,0
AVAX.V,D,20210222,000000,36.17,36.27,26.63,32.26,0,0
AVAX.V,D,20210223,000000,32.26,32.35,23.56,27.59,0,0
AVAX.V,D,20210224,000000,27.59,32.25,25.33,29.82,0,0
AVAX.V,D,20210225,000000,29.82,32.22,26.53,26.78,0,0
AVAX.V,D,20210226,000000,26.78,28.05,24.93,25.97,0,0
AVAX.V,D,20210227,000000,25.97,27.5,25.09,25.81,0,0
AVAX.V,D,20210228,000000,25.81,25.97,22.21,23.99,0,0
AVAX.V,D,20210301,000000,23.99,27.81,23.62,27.46,0,0
AVAX.V,D,20210302,000000,27.46,31.88,25.93,27.14,0,0
AVAX.V,D,20210303,000000,27.14,29.42,26.55,27.23,0,0
AVAX.V,D,20210304,000000,27.23,28.81,24.25,25.76,0,0
AVAX.V,D,20210305,000000,25.76,25.8,23.57,24.33,0,0
AVAX.V,D,20210306,000000,24.33,25.49,23.85,24.9,0,0
AVAX.V,D,20210307,000000,24.9,27.94,24.9,26.66,0,0
AVAX.V,D,20210308,000000,26.66,27.1,25.04,25.61,0,0
AVAX.V,D,20210309,000000,25.61,34.77,23.62,34.38,0,0
AVAX.V,D,20210310,000000,34.38,35.79,28.78,29.63,0,0
AVAX.V,D,20210311,000000,29.63,32.85,28.45,30.81,0,0
AVAX.V,D,20210312,000000,30.81,31.56,26.88,27.96,0,0
AVAX.V,D,20210313,000000,27.96,33.21,26.94,30.89,0,0
AVAX.V,D,20210314,000000,30.89,32.27,28.94,28.96,0,0
AVAX.V,D,20210315,000000,28.96,30.62,27.09,28.93,0,0
AVAX.V,D,20210316,000000,28.93,33.24,27.57,33.03,0,0
AVAX.V,D,20210317,000000,33.03,33.91,30.72,32.66,0,0
AVAX.V,D,20210318,000000,32.66,35.59,31.86,33.21,0,0
AVAX.V,D,20210319,000000,33.21,38.46,31.41,37.36,0,0
AVAX.V,D,20210320,000000,37.36,39.26,34.16,34.18,0,0
AVAX.V,D,20210321,000000,34.18,35.44,32.03,32.81,0,0
AVAX.V,D,20210322,000000,32.81,33.58,28.7,29.2,0,0
AVAX.V,D,20210323,000000,29.2,30.87,28.14,28.48,0,0
AVAX.V,D,20210324,000000,28.48,30.46,24.99,25.88,0,0
AVAX.V,D,20210325,000000,25.88,27.5,24.37,25.82,0,0
AVAX.V,D,20210326,000000,25.82,28.87,25.79,28.27,0,0
AVAX.V,D,20210327,000000,28.27,28.64,26.82,27.63,0,0
AVAX.V,D,20210328,000000,27.63,29.52,27.21,28.72,0,0
AVAX.V,D,20210329,000000,28.72,30.35,28.21,29.54,0,0
AVAX.V,D,20210330,000000,29.54,30.9,28.82,29.64,0,0
AVAX.V,D,20210331,000000,29.64,29.94,26.63,28.73,0,0
AVAX.V,D,20210401,000000,28.73,29.34,27.73,28.26,0,0
AVAX.V,D,20210402,000000,28.26,29.58,27.96,29.03,0,0
AVAX.V,D,20210403,000000,29.03,32.85,27.92,28.17,0,0
AVAX.V,D,20210404,000000,28.17,29.9,27.59,29.17,0,0
AVAX.V,D,20210405,000000,29.17,32.97,28.57,31.26,0,0
AVAX.V,D,20210406,000000,31.26,34.55,30.51,31.49,0,0
AVAX.V,D,20210407,000000,31.49,33.26,28.63,29.5,0,0
AVAX.V,D,20210408,000000,29.5,31.58,29.24,30.74,0,0
AVAX.V,D,20210409,000000,30.74,32.45,30.31,31.5,0,0
AVAX.V,D,20210410,000000,31.5,33.94,30.89,31.8,0,0
AVAX.V,D,20210411,000000,31.8,32.32,30.93,31.58,0,0
AVAX.V,D,20210412,000000,31.58,35.61,31.29,33.81,0,0
AVAX.V,D,20210413,000000,33.81,34.86,31.7,33.65,0,0
AVAX.V,D,20210414,000000,33.65,39.39,32.93,38.33,0,0
AVAX.V,D,20210415,000000,38.33,40.77,36.28,37.03,0,0
AVAX.V,D,20210416,000000,37.03,37.56,33.3,35.48,0,0
AVAX.V,D,20210417,000000,35.48,36.86,33.51,33.96,0,0
AVAX.V,D,20210418,000000,33.96,34.3,23.31,29.36,0,0
AVAX.V,D,20210419,000000,29.36,30.56,25.76,26.19,0,0
AVAX.V,D,20210420,000000,26.19,28.78,23.9,27.46,0,0
AVAX.V,D,20210421,000000,27.46,28.44,25.78,25.81,0,0
AVAX.V,D,20210422,000000,25.81,27.72,23.27,24.01,0,0
AVAX.V,D,20210423,000000,24.01,26.35,19.87,23.56,0,0
AVAX.V,D,20210424,000000,23.56,23.95,21.5,21.86,0,0
AVAX.V,D,20210425,000000,21.86,23.74,20.47,21.64,0,0
AVAX.V,D,20210426,000000,21.64,26.52,21.42,26.48,0,0
AVAX.V,D,20210427,000000,26.48,28.01,25.77,27.97,0,0
AVAX.V,D,20210428,000000,27.97,29.09,25.9,28.27,0,0
AVAX.V,D,20210429,000000,28.27,29.72,26.64,27.91,0,0
AVAX.V,D,20210430,000000,27.91,32.99,27.52,32.81,0,0
AVAX.V,D,20210501,000000,32.81,35.64,31.75,31.81,0,0
AVAX.V,D,20210502,000000,31.81,32.66,30.5,31.29,0,0
AVAX.V,D,20210503,000000,31.29,37.25,31.17,35.86,0,0
AVAX.V,D,20210504,000000,35.86,36.21,29.61,30.42,0,0
AVAX.V,D,20210505,000000,30.42,35.64,29.91,35.32,0,0
AVAX.V,D,20210506,000000,35.32,39.36,34.75,38.05,0,0
AVAX.V,D,20210507,000000,38.05,43.87,36.04,37.92,0,0
AVAX.V,D,20210508,000000,37.92,39.82,37.24,38.39,0,0
AVAX.V,D,20210509,000000,38.39,39.46,35.11,38.98,0,0
AVAX.V,D,20210510,000000,38.98,41.83,30.64,34.71,0,0
AVAX.V,D,20210511,000000,34.71,37.33,32.61,36.81,0,0
AVAX.V,D,20210512,000000,36.81,41.44,32.88,32.97,0,0
AVAX.V,D,20210513,000000,32.97,37.16,31.05,35.06,0,0
AVAX.V,D,20210514,000000,35.06,38.02,33.32,37.02,0,0
AVAX.V,D,20210515,000000,37.02,39.96,34.19,34.49,0,0
AVAX.V,D,20210516,000000,34.49,39.72,32.72,36.19,0,0
AVAX.V,D,20210517,000000,36.19,37.82,32.6,33.65,0,0
AVAX.V,D,20210518,000000,33.65,37.69,33.32,36.96,0,0
AVAX.V,D,20210519,000000,36.96,38.52,18.5,23.2,0,0
AVAX.V,D,20210520,000000,23.2,28.23,20.93,25.11,0,0
AVAX.V,D,20210521,000000,25.11,26.75,18.43,21.86,0,0
AVAX.V,D,20210522,000000,21.86,22.44,18.35,18.85,0,0
AVAX.V,D,20210523,000000,18.85,19.69,12.14,15.63,0,0
AVAX.V,D,20210524,000000,15.63,20.51,15.07,19.4,0,0
AVAX.V,D,20210525,000000,19.4,20.25,17.12,19.48,0,0
AVAX.V,D,20210526,000000,19.48,21.45,18.99,20.81,0,0
AVAX.V,D,20210527,000000,20.81,21.2,18.79,19.08,0,0
AVAX.V,D,20210528,000000,19.08,19.54,16.02,16.72,0,0
AVAX.V,D,20210529,000000,16.72,17.59,15.18,16.17,0,0
AVAX.V,D,20210530,000000,16.17,17.44,15.16,16.53,0,0
AVAX.V,D,20210531,000000,16.53,18.18,15.7,18.15,0,0
AVAX.V,D,20210601,000000,18.15,18.57,17.09,17.76,0,0
AVAX.V,D,20210602,000000,17.76,19.36,17.16,18.69,0,0
AVAX.V,D,20210603,000000,18.69,20.69,18.23,20.27,0,0
AVAX.V,D,20210604,000000,20.27,20.56,17.45,18.26,0,0
AVAX.V,D,20210605,000000,18.26,19.13,16.89,17.22,0,0
AVAX.V,D,20210606,000000,17.22,17.99,17.09,17.38,0,0
AVAX.V,D,20210607,000000,17.38,18.04,15.32,15.55,0,0
AVAX.V,D,20210608,000000,15.55,16.06,13.68,14.81,0,0
AVAX.V,D,20210609,000000,14.81,15.75,13.66,15.39,0,0
AVAX.V,D,20210610,000000,15.39,15.57,13.75,14.19,0,0
AVAX.V,D,20210611,000000,14.19,14.6,13.15,13.41,0,0
AVAX.V,D,20210612,000000,13.41,13.91,12.65,13.54,0,0
AVAX.V,D,20210613,000000,13.54,14.99,13.25,14.75,0,0
AVAX.V,D,20210614,000000,14.75,15.4,14.38,15.11,0,0
AVAX.V,D,20210615,000000,15.11,15.59,14.61,14.72,0,0
AVAX.V,D,20210616,000000,14.72,14.93,13.92,14.07,0,0
AVAX.V,D,20210617,000000,14.07,15.48,14.03,14.85,0,0
AVAX.V,D,20210618,000000,14.85,15.31,13.12,13.63,0,0
AVAX.V,D,20210619,000000,13.63,14.04,13.22,13.39,0,0
AVAX.V,D,20210620,000000,13.39,14.19,12.81,13.93,0,0
AVAX.V,D,20210621,000000,13.93,14.07,11.1,11.21,0,0
AVAX.V,D,20210622,000000,11.21,11.77,9.354,10.58,0,0
AVAX.V,D,20210623,000000,10.58,11.87,10.15,11.46,0,0
AVAX.V,D,20210624,000000,11.46,11.75,10.83,11.49,0,0
AVAX.V,D,20210625,000000,11.49,11.75,10.2,10.24,0,0
AVAX.V,D,20210626,000000,10.24,10.61,9.802,10.32,0,0
AVAX.V,D,20210627,000000,10.32,10.99,10.1,10.95,0,0
AVAX.V,D,20210628,000000,10.95,11.46,10.72,11.33,0,0
AVAX.V,D,20210629,000000,11.33,12.34,11.09,11.92,0,0
AVAX.V,D,20210630,000000,11.92,12.12,11.04,11.95,0,0
AVAX.V,D,20210701,000000,11.95,12.07,11,11.19,0,0
AVAX.V,D,20210702,000000,11.19,11.35,10.57,11.12,0,0
AVAX.V,D,20210703,000000,11.12,11.67,10.88,11.5,0,0
AVAX.V,D,20210704,000000,11.5,12.89,11.21,12.35,0,0
AVAX.V,D,20210705,000000,12.35,12.43,11.56,12.04,0,0
AVAX.V,D,20210706,000000,12.04,14.22,12.03,13.37,0,0
AVAX.V,D,20210707,000000,13.37,14.17,13.04,13.1,0,0
AVAX.V,D,20210708,000000,13.1,13.1,11.84,12.1,0,0
AVAX.V,D,20210709,000000,12.1,12.86,11.63,12.55,0,0
AVAX.V,D,20210710,000000,12.55,12.85,11.84,12.02,0,0
AVAX.V,D,20210711,000000,12.02,12.49,11.92,12.43,0,0
AVAX.V,D,20210712,000000,12.43,12.84,11.71,12.16,0,0
AVAX.V,D,20210713,000000,12.16,12.44,11.75,11.91,0,0
AVAX.V,D,20210714,000000,11.91,12.1,11.12,11.79,0,0
AVAX.V,D,20210715,000000,11.79,12.1,11.13,11.38,0,0
AVAX.V,D,20210716,000000,11.38,11.83,10.81,10.83,0,0
AVAX.V,D,20210717,000000,10.83,11.15,10.73,10.96,0,0
AVAX.V,D,20210718,000000,10.96,11.28,10.69,10.7,0,0
AVAX.V,D,20210719,000000,10.7,10.75,10.03,10.18,0,0
AVAX.V,D,20210720,000000,10.18,10.36,9.331,9.635,0,0
AVAX.V,D,20210721,000000,9.635,10.74,9.48,10.43,0,0
AVAX.V,D,20210722,000000,10.43,10.96,10.24,10.83,0,0
AVAX.V,D,20210723,000000,10.83,11.17,10.53,11.08,0,0
AVAX.V,D,20210724,000000,11.08,11.45,10.97,11.15,0,0
AVAX.V,D,20210725,000000,11.15,11.34,10.78,11.25,0,0
AVAX.V,D,20210726,000000,11.25,12.69,11.22,11.46,0,0
AVAX.V,D,20210727,000000,11.46,12.34,11.18,11.92,0,0
AVAX.V,D,20210728,000000,11.92,12.48,11.69,12.32,0,0
AVAX.V,D,20210729,000000,12.32,12.64,11.98,12.43,0,0
AVAX.V,D,20210730,000000,12.43,13,11.94,12.98,0,0
AVAX.V,D,20210731,000000,12.98,13.63,12.59,13.52,0,0
AVAX.V,D,20210801,000000,13.52,14.09,12.7,12.86,0,0
AVAX.V,D,20210802,000000,12.86,13.37,12.62,12.99,0,0
AVAX.V,D,20210803,000000,12.99,13.51,12.33,12.56,0,0
AVAX.V,D,20210804,000000,12.56,13.78,12.41,13.7,0,0
AVAX.V,D,20210805,000000,13.7,13.98,12.87,13.84,0,0
AVAX.V,D,20210806,000000,13.84,14.97,13.39,14.76,0,0
AVAX.V,D,20210807,000000,14.76,15.94,14.62,15.83,0,0
AVAX.V,D,20210808,000000,15.83,16.09,14.57,14.82,0,0
AVAX.V,D,20210809,000000,14.82,16.73,14.43,16.17,0,0
AVAX.V,D,20210810,000000,16.17,17.18,15.81,16.43,0,0
AVAX.V,D,20210811,000000,16.43,17.54,16.38,16.71,0,0
AVAX.V,D,20210812,000000,16.6,16.62,15.45,16.58,0,0
AVAX.V,D,20210813,000000,16.58,18.28,16.4,18.04,0,0
AVAX.V,D,20210814,000000,18.04,18.44,17.2,18.11,0,0
AVAX.V,D,20210815,000000,18.11,18.86,17.15,18.78,0,0
AVAX.V,D,20210816,000000,18.78,21.12,18.47,19.08,0,0
AVAX.V,D,20210817,000000,19.08,25.44,18.48,23.45,0,0
AVAX.V,D,20210818,000000,23.45,30.83,21.49,29.98,0,0
AVAX.V,D,20210819,000000,29.98,33.74,28.79,30.7,0,0
AVAX.V,D,20210820,000000,30.7,39.22,29.99,39.14,0,0
AVAX.V,D,20210821,000000,39.14,50.29,37.73,43.76,0,0
AVAX.V,D,20210822,000000,43.76,45.06,40.65,43.73,0,0
AVAX.V,D,20210823,000000,43.73,52.98,43.66,46.43,0,0
AVAX.V,D,20210824,000000,46.43,58.96,44.19,55.54,0,0
AVAX.V,D,20210825,000000,55.54,57.46,45.66,46.24,0,0
AVAX.V,D,20210826,000000,46.24,48.45,41.23,41.35,0,0
AVAX.V,D,20210827,000000,41.35,50.48,40.37,50.17,0,0
AVAX.V,D,20210828,000000,50.17,51.83,46.18,50.23,0,0
AVAX.V,D,20210829,000000,50.23,52.46,46.73,47.45,0,0
AVAX.V,D,20210830,000000,47.45,48.31,40.99,41.4,0,0
AVAX.V,D,20210831,000000,41.4,44.19,38.33,39.5,0,0
AVAX.V,D,20210901,000000,39.5,45.65,38.56,42.49,0,0
AVAX.V,D,20210902,000000,42.49,47.94,41.05,47.61,0,0
AVAX.V,D,20210903,000000,47.61,51.61,44.74,45.9,0,0
AVAX.V,D,20210904,000000,45.9,49.82,44.1,47.19,0,0
AVAX.V,D,20210905,000000,47.19,49.38,45.44,48.15,0,0
AVAX.V,D,20210906,000000,48.15,51.33,44.28,47.09,0,0
AVAX.V,D,20210907,000000,47.09,47.18,32.3,37.86,0,0
AVAX.V,D,20210908,000000,37.86,39.48,33.14,37.01,0,0
AVAX.V,D,20210909,000000,37.01,44.59,36.26,40.74,0,0
AVAX.V,D,20210910,000000,40.74,49.67,40.45,49.36,0,0
AVAX.V,D,20210911,000000,49.36,59.11,48.19,57.05,0,0
AVAX.V,D,20210912,000000,57.05,64.97,53.67,59.27,0,0
AVAX.V,D,20210913,000000,59.27,60.87,47.76,53.15,0,0
AVAX.V,D,20210914,000000,53.15,57.5,49.09,51.54,0,0
AVAX.V,D,20210915,000000,51.54,58.14,50.33,57.88,0,0
AVAX.V,D,20210916,000000,57.88,68.28,57.19,67.57,0,0
AVAX.V,D,20210917,000000,67.57,70.84,60.64,70.06,0,0
AVAX.V,D,20210918,000000,70.06,75.5,67.19,69.01,0,0
AVAX.V,D,20210919,000000,69.01,76.22,66.46,70.07,0,0
AVAX.V,D,20210920,000000,70.07,70.41,55.21,57.33,0,0
AVAX.V,D,20210921,000000,57.33,66.19,53.03,59.02,0,0
AVAX.V,D,20210922,000000,59.02,74.61,57.74,74.04,0,0
AVAX.V,D,20210923,000000,74.04,79.78,72.92,76.52,0,0
AVAX.V,D,20210924,000000,76.52,78.78,66.71,72.41,0,0
AVAX.V,D,20210925,000000,72.41,72.66,67.63,68.36,0,0
AVAX.V,D,20210926,000000,68.36,71.47,61.85,66.87,0,0
AVAX.V,D,20210927,000000,66.87,72.59,65.34,66.32,0,0
AVAX.V,D,20210928,000000,66.32,69.4,61.14,61.51,0,0
AVAX.V,D,20210929,000000,61.51,68.9,61.31,65.46,0,0
AVAX.V,D,20210930,000000,65.46,68.73,64.32,66.62,0,0
AVAX.V,D,20211001,000000,66.62,69.55,63.22,67.67,0,0
AVAX.V,D,20211002,000000,67.67,73.4,65.83,69.11,0,0
AVAX.V,D,20211003,000000,69.11,71.67,67.81,68.76,0,0
AVAX.V,D,20211004,000000,68.76,68.76,63.99,65.24,0,0
AVAX.V,D,20211005,000000,65.24,66.84,62.84,64.63,0,0
AVAX.V,D,20211006,000000,64.63,65.73,58.63,60,0,0
AVAX.V,D,20211007,000000,60,62.25,57.48,61.5,0,0
AVAX.V,D,20211008,000000,61.5,64.92,59.81,60.44,0,0
AVAX.V,D,20211009,000000,60.44,62.01,59.74,60.58,0,0
AVAX.V,D,20211010,000000,60.58,60.97,56.19,56.53,0,0
AVAX.V,D,20211011,000000,56.53,59.22,53.86,55.29,0,0
AVAX.V,D,20211012,000000,55.29,55.3,51.16,54.35,0,0
AVAX.V,D,20211013,000000,54.35,57.08,53.26,55.01,0,0
AVAX.V,D,20211014,000000,55.01,58.44,54.94,56.19,0,0
AVAX.V,D,20211015,000000,56.19,57.19,54.59,56.32,0,0
AVAX.V,D,20211016,000000,56.32,61.84,55.7,57.62,0,0
AVAX.V,D,20211017,000000,57.62,58.54,53.68,56.08,0,0
AVAX.V,D,20211018,000000,56.08,56.46,54.15,55.52,0,0
AVAX.V,D,20211019,000000,55.52,58.03,55.13,56.8,0,0
AVAX.V,D,20211020,000000,56.8,61.61,56.7,59.65,0,0
AVAX.V,D,20211021,000000,59.65,64.35,58.89,61.45,0,0
AVAX.V,D,20211022,000000,61.45,68.7,61.36,65.52,0,0
AVAX.V,D,20211023,000000,65.52,69.15,64.55,65.4,0,0
AVAX.V,D,20211024,000000,65.4,67.56,61.96,64.53,0,0
AVAX.V,D,20211025,000000,64.53,69.82,64.37,69.74,0,0
AVAX.V,D,20211026,000000,69.74,72.96,67.66,68.66,0,0
AVAX.V,D,20211027,000000,68.66,69.83,57.85,61.57,0,0
AVAX.V,D,20211028,000000,61.57,64.92,61.49,64.33,0,0
AVAX.V,D,20211029,000000,64.33,66.15,63.46,64.77,0,0
AVAX.V,D,20211030,000000,64.77,64.93,61.08,62.34,0,0
AVAX.V,D,20211031,000000,62.34,64.54,60.18,64.53,0,0
AVAX.V,D,20211101,000000,64.53,66.76,62.4,64.99,0,0
AVAX.V,D,20211102,000000,64.99,68.1,64.37,67.82,0,0
AVAX.V,D,20211103,000000,67.82,75.56,67.12,75.56,0,0
AVAX.V,D,20211104,000000,75.56,81.02,74.06,79.08,0,0
AVAX.V,D,20211105,000000,79.08,81.1,72.33,74.25,0,0
AVAX.V,D,20211106,000000,74.25,78.78,72.42,78.77,0,0
AVAX.V,D,20211107,000000,78.77,88.96,78.09,87.66,0,0
AVAX.V,D,20211108,000000,87.66,96.92,83.74,91.16,0,0
AVAX.V,D,20211109,000000,91.16,91.48,87.02,88.32,0,0
AVAX.V,D,20211110,000000,88.32,94.02,78.5,85.22,0,0
AVAX.V,D,20211111,000000,85.22,89.53,83.75,87.89,0,0
AVAX.V,D,20211112,000000,87.89,89.88,81.19,84.81,0,0
AVAX.V,D,20211113,000000,84.81,98.54,84.8,97.47,0,0
AVAX.V,D,20211114,000000,97.47,99.88,91.68,95.4,0,0
AVAX.V,D,20211115,000000,95.4,101.66,92.06,93.67,0,0
AVAX.V,D,20211116,000000,93.67,101.89,83.9,97.84,0,0
AVAX.V,D,20211117,000000,97.84,110.08,91.87,107.76,0,0
AVAX.V,D,20211118,000000,107.76,110.35,92.15,100.69,0,0
AVAX.V,D,20211119,000000,100.69,112.43,96.01,112.07,0,0
AVAX.V,D,20211120,000000,112.07,130.05,111.74,125.93,0,0
AVAX.V,D,20211121,000000,125.93,146.73,123.45,128.6,0,0
AVAX.V,D,20211122,000000,128.6,145.11,126.4,134.96,0,0
AVAX.V,D,20211123,000000,134.96,136.47,121.84,123.86,0,0
AVAX.V,D,20211124,000000,123.88,124.83,112.58,116.58,0,0
AVAX.V,D,20211125,000000,116.82,130.26,114.38,120.07,0,0
AVAX.V,D,20211126,000000,120.18,120.18,101.71,105.06,0,0
AVAX.V,D,20211127,000000,105.04,118.88,103.33,113.04,0,0
AVAX.V,D,20211128,000000,112.95,113.99,101.45,108.38,0,0
AVAX.V,D,20211129,000000,108.52,118.36,108.52,117.78,0,0
AVAX.V,D,20211130,000000,117.7,124.92,114.41,120.39,0,0
AVAX.V,D,20211201,000000,120.49,127.57,117.49,118.98,0,0
AVAX.V,D,20211202,000000,119.12,119.83,110.38,110.48,0,0
AVAX.V,D,20211203,000000,110.49,113.25,100,105.84,0,0
AVAX.V,D,20211204,000000,105.8,108.82,80.01,92.43,0,0
AVAX.V,D,20211205,000000,92.46,95.49,82.61,85.09,0,0
AVAX.V,D,20211206,000000,85.03,95,77,92.99,0,0
AVAX.V,D,20211207,000000,93.15,96.72,88.11,88.37,0,0
AVAX.V,D,20211208,000000,88.37,93.11,86.76,91.44,0,0
AVAX.V,D,20211209,000000,91.53,94.64,83.32,86.47,0,0
AVAX.V,D,20211210,000000,86.56,91.73,82.6,83.74,0,0
AVAX.V,D,20211211,000000,83.8,87.14,78.88,85.61,0,0
AVAX.V,D,20211212,000000,85.59,88.93,83.06,87.65,0,0
AVAX.V,D,20211213,000000,87.71,89.98,75.69,80.22,0,0
AVAX.V,D,20211214,000000,80.37,86.55,76.5,86.12,0,0
AVAX.V,D,20211215,000000,86.1,105.71283,86.01,100.06,0,0
AVAX.V,D,20211216,000000,100.07001,110.066,100.07001,101.6205,0,0
AVAX.V,D,20211217,000000,101.5705,115.6278,98.1494,113.1652,0,0
AVAX.V,D,20211218,000000,113.1552,117.3869,105.5622,115.3561,0,0
AVAX.V,D,20211219,000000,115.3261,116.6683,106.7627,109.7348,0,0
AVAX.V,D,20211220,000000,109.7439,116.1748,101.0103,112.6838,0,0
AVAX.V,D,20211221,000000,112.545,122.8891,110.6932,122.8891,0,0
AVAX.V,D,20211222,000000,122.8591,127.3209,118.2073,119.8799,0,0
AVAX.V,D,20211223,000000,119.8699,125.0775,115.6562,121.6208,0,0
AVAX.V,D,20211224,000000,121.6308,124.5798,114.2785,115.8595,0,0
AVAX.V,D,20211225,000000,115.8395,116.9501,112.3161,115.096,0,0
AVAX.V,D,20211226,000000,115.096,118.0072,109.4338,116.1664,2280512,0
AVAX.V,D,20211227,000000,116.2381,121.0205,113.6941,114.9945,2952232,0
AVAX.V,D,20211228,000000,114.9845,116.705,104.3704,109.3119,5419754,0
AVAX.V,D,20211229,000000,109.4019,110.5621,102.3,105.4311,3693954,0
AVAX.V,D,20211230,000000,105.4311,105.8112,98.3197,101.2803,3642935,0
AVAX.V,D,20211231,000000,101.2903,111.9912,100.3501,111.5312,4617469.1881398,0
AVAX.V,D,20220101,000000,111.5412,114.5114,108.5491,113.4727,2518408.5903031,0
AVAX.V,D,20220102,000000,113.4927,117.5117,112.0212,113.5427,2407243.4595948,0
AVAX.V,D,20220103,000000,113.5427,114.1328,106.02,108.3908,2884509.4979029,0
AVAX.V,D,20220104,000000,108.3308,109.25,103.2593,104.6795,3139911.2752602,0
AVAX.V,D,20220105,000000,104.5891,106.6,90.47,96.2904,4330256.4092351,0
AVAX.V,D,20220106,000000,95.8204,98.46,91.04089,95.74043,3606895.116454,0
AVAX.V,D,20220107,000000,95.76829,95.87041,85.05149,86.59134,4570991.5840301,0
AVAX.V,D,20220108,000000,86.58134,89.58104,79.32207,84.75,4088507.7226803,0
AVAX.V,D,20220109,000000,84.75,91.88,82.49,89.49,3610127.8337139,0
AVAX.V,D,20220110,000000,89.53,91.05,80.32197,83.93,4888163.3128539,0
AVAX.V,D,20220111,000000,83.89,90.9791,83.21,89.07891,2522910.9780114,0
AVAX.V,D,20220112,000000,89.07671,96.90906,88.82776,94.75789,3419268.5399583,0
AVAX.V,D,20220113,000000,94.72788,97.28862,89.33572,89.97598,2704491.7035231,0
AVAX.V,D,20220114,000000,89.95597,91.81588,87.33492,90.30708,2190152.4638488,0
AVAX.V,D,20220115,000000,90.30611,94.4472,89.55476,93.54675,1673872.1168487,0
AVAX.V,D,20220116,000000,93.54675,94.90795,91.8559,92.63704,1619534.9376163,0
AVAX.V,D,20220117,000000,92.64704,92.94716,85.38414,86.50459,2240410.7577936,0
AVAX.V,D,20220118,000000,86.5246,87.42496,83.74348,86.41592,1755641.0716474,0
AVAX.V,D,20220119,000000,86.40591,86.7747,81.15434,83.77513,1933826.9110107,0
AVAX.V,D,20220120,000000,83.76512,87.82634,80.15802,81.27625,1813284.2908489,0
AVAX.V,D,20220121,000000,81.28625,81.32813,64.0328,65.64969,4922252.1297144,0
AVAX.V,D,20220122,000000,65.84317,67.53025,53.64609,59.17775,7161103.2387345,0
AVAX.V,D,20220123,000000,59.18775,66.87337,58.97179,61.75235,5228831.1089277,0
AVAX.V,D,20220124,000000,61.76235,65.30306,55.20104,62.90887,5137618.2780383,0
AVAX.V,D,20220125,000000,62.85885,70.55821,61.6985,67.01349,4911397.7420474,0
AVAX.V,D,20220126,000000,66.97347,73.34665,64.42863,65.60934,5534692.637873,0
AVAX.V,D,20220127,000000,65.62935,67.95396,61.15445,63.66181,5081190.6261135,0
AVAX.V,D,20220128,000000,63.71548,67.45023,61.75852,66.25325,3313006.1683812,0
AVAX.V,D,20220129,000000,66.24325,73.50204,66.24325,71.62148,3391003.0324235,0
AVAX.V,D,20220130,000000,71.60147,72.40171,66.90344,67.96038,2610633.5427783,0
AVAX.V,D,20220131,000000,68.00719,70.67238,64.29213,69.71484,3582525.4033022,0
AVAX.V,D,20220201,000000,69.71484,73.0465,68.59113,72.51348,4353096.1944422,0
AVAX.V,D,20220202,000000,72.49347,74.89743,67.91716,68.83189,4468524.1141104,0
AVAX.V,D,20220203,000000,68.81187,69.36852,64.95597,67.88392,3767854.5522922,0
AVAX.V,D,20220204,000000,67.8239,76.92613,67.47372,75.87065,4512841.7548866,0
AVAX.V,D,20220205,000000,75.86064,80.96855,75.09002,77.64656,3793606.7895742,0
AVAX.V,D,20220206,000000,77.63655,79.00738,74.19449,75.87034,1909685.4235834,0
AVAX.V,D,20220207,000000,75.85033,85.45684,75.6378,83.63851,4201866.4053131,0
AVAX.V,D,20220208,000000,83.6285,94.92588,81.70716,85.9673,11159684.756265,0
AVAX.V,D,20220209,000000,85.97731,92.11283,84.41748,90.21913,4301591.9401609,0
AVAX.V,D,20220210,000000,90.22914,95.0855,85.068,91.97434,5145224.310701,0
AVAX.V,D,20220211,000000,91.9243,92.70559,80.032,80.47414,4392462.693048,0
AVAX.V,D,20220212,000000,80.45413,84.81086,78.73935,81.69083,4743443.0334276,0
AVAX.V,D,20220213,000000,81.70083,83.32997,77.56651,78.81726,2418230.379803,0
AVAX.V,D,20220214,000000,78.75723,82.64956,76.22571,81.64896,3222604.7897966,0
AVAX.V,D,20220215,000000,81.67081,91.37479,81.47071,90.5543,4187754.8493773,0
AVAX.V,D,20220216,000000,90.59432,97.3884,90.59432,96.11803,6605215.035792,0
AVAX.V,D,20220217,000000,96.14805,98.74921,86.45047,89.17238,6561064.8627536,0
AVAX.V,D,20220218,000000,89.19239,90.01398,82.67783,83.31996,4216974.4503528,0
AVAX.V,D,20220219,000000,83.32997,86.3918,80.86041,84.20208,2908194.9057296,0
AVAX.V,D,20220220,000000,84.19208,85.78144,76.61829,78.58927,3625896.0927773,0
AVAX.V,D,20220221,000000,78.58927,82.73134,71.0284,71.90593,6397476.6763754,0
AVAX.V,D,20220222,000000,71.89593,74.44977,67.24017,72.6363,5686448.307182,0
AVAX.V,D,20220223,000000,72.65631,82.54125,72.51348,75.79545,7095853.967295,0
AVAX.V,D,20220224,000000,75.79545,79.76986,64.52224,74.43976,11085596.413699,0
AVAX.V,D,20220225,000000,74.42976,80.90043,72.71908,80.62029,7167119.7880663,0
AVAX.V,D,20220226,000000,80.58027,84.98398,78.08122,81.89274,5689493.3629167,0
AVAX.V,D,20220227,000000,81.87274,82.38117,73.10923,75.22759,6219928.5888794,0
AVAX.V,D,20220228,000000,75.19006,85.73284,71.94595,83.21327,6865019.1963004,0
AVAX.V,D,20220301,000000,83.10323,90.82632,83.09322,86.15584,8366082.8547016,0
AVAX.V,D,20220302,000000,86.14584,89.96698,82.31469,83.70674,5328226.6445318,0
AVAX.V,D,20220303,000000,83.6951,84.49534,77.06541,79.30586,5332727.9641091,0
AVAX.V,D,20220304,000000,79.33379,82.24467,74.96248,75.79273,6725898.1360173,0
AVAX.V,D,20220305,000000,75.78273,78.6936,73.41468,77.52325,3302022.3978515,0
AVAX.V,D,20220306,000000,77.44323,77.44323,72.64179,73.74212,2872907.7033549,0
AVAX.V,D,20220307,000000,73.74212,76.5353,70.39111,71.99159,3808592.9146834,0
AVAX.V,D,20220308,000000,72.00159,76.60532,71.22424,72.48449,4803407.814605,0
AVAX.V,D,20220309,000000,72.48449,80.41608,72.35447,76.88769,5892798.8740278,0
AVAX.V,D,20220310,000000,76.91538,79.0158,71.82154,73.96958,4306316.5940457,0
AVAX.V,D,20220311,000000,73.96958,76.94076,70.81416,71.87437,5036189.08871,0
AVAX.V,D,20220312,000000,71.87437,73.62472,70.92709,71.35713,1504660.0447251,0
AVAX.V,D,20220313,000000,71.33713,71.9944,67.66029,67.6703,1592146.1081724,0
AVAX.V,D,20220314,000000,67.63352,71.5143,65.56311,67.59352,4157581.8603523,0
AVAX.V,D,20220315,000000,67.61352,72.25445,66.10322,70.25107,3216138.9897864,0
AVAX.V,D,20220316,000000,70.27107,74.73241,68.08361,72.95188,3072925.3472441,0
AVAX.V,D,20220317,000000,72.94188,81.73451,72.89186,79.80988,5684845.5277248,0
AVAX.V,D,20220318,000000,79.79988,86.8821,76.51059,85.74285,5720734.1170715,0
AVAX.V,D,20220319,000000,85.68282,92.41542,85.29967,89.95597,5496095.6191504,0
AVAX.V,D,20220320,000000,89.98598,90.22509,84.58382,86.61463,3672053.3673086,0
AVAX.V,D,20220321,000000,86.65465,92.53624,83.07322,86.80471,5900386.8605609,0
AVAX.V,D,20220322,000000,86.7847,89.92494,84.72234,85.56276,4717993.7316356,0
AVAX.V,D,20220323,000000,85.51273,87.13484,82.26111,85.57422,4166748.5867019,0
AVAX.V,D,20220324,000000,85.63424,88.32532,83.70347,87.08482,4772330.3472449,0
AVAX.V,D,20220325,000000,87.06481,87.83389,82.41295,83.15156,4037957.7152874,0
AVAX.V,D,20220326,000000,83.13324,86.77336,82.50123,85.62424,2069484.0987599,0
AVAX.V,D,20220327,000000,85.62424,88.76549,84.4422,88.23528,1867414.4115745,0
AVAX.V,D,20220328,000000,88.28648,96.24887,87.51625,92.58702,6177598.0771947,0
AVAX.V,D,20220329,000000,92.65556,96.47893,88.76662,91.26561,5451210.2775158,0
AVAX.V,D,20220330,000000,91.23648,100.49009,89.5358,96.09882,5789403.1745941,0
AVAX.V,D,20220331,000000,96.09882,101.96039,93.73811,95.92918,8485688.9963359,0
AVAX.V,D,20220401,000000,95.93877,99.80991,90.42712,97.7791,6619884.072629,0
AVAX.V,D,20220402,000000,97.71907,103.64144,95.72914,98.13924,5520467.9947319,0
AVAX.V,D,20220403,000000,98.08922,100.13004,94.65839,98.18926,3884474.6441054,0
AVAX.V,D,20220404,000000,98.31949,99.89994,90.98819,94.92847,3661351.5052066,0
AVAX.V,D,20220405,000000,94.92847,97.6993,91.91919,92.5385,3216396.8154642,0
AVAX.V,D,20220406,000000,92.54925,92.60852,83.07,85.28,4472955.8666465,0
AVAX.V,D,20220407,000000,85.28,88.63,81.35,87.11871,5625785.0992893,0
AVAX.V,D,20220408,000000,87.09871,90.55716,84.82544,84.92396,5593085.7415422,0
AVAX.V,D,20220409,000000,84.89394,85.58422,81.90638,83.44503,2494240.0133446,0
AVAX.V,D,20220410,000000,83.44503,85.6757,82.58477,83.59672,1205869.7237386,0
AVAX.V,D,20220411,000000,83.5367,83.94839,72.91187,72.94188,3974411.4936189,0
AVAX.V,D,20220412,000000,72.97189,79.5159,72.76182,75.6827,3304717.729316,0
AVAX.V,D,20220413,000000,75.6927,80.67419,74.85497,79.86395,2919743.5678772,0
AVAX.V,D,20220414,000000,79.86395,81.87455,76.19285,77.47775,3250134.7454332,0
AVAX.V,D,20220415,000000,77.45775,78.53785,74.77495,77.17543,2059427.6869436,0
AVAX.V,D,20220416,000000,77.16543,78.24565,76.5153,77.73554,560210.38791219,0
AVAX.V,D,20220417,000000,77.81556,78.69574,76.83768,77.35547,566533.64240097,0
AVAX.V,D,20220418,000000,77.32546,77.97338,71.73717,77.48324,2866723.979471,0
AVAX.V,D,20220419,000000,77.50324,81.10622,76.83304,79.5359,2184655.5088379,0
AVAX.V,D,20220420,000000,79.4959,81.31813,77.49775,78.63572,2263061.284553,0
AVAX.V,D,20220421,000000,78.64573,80.17603,75.28505,75.38754,1754174.202942,0
AVAX.V,D,20220422,000000,75.35753,77.23544,73.35467,74.23742,2033022.5877026,0
AVAX.V,D,20220423,000000,74.23484,74.5349,73.0346,73.71474,1144416.5178503,0
AVAX.V,D,20220424,000000,73.71474,73.82476,71.17423,72.39448,929445.80393641,0
AVAX.V,D,20220425,000000,72.39448,72.61452,67.38347,72.05441,2780403.8625729,0
AVAX.V,D,20220426,000000,72.05441,73.18732,67.59352,69.48,1753052.4135936,0
AVAX.V,D,20220427,000000,69.48695,71.97,68.09681,69.60696,1909524.9500243,0
AVAX.V,D,20220428,000000,69.64696,70.74,67.2,67.37,2057291.9819677,0
AVAX.V,D,20220429,000000,67.39,67.9868,62.29,63.08631,2419628.3151436,0
AVAX.V,D,20220430,000000,63.09631,64.65,57.91,57.91,2801018.6023189,0
AVAX.V,D,20220501,000000,57.91,61.13,55.05,58.67,4597441.7439914,0
AVAX.V,D,20220502,000000,58.69,62.46625,56.74,60.84,5292916.7760546,0
AVAX.V,D,20220503,000000,60.83608,62.52625,58.13419,59.28407,2866779.6760747,0
AVAX.V,D,20220504,000000,59.28407,67.59,59.17816,66.87,3897137.3893666,0
AVAX.V,D,20220505,000000,66.87,69.4761,56.81432,59.29814,6825716.6245314,0
AVAX.V,D,20220506,000000,59.31813,59.38406,54.9945,56.80432,4155958.4287314,0
AVAX.V,D,20220507,000000,56.80432,57.49425,55.11897,55.12897,2260554.8279219,0
AVAX.V,D,20220508,000000,55.05449,55.86441,50.64973,52.71418,4444306.3413615,0
AVAX.V,D,20220509,000000,52.71418,53.03939,42.18734,44.32113,6417363.948361,0
AVAX.V,D,20220510,000000,44.43111,50.30994,40.06397,42.50299,8546293.7619575,0
AVAX.V,D,20220511,000000,42.493,46.1669,26.92357,30.16796,16763480.651003,0
AVAX.V,D,20220512,000000,29.98863,33.76758,22.39885,28.93874,15086436.747592,0
AVAX.V,D,20220513,000000,28.93167,37.86589,28.20364,33.59279,9852309.1573849,0
AVAX.V,D,20220514,000000,33.57283,34.64101,29.22144,32.74081,4191800.9464885,0
AVAX.V,D,20220515,000000,32.72412,36.36631,31.84217,36.34269,3400203.9408857,0
AVAX.V,D,20220516,000000,36.33271,36.92564,31.46904,33.74607,4117801.731929,0
AVAX.V,D,20220517,000000,33.90587,35.71068,32.20808,34.0357,3693405.2683552,0
AVAX.V,D,20220518,000000,34.02571,35.11781,30.01394,30.62014,3560469.5086841,0
AVAX.V,D,20220519,000000,30.6501,31.76139,27.48973,29.62035,4857227.7533648,0
AVAX.V,D,20220520,000000,29.62035,31.82452,27.80381,28.99226,6264728.9024563,0
AVAX.V,D,20220521,000000,28.99516,30.56022,28.16616,29.18201,4181645.3482226,0
AVAX.V,D,20220522,000000,29.17203,32.62081,28.97229,30.93284,5544631.1065063,0
AVAX.V,D,20220523,000000,30.95281,32.97369,29.75425,29.964,6869534.701169,0
AVAX.V,D,20220524,000000,29.961,29.961,26.8804,28.98227,6134758.9295188,0
AVAX.V,D,20220525,000000,29.00225,29.63736,27.14011,27.67675,4856990.272807,0
AVAX.V,D,20220526,000000,27.67675,27.9692,22.8848,24.41312,9054861.6373484,0
AVAX.V,D,20220527,000000,24.41312,24.58539,21.37646,22.72725,11163593.841446,0
AVAX.V,D,20220528,000000,22.69728,25.66251,22.14251,24.89084,8649744.8754534,0
AVAX.V,D,20220529,000000,24.92081,26.97219,23.69367,25.91147,7816141.0345131,0
AVAX.V,D,20220530,000000,25.92145,28.3502,25.31213,27.70782,8838232.1491204,0
AVAX.V,D,20220531,000000,27.73057,29.06382,25.53955,26.25898,7864340.3697743,0
AVAX.V,D,20220601,000000,26.28974,27.01,23.27437,23.68866,4593141.819045,0
AVAX.V,D,20220602,000000,23.67843,24.65779,22.51746,24.45797,5564346.2091959,0
AVAX.V,D,20220603,000000,24.46796,24.87759,22.50108,23.26974,4702072.0523133,0
AVAX.V,D,20220604,000000,23.26974,24.40095,22.11697,24.11166,3616771.6290337,0
AVAX.V,D,20220605,000000,24.12165,25.17086,23.91325,24.79667,4218195.7902968,0
AVAX.V,D,20220606,000000,24.83663,27.75416,24.02715,26.22769,7938488.7337475,0
AVAX.V,D,20220607,000000,26.21901,26.21901,23.1108,25.19932,8204078.2337621,0
AVAX.V,D,20220608,000000,25.18958,25.39552,23.75479,24.40413,4276346.5484859,0
AVAX.V,D,20220609,000000,24.41412,25.35072,23.71149,24.39949,3253706.6730115,0
AVAX.V,D,20220610,000000,24.3795,24.84986,22.2455,22.56108,5955508.3733302,0
AVAX.V,D,20220611,000000,22.5511,22.99514,19.64541,20.33699,7863021.1681403,0
AVAX.V,D,20220612,000000,20.327,20.55674,17.51527,18.22755,13339719.982027,0
AVAX.V,D,20220613,000000,18.22755,18.26769,14.56851,15.99773,30777206.142073,0
AVAX.V,D,20220614,000000,16.00772,17.04371,14.65813,15.68116,18091927.896099,0
AVAX.V,D,20220615,000000,15.67117,17.87032,14.53379,17.70341,20438740.952095,0
AVAX.V,D,20220616,000000,17.68344,18.10643,15.77105,16.42697,8300131.9023658,0
AVAX.V,D,20220617,000000,15.86791,16.69726,15.48829,16.11064,13242511.594794,0
AVAX.V,D,20220618,000000,16.12063,16.28077,13.78625,14.49648,14357878.878822,0
AVAX.V,D,20220619,000000,14.48635,16.33038,13.72035,16.14898,12564719.942041,0
AVAX.V,D,20220620,000000,16.15897,17.82858,15.32159,16.8015,6086339.9619918,0
AVAX.V,D,20220621,000000,16.82148,18.46522,16.51016,17.02126,6380207.7309458,0
AVAX.V,D,20220622,000000,17.02126,17.37261,15.95403,16.34364,5812921.0773733,0
AVAX.V,D,20220623,000000,16.34364,18.31167,16.01397,17.8821,6806735.8351516,0
AVAX.V,D,20220624,000000,17.8821,20.73402,17.8821,20.58393,7372687.5595694,0
AVAX.V,D,20220625,000000,20.58393,21.6531,19.85649,21.44498,5378434.2462769,0
AVAX.V,D,20220626,000000,21.46496,22.03589,20.08774,20.62741,5828170.8094427,0
AVAX.V,D,20220627,000000,20.62741,21.36568,19.17215,19.33278,5309979.5156984,0
AVAX.V,D,20220628,000000,19.34277,20.50153,18.5209,18.7569,6874884.0794572,0
AVAX.V,D,20220629,000000,18.75671,18.75671,17.16748,17.76847,6666258.5556375,0
AVAX.V,D,20220630,000000,17.76865,17.92846,15.78961,16.20054,8784543.3649802,0
AVAX.V,D,20220701,000000,16.20054,17.62882,15.77788,16.342,8141229.0107196,0
AVAX.V,D,20220702,000000,16.33202,16.58008,15.95084,16.53014,3293328.9984577,0
AVAX.V,D,20220704,000000,17.16937,17.76865,17.07948,17.70872,1723399.5746566,0
AVAX.V,D,20220705,000000,17.70872,18.3398,16.64001,18.29985,6574299.9235816,0
AVAX.V,D,20220706,000000,18.29985,19.34869,17.77043,18.89919,7226881.4382152,0
AVAX.V,D,20220707,000000,18.8892,20.57734,18.83925,20.27783,7121370.4846221,0
AVAX.V,D,20220708,000000,20.27783,21.08312,19.41834,19.88806,6734190.0492434,0
AVAX.V,D,20220709,000000,19.87807,20.24784,19.51828,20.08794,2635684.222445,0
AVAX.V,D,20220710,000000,20.07594,20.1579,18.74874,19.29841,2317973.7326447,0
AVAX.V,D,20220711,000000,19.27843,19.28842,17.87211,17.89388,2474772.3454732,0
AVAX.V,D,20220712,000000,17.90387,18.05193,17.01127,17.04294,4775344.5433251,0
AVAX.V,D,20220713,000000,17.03295,18.24174,16.35199,18.10369,9159545.2538204,0
AVAX.V,D,20220714,000000,18.10369,19.96601,17.77399,19.46831,11001727.550271,0
AVAX.V,D,20220715,000000,19.45832,20.26783,19.07855,19.77407,7804127.5269335,0
AVAX.V,D,20220716,000000,19.80406,21.39572,18.68252,21.01369,7218760.517029,0
AVAX.V,D,20220717,000000,21.03579,22.09514,20.73606,21.09451,5613954.394689,0
AVAX.V,D,20220718,000000,21.10451,24.30878,20.56362,22.73477,12674208.348345,0
AVAX.V,D,20220719,000000,22.72477,26.28,22.58458,25.24404,15148974.724054,0
AVAX.V,D,20220720,000000,25.24404,26.34395,23.44789,24.39122,15120742.134399,0
AVAX.V,D,20220721,000000,24.40122,25.45407,22.64294,25.04626,10501324.726586,0
AVAX.V,D,20220722,000000,25.04626,25.55511,23.6026,23.93526,8243793.5188186,0
AVAX.V,D,20220723,000000,23.94527,24.65222,22.83977,23.10439,4695889.6699139,0
AVAX.V,D,20220724,000000,23.10439,24.26097,23.09231,24.15459,3965647.8794627,0
AVAX.V,D,20220725,000000,24.14483,24.47489,21.26234,21.78174,8091028.139391,0
AVAX.V,D,20220726,000000,21.77196,21.80218,19.56078,20.0228,6406786.6666164,0
AVAX.V,D,20220727,000000,20.0128,23.36911,19.9928,23.07554,9491368.5663198,0
AVAX.V,D,20220728,000000,23.07554,24.69543,22.44314,24.38488,13727238.3013,0
AVAX.V,D,20220729,000000,24.37487,25.38192,23.48704,24.54006,10130129.918141,0
AVAX.V,D,20220730,000000,24.5198,25.81903,23.91837,24.35828,8948245.3878311,0
AVAX.V,D,20220731,000000,24.31827,25.22504,23.97815,24.32559,4948687.1302698,0
AVAX.V,D,20220801,000000,24.3273,24.41586,22.97023,23.337,5994605.8720475,0
AVAX.V,D,20220802,000000,23.31699,23.98719,22.24311,23.18394,5982088.6812482,0
AVAX.V,D,20220803,000000,23.19441,24.16459,22.29557,23.78595,4911759.6345434,0
AVAX.V,D,20220804,000000,23.78713,23.99648,22.9016,23.07069,4530551.2637211,0
AVAX.V,D,20220805,000000,23.06069,24.77471,23.04069,24.49465,5968450.1133343,0
AVAX.V,D,20220806,000000,24.49465,26.90484,24.49465,26.66587,8045127.684867,0
AVAX.V,D,20220807,000000,26.67587,28.4454,25.82413,28.22536,9195023.4961881,0
AVAX.V,D,20220808,000000,28.23536,30.84617,27.57358,28.38341,12326239.276818,0
AVAX.V,D,20220809,000000,28.3634,28.80403,26.98594,27.67553,8665472.6095831,0
AVAX.V,D,20220810,000000,27.67553,30.10346,26.61772,29.06843,8362860.2938727,0
AVAX.V,D,20220811,000000,29.08163,30.09594,28.59229,29.06365,6721411.1540073,0
AVAX.V,D,20220812,000000,29.06365,29.34349,28.09404,29.03335,4084962.5147108,0
AVAX.V,D,20220813,000000,29.04335,30.35578,28.88953,29.21139,5091533.6360204,0
AVAX.V,D,20220814,000000,29.20138,29.85134,27.88725,28.27876,3817079.3253825,0
AVAX.V,D,20220815,000000,28.27848,29.29849,27.35684,27.64663,3752316.4403062,0
AVAX.V,D,20220816,000000,27.64691,28.41369,26.95216,27.36246,3723355.2636918,0
AVAX.V,D,20220817,000000,27.37246,28.23339,25.34177,25.7018,4930486.2736334,0
AVAX.V,D,20220818,000000,25.6918,26.29158,25.04225,25.40025,3113878.5953581,0
AVAX.V,D,20220819,000000,25.39254,25.45,21.56,22.26223,8359596.8544538,0
AVAX.V,D,20220820,000000,22.31223,23.09254,21.62524,22.13956,6296145.4829334,0
AVAX.V,D,20220821,000000,22.14956,23.52929,22,23.19954,4292790.1137607,0
AVAX.V,D,20220822,000000,23.19954,23.19954,21.6387,22.01604,3877613.8484999,0
AVAX.V,D,20220823,000000,22.02603,23.7,21.82978,23.34047,4881550.0894345,0
AVAX.V,D,20220824,000000,23.34767,23.69166,22.82023,23.22209,3445833.8189329,0
AVAX.V,D,20220825,000000,23.22209,23.64882,22.70272,23.03069,3058202.7566511,0
AVAX.V,D,20220826,000000,23.04069,23.20209,21.28894,21.41214,4674705.6784642,0
AVAX.V,D,20220827,000000,21.39214,21.42214,19.93,19.9606,5692842.7225346,0
AVAX.V,D,20220828,000000,19.9604,20.47123,19.25981,19.3,3945615.4529082,0
AVAX.V,D,20220829,000000,19.3,19.35329,17.47808,19.14134,11449945.234999,0
AVAX.V,D,20220830,000000,19.15153,20.61959,18.87208,19.42175,9594612.2277005,0
AVAX.V,D,20220831,000000,19.44175,20.0602,19.16057,19.43981,5751799.9313777,0
AVAX.V,D,20220901,000000,19.44981,19.47039,18.3788,19.15875,4542218.9888369,0
AVAX.V,D,20220902,000000,19.16895,19.66206,18.68141,18.90474,7272016.7188841,0
AVAX.V,D,20220903,000000,18.91293,19.01179,18.62159,18.7899,4531797.5684427,0
AVAX.V,D,20220904,000000,18.7899,19.1499,18.7301,18.9813,3972580.453732,0
AVAX.V,D,20220905,000000,18.84,18.88189,18.45,18.87189,1452138.2751955,0
AVAX.V,D,20220906,000000,18.87189,20.47205,18.19,18.41,5822923.5326261,0
AVAX.V,D,20220907,000000,18.4,19.31193,17.84946,19.08134,3302874.380989,0
AVAX.V,D,20220908,000000,19.09134,19.16192,18.41166,18.99304,3587967.2758993,0
AVAX.V,D,20220909,000000,19.01304,20.44797,18.91227,20.22687,3979936.5300934,0
AVAX.V,D,20220910,000000,20.21404,21.17529,20.04741,20.37387,4397245.7920208,0
AVAX.V,D,20220911,000000,20.38387,20.95587,19.96778,20.30487,3073464.683147,0
AVAX.V,D,20220912,000000,20.30487,21.91438,20.06461,21.18381,9164770.3826171,0
AVAX.V,D,20220913,000000,21.17381,21.79588,18.94152,19.17038,7952428.7274499,0
AVAX.V,D,20220914,000000,19.14019,19.31116,18.45037,19.15479,4612026.3459144,0
AVAX.V,D,20220915,000000,19.14479,19.3629,18.176,18.36835,4533571.9464636,0
AVAX.V,D,20220916,000000,18.36835,18.37908,17.55649,18.0282,4062582.2141775,0
AVAX.V,D,20220917,000000,18.0382,18.59186,17.9982,18.4,2397597.8529172,0
AVAX.V,D,20220918,000000,18.41,18.77188,16.29837,16.87,7255812.5668007,0
AVAX.V,D,20220919,000000,16.86,17.37174,16.38836,17.27173,4637546.7860152,0
AVAX.V,D,20220920,000000,17.26173,17.42174,16.63166,16.75167,3618447.8381021,0
AVAX.V,D,20220921,000000,16.73017,17.92,16.3,16.43,5156638.1511646,0
AVAX.V,D,20220922,000000,16.42,17.85,16.20162,17.54,4075384.5663463,0
AVAX.V,D,20220923,000000,17.54,18.24,17.15828,17.85821,4069518.397498,0
AVAX.V,D,20220924,000000,17.86821,18.18945,17.65194,17.68141,2312453.2729057,0
AVAX.V,D,20220925,000000,17.67141,17.87179,17.21983,17.22,1665404.4277908,0
AVAX.V,D,20220926,000000,17.23,17.59,16.9717,17.34,2442193.1796791,0
AVAX.V,D,20220927,000000,17.34,18.48,17.04829,17.14828,5710068.7950783,0
AVAX.V,D,20220928,000000,17.13829,17.45,16.72833,17.35,4391522.8576232,0
AVAX.V,D,20220929,000000,17.34,17.39,16.89,17.20172,2404792.4395472,0
AVAX.V,D,20220930,000000,17.22,17.74,17.13,17.18,4167498.3886619,0
AVAX.V,D,20221001,000000,17.17,17.30173,16.89,16.99,1419285.150403,0
AVAX.V,D,20221002,000000,16.9717,17.15,16.66,16.76,1946434.1264964,0
AVAX.V,D,20221003,000000,16.71,17.10342,16.34,17.0317,2831509.723758,0
AVAX.V,D,20221004,000000,17.05512,17.55526,16.9817,17.42523,2607958.290368,0
AVAX.V,D,20221005,000000,17.42348,17.49525,16.95,17.26173,2355140.3870565,0
AVAX.V,D,20221006,000000,17.24345,17.67283,17.06205,17.06307,2424492.6413781,0
AVAX.V,D,20221007,000000,17.0329,17.16275,16.72017,16.92237,2081989.8106841,0
AVAX.V,D,20221008,000000,16.9222,16.99221,16.66383,16.70434,641796.74633661,0
AVAX.V,D,20221009,000000,16.73435,16.9934,16.674,16.9834,659479.84693171,0
AVAX.V,D,20221010,000000,16.9617,17.21344,16.52835,16.57834,1936214.6775057,0
AVAX.V,D,20221011,000000,16.59,16.59,15.64844,15.9484,3730075.6030404,0
AVAX.V,D,20221012,000000,15.9584,16.16887,15.83,16.00048,1498658.1093383,0
AVAX.V,D,20221013,000000,16.01048,16.06016,14.51884,15.79126,6844003.9449683,0
AVAX.V,D,20221014,000000,15.79126,16.40115,15.57062,15.59062,3105480.297727,0
AVAX.V,D,20221015,000000,15.59062,15.77079,15.50139,15.57078,1417852.7127318,0
AVAX.V,D,20221016,000000,15.57078,15.87,15.37108,15.65063,1731772.618494,0
AVAX.V,D,20221017,000000,15.63078,16.27146,15.61094,16.07032,2377210.2479205,0
AVAX.V,D,20221018,000000,16.10032,16.35131,15.56031,15.85095,2961723.8497157,0
AVAX.V,D,20221019,000000,15.82095,15.92127,15.42015,15.57,2650841.4826431,0
AVAX.V,D,20221020,000000,15.51,15.56047,14.86955,15.30893,5696822.8360299,0
AVAX.V,D,20221021,000000,15.29847,15.59,14.58971,15.52124,4490116.8669616,0
AVAX.V,D,20221022,000000,15.52109,15.91032,15.47093,15.72141,1958516.7762096,0
AVAX.V,D,20221023,000000,15.73126,16.08145,15.60031,15.99208,2609760.0055063,0
AVAX.V,D,20221024,000000,16.14178,16.48082,15.64141,15.75063,2858374.3228975,0
AVAX.V,D,20221025,000000,15.76063,17.05153,15.5986,16.68534,4813724.6776458,0
AVAX.V,D,20221026,000000,16.69551,17.3271,16.51446,17.03477,5374986.2034822,0
AVAX.V,D,20221027,000000,17.03477,17.51333,16.83236,17.12103,6030637.3461458,0
AVAX.V,D,20221028,000000,17.10103,18.39368,16.73067,18.18364,6961756.5686323,0
AVAX.V,D,20221029,000000,18.17363,18.90567,18.17363,18.43424,4965519.1160339,0
AVAX.V,D,20221030,000000,18.43442,18.83339,17.92448,18.22364,4869366.2452094,0
AVAX.V,D,20221031,000000,18.23365,19.81,18.14399,19.25846,8376890.9349711,0
AVAX.V,D,20221101,000000,19.26884,19.4861,18.56684,18.70813,2918445.563819,0
AVAX.V,D,20221102,000000,18.69794,18.77019,17.4293,17.79893,6060871.2193208,0
AVAX.V,D,20221103,000000,17.78893,18.85774,17.75893,18.06,3473437.4968971,0
AVAX.V,D,20221104,000000,18.06,19.68039,17.88928,19.35155,5400911.1479664,0
AVAX.V,D,20221105,000000,19.34135,20.58021,19.18173,19.82099,6052075.487907537,0
AVAX.V,D,20221106,000000,19.82119,19.83119,18.65186,18.72131,3120461.8673823164,0
AVAX.V,D,20221107,000000,18.6915,18.87038,17.74142,17.96216,4517136.316304286,0
AVAX.V,D,20221108,000000,17.94538,18.16,15.07958,15.77719,11896576.643070737,0
AVAX.V,D,20221109,000000,15.75713,16.2797,12.29739,13.01219,11379320.547257472,0
AVAX.V,D,20221110,000000,12.93242,17.28581,12.78024,15.52415,7253186.767780144,0
AVAX.V,D,20221111,000000,15.53652,17.72695,13.59,13.98537,3695370.4829127295,0
AVAX.V,D,20221112,000000,13.98559,14.2019,12.88676,13.2561,2250445.4315056354,0
AVAX.V,D,20221113,000000,13.2561,13.33729,12.68349,12.97181,2552492.167817263,0
AVAX.V,D,20221114,000000,12.93187,13.59231,12.0407,12.9818,3295158.258012014,0
AVAX.V,D,20221115,000000,12.97052,13.986,12.96987,13.46652,2231529.5376956332,0
AVAX.V,D,20221116,000000,13.48353,13.70642,12.81691,13.07796,2183509.98491503,0
AVAX.V,D,20221117,000000,13.07796,13.34998,12.62812,12.99985,3113316.913109649,0
AVAX.V,D,20221118,000000,12.98973,13.27924,12.83972,12.92512,2230611.322840576,0
AVAX.V,D,20221119,000000,12.92512,12.99413,12.49636,12.88645,1637820.246230038,0
AVAX.V,D,20221120,000000,12.89657,13.12279,12.06647,12.20143,2048464.3111833062,0
AVAX.V,D,20221121,000000,12.21153,12.24124,11.55797,11.79571,2966969.6037237113,0
AVAX.V,D,20221122,000000,11.79583,12.35615,11.43637,12.30497,3457447.2419293774,0
AVAX.V,D,20221123,000000,12.30497,12.87492,12.28376,12.826,3091022.8647122667,0
AVAX.V,D,20221124,000000,12.85597,13.38633,12.75005,12.929,2711755.7505157925,0
AVAX.V,D,20221125,000000,12.91914,13.03178,12.52023,12.81282,1610649.0770824163,0
AVAX.V,D,20221126,000000,12.82256,13.22219,12.61192,12.68251,1665954.0351020992,0
AVAX.V,D,20221127,000000,12.67252,13.25191,12.67252,13.16157,1543599.2753449178,0
AVAX.V,D,20221128,000000,13.14158,13.14158,11.98329,12.48525,3270793.4808213483,0
AVAX.V,D,20221129,000000,12.50512,12.71351,12.28336,12.54536,3020246.928787278,0
AVAX.V,D,20221130,000000,12.51524,13.15868,12.45576,13.11052,3383412.8950398713,0
AVAX.V,D,20221201,000000,13.10039,13.32133,12.84039,12.89077,2584039.2902489854,0
AVAX.V,D,20221202,000000,12.90077,13.66191,12.79115,13.57081,3373618.475293557,0
AVAX.V,D,20221203,000000,13.58081,13.9,13.28159,13.52135,3157208.4233387006,0
AVAX.V,D,20221204,000000,13.51135,13.84277,13.40134,13.80138,2192090.3688507895,0
AVAX.V,D,20221205,000000,13.81276,14.35187,13.44,13.58027,3008103.78863083,0
AVAX.V,D,20221206,000000,13.59027,13.6815,13.45108,13.50973,1682610.9991779688,0
AVAX.V,D,20221207,000000,13.54,13.69,13.00052,13.23,2207497.5639882097,0
AVAX.V,D,20221208,000000,13.21,13.52284,13.06131,13.40094,1678455.9178481838,0
AVAX.V,D,20221209,000000,13.40094,13.60068,13.35973,13.4204,1615153.3218396197,0
AVAX.V,D,20221210,000000,13.41067,13.58014,13.35,13.46973,1218745.227501706,0
AVAX.V,D,20221211,000000,13.46987,13.50014,13.05131,13.13131,1287051.3723975818,0
AVAX.V,D,20221212,000000,13.16132,13.17263,12.58113,12.99117,2359198.0900617368,0
AVAX.V,D,20221213,000000,12.99117,14.37,12.57327,13.7267,6011951.257588958,0
AVAX.V,D,20221214,000000,13.7367,14.18986,13.58014,13.73082,3373840.2311868826,0
AVAX.V,D,20221215,000000,13.73137,13.88278,13.07131,13.12262,2379258.8697590395,0
AVAX.V,D,20221216,000000,13.13263,13.29133,11.78353,12.0012,3052822.4204821084,0
AVAX.V,D,20221217,000000,12.0112,12.0212,11.52069,11.91155,2222378.561115281,0
AVAX.V,D,20221218,000000,11.93155,12.03036,11.7913,11.93155,1224432.8051661449,0
AVAX.V,D,20221219,000000,11.95,12.09193,11.2,11.32977,2430429.1920790127,0
AVAX.V,D,20221220,000000,11.33977,12.03976,11.3,11.95048,2547942.9437878923,0
AVAX.V,D,20221221,000000,11.97048,12.00036,11.64047,11.65058,1495270.8298222988,0
AVAX.V,D,20221222,000000,11.64047,11.83822,11.45908,11.80799,1484829.5510806465,0
AVAX.V,D,20221223,000000,11.81799,11.87857,11.71859,11.74883,1254888.169731941,0
AVAX.V,D,20221224,000000,11.73883,11.82905,11.64884,11.66918,471867.7946694273,0
AVAX.V,D,20221225,000000,11.67117,11.73941,11.50896,11.65825,1261773.3196132856,0
AVAX.V,D,20221226,000000,11.6586,11.77894,11.56745,11.60768,1536274.6916153193,0
AVAX.V,D,20221227,000000,11.5978,11.78764,11.54469,11.61547,1736348.0008146423,0
AVAX.V,D,20221228,000000,11.63546,11.66522,11.09523,11.16397,1991076.790696963,0
AVAX.V,D,20221229,000000,11.15409,11.2145,10.62564,10.89499,1855843.5172541072,0
AVAX.V,D,20221230,000000,10.9052,11.01493,10.56561,10.81088,2025041.2969584074,0
AVAX.V,D,20221231,000000,10.81888,11.06513,10.81888,10.88176,1182814.4433809023,0
AVAX.V,D,20230101,000000,10.87685,10.92778,10.64583,10.88608,1722208.6725441169,0
AVAX.V,D,20230102,000000,10.88228,11.24271,10.7087,11.12333,2620067.7222932624,0
AVAX.V,D,20230103,000000,11.13392,11.55346,11.06436,11.34967,2916277.233624541,0
AVAX.V,D,20230104,000000,11.34849,12.29078,11.33028,11.99974,3825460.7571398625,0
AVAX.V,D,20230105,000000,12.00444,12.16545,11.70878,11.76218,2169962.682397797,0
AVAX.V,D,20230106,000000,11.76777,11.80779,11.35885,11.76074,2171990.545808877,0
AVAX.V,D,20230107,000000,11.76833,11.86198,11.65069,11.70389,1560743.8978862122,0
AVAX.V,D,20230108,000000,11.69999,12.0062,11.59548,11.99256,1720232.388829207,0
AVAX.V,D,20230109,000000,11.99606,12.64736,11.9814,12.22988,4052638.057111616,0
AVAX.V,D,20230110,000000,12.23,12.9487,12.0294,12.74178,4123255.1614254755,0
AVAX.V,D,20230111,000000,12.73191,15.66984,12.26926,15.5586,15692626.870508472,0
AVAX.V,D,20230112,000000,15.5786,16.47835,14.80822,15.28153,13126995.862431401,0
AVAX.V,D,20230113,000000,15.27137,16.58149,14.9615,15.90143,10140648.790183684,0
AVAX.V,D,20230114,000000,15.91143,18.54278,15.72157,16.85084,21163404.0494504,0
AVAX.V,D,20230115,000000,16.88084,17.08683,16.02112,16.93508,8867276.840664212,0
AVAX.V,D,20230116,000000,16.93677,17.33537,16.06112,16.71033,7128215.624074076,0
AVAX.V,D,20230117,000000,16.71334,18.21018,16.6205,17.12188,7988608.051523884,0
AVAX.V,D,20230118,000000,17.13171,17.41157,15.49798,16.0792,7026250.831650167,0
AVAX.V,D,20230119,000000,16.05904,16.29,15.69,16.10936,3619032.038285284,0
AVAX.V,D,20230120,000000,16.11936,17.53298,15.85984,17.33312,5696216.152990116,0
AVAX.V,D,20230121,000000,17.33312,17.76515,16.94542,17.18344,6899972.493569058,0
AVAX.V,D,20230122,000000,17.14257,18.44277,16.79302,17.31346,7358529.045628545,0
AVAX.V,D,20230123,000000,17.29346,18.31256,17.23155,18.05289,5319585.505246545,0
AVAX.V,D,20230124,000000,18.10272,18.96246,17.05273,17.12051,5708012.3236888815,0
AVAX.V,D,20230125,000000,17.12051,18.26329,16.55314,17.61299,4976858.643279087,0
AVAX.V,D,20230126,000000,17.61299,18.77169,17.55298,18.09145,7706750.467232768,0
AVAX.V,D,20230127,000000,18.09163,20.42592,17.47402,20.31772,8831499.835904997,0
AVAX.V,D,20230128,000000,20.31691,21.81155,20.06461,20.5539,11986991.458983075,0
AVAX.V,D,20230129,000000,20.58412,21.12211,20.15544,20.85104,4735899.456272664,0
AVAX.V,D,20230130,000000,20.84083,21.2617,19.30097,19.61137,9108005.46241606,0
AVAX.V,D,20230131,000000,19.60137,20.18182,19.31903,19.91179,4396836.5876078075,0
AVAX.V,D,20230201,000000,19.91179,21.04126,18.70094,20.80125,8115846.167530513,0
AVAX.V,D,20230202,000000,20.80125,22.78364,20.77125,21.42428,11701597.735002825,0
AVAX.V,D,20230203,000000,21.43429,21.93439,20.7,21.35171,5517878.868895141,0
AVAX.V,D,20230204,000000,21.35171,21.64173,20.97168,21.2917,2909425.6684021642,0
AVAX.V,D,20230205,000000,21.2917,21.32192,19.71532,20.19505,4342553.003527751,0
AVAX.V,D,20230206,000000,20.21505,20.43,19.60353,19.9608,2181693.858498952,0
AVAX.V,D,20230207,000000,19.9608,20.79062,19.44156,20.71145,3136052.024800082,0
AVAX.V,D,20230208,000000,20.71124,21.01168,19.67118,20.0216,2375950.575126984,0
AVAX.V,D,20230209,000000,19.9512,20.23899,17.45349,17.72159,3054087.2277746196,0
AVAX.V,D,20230210,000000,17.72177,18.24438,17.49437,17.68265,1812801.443431693,0
AVAX.V,D,20230211,000000,17.68,18.10181,17.61264,17.9818,1178436.243495507,0
AVAX.V,D,20230212,000000,17.99162,18.48185,17.59246,17.82178,3370866.3529889537,0
AVAX.V,D,20230213,000000,17.82178,17.86518,16.85229,17.38939,2257333.3053585603,0
AVAX.V,D,20230214,000000,17.38956,18.2975,17.21843,18.09706,3003051.569652356,0
AVAX.V,D,20230215,000000,18.10724,19.86318,17.91591,19.66374,2833167.384869527,0
AVAX.V,D,20230216,000000,19.64354,20.38245,18.67224,18.68635,4408924.432478694,0
AVAX.V,D,20230217,000000,18.67635,19.65098,18.48203,19.51195,2673081.310825608,0
AVAX.V,D,20230218,000000,19.51195,20.11302,19.29521,19.58333,3933875.3400897007,0
AVAX.V,D,20230219,000000,19.58313,20.41367,19.3054,19.94439,3040324.1596725113,0
AVAX.V,D,20230220,000000,19.93438,21.38235,19.04514,20.80083,6141796.141187951,0
AVAX.V,D,20230221,000000,20.79083,21.65217,19.9618,20.87376,6194887.024748689,0
AVAX.V,D,20230222,000000,20.87355,21.54388,19.59137,20.27,5509224.494675633,0
AVAX.V,D,20230223,000000,20.27,20.73269,19.5239,19.63255,3365067.5022774413,0
AVAX.V,D,20230224,000000,19.61294,19.82218,18.04126,18.24964,3824521.449062332,0
AVAX.V,D,20230225,000000,18.25982,18.60149,17.49175,17.92125,3773474.403034914,0
AVAX.V,D,20230226,000000,17.91179,18.57149,17.82982,18.3311,1526896.9081643845,0
AVAX.V,D,20230227,000000,18.33092,18.64056,17.71159,17.9409,2160422.4353773803,0
AVAX.V,D,20230228,000000,17.9509,17.97108,16.94152,17.16326,2468357.8429451995,0
AVAX.V,D,20230301,000000,17.15326,17.83143,16.98272,17.65229,1554017.6513577008,0
AVAX.V,D,20230302,000000,17.65229,17.86214,17.12863,17.45157,1281522.0764005056,0
AVAX.V,D,20230303,000000,17.4514,17.49157,15.81126,16.58116,2694500.1296952716,0
AVAX.V,D,20230304,000000,16.59116,16.90085,15.74079,16.07112,1500560.0044673216,0
AVAX.V,D,20230305,000000,16.06128,16.52083,16.02112,16.25179,966995.630683301,0
AVAX.V,D,20230306,000000,16.19178,16.63834,15.82269,16.50901,1718498.684503132,0
AVAX.V,D,20230307,000000,16.50785,16.72983,15.85937,16.0392,2530647.103089751,0
AVAX.V,D,20230308,000000,16.0392,16.25854,14.99925,15.12909,1958276.9976591067,0
AVAX.V,D,20230309,000000,15.13849,15.68247,14.19716,14.26128,2387203.333788017,0
AVAX.V,D,20230310,000000,14.26143,15.17894,13.88889,14.91275,4418518.558670917,0
AVAX.V,D,20230311,000000,14.91335,15.35644,14.04037,14.47605,3869638.924189742,0
AVAX.V,D,20230312,000000,14.46598,16.26309,14.33387,16.14238,3656743.9277661843,0
AVAX.V,D,20230313,000000,16.15248,16.87833,15.51674,16.57587,4579172.790852886,0
AVAX.V,D,20230314,000000,16.57587,17.98325,16.17728,17.1502,6170394.849385287,0
AVAX.V,D,20230315,000000,17.15054,17.52191,15.37553,15.58518,4845895.083934388,0
AVAX.V,D,20230316,000000,15.5651,16.12004,15.2938,15.83934,2932916.6375052747,0
AVAX.V,D,20230317,000000,15.84905,17.38199,15.66579,17.37179,3225878.9907840188,0
AVAX.V,D,20230318,000000,17.3991,18.22254,16.96568,17.18122,4287720.773288568,0
AVAX.V,D,20230319,000000,17.17136,18.13424,16.92828,17.72354,2355146.855378811,0
AVAX.V,D,20230320,000000,17.73357,17.85518,16.70877,16.85128,2979486.579544074,0
AVAX.V,D,20230321,000000,16.84125,17.59914,16.40111,17.43544,2647854.44984627,0
AVAX.V,D,20230322,000000,17.44547,17.9698,16.31507,16.79589,4464009.066382419,0
AVAX.V,D,20230323,000000,16.79589,17.89623,16.62659,17.51636,2910125.0679014544,0
AVAX.V,D,20230324,000000,17.52638,17.67528,16.688,17.0075,1567307.786871027,0
AVAX.V,D,20230325,000000,16.99885,17.16749,16.39851,16.73622,1339534.1881875005,0
AVAX.V,D,20230326,000000,16.72621,17.29555,16.68617,17.01921,1642298.3623393017,0
AVAX.V,D,20230327,000000,17.02871,17.19323,16.11079,16.46774,1482111.3781982558,0
AVAX.V,D,20230328,000000,16.43772,16.81471,16.31603,16.65649,1665473.9848048629,0
AVAX.V,D,20230329,000000,16.63649,17.41435,16.62632,17.30329,1921872.911612327,0
AVAX.V,D,20230330,000000,17.30519,17.56457,16.92592,17.25483,2128932.3552805753,0
AVAX.V,D,20230331,000000,17.28484,17.77142,17.08632,17.72354,1595479.6001640095,0
AVAX.V,D,20230401,000000,17.71372,17.89644,17.55382,17.75589,1111883.152084544,0
AVAX.V,D,20230402,000000,17.75857,17.85209,17.10479,17.23028,1051031.1422464526,0
AVAX.V,D,20230403,000000,17.20106,17.45077,16.79403,16.98662,2359445.381889832,0
AVAX.V,D,20230404,000000,16.9968,17.65741,16.97475,17.56896,1655945.153968753,0
AVAX.V,D,20230405,000000,17.56878,18.36606,17.51578,17.94646,2657590.909089353,0
AVAX.V,D,20230406,000000,17.94664,18.33898,17.65529,17.98629,1791546.830032234,0
AVAX.V,D,20230407,000000,17.97647,18.14925,17.43994,17.583,1333664.0749036656,0
AVAX.V,D,20230408,000000,17.5842,17.74169,17.44742,17.517,555813.9446474073,0
AVAX.V,D,20230409,000000,17.50412,17.62409,17.26222,17.61169,671218.5546316527,0
AVAX.V,D,20230410,000000,17.62378,17.89766,17.38153,17.80949,905176.0589069646,0
AVAX.V,D,20230411,000000,17.80441,18.55687,17.61478,18.22785,2056940.8207933716,0
AVAX.V,D,20230412,000000,18.21802,19.01824,17.69962,18.20419,3021046.0502344985,0
AVAX.V,D,20230413,000000,18.20419,19.03997,18.13413,18.8681,3705223.7544684163,0
AVAX.V,D,20230414,000000,18.8681,19.34106,18.48792,18.99575,2832908.345159478,0
AVAX.V,D,20230415,000000,19.00576,19.52951,18.95534,19.06715,2784230.74741376,0
AVAX.V,D,20230416,000000,19.06695,20.51476,18.8562,20.49393,3800082.083027558,0
AVAX.V,D,20230417,000000,20.48371,21.26339,19.97776,20.56233,7996550.501457437,0
AVAX.V,D,20230418,000000,20.56212,21.5569,20.29893,21.1536,3532363.3031609925,0
AVAX.V,D,20230419,000000,21.16339,21.23913,18.95705,19.24,5482136.12965254,0
