<TICKER>,<PER>,<DATE>,<TIME>,<OPEN>,<HIGH>,<LOW>,<CLOSE>,<VOL>,<OPENINT>
CAKE.V,D,20200930,000000,0.6929,0.8512,0.4297,0.4329,0,0
CAKE.V,D,20201001,000000,0.4329,0.5157,0.3278,0.4189,0,0
CAKE.V,D,20201002,000000,0.4189,0.8184,0.4148,0.5161,0,0
CAKE.V,D,20201003,000000,0.5161,0.7899,0.4937,0.672,0,0
CAKE.V,D,20201004,000000,0.672,0.7255,0.5203,0.554,0,0
CAKE.V,D,20201005,000000,0.554,0.554,0.4521,0.4609,0,0
CAKE.V,D,20201006,000000,0.4609,0.5395,0.4159,0.496,0,0
CAKE.V,D,20201007,000000,0.496,0.5955,0.4784,0.5396,0,0
CAKE.V,D,20201008,000000,0.5396,0.593,0.519,0.575,0,0
CAKE.V,D,20201009,000000,0.575,0.7154,0.575,0.7066,0,0
CAKE.V,D,20201010,000000,0.7066,0.8878,0.6392,0.7887,0,0
CAKE.V,D,20201011,000000,0.7887,0.9666,0.7569,0.9472,0,0
CAKE.V,D,20201012,000000,0.9472,1.473,0.9472,1.115,0,0
CAKE.V,D,20201013,000000,1.115,1.128,0.792,0.8476,0,0
CAKE.V,D,20201014,000000,0.8476,0.9875,0.7376,0.8851,0,0
CAKE.V,D,20201015,000000,0.8851,0.9221,0.7987,0.8801,0,0
CAKE.V,D,20201016,000000,0.8801,0.9156,0.7833,0.8199,0,0
CAKE.V,D,20201017,000000,0.8199,0.8585,0.6046,0.6052,0,0
CAKE.V,D,20201018,000000,0.6052,0.8281,0.534,0.61,0,0
CAKE.V,D,20201019,000000,0.61,0.728,0.5649,0.6089,0,0
CAKE.V,D,20201020,000000,0.6089,0.6432,0.5574,0.6196,0,0
CAKE.V,D,20201021,000000,0.6196,0.6526,0.5585,0.5814,0,0
CAKE.V,D,20201022,000000,0.5814,0.6356,0.5814,0.6132,0,0
CAKE.V,D,20201023,000000,0.6132,0.6666,0.5931,0.6571,0,0
CAKE.V,D,20201024,000000,0.6571,0.6631,0.582,0.5896,0,0
CAKE.V,D,20201025,000000,0.5896,0.621,0.478,0.4832,0,0
CAKE.V,D,20201026,000000,0.4832,0.5187,0.3109,0.4389,0,0
CAKE.V,D,20201027,000000,0.4389,0.5345,0.4372,0.4451,0,0
CAKE.V,D,20201028,000000,0.4451,0.4451,0.3558,0.4041,0,0
CAKE.V,D,20201029,000000,0.4041,0.4642,0.3934,0.4122,0,0
CAKE.V,D,20201030,000000,0.4122,0.4124,0.3622,0.3999,0,0
CAKE.V,D,20201031,000000,0.3999,0.424,0.3897,0.3994,0,0
CAKE.V,D,20201101,000000,0.3994,0.4014,0.3612,0.3629,0,0
CAKE.V,D,20201102,000000,0.3629,0.3708,0.3093,0.3229,0,0
CAKE.V,D,20201103,000000,0.3229,0.3229,0.1921,0.2817,0,0
CAKE.V,D,20201104,000000,0.2817,0.3044,0.2516,0.2845,0,0
CAKE.V,D,20201105,000000,0.2845,0.2947,0.2089,0.2792,0,0
CAKE.V,D,20201106,000000,0.2792,0.3327,0.2792,0.2973,0,0
CAKE.V,D,20201107,000000,0.2973,0.3003,0.2511,0.2609,0,0
CAKE.V,D,20201108,000000,0.2609,0.2665,0.2472,0.2512,0,0
CAKE.V,D,20201109,000000,0.2512,0.2512,0.2042,0.2227,0,0
CAKE.V,D,20201110,000000,0.2227,0.2516,0.2116,0.2364,0,0
CAKE.V,D,20201111,000000,0.2364,0.2659,0.229,0.2332,0,0
CAKE.V,D,20201112,000000,0.2332,0.2547,0.222,0.2323,0,0
CAKE.V,D,20201113,000000,0.2323,0.3,0.2323,0.265,0,0
CAKE.V,D,20201114,000000,0.265,0.2709,0.2455,0.2589,0,0
CAKE.V,D,20201115,000000,0.2589,0.2874,0.2545,0.2711,0,0
CAKE.V,D,20201116,000000,0.2711,0.3261,0.2652,0.3004,0,0
CAKE.V,D,20201117,000000,0.3004,0.3627,0.3004,0.3573,0,0
CAKE.V,D,20201118,000000,0.3573,0.3694,0.2989,0.3115,0,0
CAKE.V,D,20201119,000000,0.3115,0.3664,0.3098,0.3515,0,0
CAKE.V,D,20201120,000000,0.3515,0.3989,0.3114,0.343,0,0
CAKE.V,D,20201121,000000,0.343,0.377,0.3389,0.3429,0,0
CAKE.V,D,20201122,000000,0.3429,0.3455,0.3106,0.3313,0,0
CAKE.V,D,20201123,000000,0.3313,0.3462,0.3102,0.3245,0,0
CAKE.V,D,20201124,000000,0.3245,0.3579,0.3067,0.3236,0,0
CAKE.V,D,20201125,000000,0.3236,0.3236,0.288,0.2977,0,0
CAKE.V,D,20201126,000000,0.2977,0.2977,0.2567,0.2838,0,0
CAKE.V,D,20201127,000000,0.2838,0.3386,0.2838,0.3312,0,0
CAKE.V,D,20201128,000000,0.3312,0.3644,0.3102,0.3288,0,0
CAKE.V,D,20201129,000000,0.3288,0.3734,0.3131,0.339,0,0
CAKE.V,D,20201130,000000,0.339,0.3596,0.339,0.3476,0,0
CAKE.V,D,20201201,000000,0.3476,0.4132,0.3287,0.357,0,0
CAKE.V,D,20201202,000000,0.357,0.3865,0.352,0.3701,0,0
CAKE.V,D,20201203,000000,0.3701,0.4147,0.3701,0.4086,0,0
CAKE.V,D,20201204,000000,0.4086,0.4369,0.3812,0.4241,0,0
CAKE.V,D,20201205,000000,0.4241,0.5318,0.4199,0.5005,0,0
CAKE.V,D,20201206,000000,0.5005,0.5702,0.4513,0.4735,0,0
CAKE.V,D,20201207,000000,0.4735,0.5433,0.4702,0.509,0,0
CAKE.V,D,20201208,000000,0.509,0.5188,0.4732,0.4864,0,0
CAKE.V,D,20201209,000000,0.4864,0.4947,0.4505,0.4604,0,0
CAKE.V,D,20201210,000000,0.4604,0.4652,0.4304,0.4351,0,0
CAKE.V,D,20201211,000000,0.4351,0.497,0.411,0.4533,0,0
CAKE.V,D,20201212,000000,0.4533,0.5008,0.4533,0.4892,0,0
CAKE.V,D,20201213,000000,0.4892,0.5181,0.4724,0.4799,0,0
CAKE.V,D,20201214,000000,0.4799,0.5046,0.4287,0.4497,0,0
CAKE.V,D,20201215,000000,0.4497,0.4512,0.4072,0.4291,0,0
CAKE.V,D,20201216,000000,0.4291,0.4682,0.4291,0.4563,0,0
CAKE.V,D,20201217,000000,0.4563,0.4563,0.4011,0.425,0,0
CAKE.V,D,20201218,000000,0.425,0.4537,0.4169,0.4494,0,0
CAKE.V,D,20201219,000000,0.4494,0.487,0.433,0.4367,0,0
CAKE.V,D,20201220,000000,0.4367,0.506,0.4367,0.4694,0,0
CAKE.V,D,20201221,000000,0.4694,0.4907,0.4332,0.4736,0,0
CAKE.V,D,20201222,000000,0.4736,0.5279,0.4716,0.5054,0,0
CAKE.V,D,20201223,000000,0.5054,0.5054,0.4255,0.4505,0,0
CAKE.V,D,20201224,000000,0.4505,0.4872,0.4472,0.482,0,0
CAKE.V,D,20201225,000000,0.482,0.5058,0.4806,0.4978,0,0
CAKE.V,D,20201226,000000,0.4978,0.5178,0.4792,0.4872,0,0
CAKE.V,D,20201227,000000,0.4872,0.5112,0.4739,0.488,0,0
CAKE.V,D,20201228,000000,0.488,0.5476,0.488,0.5372,0,0
CAKE.V,D,20201229,000000,0.5372,0.5903,0.5181,0.5661,0,0
CAKE.V,D,20201230,000000,0.5661,0.6369,0.5473,0.6045,0,0
CAKE.V,D,20201231,000000,0.6045,0.6316,0.5759,0.623,0,0
CAKE.V,D,20210101,000000,0.623,0.6663,0.6078,0.6561,0,0
CAKE.V,D,20210102,000000,0.6561,0.67,0.5935,0.6141,0,0
CAKE.V,D,20210103,000000,0.6141,0.6928,0.6141,0.635,0,0
CAKE.V,D,20210104,000000,0.635,0.6747,0.5945,0.6496,0,0
CAKE.V,D,20210105,000000,0.6496,0.6907,0.6096,0.6811,0,0
CAKE.V,D,20210106,000000,0.6811,0.6986,0.6442,0.667,0,0
CAKE.V,D,20210107,000000,0.667,0.6873,0.5942,0.6016,0,0
CAKE.V,D,20210108,000000,0.6016,0.6362,0.5689,0.5812,0,0
CAKE.V,D,20210109,000000,0.5812,0.6197,0.5719,0.5785,0,0
CAKE.V,D,20210110,000000,0.5785,0.5834,0.5393,0.5499,0,0
CAKE.V,D,20210111,000000,0.5499,0.5499,0.4715,0.4792,0,0
CAKE.V,D,20210112,000000,0.4792,0.5348,0.4748,0.5275,0,0
CAKE.V,D,20210113,000000,0.5275,0.613,0.5275,0.6018,0,0
CAKE.V,D,20210114,000000,0.6018,0.6367,0.5906,0.6095,0,0
CAKE.V,D,20210115,000000,0.6095,0.6285,0.5745,0.597,0,0
CAKE.V,D,20210116,000000,0.597,0.6649,0.597,0.6425,0,0
CAKE.V,D,20210117,000000,0.6425,0.718,0.6425,0.691,0,0
CAKE.V,D,20210118,000000,0.691,0.7964,0.6725,0.7696,0,0
CAKE.V,D,20210119,000000,0.7696,0.7696,0.6834,0.7314,0,0
CAKE.V,D,20210120,000000,0.7314,0.7632,0.6985,0.747,0,0
CAKE.V,D,20210121,000000,0.747,0.747,0.6685,0.6998,0,0
CAKE.V,D,20210122,000000,0.6998,0.8963,0.6998,0.8783,0,0
CAKE.V,D,20210123,000000,0.8783,1.065,0.8702,0.9787,0,0
CAKE.V,D,20210124,000000,0.9787,1.214,0.9787,1.214,0,0
CAKE.V,D,20210125,000000,1.214,1.295,1.028,1.12,0,0
CAKE.V,D,20210126,000000,1.12,1.238,1.107,1.212,0,0
CAKE.V,D,20210127,000000,1.212,1.334,1.166,1.319,0,0
CAKE.V,D,20210128,000000,1.319,1.552,1.319,1.552,0,0
CAKE.V,D,20210129,000000,1.552,1.573,1.376,1.491,0,0
CAKE.V,D,20210130,000000,1.491,1.657,1.491,1.631,0,0
CAKE.V,D,20210131,000000,1.631,2.887,1.59,1.989,0,0
CAKE.V,D,20210201,000000,1.989,3.137,1.989,2.855,0,0
CAKE.V,D,20210202,000000,2.855,2.855,2.246,2.39,0,0
CAKE.V,D,20210203,000000,2.39,2.536,1.994,2.32,0,0
CAKE.V,D,20210204,000000,2.32,2.856,2.32,2.678,0,0
CAKE.V,D,20210205,000000,2.678,3.383,2.678,3.034,0,0
CAKE.V,D,20210206,000000,3.034,3.38,2.954,3.262,0,0
CAKE.V,D,20210207,000000,3.262,3.419,2.983,3.154,0,0
CAKE.V,D,20210208,000000,3.154,4.182,3.154,4.112,0,0
CAKE.V,D,20210209,000000,4.112,6.129,4.112,5.83,0,0
CAKE.V,D,20210210,000000,5.83,7.61,5.285,6.793,0,0
CAKE.V,D,20210211,000000,6.793,7.06,5.682,6.009,0,0
CAKE.V,D,20210212,000000,6.009,7.507,6.009,7.502,0,0
CAKE.V,D,20210213,000000,7.502,7.958,6.864,7.104,0,0
CAKE.V,D,20210214,000000,7.104,13.42,6.694,6.796,0,0
CAKE.V,D,20210215,000000,6.796,6.884,6.107,6.617,0,0
CAKE.V,D,20210216,000000,6.617,7.354,6.538,7.188,0,0
CAKE.V,D,20210217,000000,7.188,11.97,7.188,9.845,0,0
CAKE.V,D,20210218,000000,9.845,13.93,9.845,13.2,0,0
CAKE.V,D,20210219,000000,13.2,25.83,13.2,19.02,0,0
CAKE.V,D,20210220,000000,19.02,19.02,12.85,14.56,0,0
CAKE.V,D,20210221,000000,14.56,18.22,14.56,16.65,0,0
CAKE.V,D,20210222,000000,16.65,16.65,14.45,15.03,0,0
CAKE.V,D,20210223,000000,15.03,15.03,11.36,12.78,0,0
CAKE.V,D,20210224,000000,12.78,14.83,12.78,14.22,0,0
CAKE.V,D,20210225,000000,14.22,14.22,11.7,11.7,0,0
CAKE.V,D,20210226,000000,11.7,11.8,10.79,11.28,0,0
CAKE.V,D,20210227,000000,11.28,11.95,10.6,10.67,0,0
CAKE.V,D,20210228,000000,10.67,10.67,8.849,9.371,0,0
CAKE.V,D,20210301,000000,9.371,13.85,9.371,13.15,0,0
CAKE.V,D,20210302,000000,13.15,13.15,11.49,12.05,0,0
CAKE.V,D,20210303,000000,12.05,12.8,11.93,12.59,0,0
CAKE.V,D,20210304,000000,12.59,12.59,11.37,11.52,0,0
CAKE.V,D,20210305,000000,11.52,11.58,11.03,11.11,0,0
CAKE.V,D,20210306,000000,11.11,11.74,10.9,11.11,0,0
CAKE.V,D,20210307,000000,11.11,12.05,11.11,11.66,0,0
CAKE.V,D,20210308,000000,11.66,11.98,11.55,11.93,0,0
CAKE.V,D,20210309,000000,11.93,15.21,11.93,14.19,0,0
CAKE.V,D,20210310,000000,14.19,14.19,12.66,12.72,0,0
CAKE.V,D,20210311,000000,12.72,13.33,12.27,12.34,0,0
CAKE.V,D,20210312,000000,12.34,12.34,10.84,11.03,0,0
CAKE.V,D,20210313,000000,11.03,11.78,10.91,11.38,0,0
CAKE.V,D,20210314,000000,11.38,11.38,10.38,10.94,0,0
CAKE.V,D,20210315,000000,10.94,10.94,9.666,10,0,0
CAKE.V,D,20210316,000000,10,10.53,9.798,10.01,0,0
CAKE.V,D,20210317,000000,10.01,10.5,10.01,10.31,0,0
CAKE.V,D,20210318,000000,10.31,10.31,9.789,9.898,0,0
CAKE.V,D,20210319,000000,9.898,9.999,9.781,9.828,0,0
CAKE.V,D,20210320,000000,9.828,10.36,9.756,9.894,0,0
CAKE.V,D,20210321,000000,9.894,10.19,9.843,10.15,0,0
CAKE.V,D,20210322,000000,10.15,11.67,9.775,10.93,0,0
CAKE.V,D,20210323,000000,10.93,12.16,10.69,11.49,0,0
CAKE.V,D,20210324,000000,11.49,12.97,11,12.12,0,0
CAKE.V,D,20210325,000000,12.12,12.18,11.07,11.93,0,0
CAKE.V,D,20210326,000000,11.93,15.5,11.93,14.81,0,0
CAKE.V,D,20210327,000000,14.81,17.92,14.81,17.31,0,0
CAKE.V,D,20210328,000000,17.31,17.89,15.53,16.2,0,0
CAKE.V,D,20210329,000000,16.2,17.97,16.2,17.25,0,0
CAKE.V,D,20210330,000000,17.25,19.71,17.25,19.02,0,0
CAKE.V,D,20210331,000000,19.02,19.02,17.62,18.08,0,0
CAKE.V,D,20210401,000000,18.08,20.02,17.01,17.13,0,0
CAKE.V,D,20210402,000000,17.13,17.91,17.02,17.11,0,0
CAKE.V,D,20210403,000000,17.11,17.11,15.41,15.61,0,0
CAKE.V,D,20210404,000000,15.61,17.24,15.61,16.8,0,0
CAKE.V,D,20210405,000000,16.77,18.19,16.44,16.97,0,0
CAKE.V,D,20210406,000000,16.92,18.76,16.92,18.05,0,0
CAKE.V,D,20210407,000000,18.05,18.05,16,17.2,0,0
CAKE.V,D,20210408,000000,17.2,21.92,17.2,21.17,0,0
CAKE.V,D,20210409,000000,21.17,24.8,21.17,24.14,0,0
CAKE.V,D,20210410,000000,24.14,25.17,21.8,22.79,0,0
CAKE.V,D,20210411,000000,22.79,27.11,22.79,26.22,0,0
CAKE.V,D,20210412,000000,26.22,30,25.59,26.19,0,0
CAKE.V,D,20210413,000000,26.21,28.05,23.47,24.15,0,0
CAKE.V,D,20210414,000000,24.15,25.17,22.21,23.2,0,0
CAKE.V,D,20210415,000000,23.22,24.4,21.08,23.54,0,0
CAKE.V,D,20210416,000000,23.55,23.56,21.77,22.49,0,0
CAKE.V,D,20210417,000000,22.49,24.31,22.49,23.96,0,0
CAKE.V,D,20210418,000000,23.87,23.87,20.54,22.23,0,0
CAKE.V,D,20210419,000000,22.23,23.91,22.23,22.77,0,0
CAKE.V,D,20210420,000000,22.77,27.65,21.78,27.54,0,0
CAKE.V,D,20210421,000000,27.57,27.57,25,26.08,0,0
CAKE.V,D,20210422,000000,26.08,26.89,24.58,25.12,0,0
CAKE.V,D,20210423,000000,25.12,28.15,22.92,26.98,0,0
CAKE.V,D,20210424,000000,27,29.04,25.15,28.25,0,0
CAKE.V,D,20210425,000000,28.25,31.37,28.25,30.23,0,0
CAKE.V,D,20210426,000000,30.23,36.49,30.23,33.63,0,0
CAKE.V,D,20210427,000000,33.55,36.32,33.55,35.85,0,0
CAKE.V,D,20210428,000000,35.85,37.21,35.13,36.14,0,0
CAKE.V,D,20210429,000000,36.14,43.87,36.14,42.71,0,0
CAKE.V,D,20210430,000000,42.7,47.46,40.14,40.87,0,0
CAKE.V,D,20210501,000000,40.87,41.91,38.14,38.51,0,0
CAKE.V,D,20210502,000000,38.55,42.2,37.78,41.01,0,0
CAKE.V,D,20210503,000000,41.01,44.81,40.92,40.93,0,0
CAKE.V,D,20210504,000000,40.93,40.93,35.68,36.64,0,0
CAKE.V,D,20210505,000000,36.59,44.28,36.59,39.04,0,0
CAKE.V,D,20210506,000000,39.04,39.04,36.03,36.7,0,0
CAKE.V,D,20210507,000000,36.73,37.72,35.27,36.04,0,0
CAKE.V,D,20210508,000000,36.04,39.39,35.68,37.05,0,0
CAKE.V,D,20210509,000000,37.05,39.94,36.12,38.34,0,0
CAKE.V,D,20210510,000000,38.34,40.68,35.03,36.05,0,0
CAKE.V,D,20210511,000000,36.05,37.17,34.73,36.83,0,0
CAKE.V,D,20210512,000000,36.83,37.2,29.52,29.58,0,0
CAKE.V,D,20210513,000000,29.58,33.65,27.3,29.52,0,0
CAKE.V,D,20210514,000000,29.52,33.03,29.04,31.77,0,0
CAKE.V,D,20210515,000000,31.77,32.15,28.33,28.67,0,0
CAKE.V,D,20210516,000000,28.67,32.57,27.17,28.78,0,0
CAKE.V,D,20210517,000000,28.78,28.79,25.23,26.71,0,0
CAKE.V,D,20210518,000000,26.71,29.1,25.93,27.01,0,0
CAKE.V,D,20210519,000000,27.01,27.7,14.82,15.7,0,0
CAKE.V,D,20210520,000000,15.7,22.55,13.66,20.21,0,0
CAKE.V,D,20210521,000000,20.21,21.74,13.53,16.84,0,0
CAKE.V,D,20210522,000000,16.84,17.52,14.11,15.17,0,0
CAKE.V,D,20210523,000000,15.17,15.96,9.467,12.73,0,0
CAKE.V,D,20210524,000000,12.73,18.46,12.68,17.79,0,0
CAKE.V,D,20210525,000000,17.79,19.42,15.17,17.72,0,0
CAKE.V,D,20210526,000000,17.72,20.12,17.37,19.33,0,0
CAKE.V,D,20210527,000000,19.33,19.7,17.04,18.21,0,0
CAKE.V,D,20210528,000000,18.21,18.49,15.1,15.9,0,0
CAKE.V,D,20210529,000000,15.9,16.85,13.93,14.66,0,0
CAKE.V,D,20210530,000000,14.66,16.55,13.81,15.89,0,0
CAKE.V,D,20210531,000000,15.89,18.31,14.9,17.94,0,0
CAKE.V,D,20210601,000000,17.94,18.5,16.92,17.84,0,0
CAKE.V,D,20210602,000000,17.84,20.59,17.28,19.25,0,0
CAKE.V,D,20210603,000000,19.25,21.53,18.84,21.16,0,0
CAKE.V,D,20210604,000000,21.16,21.28,17.71,19.1,0,0
CAKE.V,D,20210605,000000,19.1,21.07,18.09,18.95,0,0
CAKE.V,D,20210606,000000,18.95,19.48,18.05,18.82,0,0
CAKE.V,D,20210607,000000,18.82,20.38,16.91,17.03,0,0
CAKE.V,D,20210608,000000,17.03,17.54,15.28,17.02,0,0
CAKE.V,D,20210609,000000,17.02,18.62,16.07,18.43,0,0
CAKE.V,D,20210610,000000,18.43,18.6,16.6,16.77,0,0
CAKE.V,D,20210611,000000,16.77,17.5,15.7,15.96,0,0
CAKE.V,D,20210612,000000,15.96,16.29,15,15.72,0,0
CAKE.V,D,20210613,000000,15.72,17.13,15.14,16.84,0,0
CAKE.V,D,20210614,000000,16.84,17.8,16.37,17.3,0,0
CAKE.V,D,20210615,000000,17.3,18.04,16.99,17.18,0,0
CAKE.V,D,20210616,000000,17.18,17.19,15.62,16,0,0
CAKE.V,D,20210617,000000,16,16.87,15.83,16.17,0,0
CAKE.V,D,20210618,000000,16.17,16.5,15.04,15.66,0,0
CAKE.V,D,20210619,000000,15.66,15.87,15.19,15.42,0,0
CAKE.V,D,20210620,000000,15.42,16.12,14.34,16,0,0
CAKE.V,D,20210621,000000,16,16.12,12.01,12.09,0,0
CAKE.V,D,20210622,000000,12.09,14.01,9.654,12.01,0,0
CAKE.V,D,20210623,000000,12.01,14.47,11.4,13.61,0,0
CAKE.V,D,20210624,000000,13.61,14.2,12.76,13.81,0,0
CAKE.V,D,20210625,000000,13.81,14.06,11.78,12.18,0,0
CAKE.V,D,20210626,000000,12.18,12.69,11.37,12.27,0,0
CAKE.V,D,20210627,000000,12.27,13.06,11.86,13.03,0,0
CAKE.V,D,20210628,000000,13.03,13.68,12.6,13.3,0,0
CAKE.V,D,20210629,000000,13.3,14.44,13.26,13.81,0,0
CAKE.V,D,20210630,000000,13.81,13.9,12.71,13.84,0,0
CAKE.V,D,20210701,000000,13.84,13.9,12.59,12.84,0,0
CAKE.V,D,20210702,000000,12.84,13,12.4,12.98,0,0
CAKE.V,D,20210703,000000,12.98,13.86,12.64,13.57,0,0
CAKE.V,D,20210704,000000,13.57,14.64,13.32,14.16,0,0
CAKE.V,D,20210705,000000,14.16,14.46,13.25,14.04,0,0
CAKE.V,D,20210706,000000,14.04,15.87,13.99,15.46,0,0
CAKE.V,D,20210707,000000,15.46,16.32,15.09,15.18,0,0
CAKE.V,D,20210708,000000,15.18,15.27,14.06,14.27,0,0
CAKE.V,D,20210709,000000,14.27,14.69,13.69,14.57,0,0
CAKE.V,D,20210710,000000,14.57,15.3,14.28,14.96,0,0
CAKE.V,D,20210711,000000,14.96,15.43,14.62,15.14,0,0
CAKE.V,D,20210712,000000,15.14,15.98,14.47,14.85,0,0
CAKE.V,D,20210713,000000,14.85,15.13,14.23,14.47,0,0
CAKE.V,D,20210714,000000,14.47,14.53,13.3,14.01,0,0
CAKE.V,D,20210715,000000,14.01,14.58,13.51,13.69,0,0
CAKE.V,D,20210716,000000,13.69,14.03,12.81,12.83,0,0
CAKE.V,D,20210717,000000,12.83,13.02,12.4,12.74,0,0
CAKE.V,D,20210718,000000,12.74,13.31,12.69,12.95,0,0
CAKE.V,D,20210719,000000,12.95,13,12,12.04,0,0
CAKE.V,D,20210720,000000,12.04,12.18,10.85,11.23,0,0
CAKE.V,D,20210721,000000,11.23,13.32,11.08,12.94,0,0
CAKE.V,D,20210722,000000,12.94,13.22,12.61,13,0,0
CAKE.V,D,20210723,000000,13,13.82,12.67,13.77,0,0
CAKE.V,D,20210724,000000,13.77,14.33,13.44,14.04,0,0
CAKE.V,D,20210725,000000,14.04,14.14,13.39,13.93,0,0
CAKE.V,D,20210726,000000,13.93,15.44,13.87,14.27,0,0
CAKE.V,D,20210727,000000,14.27,14.92,13.83,14.74,0,0
CAKE.V,D,20210728,000000,14.74,15.2,14.51,14.91,0,0
CAKE.V,D,20210729,000000,14.91,15.02,14.64,14.94,0,0
CAKE.V,D,20210730,000000,14.94,15.34,14.31,15.17,0,0
CAKE.V,D,20210731,000000,15.17,16.27,15.01,15.99,0,0
CAKE.V,D,20210801,000000,15.99,16.97,15.83,16.03,0,0
CAKE.V,D,20210802,000000,16.03,16.44,15.45,15.86,0,0
CAKE.V,D,20210803,000000,15.86,16.37,15.5,16.26,0,0
CAKE.V,D,20210804,000000,16.26,17.84,15.85,17.53,0,0
CAKE.V,D,20210805,000000,17.53,17.76,16.39,17.45,0,0
CAKE.V,D,20210806,000000,17.45,18.29,16.97,18.11,0,0
CAKE.V,D,20210807,000000,18.11,18.78,17.5,18.21,0,0
CAKE.V,D,20210808,000000,18.21,18.5,17.09,17.38,0,0
CAKE.V,D,20210809,000000,17.38,18.61,16.98,18.33,0,0
CAKE.V,D,20210810,000000,18.33,19.26,17.97,18.85,0,0
CAKE.V,D,20210811,000000,18.85,20.57,18.81,19.64,0,0
CAKE.V,D,20210812,000000,19.59,19.59,18.61,19.47,0,0
CAKE.V,D,20210813,000000,19.47,21.09,19.3,21.07,0,0
CAKE.V,D,20210814,000000,21.07,21.5,20.06,20.69,0,0
CAKE.V,D,20210815,000000,20.69,21.08,19.98,21.08,0,0
CAKE.V,D,20210816,000000,21.08,22.58,20.92,21.33,0,0
CAKE.V,D,20210817,000000,21.33,23.68,21.04,21.42,0,0
CAKE.V,D,20210818,000000,21.42,22.38,20.56,21.34,0,0
CAKE.V,D,20210819,000000,21.34,22.96,20.66,22.43,0,0
CAKE.V,D,20210820,000000,22.43,24.45,21.78,24.31,0,0
CAKE.V,D,20210821,000000,24.31,24.4,23.45,23.65,0,0
CAKE.V,D,20210822,000000,23.65,23.87,22.76,23.55,0,0
CAKE.V,D,20210823,000000,23.55,25.99,23.4,25.22,0,0
CAKE.V,D,20210824,000000,25.22,25.58,23.05,23.66,0,0
CAKE.V,D,20210825,000000,23.66,26.39,23.51,25.96,0,0
CAKE.V,D,20210826,000000,25.96,26.59,24.26,24.83,0,0
CAKE.V,D,20210827,000000,24.83,26.29,24.21,26.17,0,0
CAKE.V,D,20210828,000000,26.17,26.25,25.35,25.51,0,0
CAKE.V,D,20210829,000000,25.51,25.97,24.91,25.22,0,0
CAKE.V,D,20210830,000000,25.22,25.41,23.06,23.2,0,0
CAKE.V,D,20210831,000000,23.2,23.86,22.42,22.89,0,0
CAKE.V,D,20210901,000000,22.89,24.21,21.59,24.17,0,0
CAKE.V,D,20210902,000000,24.17,24.93,22.91,23.47,0,0
CAKE.V,D,20210903,000000,23.47,23.99,23.01,23.44,0,0
CAKE.V,D,20210904,000000,23.44,24.59,23.22,24.11,0,0
CAKE.V,D,20210905,000000,24.11,24.56,22.97,24.46,0,0
CAKE.V,D,20210906,000000,24.46,25.35,24,24.59,0,0
CAKE.V,D,20210907,000000,24.59,24.9,18.41,20.8,0,0
CAKE.V,D,20210908,000000,20.8,20.88,17.79,20.14,0,0
CAKE.V,D,20210909,000000,20.14,21.26,19.51,20.53,0,0
CAKE.V,D,20210910,000000,20.53,21.49,18.68,19.07,0,0
CAKE.V,D,20210911,000000,19.07,20.12,18.98,19.61,0,0
CAKE.V,D,20210912,000000,19.61,20.74,19.3,20.45,0,0
CAKE.V,D,20210913,000000,20.45,20.61,18.5,19.41,0,0
CAKE.V,D,20210914,000000,19.41,20.81,19.23,20.8,0,0
CAKE.V,D,20210915,000000,20.8,22.84,20.53,22.6,0,0
CAKE.V,D,20210916,000000,22.6,23.09,21.87,22.32,0,0
CAKE.V,D,20210917,000000,22.32,22.37,21.06,21.31,0,0
CAKE.V,D,20210918,000000,21.31,23.01,21.08,22.41,0,0
CAKE.V,D,20210919,000000,22.41,23.88,21.87,22.78,0,0
CAKE.V,D,20210920,000000,22.78,22.86,18.71,19.12,0,0
CAKE.V,D,20210921,000000,19.12,20.1,17.41,17.9,0,0
CAKE.V,D,20210922,000000,17.9,20.24,17.76,20.21,0,0
CAKE.V,D,20210923,000000,20.21,20.58,19.56,20.09,0,0
CAKE.V,D,20210924,000000,20.09,20.4,17.32,18.88,0,0
CAKE.V,D,20210925,000000,18.88,19.13,17.89,18.51,0,0
CAKE.V,D,20210926,000000,18.51,19.65,16.91,18.67,0,0
CAKE.V,D,20210927,000000,18.67,19.79,18.38,18.41,0,0
CAKE.V,D,20210928,000000,18.41,18.7,18,18.12,0,0
CAKE.V,D,20210929,000000,18.12,19.6,17.98,18.53,0,0
CAKE.V,D,20210930,000000,18.53,19.36,18.41,18.91,0,0
CAKE.V,D,20211001,000000,18.91,20.1,18.61,19.97,0,0
CAKE.V,D,20211002,000000,19.97,20.44,19.42,19.98,0,0
CAKE.V,D,20211003,000000,19.98,20.25,19.53,19.7,0,0
CAKE.V,D,20211004,000000,19.7,19.7,18.83,19.29,0,0
CAKE.V,D,20211005,000000,19.29,20.05,19.05,19.97,0,0
CAKE.V,D,20211006,000000,19.97,19.99,18.57,19.75,0,0
CAKE.V,D,20211007,000000,19.75,21.28,19.26,19.43,0,0
CAKE.V,D,20211008,000000,19.43,20.21,18.75,19.55,0,0
CAKE.V,D,20211009,000000,19.55,19.97,19.41,19.67,0,0
CAKE.V,D,20211010,000000,19.67,19.69,18.52,18.61,0,0
CAKE.V,D,20211011,000000,18.61,19.49,18.42,18.8,0,0
CAKE.V,D,20211012,000000,18.8,19.49,17.71,19.48,0,0
CAKE.V,D,20211013,000000,19.48,21.16,19.32,20.32,0,0
CAKE.V,D,20211014,000000,20.32,20.94,19.71,19.91,0,0
CAKE.V,D,20211015,000000,19.91,20.14,19.19,19.85,0,0
CAKE.V,D,20211016,000000,19.85,20.1,19.54,19.75,0,0
CAKE.V,D,20211017,000000,19.75,19.88,19.01,19.49,0,0
CAKE.V,D,20211018,000000,19.49,19.87,19.33,19.84,0,0
CAKE.V,D,20211019,000000,19.84,20.38,19.77,20.13,0,0
CAKE.V,D,20211020,000000,20.13,20.95,19.75,20.42,0,0
CAKE.V,D,20211021,000000,20.42,20.73,19.64,19.89,0,0
CAKE.V,D,20211022,000000,19.89,20.59,19.57,19.77,0,0
CAKE.V,D,20211023,000000,19.77,19.95,19.51,19.87,0,0
CAKE.V,D,20211024,000000,19.87,20.09,19.29,19.47,0,0
CAKE.V,D,20211025,000000,19.47,20.12,19.4,19.85,0,0
CAKE.V,D,20211026,000000,19.85,19.98,19.32,19.37,0,0
CAKE.V,D,20211027,000000,19.37,19.56,18.03,18.09,0,0
CAKE.V,D,20211028,000000,18.09,18.66,17.76,18.23,0,0
CAKE.V,D,20211029,000000,18.23,18.95,17.54,18.58,0,0
CAKE.V,D,20211030,000000,18.58,18.9,17.68,18.02,0,0
CAKE.V,D,20211031,000000,18.02,18.18,17.29,17.67,0,0
CAKE.V,D,20211101,000000,17.67,18.55,17.31,18.47,0,0
CAKE.V,D,20211102,000000,18.47,18.9,17.88,18.53,0,0
CAKE.V,D,20211103,000000,18.53,19.06,17.94,18.96,0,0
CAKE.V,D,20211104,000000,18.96,19.66,18.48,18.83,0,0
CAKE.V,D,20211105,000000,18.83,20.5,18.62,19.46,0,0
CAKE.V,D,20211106,000000,19.46,19.65,18.72,19.24,0,0
CAKE.V,D,20211107,000000,19.24,20.53,19.07,20.24,0,0
CAKE.V,D,20211108,000000,20.24,20.3,19.56,20.11,0,0
CAKE.V,D,20211109,000000,20.11,20.22,19.7,19.76,0,0
CAKE.V,D,20211110,000000,19.76,19.86,17.51,18.35,0,0
CAKE.V,D,20211111,000000,18.35,19.18,18.01,18.83,0,0
CAKE.V,D,20211112,000000,18.83,18.99,17.89,18.26,0,0
CAKE.V,D,20211113,000000,18.26,18.69,18.04,18.44,0,0
CAKE.V,D,20211114,000000,18.44,18.56,18,18.38,0,0
CAKE.V,D,20211115,000000,18.38,19.13,18.33,18.5,0,0
CAKE.V,D,20211116,000000,18.5,18.52,16.55,16.83,0,0
CAKE.V,D,20211117,000000,16.83,16.92,15.91,16.51,0,0
CAKE.V,D,20211118,000000,16.51,16.84,14.08,14.85,0,0
CAKE.V,D,20211119,000000,14.85,16.24,14.6,15.97,0,0
CAKE.V,D,20211120,000000,15.97,16.24,15.26,15.88,0,0
CAKE.V,D,20211121,000000,15.88,16.08,15.03,15.26,0,0
CAKE.V,D,20211122,000000,15.26,15.81,14.62,14.94,0,0
CAKE.V,D,20211123,000000,14.94,15.36,14.63,14.79,0,0
CAKE.V,D,20211124,000000,14.82,15.04,13.66218932,13.8973533419999,0,0
CAKE.V,D,20211125,000000,13.8963008520000,14.646077526,13.848804662,14.4341978349999,0,0
CAKE.V,D,20211126,000000,14.437714599,14.696636922,12.145231314,12.887197276,0,0
CAKE.V,D,20211127,000000,12.9243789720000,13.637304228,12.77714424,13.2957825,0,0
CAKE.V,D,20211128,000000,13.2509919130000,13.5074647,12.51590362,13.295659907,0,0
CAKE.V,D,20211129,000000,13.364021088,14.77840896,13.344563128,14.490934156,0,0
CAKE.V,D,20211130,000000,14.4992159549999,14.73876795,13.723875181,14.07542826,0,0
CAKE.V,D,20211201,000000,14.088263,14.66529588,13.317456705,13.424418672,0,0
CAKE.V,D,20211202,000000,13.434142975,13.517968695,13.022180936,13.2375781500000,0,0
CAKE.V,D,20211203,000000,13.22304,13.312319455,12.134580936,12.4903560599999,0,0
CAKE.V,D,20211204,000000,12.519,12.624433202,9.974025302,11.5646445360000,0,0
CAKE.V,D,20211205,000000,11.5624915,11.719034641,10.611707766,10.8422121149999,0,0
CAKE.V,D,20211206,000000,10.851616708,12.455545428,10.78773138,12.4213293879999,0,0
CAKE.V,D,20211207,000000,12.4221663999999,12.621441923,11.9915744,12.0221469829999,0,0
CAKE.V,D,20211208,000000,11.978526555,12.417639521,11.6285689,12.2321632609999,0,0
CAKE.V,D,20211209,000000,12.27129417,12.604432704,11.400266236,11.5824,0,0
CAKE.V,D,20211210,000000,11.564304913,11.688626554,10.843817105,10.9291331000000,0,0
CAKE.V,D,20211211,000000,10.908601082,11.34723797,10.695133392,11.279451463,0,0
CAKE.V,D,20211212,000000,11.2628106980000,11.673251096,11.201286896,11.5717807,0,0
CAKE.V,D,20211213,000000,11.5576416299999,12.20094325,10.768428,11.08687644,0,0
CAKE.V,D,20211214,000000,11.038688948,12.642852264,10.859805,12.528507168,0,0
CAKE.V,D,20211215,000000,12.5104362199999,13.50675,11.94597,13.03782,0,0
CAKE.V,D,20211216,000000,13.04782,13.23794,12.52626,12.81384,0,0
CAKE.V,D,20211217,000000,12.80384,12.80384,11.71351,12.52501,0,0
CAKE.V,D,20211218,000000,12.52501,12.89516,12.19488,12.62505,0,0
CAKE.V,D,20211219,000000,12.62505,12.79512,12.28368,12.53626,0,0
CAKE.V,D,20211220,000000,12.52626,12.69254,11.82355,12.05362,0,0
CAKE.V,D,20211221,000000,12.04361,12.39496,11.81472,12.04482,0,0
CAKE.V,D,20211222,000000,12.04482,12.10484,11.85356,11.98479,0,0
CAKE.V,D,20211223,000000,11.98479,12.48624,11.53346,12.35617,0,0
CAKE.V,D,20211224,000000,12.36494,12.6063,12.12485,12.3962,0,0
CAKE.V,D,20211225,000000,12.39743,12.56582,12.15729,12.33616,0,0
CAKE.V,D,20211226,000000,12.34494,12.92646,11.96598,12.83641,684642,0
CAKE.V,D,20211227,000000,12.83641,13.37535,12.49375,13.344,1390270,0
CAKE.V,D,20211228,000000,13.33267,13.344,12.0112,12.26245,932568,0
CAKE.V,D,20211229,000000,12.27245,12.41248,11.74,11.90238,785817,0
CAKE.V,D,20211230,000000,11.90119,12.23245,11.71117,11.94119,633900,0
CAKE.V,D,20211231,000000,11.9824,12.15243,11.58116,11.79118,612317.57957768,0
CAKE.V,D,20220101,000000,11.81118,12.09242,11.71117,11.9924,404747.54604052,0
CAKE.V,D,20220102,000000,11.9812,12.60252,11.80118,12.36247,619911.61597042,0
CAKE.V,D,20220103,000000,12.37247,12.56126,12.0112,12.14121,626943.00673444,0
CAKE.V,D,20220104,000000,12.15,12.33,11.87119,12.10879,714318.17987371,0
CAKE.V,D,20220105,000000,12.10758,12.19,10.9989,11.24887,1036200.6844089,0
CAKE.V,D,20220106,000000,11.25,11.46,10.75892,11.15888,971508.88150438,0
CAKE.V,D,20220107,000000,11.15446,11.16,10.10697,10.45895,1106481.3719802,0
CAKE.V,D,20220108,000000,10.45895,10.87891,10.019,10.31,977509.33002122,0
CAKE.V,D,20220109,000000,10.31,10.96,10.14898,10.78,677776.33534192,0
CAKE.V,D,20220110,000000,10.78,10.93,9.999,10.36,894168.30969918,0
CAKE.V,D,20220111,000000,10.37,11.14223,10.28,10.9711,933196.47331196,0
CAKE.V,D,20220112,000000,10.9711,11.36568,10.66213,11.2645,1013794.2125852,0
CAKE.V,D,20220113,000000,11.2545,11.36568,10.7643,10.93546,877142.02685301,0
CAKE.V,D,20220114,000000,10.94547,11.40456,10.81432,11.3334,761501.80490716,0
CAKE.V,D,20220115,000000,11.3234,11.91596,11.20448,11.72586,1194474.7921941,0
CAKE.V,D,20220116,000000,11.73587,12.18487,11.62465,12.13485,943549.96081687,0
CAKE.V,D,20220117,000000,12.12485,12.12485,11.05442,11.27451,1500658.7481549,0
CAKE.V,D,20220118,000000,11.27451,11.42457,10.54316,10.97439,1049360.1152639,0
CAKE.V,D,20220119,000000,10.97329,11.0044,10.36311,10.74322,696585.7330432,0
CAKE.V,D,20220120,000000,10.75323,11.10333,10.37104,10.41208,1217622.9785503,0
CAKE.V,D,20220121,000000,10.41208,10.42208,8.73175,8.88266,1610039.6667734,0
CAKE.V,D,20220122,000000,8.88266,9.06272,6.81136,7.46224,3163953.0308432,0
CAKE.V,D,20220123,000000,7.44223,8.43253,7.41148,7.92158,1813687.921705,0
CAKE.V,D,20220124,000000,7.92158,8.24165,6.81136,7.62229,1517840.3726851,0
CAKE.V,D,20220125,000000,7.61228,7.88394,7.24217,7.62381,1231154.5214661,0
CAKE.V,D,20220126,000000,7.64611,8.014,7.23362,7.38443,1199890.3912245,0
CAKE.V,D,20220127,000000,7.38443,7.52451,6.86274,7.17287,1686035.3073569,0
CAKE.V,D,20220128,000000,7.1936,7.29364,6.88206,7.08142,1594484.391374,0
CAKE.V,D,20220129,000000,7.09142,7.41222,7.07212,7.29219,820514.243515,0
CAKE.V,D,20220130,000000,7.28218,7.62229,7.14143,7.39296,1180596.819394,0
CAKE.V,D,20220131,000000,7.39296,7.60456,7.09284,7.4137,928461.78532626,0
CAKE.V,D,20220201,000000,7.4037,7.78311,7.35441,7.71463,934489.19677592,0
CAKE.V,D,20220202,000000,7.71463,7.73464,7.22289,7.28582,733105.38311401,0
CAKE.V,D,20220203,000000,7.28582,7.31512,7.0128,7.2036,699862.24147683,0
CAKE.V,D,20220204,000000,7.2036,7.83626,7.17358,7.79623,957845.59689975,0
CAKE.V,D,20220205,000000,7.80624,8.32582,7.75542,7.93555,1622083.7254333,0
CAKE.V,D,20220206,000000,7.93476,8.1649,7.8347,7.93317,904075.11562711,0
CAKE.V,D,20220207,000000,7.93317,8.58686,7.93317,8.53597,1445129.55246,0
CAKE.V,D,20220208,000000,8.52596,8.70609,7.82547,8.0072,1459056.3694825,0
CAKE.V,D,20220209,000000,8.008,8.36836,7.94556,8.23905,1125852.0787633,0
CAKE.V,D,20220210,000000,8.22822,8.46677,7.94715,8.13569,1127884.5340868,0
CAKE.V,D,20220211,000000,8.11487,8.25413,7.6523,7.6823,977819.67875564,0
CAKE.V,D,20220212,000000,7.66613,7.92634,7.64229,7.82391,765933.44977174,0
CAKE.V,D,20220213,000000,7.82391,8.01481,7.75465,7.91475,602666.60055078,0
CAKE.V,D,20220214,000000,7.92475,8.19491,7.7939,8.05483,896313.82518892,0
CAKE.V,D,20220215,000000,8.04482,8.58515,8.004,8.28497,1190051.5193582,0
CAKE.V,D,20220216,000000,8.2958,8.37502,8.08404,8.25495,719127.30250552,0
CAKE.V,D,20220217,000000,8.24412,8.30498,7.76543,7.88552,731108.82818069,0
CAKE.V,D,20220218,000000,7.88552,8.04563,7.65459,7.72463,987558.73033142,0
CAKE.V,D,20220219,000000,7.72463,7.86472,7.48374,7.75465,1164592.8815041,0
CAKE.V,D,20220220,000000,7.75387,7.78467,7.2629,7.45372,1033722.625789,0
CAKE.V,D,20220221,000000,7.45372,7.78389,6.9928,7.0135,1605105.3324475,0
CAKE.V,D,20220222,000000,7.02351,7.18431,6.68267,7.15358,1350156.064303,0
CAKE.V,D,20220223,000000,7.15429,7.25435,6.82341,6.93416,945858.78386985,0
CAKE.V,D,20220224,000000,6.92415,6.93416,5.57278,6.18247,2066893.4480912,0
CAKE.V,D,20220225,000000,6.18247,6.62331,6.18185,6.6133,964474.66762461,0
CAKE.V,D,20220226,000000,6.62331,6.8034,6.42257,6.51325,823103.29907166,0
CAKE.V,D,20220227,000000,6.5026,6.68334,6.16246,6.2625,860728.33244225,0
CAKE.V,D,20220228,000000,6.2625,6.85342,6.15246,6.7627,963043.92113777,0
CAKE.V,D,20220301,000000,6.79339,7.12356,6.66266,6.73202,1339797.9717129,0
CAKE.V,D,20220302,000000,6.73202,6.89207,6.61198,6.84205,985239.97493877,0
CAKE.V,D,20220303,000000,6.83205,6.90207,6.5013,6.58132,699706.37199019,0
CAKE.V,D,20220304,000000,6.58197,6.61132,5.91118,5.98179,823791.76641937,0
CAKE.V,D,20220305,000000,5.98179,6.25188,5.89118,6.20186,517565.19443721,0
CAKE.V,D,20220306,000000,6.19124,6.26188,5.96119,6.21186,640450.55937739,0
CAKE.V,D,20220307,000000,6.21186,6.22187,5.85117,6.06121,783112.33585629,0
CAKE.V,D,20220308,000000,6.06182,6.09183,5.90177,5.96119,624581.53781002,0
CAKE.V,D,20220309,000000,5.95119,6.40128,5.95059,6.20124,1043612.3339415,0
CAKE.V,D,20220310,000000,6.20124,6.26125,5.87176,6.08243,1123878.3469301,0
CAKE.V,D,20220311,000000,6.08243,6.16246,5.86117,5.93119,1093568.7536619,0
CAKE.V,D,20220312,000000,5.93119,6.0406,5.89059,6.0106,384011.68591384,0
CAKE.V,D,20220313,000000,6.0018,6.0018,5.78173,5.79116,668020.48928763,0
CAKE.V,D,20220314,000000,5.80232,5.90118,5.55111,5.68114,878572.65399944,0
CAKE.V,D,20220315,000000,5.69057,5.75115,5.31106,5.55166,1263015.9609954,0
CAKE.V,D,20220316,000000,5.55166,5.62169,5.30159,5.5111,1633893.918251,0
CAKE.V,D,20220317,000000,5.50165,7.3222,5.5011,6.65332,14071135.167817,0
CAKE.V,D,20220318,000000,6.65332,6.76338,6.04362,6.38255,3525154.7004875,0
CAKE.V,D,20220319,000000,6.38319,6.58329,6.2525,6.44258,1769895.2312247,0
CAKE.V,D,20220320,000000,6.44258,6.48324,6.17247,6.33317,1073345.5544689,0
CAKE.V,D,20220321,000000,6.31315,6.67333,6.21248,6.60264,1930036.4820142,0
CAKE.V,D,20220322,000000,6.59264,6.9935,6.53261,6.98349,1593498.3291134,0
CAKE.V,D,20220323,000000,6.98349,6.9935,6.69268,6.91276,1255949.4518835,0
CAKE.V,D,20220324,000000,6.91345,7.12356,6.87275,7.09354,1193648.0723811,0
CAKE.V,D,20220325,000000,7.09284,7.53376,7.0028,7.11355,2079871.7050046,0
CAKE.V,D,20220326,000000,7.10284,7.36368,6.92346,7.30292,1167627.7362239,0
CAKE.V,D,20220327,000000,7.30292,8.0032,7.30292,7.96318,1345828.2619723,0
CAKE.V,D,20220328,000000,7.96318,8.4934,7.93238,8.17327,2302746.8707713,0
CAKE.V,D,20220329,000000,8.17408,8.88355,7.97239,8.65433,2526247.6718678,0
CAKE.V,D,20220330,000000,8.64432,8.84265,8.27331,8.6726,1861252.0330312,0
CAKE.V,D,20220331,000000,8.6826,9.53191,8.41252,8.73175,3821644.632937,0
CAKE.V,D,20220401,000000,8.72262,9.59479,8.34167,9.21276,3954359.3646158,0
CAKE.V,D,20220402,000000,9.21184,9.5038,8.92357,9.10364,2092665.7281629,0
CAKE.V,D,20220403,000000,9.10273,9.80392,8.86266,9.7439,1984730.9132322,0
CAKE.V,D,20220404,000000,9.75292,10.45313,9.26185,9.81196,4772599.8118926,0
CAKE.V,D,20220405,000000,9.82295,10.07302,9.59096,9.67193,1862980.088001,0
CAKE.V,D,20220406,000000,9.65193,9.67193,8.31,8.66,1979005.3380875,0
CAKE.V,D,20220407,000000,8.65086,9.05,8.40084,8.87089,1580432.0366013,0
CAKE.V,D,20220408,000000,8.87089,9.27185,8.56086,8.57343,1601827.4841418,0
CAKE.V,D,20220409,000000,8.56342,8.59258,8.3225,8.48254,1033813.2187527,0
CAKE.V,D,20220410,000000,8.47254,9.0027,8.43253,8.77175,1092525.2570795,0
CAKE.V,D,20220411,000000,8.77175,8.79176,7.57151,7.57227,1480601.0753335,0
CAKE.V,D,20220412,000000,7.58227,8.27165,7.55226,8.0124,1260094.599765,0
CAKE.V,D,20220413,000000,8.0024,8.29249,7.91158,8.21246,978567.76782276,0
CAKE.V,D,20220414,000000,8.22247,8.3325,7.96159,8.0008,1178781.2533124,0
CAKE.V,D,20220415,000000,8.0016,8.21754,7.88079,8.11162,920833.31211804,0
CAKE.V,D,20220416,000000,8.12532,8.24325,8.0022,8.23055,551912.9648953,0
CAKE.V,D,20220417,000000,8.22695,8.39158,8.15833,8.32616,625656.31955841,0
CAKE.V,D,20220418,000000,8.33007,8.61262,7.87157,8.3525,1488098.9244739,0
CAKE.V,D,20220419,000000,8.3525,8.61172,8.34167,8.56171,1010527.690806,0
CAKE.V,D,20220420,000000,8.56171,9.15183,8.55086,9.11182,1780690.2870389,0
CAKE.V,D,20220421,000000,9.11182,9.77195,9.05091,9.09091,2468450.6418777,0
CAKE.V,D,20220422,000000,9.07091,9.45189,8.93179,9.26093,1424168.4431103,0
CAKE.V,D,20220423,000000,9.26185,9.55191,9.12091,9.4819,1358245.821197,0
CAKE.V,D,20220424,000000,9.4819,9.67193,9.26185,9.36187,1522793.4476314,0
CAKE.V,D,20220425,000000,9.36187,9.41188,8.57371,8.86977,3266513.9043206,0
CAKE.V,D,20220426,000000,8.87177,8.9929,7.52475,7.67677,3838281.3353534,0
CAKE.V,D,20220427,000000,7.68077,7.84722,7.36726,7.54775,2475728.3145844,0
CAKE.V,D,20220428,000000,7.54975,8.41084,7.42774,8.244,6117160.61192,0
CAKE.V,D,20220429,000000,8.248,8.382,7.65077,7.71677,3746205.5015216,0
CAKE.V,D,20220430,000000,7.70477,7.92579,7.51075,7.61376,2057010.7555261,0
CAKE.V,D,20220501,000000,7.60576,7.67877,7.141,7.618,1925279.5082475,0
CAKE.V,D,20220502,000000,7.61576,7.85279,7.49675,7.66377,1478875.3318419,0
CAKE.V,D,20220503,000000,7.662,7.72,7.37926,7.41926,1003758.1631726,0
CAKE.V,D,20220504,000000,7.41326,7.833,7.37226,7.826,1123477.5892856,0
CAKE.V,D,20220505,000000,7.81765,7.94041,7.24528,7.43451,2057090.596558,0
CAKE.V,D,20220506,000000,7.44326,7.61848,7.29654,7.48225,1421871.4488334,0
CAKE.V,D,20220507,000000,7.48125,7.50725,7.26855,7.26855,1052900.760119,0
CAKE.V,D,20220508,000000,7.27527,7.31927,6.78097,7.0089,1589770.7775848,0
CAKE.V,D,20220509,000000,7.0099,7.14286,5.63631,5.75785,2289434.5660249,0
CAKE.V,D,20220510,000000,5.74685,6.3261,5.37785,5.68473,2277644.800784,0
CAKE.V,D,20220511,000000,5.66783,5.89094,4.0811,4.21602,2706633.1978788,0
CAKE.V,D,20220512,000000,4.2199,4.43648,3.15343,3.9529,3481260.5334002,0
CAKE.V,D,20220513,000000,3.95729,4.73573,3.78176,4.437,3358689.2037558,0
CAKE.V,D,20220514,000000,4.43445,4.45941,3.97164,4.22266,1593237.3876326,0
CAKE.V,D,20220515,000000,4.22308,4.63543,4.1298,4.63543,1335824.1031062,0
CAKE.V,D,20220516,000000,4.63343,4.70787,4.35034,4.54263,1253088.9138919,0
CAKE.V,D,20220517,000000,4.55307,4.78173,4.4947,4.66493,1453506.279935,0
CAKE.V,D,20220518,000000,4.66792,4.77227,4.33036,4.39927,1319067.8414754,0
CAKE.V,D,20220519,000000,4.40267,4.5928,4.28572,4.54085,1233782.0328687,0
CAKE.V,D,20220520,000000,4.53566,4.66237,4.33805,4.43227,1209324.335771,0
CAKE.V,D,20220521,000000,4.43088,4.62372,4.37085,4.56026,1193573.1276176,0
CAKE.V,D,20220522,000000,4.55357,4.84728,4.53984,4.77686,1304563.7431914,0
CAKE.V,D,20220523,000000,4.76897,5.14075,4.76897,4.86316,2673077.5081449,0
CAKE.V,D,20220524,000000,4.85666,4.98631,4.64938,4.87166,2186446.8747985,0
CAKE.V,D,20220525,000000,4.87886,5.01807,4.7226,4.8237,1507970.2145993,0
CAKE.V,D,20220526,000000,4.81751,4.84377,4.31631,4.48042,1640267.7237391,0
CAKE.V,D,20220527,000000,4.47957,4.4967,4.17182,4.30169,1563222.1149369,0
CAKE.V,D,20220528,000000,4.2992,4.38402,4.21287,4.3521,1138114.1931066,0
CAKE.V,D,20220529,000000,4.35321,4.42706,4.24902,4.38543,1131394.4440992,0
CAKE.V,D,20220530,000000,4.38892,4.84071,4.3751,4.77408,1563275.6893828,0
CAKE.V,D,20220531,000000,4.78215,4.80635,4.56634,4.6267,1435309.4080917,0
CAKE.V,D,20220601,000000,4.627,4.68203,4.27752,4.2924,1185864.0083723,0
CAKE.V,D,20220602,000000,4.29243,4.36493,4.24598,4.33979,1225699.7711391,0
CAKE.V,D,20220603,000000,4.33989,4.37296,4.17003,4.23821,1193506.6443045,0
CAKE.V,D,20220604,000000,4.23781,4.30071,4.17822,4.25141,1466168.9123407,0
CAKE.V,D,20220605,000000,4.25267,4.45107,4.198,4.40316,1638545.395725,0
CAKE.V,D,20220606,000000,4.40316,4.9409,4.36669,4.5841,5529483.4704711,0
CAKE.V,D,20220607,000000,4.58115,4.59114,4.21679,4.47932,2484010.013523,0
CAKE.V,D,20220608,000000,4.48441,4.53932,4.36772,4.47409,2210082.1186644,0
CAKE.V,D,20220609,000000,4.47209,4.48206,4.3612,4.37912,1917800.8182793,0
CAKE.V,D,20220610,000000,4.38047,4.41124,4.20143,4.217,2415005.0608607,0
CAKE.V,D,20220611,000000,4.217,4.26343,3.91694,4.01246,1441302.0692072,0
CAKE.V,D,20220612,000000,4.01939,4.13156,3.72484,3.97421,2309950.4260221,0
CAKE.V,D,20220613,000000,3.9748,3.9748,3.11036,3.3024,4613975.1516653,0
CAKE.V,D,20220614,000000,3.3024,3.32114,2.99553,3.07131,5478793.161988,0
CAKE.V,D,20220615,000000,3.07031,3.17705,2.73407,3.15696,4233728.96085,0
CAKE.V,D,20220616,000000,3.15586,3.24712,2.92318,2.94307,2325875.7651532,0
CAKE.V,D,20220617,000000,2.86541,2.99471,2.83958,2.92888,2197054.2546268,0
CAKE.V,D,20220618,000000,2.93081,2.95321,2.4963,2.62062,3671435.5476591,0
CAKE.V,D,20220619,000000,2.62062,3.07969,2.60452,3.00229,2492343.9438164,0
CAKE.V,D,20220620,000000,3.00219,3.08231,2.86887,2.97452,1706992.9480384,0
CAKE.V,D,20220621,000000,2.97462,3.21682,2.95774,3.09809,1832360.6011352,0
CAKE.V,D,20220622,000000,3.09829,3.13725,2.96223,3.02497,1675049.6458089,0
CAKE.V,D,20220623,000000,3.02497,3.23866,3.01019,3.21159,1617179.2906809,0
CAKE.V,D,20220624,000000,3.21139,3.37583,3.21129,3.37576,1922878.2518595,0
CAKE.V,D,20220625,000000,3.37576,3.43656,3.20745,3.34406,1580061.3134264,0
CAKE.V,D,20220626,000000,3.34616,3.51128,3.31081,3.41562,1483051.8493927,0
CAKE.V,D,20220627,000000,3.41552,3.46028,3.27162,3.32634,1315227.2375489,0
CAKE.V,D,20220628,000000,3.32637,3.40939,3.26751,3.27477,1267691.1951473,0
CAKE.V,D,20220629,000000,3.27493,3.27493,3.00572,3.07238,1664426.6672549,0
CAKE.V,D,20220630,000000,3.06991,3.08666,2.84134,2.95105,1882900.9440248,0
CAKE.V,D,20220701,000000,2.94766,3.13655,2.92788,3.00669,1315338.4810596,0
CAKE.V,D,20220702,000000,3.00669,3.04634,2.94496,3.04634,1173428.7284428,0
CAKE.V,D,20220703,000000,3.05293,3.13463,2.99041,3.07919,2076144.0908292,0
CAKE.V,D,20220704,000000,3.07789,3.19666,3.01687,3.10267,1075335.2232398,0
CAKE.V,D,20220705,000000,3.10257,3.21324,3.02587,3.11797,1238253.6515017,0
CAKE.V,D,20220706,000000,3.13165,3.17151,3.06283,3.14014,851113.7049352,0
CAKE.V,D,20220707,000000,3.14374,3.30781,3.11576,3.28193,967404.9052211,0
CAKE.V,D,20220708,000000,3.28243,3.34166,3.16628,3.19568,1033592.7571106,0
CAKE.V,D,20220709,000000,3.19448,3.23116,3.16099,3.20398,617147.78436451,0
CAKE.V,D,20220710,000000,3.20398,3.23186,3.08975,3.12183,581243.73829673,0
CAKE.V,D,20220711,000000,3.1218,3.1218,2.9974,2.9992,657655.88645268,0
CAKE.V,D,20220712,000000,2.9997,3.01858,2.8973,2.92587,1102556.6040816,0
CAKE.V,D,20220713,000000,2.92486,3.00749,2.84675,2.97962,1912027.7113079,0
CAKE.V,D,20220714,000000,2.97532,3.13912,2.95064,3.10713,2338739.704829,0
CAKE.V,D,20220715,000000,3.10713,3.17941,3.07315,3.11606,4322965.2130354,0
CAKE.V,D,20220716,000000,3.11606,3.27834,3.06277,3.24903,2283532.7235706,0
CAKE.V,D,20220717,000000,3.25135,3.35573,3.20507,3.24016,2903640.4520932,0
CAKE.V,D,20220718,000000,3.24035,3.48279,3.21694,3.37022,3974061.7333987,0
CAKE.V,D,20220719,000000,3.37022,3.586,3.35713,3.53257,3138819.9226219,0
CAKE.V,D,20220720,000000,3.565,3.58504,3.3529,3.41017,5329049.3710365,0
CAKE.V,D,20220721,000000,3.4062,3.41955,3.23516,3.38485,3629711.7906079,0
CAKE.V,D,20220722,000000,3.38481,3.47397,3.33503,3.36074,3409105.6130065,0
CAKE.V,D,20220723,000000,3.36,3.46997,3.24916,3.27562,2597627.7964752,0
CAKE.V,D,20220724,000000,3.27933,3.45569,3.27013,3.44765,3087975.9707497,0
CAKE.V,D,20220725,000000,3.44665,3.46869,3.29946,3.33127,3725327.1880375,0
CAKE.V,D,20220726,000000,3.33527,3.33837,3.12909,3.18448,3255153.5055103,0
CAKE.V,D,20220727,000000,3.18,3.46176,3.17244,3.43182,2724459.3626869,0
CAKE.V,D,20220728,000000,3.43182,3.6754,3.39965,3.59472,4955415.8713573,0
CAKE.V,D,20220729,000000,3.59572,4.16904,3.57264,3.99564,12286955.13085,0
CAKE.V,D,20220730,000000,3.99564,4.14341,3.90609,3.9433,7213449.0003877,0
CAKE.V,D,20220731,000000,3.94418,4.16146,3.90309,4.01492,5722795.0028702,0
CAKE.V,D,20220801,000000,4.0062,4.03978,3.77075,3.82015,4307676.897013,0
CAKE.V,D,20220802,000000,3.79306,3.87809,3.6811,3.79865,3273828.0085528,0
CAKE.V,D,20220803,000000,3.79364,4.06785,3.73493,3.988,4643958.618934,0
CAKE.V,D,20220804,000000,3.9972,4.06665,3.91871,4.04212,4491978.596607,0
CAKE.V,D,20220805,000000,4.05012,4.3076,4.0042,4.12478,6749344.4838387,0
CAKE.V,D,20220806,000000,4.13078,4.22976,4.11578,4.17492,2792212.1830155,0
CAKE.V,D,20220807,000000,4.17896,4.48099,4.0859,4.39784,5644846.2790492,0
CAKE.V,D,20220808,000000,4.39684,4.63193,4.37774,4.44853,5095164.4454954,0
CAKE.V,D,20220809,000000,4.45053,4.49281,4.2318,4.39488,4016196.9780187,0
CAKE.V,D,20220810,000000,4.40388,4.53622,4.23897,4.43829,5522426.3823395,0
CAKE.V,D,20220811,000000,4.43829,4.52431,4.33243,4.36105,5006634.9986929,0
CAKE.V,D,20220812,000000,4.36205,4.36418,4.23512,4.30898,3829613.9976419,0
CAKE.V,D,20220813,000000,4.30698,4.45147,4.30489,4.44273,4163596.4112919,0
CAKE.V,D,20220814,000000,4.44473,4.47857,4.25494,4.31634,3598382.3700681,0
CAKE.V,D,20220815,000000,4.31529,4.38718,4.17413,4.23606,4279740.3633594,0
CAKE.V,D,20220816,000000,4.23606,4.26081,4.09404,4.13337,3653443.8655732,0
CAKE.V,D,20220817,000000,4.13337,4.20342,3.98332,3.99728,4455371.6963769,0
CAKE.V,D,20220818,000000,3.98328,4.04836,3.92731,3.95212,3231182.9525077,0
CAKE.V,D,20220819,000000,3.9524,3.9604,3.61436,3.63236,4717968.0286768,0
CAKE.V,D,20220820,000000,3.63218,3.78919,3.59289,3.67996,3713901.3347512,0
CAKE.V,D,20220821,000000,3.68693,3.95688,3.67689,3.93092,4542007.5611665,0
CAKE.V,D,20220822,000000,3.92992,3.95908,3.78374,3.92929,5069397.2718725,0
CAKE.V,D,20220823,000000,3.92941,3.97236,3.85592,3.90708,3680443.365875,0
CAKE.V,D,20220824,000000,3.90461,3.96632,3.85681,3.93435,2949814.1952507,0
CAKE.V,D,20220825,000000,3.93335,4.0682,3.91047,4.04812,4582064.1258937,0
CAKE.V,D,20220826,000000,4.04712,4.05008,3.79411,3.82438,3075882.5032078,0
CAKE.V,D,20220827,000000,3.82338,3.84023,3.7,3.70211,3508598.8216958,0
CAKE.V,D,20220828,000000,3.72496,3.95408,3.7067,3.88196,3816367.8611926,0
CAKE.V,D,20220829,000000,3.885,4.01524,3.79019,3.99228,3764564.30029,0
CAKE.V,D,20220830,000000,3.99232,4.30887,3.91043,3.99336,8208561.8127477,0
CAKE.V,D,20220831,000000,3.99336,4.12208,3.91912,3.96696,5458584.5372446,0
CAKE.V,D,20220901,000000,3.96996,3.98112,3.85885,3.95276,3531075.339912,0
CAKE.V,D,20220902,000000,3.95376,4.05569,3.91731,3.96359,3461803.3464591,0
CAKE.V,D,20220903,000000,3.96363,4.013,3.95347,3.999,2879150.3249507,0
CAKE.V,D,20220904,000000,4,4.10841,3.996,4.061,3295098.5621978,0
CAKE.V,D,20220905,000000,4.055,4.18342,4.045,4.14741,4705227.4085218,0
CAKE.V,D,20220906,000000,4.13641,4.21242,3.89661,3.937,2968718.6607291,0
CAKE.V,D,20220907,000000,3.936,4.13337,3.84788,4.12029,3997183.4824013,0
CAKE.V,D,20220908,000000,4.12029,4.13425,3.99808,4.07061,3571883.9860038,0
CAKE.V,D,20220909,000000,4.073,4.35135,4.06257,4.2935,5016179.9544027,0
CAKE.V,D,20220910,000000,4.29286,4.38789,4.25932,4.31882,3275672.9642699,0
CAKE.V,D,20220911,000000,4.32682,4.51563,4.27567,4.46407,5171437.0950148,0
CAKE.V,D,20220912,000000,4.46207,4.5871,4.38592,4.41479,5014081.7560133,0
CAKE.V,D,20220913,000000,4.41732,4.45551,4.12708,4.13608,3885124.3646819,0
CAKE.V,D,20220914,000000,4.13641,4.21329,4.10804,4.13603,3184839.0693156,0
CAKE.V,D,20220915,000000,4.15108,4.18321,4.017,4.06963,4805858.5875733,0
CAKE.V,D,20220916,000000,4.06863,4.179,4.0256,4.16758,4643627.7529319,0
CAKE.V,D,20220917,000000,4.167,4.36344,4.15058,4.333,4013354.1471285,0
CAKE.V,D,20220918,000000,4.344,4.498,4.214,4.234,5651445.0203235,0
CAKE.V,D,20220919,000000,4.23758,4.35456,4.123,4.32587,5912298.9929099,0
CAKE.V,D,20220920,000000,4.32543,4.39344,4.29343,4.33143,4692680.5843035,0
CAKE.V,D,20220921,000000,4.33309,4.44144,4.205,4.228,8399085.9383594,0
CAKE.V,D,20220922,000000,4.228,4.498,4.176,4.451,4611421.1516639,0
CAKE.V,D,20220923,000000,4.451,4.549,4.357,4.41456,5816288.1791913,0
CAKE.V,D,20220924,000000,4.46969,4.69191,4.46469,4.50936,5976598.8838802,0
CAKE.V,D,20220925,000000,4.509,4.60118,4.465,4.554,4000898.5166163,0
CAKE.V,D,20220926,000000,4.523,4.65619,4.51405,4.594,6307263.054642,0
CAKE.V,D,20220927,000000,4.594,4.853,4.59154,4.66553,6227239.3896274,0
CAKE.V,D,20220928,000000,4.66953,4.888,4.58308,4.872,6758884.2393777,0
CAKE.V,D,20220929,000000,4.867,5.076,4.80748,4.91149,7382770.0545031,0
CAKE.V,D,20220930,000000,4.911,4.9545,4.705,4.716,5552657.5950903,0
CAKE.V,D,20221001,000000,4.71347,4.77152,4.506,4.522,3901646.8819456,0
CAKE.V,D,20221002,000000,4.529,4.65947,4.444,4.634,4043248.539546,0
CAKE.V,D,20221003,000000,4.608,4.651,4.537,4.59146,3850524.1504815,0
CAKE.V,D,20221004,000000,4.59146,4.82245,4.57346,4.78844,3131289.799317,0
CAKE.V,D,20221005,000000,4.78844,4.81845,4.639,4.65693,3547244.8433308,0
CAKE.V,D,20221006,000000,4.65493,4.7579,4.55177,4.55777,3506069.0297851,0
CAKE.V,D,20221007,000000,4.56778,4.6998,4.54709,4.60965,3212075.3969381,0
CAKE.V,D,20221008,000000,4.62146,4.6316,4.50799,4.51117,2062745.3843931,0
CAKE.V,D,20221009,000000,4.51117,4.52745,4.485,4.5149,3006880.1073914,0
CAKE.V,D,20221010,000000,4.53191,4.60792,4.488,4.53955,2865969.5579089,0
CAKE.V,D,20221011,000000,4.536,4.56677,4.413,4.53059,3163513.6634172,0
CAKE.V,D,20221012,000000,4.52559,4.60168,4.43391,4.46213,3291867.4078941,0
CAKE.V,D,20221013,000000,4.463,4.477,4.10475,4.38035,5538324.2225339,0
CAKE.V,D,20221014,000000,4.37939,4.48936,4.37135,4.39918,3039219.0491719,0
CAKE.V,D,20221015,000000,4.39913,4.49049,4.36613,4.46722,1973402.5649754,0
CAKE.V,D,20221016,000000,4.471,4.60605,4.45173,4.58718,1678731.7370359,0
CAKE.V,D,20221017,000000,4.58723,4.67947,4.56309,4.62809,2311551.6061726,0
CAKE.V,D,20221018,000000,4.626,4.64219,4.40709,4.44118,3682694.3468322,0
CAKE.V,D,20221019,000000,4.44944,4.47736,4.36013,4.446,2714746.3920814,0
CAKE.V,D,20221020,000000,4.44796,4.547,4.38461,4.38956,3239805.3447307,0
CAKE.V,D,20221021,000000,4.39369,4.41204,4.28887,4.36035,3103333.2252893,0
CAKE.V,D,20221022,000000,4.36031,4.40531,4.34035,4.38339,2707946.6759233,0
CAKE.V,D,20221023,000000,4.38339,4.45558,4.36878,4.45358,2991598.6103706,0
CAKE.V,D,20221024,000000,4.45162,4.48936,4.40953,4.43518,3918617.5477233,0
CAKE.V,D,20221025,000000,4.39618,4.53227,4.34391,4.46943,5722114.4259413,0
CAKE.V,D,20221026,000000,4.48248,4.54936,4.4372,4.52327,5031465.1176034,0
CAKE.V,D,20221027,000000,4.52231,4.56305,4.41426,4.44027,4441741.64181,0
CAKE.V,D,20221028,000000,4.44127,4.60001,4.4034,4.56891,4466707.0387385,0
CAKE.V,D,20221029,000000,4.56891,4.70483,4.50208,4.64307,4925064.5755661,0
CAKE.V,D,20221030,000000,4.64712,4.80091,4.59333,4.68394,5461930.3531798,0
CAKE.V,D,20221031,000000,4.68394,4.89605,4.62492,4.73662,5733414.9237075,0
CAKE.V,D,20221101,000000,4.75276,4.82732,4.53105,4.60854,3322433.1350708,0
CAKE.V,D,20221102,000000,4.60854,4.64063,4.4886,4.52873,3542733.8595068,0
CAKE.V,D,20221103,000000,4.52873,4.74948,4.51468,4.66095,4143899.1526166,0
CAKE.V,D,20221104,000000,4.66195,4.9772,4.603,4.91239,5740164.4064396,0
CAKE.V,D,20221105,000000,4.91239,5.08576,4.82214,4.85224,6466224.759131038,0
CAKE.V,D,20221106,000000,4.8141,5.01395,4.7961,4.90739,4726719.151861481,0
CAKE.V,D,20221107,000000,4.89739,4.89939,4.62623,4.70456,3917275.9479044466,0
CAKE.V,D,20221108,000000,4.71041,5.35095,4.19845,4.42022,9125993.79500253,0
CAKE.V,D,20221109,000000,4.43226,4.65461,3.72948,3.76674,7431510.738912341,0
CAKE.V,D,20221110,000000,3.87782,4.82478,3.81058,4.3592,6289483.165735322,0
CAKE.V,D,20221111,000000,4.36311,4.96854,3.97193,4.08575,4521501.788067543,0
CAKE.V,D,20221112,000000,4.08486,4.22738,3.87701,3.98681,4866030.033790826,0
CAKE.V,D,20221113,000000,3.98082,4.08763,3.95742,4.00938,5112706.627541925,0
CAKE.V,D,20221114,000000,4.00838,4.13903,3.81166,3.92011,4561179.305138505,0
CAKE.V,D,20221115,000000,3.91892,4.01598,3.8931,3.92008,3620682.25078415,0
CAKE.V,D,20221116,000000,3.92321,3.97722,3.81695,3.83151,4262402.371971132,0
CAKE.V,D,20221117,000000,3.83151,3.86867,3.73042,3.78105,4136659.9430489475,0
CAKE.V,D,20221118,000000,3.78001,3.86264,3.76091,3.82759,4395698.705409925,0
CAKE.V,D,20221119,000000,3.82759,3.84008,3.76655,3.82898,3296511.446628906,0
CAKE.V,D,20221120,000000,3.82502,3.93096,3.77823,3.80221,4407377.930408563,0
CAKE.V,D,20221121,000000,3.79818,3.80866,3.59978,3.63663,4063868.737514,0
CAKE.V,D,20221122,000000,3.63663,3.74143,3.5696,3.74143,3301713.0062211193,0
CAKE.V,D,20221123,000000,3.74343,4.08725,3.72312,3.91673,6485710.784033813,0
CAKE.V,D,20221124,000000,3.91569,4.01119,3.90766,3.98965,7758376.183270993,0
CAKE.V,D,20221125,000000,4.00675,4.06556,3.92213,3.94179,7015397.450590405,0
CAKE.V,D,20221126,000000,3.94124,4.11586,3.93768,4.00364,5963117.170725704,0
CAKE.V,D,20221127,000000,4.00464,4.05161,3.99564,4.03642,8931410.542507667,0
CAKE.V,D,20221128,000000,4.03638,4.04753,3.8239,3.87053,5913065.301918676,0
CAKE.V,D,20221129,000000,3.87053,4.02994,3.86245,3.88956,7361597.406509865,0
CAKE.V,D,20221130,000000,3.89256,4.01543,3.88676,3.97516,8194203.935474203,0
CAKE.V,D,20221201,000000,3.97116,3.9874,3.88831,3.91423,8443147.761264913,0
CAKE.V,D,20221202,000000,3.91824,4.04524,3.86831,4.04424,7338602.739172043,0
CAKE.V,D,20221203,000000,4.04524,4.04624,3.99844,4.0144,8634575.247992428,0
CAKE.V,D,20221204,000000,4.0064,4.04281,3.95079,3.9928,9222759.425295705,0
CAKE.V,D,20221205,000000,3.9924,4.08745,3.92816,3.95312,6877110.652314923,0
CAKE.V,D,20221206,000000,3.956,3.99404,3.92196,3.93892,5123382.413573138,0
CAKE.V,D,20221207,000000,3.939,3.99404,3.85815,3.88,8529053.676999709,0
CAKE.V,D,20221208,000000,3.88612,3.98924,3.87481,3.97028,8568478.152919207,0
CAKE.V,D,20221209,000000,3.9684,4.00804,3.93832,3.96012,9999756.065763349,0
CAKE.V,D,20221210,000000,3.96116,4.007,3.948,3.99592,5156241.150660227,0
CAKE.V,D,20221211,000000,3.99492,4.01012,3.93539,3.9524,6326339.679779566,0
CAKE.V,D,20221212,000000,3.95179,3.992,3.82746,3.85335,8039942.138280425,0
CAKE.V,D,20221213,000000,3.85335,3.8824,3.61094,3.7631,11555162.934298897,0
CAKE.V,D,20221214,000000,3.7631,3.88342,3.7033,3.72026,8123897.2695904095,0
CAKE.V,D,20221215,000000,3.72026,3.72875,3.59936,3.60172,6039906.388435951,0
CAKE.V,D,20221216,000000,3.60172,3.69737,3.25833,3.27733,8109627.829406254,0
CAKE.V,D,20221217,000000,3.26733,3.34343,3.12034,3.28943,8661729.804732045,0
CAKE.V,D,20221218,000000,3.36813,3.37614,3.32113,3.32843,1530005.9281066577,0
CAKE.V,D,20221219,000000,3.46852,3.47521,3.30503,3.32493,3317726.4149891813,0
CAKE.V,D,20221220,000000,3.322,3.49597,3.31897,3.45714,4073837.522604465,0
CAKE.V,D,20221221,000000,3.4671,3.47614,3.372,3.37517,2986760.3420278537,0
CAKE.V,D,20221222,000000,3.37517,3.398,3.28467,3.34943,3253004.2305951165,0
CAKE.V,D,20221223,000000,3.34943,3.40356,3.34833,3.38566,2566838.7611556486,0
CAKE.V,D,20221224,000000,3.38566,3.39776,3.35066,3.3758,2021005.6532454852,0
CAKE.V,D,20221225,000000,3.37676,3.38983,3.32067,3.33857,2612873.115999451,0
CAKE.V,D,20221226,000000,3.3386,3.34763,3.28338,3.28434,3342639.8842485677,0
CAKE.V,D,20221227,000000,3.29534,3.33933,3.27231,3.30371,3177072.3007549034,0
CAKE.V,D,20221228,000000,3.30271,3.31667,3.13627,3.13631,3184541.582898797,0
CAKE.V,D,20221229,000000,3.13634,3.22668,3.12041,3.18653,3682098.7174871042,0
CAKE.V,D,20221230,000000,3.18753,3.20659,3.15264,3.18541,3457788.744002798,0
CAKE.V,D,20221231,000000,3.18537,3.19837,3.16738,3.18441,3388143.409657444,0
CAKE.V,D,20230101,000000,3.18438,3.18641,3.15314,3.16951,2908325.7058223896,0
CAKE.V,D,20230102,000000,3.17051,3.22174,3.12869,3.19898,3248760.816836128,0
CAKE.V,D,20230103,000000,3.19894,3.20694,3.16973,3.18676,2628351.7805300737,0
CAKE.V,D,20230104,000000,3.18676,3.32167,3.18369,3.27492,5997275.984362113,0
CAKE.V,D,20230105,000000,3.27389,3.30897,3.25263,3.27685,4269453.328403521,0
CAKE.V,D,20230106,000000,3.27685,3.29191,3.23319,3.28998,3647392.7554801633,0
CAKE.V,D,20230107,000000,3.29095,3.34396,3.28995,3.30421,3916607.4470114494,0
CAKE.V,D,20230108,000000,3.3132,3.38049,3.28347,3.37759,5331741.707023079,0
CAKE.V,D,20230109,000000,3.37959,3.50486,3.37376,3.37797,7179428.447491256,0
CAKE.V,D,20230110,000000,3.379,3.42366,3.35983,3.42148,5214035.868232454,0
CAKE.V,D,20230111,000000,3.41311,3.4431,3.36197,3.43393,5723135.3747890415,0
CAKE.V,D,20230112,000000,3.43976,3.51993,3.40673,3.50232,7738693.777168777,0
CAKE.V,D,20230113,000000,3.49835,3.60154,3.47293,3.57232,5358836.9639249435,0
CAKE.V,D,20230114,000000,3.57232,3.92459,3.56439,3.73919,9302702.672761716,0
CAKE.V,D,20230115,000000,3.73919,3.78276,3.62729,3.72708,5057699.741426058,0
CAKE.V,D,20230116,000000,3.72712,3.81318,3.64518,3.72204,7108546.245862933,0
CAKE.V,D,20230117,000000,3.72204,3.78808,3.65529,3.72837,6937930.638825478,0
CAKE.V,D,20230118,000000,3.72841,3.78311,3.44521,3.55882,6094058.515369276,0
CAKE.V,D,20230119,000000,3.55879,3.65793,3.53686,3.64185,6846520.993739321,0
CAKE.V,D,20230120,000000,3.63922,3.78561,3.566,3.77468,5722628.177528267,0
CAKE.V,D,20230121,000000,3.77468,3.88113,3.75464,3.80976,6559979.813836232,0
CAKE.V,D,20230122,000000,3.80872,3.89078,3.73956,3.77876,6868838.208850699,0
CAKE.V,D,20230123,000000,3.77876,3.97716,3.77772,3.93159,7746256.531046148,0
CAKE.V,D,20230124,000000,3.92955,4.19676,3.89247,3.92308,10719725.006934913,0
CAKE.V,D,20230125,000000,3.91912,4.02977,3.81161,3.92563,7152599.655041939,0
CAKE.V,D,20230126,000000,3.92967,4.01356,3.91724,3.96032,6126266.169675864,0
CAKE.V,D,20230127,000000,3.96036,4.04701,3.88847,4.01873,5743555.490480685,0
CAKE.V,D,20230128,000000,4.01737,4.07098,3.94587,3.9868,8366157.603765695,0
CAKE.V,D,20230129,000000,3.98784,4.16237,3.98588,4.12521,5579560.362916041,0
CAKE.V,D,20230130,000000,4.12617,4.16425,3.917,3.96828,5392149.705805066,0
CAKE.V,D,20230131,000000,3.96728,4.0832,3.95004,4.03936,5858633.115416405,0
CAKE.V,D,20230201,000000,4.04036,4.10633,3.93504,4.07524,5845124.955712742,0
CAKE.V,D,20230202,000000,4.0762,4.31873,4.06733,4.16083,7194934.0821975805,0
CAKE.V,D,20230203,000000,4.16083,4.38666,4.05837,4.31234,9258488.457510134,0
CAKE.V,D,20230204,000000,4.31835,4.60151,4.2773,4.52436,9648006.457262179,0
CAKE.V,D,20230205,000000,4.52436,4.65893,4.37718,4.44111,8277379.799431629,0
CAKE.V,D,20230206,000000,4.44416,4.54495,4.30477,4.46618,7910891.40572977,0
CAKE.V,D,20230207,000000,4.46418,4.58832,4.41731,4.58832,5761110.780877414,0
CAKE.V,D,20230208,000000,4.58728,4.68523,4.518,4.66237,7463720.929946815,0
CAKE.V,D,20230209,000000,4.67328,4.73572,4.10437,4.10937,9659383.6516799,0
CAKE.V,D,20230210,000000,4.10941,4.19546,4.09441,4.11262,6511633.26545801,0
CAKE.V,D,20230211,000000,4.11266,4.20742,4.07545,4.20742,4900423.210037419,0
CAKE.V,D,20230212,000000,4.20784,4.30643,4.13854,4.20142,5637712.005026666,0
CAKE.V,D,20230213,000000,4.19742,4.23318,3.79786,3.90111,5032300.709324592,0
CAKE.V,D,20230214,000000,3.90211,3.9966,3.84554,3.9525,2269386.6660845154,0
CAKE.V,D,20230215,000000,3.95258,4.23268,3.91341,4.21576,5001433.294394382,0
CAKE.V,D,20230216,000000,4.21276,4.34474,4.02777,4.05338,3874756.223933847,0
CAKE.V,D,20230217,000000,4.05157,4.19834,4.00132,4.15942,2370299.909714821,0
CAKE.V,D,20230218,000000,4.15742,4.23855,4.14866,4.21767,2317669.9386918703,0
CAKE.V,D,20230219,000000,4.21467,4.29069,4.15216,4.19396,2428032.144884389,0
CAKE.V,D,20230220,000000,4.16521,4.30139,4.13608,4.21217,2457277.8206998683,0
CAKE.V,D,20230221,000000,4.21117,4.27473,4.1107,4.11874,2980713.7676746524,0
CAKE.V,D,20230222,000000,4.1287,4.16571,4.01152,4.09304,1944371.5148109996,0
CAKE.V,D,20230223,000000,4.093,4.16537,4.02977,4.06449,2129096.277815576,0
CAKE.V,D,20230224,000000,4.06465,4.11982,3.93551,3.97096,2486386.646685766,0
CAKE.V,D,20230225,000000,3.969,4.03136,3.92439,3.99228,2328804.6921789576,0
CAKE.V,D,20230226,000000,4.0094,4.06545,3.97936,4.03224,1654002.8275533053,0
CAKE.V,D,20230227,000000,4.0322,4.06137,3.95732,3.99724,2068239.785722715,0
CAKE.V,D,20230228,000000,3.99724,4.0172,3.91263,3.93567,1749282.2225374938,0
CAKE.V,D,20230301,000000,3.93579,3.99444,3.90551,3.95851,2735879.171121329,0
CAKE.V,D,20230302,000000,3.95851,3.98468,3.86008,3.93035,1726812.7300416485,0
CAKE.V,D,20230303,000000,3.92531,3.93324,3.72671,3.74326,2230045.9183985014,0
CAKE.V,D,20230304,000000,3.74326,3.81219,3.73622,3.78226,2131857.0282567656,0
CAKE.V,D,20230305,000000,3.78226,3.84627,3.75841,3.76041,1471919.8261591895,0
CAKE.V,D,20230306,000000,3.76345,3.78315,3.72163,3.76477,2080653.8489156151,0
CAKE.V,D,20230307,000000,3.76977,3.802,3.7117,3.72081,1776676.7183932974,0
CAKE.V,D,20230308,000000,3.74004,3.79773,3.67985,3.70385,1881832.4281109553,0
CAKE.V,D,20230309,000000,3.70163,3.75561,3.52526,3.57932,2608772.2528316416,0
CAKE.V,D,20230310,000000,3.57836,3.59378,3.41573,3.56963,2221814.8974361476,0
CAKE.V,D,20230311,000000,3.56956,3.66417,3.46157,3.5077,2011356.7988786055,0
CAKE.V,D,20230312,000000,3.5087,3.65624,3.49941,3.64642,2102657.0750072254,0
CAKE.V,D,20230313,000000,3.67037,3.92562,3.65039,3.81817,3384088.332899408,0
CAKE.V,D,20230314,000000,3.81914,3.95151,3.72386,3.80558,3711857.185827018,0
CAKE.V,D,20230315,000000,3.8129,3.85564,3.67201,3.73763,2726120.038818259,0
CAKE.V,D,20230316,000000,3.73559,3.90852,3.69502,3.85457,3434901.5697217556,0
CAKE.V,D,20230317,000000,3.85542,3.90888,3.80187,3.90163,3306283.755205437,0
CAKE.V,D,20230318,000000,3.90163,3.99267,3.77517,3.82644,3835167.3431358617,0
CAKE.V,D,20230319,000000,3.82644,3.91556,3.79081,3.8747,2293499.1653299998,0
CAKE.V,D,20230320,000000,3.87864,3.88617,3.79122,3.80986,1921486.9169183366,0
CAKE.V,D,20230321,000000,3.81351,3.89484,3.76507,3.8372,1903485.2152198378,0
CAKE.V,D,20230322,000000,3.8372,3.87729,3.67612,3.72117,2763517.228385295,0
CAKE.V,D,20230323,000000,3.72117,3.8038,3.69194,3.76481,2274900.172629937,0
CAKE.V,D,20230324,000000,3.76478,3.78629,3.63878,3.68171,2443669.570002949,0
CAKE.V,D,20230325,000000,3.68208,3.7265,3.65913,3.68754,1686372.652863409,0
CAKE.V,D,20230326,000000,3.69058,3.75237,3.68353,3.73922,1446065.6008777185,0
CAKE.V,D,20230327,000000,3.73711,3.76346,3.53831,3.56067,3035312.846954879,0
CAKE.V,D,20230328,000000,3.56167,3.64415,3.55335,3.62441,1920363.318948051,0
CAKE.V,D,20230329,000000,3.62241,3.73037,3.60994,3.6837,2312974.828575503,0
CAKE.V,D,20230330,000000,3.6841,3.72286,3.62423,3.68203,2016757.1569656483,0
CAKE.V,D,20230331,000000,3.68203,3.72445,3.64773,3.69174,1860582.474254265,0
CAKE.V,D,20230401,000000,3.69178,3.74176,3.68966,3.72634,2000580.4466136103,0
CAKE.V,D,20230402,000000,3.72634,3.80144,3.71248,3.75933,2789764.7995002917,0
CAKE.V,D,20230403,000000,3.75933,3.78463,3.60737,3.66843,3644863.3712228783,0
CAKE.V,D,20230404,000000,3.66843,3.71578,3.63824,3.65686,3100897.809005839,0
CAKE.V,D,20230405,000000,3.65386,3.90513,3.6402,3.71734,7084892.100485819,0
CAKE.V,D,20230406,000000,3.71634,3.72474,3.65042,3.66128,2784154.561229604,0
CAKE.V,D,20230407,000000,3.66128,3.68688,3.64033,3.66775,2042804.5150964956,0
CAKE.V,D,20230408,000000,3.66971,3.67528,3.63882,3.64342,2355596.250486421,0
CAKE.V,D,20230409,000000,3.64342,3.6914,3.62124,3.67346,3008920.408742679,0
CAKE.V,D,20230410,000000,3.67357,3.6845,3.63944,3.65496,2495838.94219267,0
CAKE.V,D,20230411,000000,3.663,3.80023,3.65978,3.70263,3097632.0343757058,0
CAKE.V,D,20230412,000000,3.70166,3.70266,3.60396,3.63283,2498434.8924904983,0
CAKE.V,D,20230413,000000,3.63383,3.67467,3.58122,3.65951,3530019.6778523345,0
CAKE.V,D,20230414,000000,3.65751,3.69506,3.56396,3.62401,8071778.310561721,0
CAKE.V,D,20230415,000000,3.62597,3.66555,3.60539,3.63827,2938160.5438535456,0
CAKE.V,D,20230416,000000,3.63727,3.74006,3.6283,3.72153,4170911.083528233,0
CAKE.V,D,20230417,000000,3.72149,3.73083,3.56893,3.58912,4916847.9059085995,0
CAKE.V,D,20230418,000000,3.59012,3.65231,3.57061,3.62662,5004860.953570234,0
CAKE.V,D,20230419,000000,3.62758,3.65161,3.43955,3.44679,4341705.526843226,0
