<TICKER>,<PER>,<DATE>,<TIME>,<OPEN>,<HIGH>,<LOW>,<CLOSE>,<VOL>,<OPENINT>
EGLD.V,D,20200903,000000,18.02,21.53,16.93,17.79,0,0
EGLD.V,D,20200904,000000,17.79,20.12,16.74,17.62,0,0
EGLD.V,D,20200905,000000,17.62,17.74,10.42,12.34,0,0
EGLD.V,D,20200906,000000,12.34,16.02,11.29,13.38,0,0
EGLD.V,D,20200907,000000,13.38,13.66,11.52,13.23,0,0
EGLD.V,D,20200908,000000,13.23,15.52,13.22,14.04,0,0
EGLD.V,D,20200909,000000,14.04,15.38,13.7,15.1,0,0
EGLD.V,D,20200910,000000,15.1,15.69,13.81,13.95,0,0
EGLD.V,D,20200911,000000,13.95,15.31,13.49,14.32,0,0
EGLD.V,D,20200912,000000,14.32,14.42,13.14,13.93,0,0
EGLD.V,D,20200913,000000,13.93,14.3,12.8,13.31,0,0
EGLD.V,D,20200914,000000,13.31,14.41,12.43,13.98,0,0
EGLD.V,D,20200915,000000,13.98,14.95,12.86,13.06,0,0
EGLD.V,D,20200916,000000,13.06,13.06,11.83,12.59,0,0
EGLD.V,D,20200917,000000,12.59,12.88,11.76,12.07,0,0
EGLD.V,D,20200918,000000,12.07,12.31,10.81,11.23,0,0
EGLD.V,D,20200919,000000,11.23,12.24,11.19,11.96,0,0
EGLD.V,D,20200920,000000,11.96,12.21,9.782,10.73,0,0
EGLD.V,D,20200921,000000,10.73,10.94,8.438,8.818,0,0
EGLD.V,D,20200922,000000,8.818,9.109,8.18,8.718,0,0
EGLD.V,D,20200923,000000,8.718,9.507,8.309,8.819,0,0
EGLD.V,D,20200924,000000,8.819,9.256,8.718,9.246,0,0
EGLD.V,D,20200925,000000,9.246,10.49,9.148,10.01,0,0
EGLD.V,D,20200926,000000,10.01,10.81,9.975,10.42,0,0
EGLD.V,D,20200927,000000,10.42,10.51,9.623,10.05,0,0
EGLD.V,D,20200928,000000,10.05,10.51,9.868,10.01,0,0
EGLD.V,D,20200929,000000,10.01,10.34,9.944,10.27,0,0
EGLD.V,D,20200930,000000,10.27,10.62,10.08,10.37,0,0
EGLD.V,D,20201001,000000,10.37,10.98,10.01,10.29,0,0
EGLD.V,D,20201002,000000,10.29,10.31,8.945,9.421,0,0
EGLD.V,D,20201003,000000,9.421,9.562,9.038,9.09,0,0
EGLD.V,D,20201004,000000,9.09,9.295,8.881,9.045,0,0
EGLD.V,D,20201005,000000,9.045,9.121,8.014,8.469,0,0
EGLD.V,D,20201006,000000,8.469,8.489,6.844,6.938,0,0
EGLD.V,D,20201007,000000,6.938,7.808,6.473,7.796,0,0
EGLD.V,D,20201008,000000,7.796,7.808,6.992,7.487,0,0
EGLD.V,D,20201009,000000,7.487,8.139,7.316,7.916,0,0
EGLD.V,D,20201010,000000,7.916,8.1,7.724,7.78,0,0
EGLD.V,D,20201011,000000,7.78,8.208,7.575,8.181,0,0
EGLD.V,D,20201012,000000,8.181,8.211,7.838,8.022,0,0
EGLD.V,D,20201013,000000,8.022,8.17,7.863,7.954,0,0
EGLD.V,D,20201014,000000,7.954,8.322,7.747,7.996,0,0
EGLD.V,D,20201015,000000,7.996,8.003,7.71,7.905,0,0
EGLD.V,D,20201016,000000,7.905,7.907,7.03,7.398,0,0
EGLD.V,D,20201017,000000,7.398,7.715,7.367,7.651,0,0
EGLD.V,D,20201018,000000,7.651,7.738,7.511,7.62,0,0
EGLD.V,D,20201019,000000,7.62,7.622,6.224,7.313,0,0
EGLD.V,D,20201020,000000,7.313,7.44,6.512,7.076,0,0
EGLD.V,D,20201021,000000,7.076,7.497,7.075,7.471,0,0
EGLD.V,D,20201022,000000,7.471,7.864,7.355,7.725,0,0
EGLD.V,D,20201023,000000,7.725,8.928,7.696,8.864,0,0
EGLD.V,D,20201024,000000,8.864,10.24,8.585,8.815,0,0
EGLD.V,D,20201025,000000,8.815,9.739,8.277,9.266,0,0
EGLD.V,D,20201026,000000,9.266,9.547,8.448,8.638,0,0
EGLD.V,D,20201027,000000,8.638,8.769,8.312,8.576,0,0
EGLD.V,D,20201028,000000,8.576,8.671,7.728,7.867,0,0
EGLD.V,D,20201029,000000,7.867,8.026,7.139,7.388,0,0
EGLD.V,D,20201030,000000,7.388,7.813,7.216,7.627,0,0
EGLD.V,D,20201031,000000,7.627,7.656,7.193,7.338,0,0
EGLD.V,D,20201101,000000,7.338,7.956,7.266,7.684,0,0
EGLD.V,D,20201102,000000,7.684,7.769,7.267,7.318,0,0
EGLD.V,D,20201103,000000,7.318,7.434,7.169,7.259,0,0
EGLD.V,D,20201104,000000,7.259,7.301,7.012,7.173,0,0
EGLD.V,D,20201105,000000,7.173,7.499,6.996,7.375,0,0
EGLD.V,D,20201106,000000,7.375,8.439,7.373,8.359,0,0
EGLD.V,D,20201107,000000,8.359,8.597,7.656,7.852,0,0
EGLD.V,D,20201108,000000,7.852,8.421,7.768,8.337,0,0
EGLD.V,D,20201109,000000,8.337,8.413,7.946,8.109,0,0
EGLD.V,D,20201110,000000,8.109,8.685,8.085,8.604,0,0
EGLD.V,D,20201111,000000,8.604,8.838,7.802,7.802,0,0
EGLD.V,D,20201112,000000,7.802,7.893,7.371,7.492,0,0
EGLD.V,D,20201113,000000,7.492,7.849,7.459,7.775,0,0
EGLD.V,D,20201114,000000,7.775,7.779,7.299,7.481,0,0
EGLD.V,D,20201115,000000,7.481,7.736,7.412,7.584,0,0
EGLD.V,D,20201116,000000,7.584,7.938,7.508,7.708,0,0
EGLD.V,D,20201117,000000,7.708,7.995,7.626,7.868,0,0
EGLD.V,D,20201118,000000,7.868,7.93,7.11,7.487,0,0
EGLD.V,D,20201119,000000,7.487,7.692,7.247,7.601,0,0
EGLD.V,D,20201120,000000,7.601,8.002,7.514,7.621,0,0
EGLD.V,D,20201121,000000,7.621,8.48,7.516,8.224,0,0
EGLD.V,D,20201122,000000,8.224,8.353,7.611,8.018,0,0
EGLD.V,D,20201123,000000,8.018,9.319,7.938,9.068,0,0
EGLD.V,D,20201124,000000,9.068,9.343,8.501,9.043,0,0
EGLD.V,D,20201125,000000,9.043,10.36,8.729,9.728,0,0
EGLD.V,D,20201126,000000,9.728,10.09,8.313,9.143,0,0
EGLD.V,D,20201127,000000,9.143,9.204,8.623,8.855,0,0
EGLD.V,D,20201128,000000,8.855,9.034,8.562,8.818,0,0
EGLD.V,D,20201129,000000,8.818,9.174,8.678,8.933,0,0
EGLD.V,D,20201130,000000,8.933,9.338,8.745,9.182,0,0
EGLD.V,D,20201201,000000,9.182,9.609,8.774,9.308,0,0
EGLD.V,D,20201202,000000,9.308,12,9.198,11.62,0,0
EGLD.V,D,20201203,000000,11.62,13.48,11.61,13.07,0,0
EGLD.V,D,20201204,000000,13.07,14.08,11.21,12.08,0,0
EGLD.V,D,20201205,000000,12.08,14.69,11.85,13.91,0,0
EGLD.V,D,20201206,000000,13.91,13.97,12.9,13.72,0,0
EGLD.V,D,20201207,000000,13.72,13.9,12.76,13.13,0,0
EGLD.V,D,20201208,000000,13.13,13.16,12.23,12.52,0,0
EGLD.V,D,20201209,000000,12.52,14.58,12.39,13.97,0,0
EGLD.V,D,20201210,000000,13.97,14.55,13.53,13.75,0,0
EGLD.V,D,20201211,000000,13.75,15.31,13.12,14.79,0,0
EGLD.V,D,20201212,000000,14.79,17.11,14.75,16.73,0,0
EGLD.V,D,20201213,000000,16.73,17.26,15.88,16.92,0,0
EGLD.V,D,20201214,000000,16.92,20.1,16.5,19.24,0,0
EGLD.V,D,20201215,000000,19.24,24.52,18.72,24.29,0,0
EGLD.V,D,20201216,000000,24.29,25.44,20.6,21.68,0,0
EGLD.V,D,20201217,000000,21.68,23.78,20.21,23.31,0,0
EGLD.V,D,20201218,000000,23.31,27.83,22.78,25.37,0,0
EGLD.V,D,20201219,000000,25.37,27.43,25.1,26.61,0,0
EGLD.V,D,20201220,000000,26.61,26.62,24.31,25.6,0,0
EGLD.V,D,20201221,000000,25.6,29.14,25.47,28.03,0,0
EGLD.V,D,20201222,000000,28.03,29.79,26.75,28.01,0,0
EGLD.V,D,20201223,000000,28.01,28.51,20.52,21.68,0,0
EGLD.V,D,20201224,000000,21.68,26.14,20.91,24.96,0,0
EGLD.V,D,20201225,000000,24.96,25.1,22.16,22.93,0,0
EGLD.V,D,20201226,000000,22.93,23.96,20.64,23.11,0,0
EGLD.V,D,20201227,000000,23.11,24.38,20.64,21.82,0,0
EGLD.V,D,20201228,000000,21.82,26.65,21.49,25.41,0,0
EGLD.V,D,20201229,000000,25.41,25.87,23.54,23.76,0,0
EGLD.V,D,20201230,000000,23.76,25.3,23.5,24.12,0,0
EGLD.V,D,20201231,000000,24.12,24.7,23.56,24.69,0,0
EGLD.V,D,20210101,000000,24.69,27.33,24.5,26.06,0,0
EGLD.V,D,20210102,000000,26.06,26.95,24.64,25.88,0,0
EGLD.V,D,20210103,000000,25.88,28.06,25.3,27.31,0,0
EGLD.V,D,20210104,000000,27.31,31.19,26.03,30.66,0,0
EGLD.V,D,20210105,000000,30.66,35.06,29.39,34.03,0,0
EGLD.V,D,20210106,000000,34.03,39.79,33.53,38.54,0,0
EGLD.V,D,20210107,000000,38.54,41.99,31.5,37.02,0,0
EGLD.V,D,20210108,000000,37.02,40.88,33.51,37.39,0,0
EGLD.V,D,20210109,000000,37.39,38.88,35.76,36.98,0,0
EGLD.V,D,20210110,000000,36.98,39.3,33.59,36.23,0,0
EGLD.V,D,20210111,000000,36.23,36.39,27.03,32.68,0,0
EGLD.V,D,20210112,000000,32.68,34.99,30.54,31.62,0,0
EGLD.V,D,20210113,000000,31.62,35.04,30.5,35.04,0,0
EGLD.V,D,20210114,000000,35.04,38.83,34.15,37.9,0,0
EGLD.V,D,20210115,000000,37.9,39.18,34.99,37.22,0,0
EGLD.V,D,20210116,000000,37.22,38.76,36.35,36.74,0,0
EGLD.V,D,20210117,000000,36.74,38.6,35.64,37.48,0,0
EGLD.V,D,20210118,000000,37.48,40.92,37.22,39.56,0,0
EGLD.V,D,20210119,000000,39.56,39.99,37.24,37.63,0,0
EGLD.V,D,20210120,000000,37.63,40.03,36.05,38.7,0,0
EGLD.V,D,20210121,000000,38.7,39.65,36.26,37.34,0,0
EGLD.V,D,20210122,000000,37.34,38.34,35.07,37.19,0,0
EGLD.V,D,20210123,000000,37.19,38.28,36.06,37.06,0,0
EGLD.V,D,20210124,000000,37.06,41.98,36.83,41.31,0,0
EGLD.V,D,20210125,000000,41.31,53.98,41.18,50,0,0
EGLD.V,D,20210126,000000,50,50.85,46.47,48.34,0,0
EGLD.V,D,20210127,000000,48.34,54.73,45.72,53.57,0,0
EGLD.V,D,20210128,000000,53.57,61.79,53.08,59.2,0,0
EGLD.V,D,20210129,000000,59.2,62.98,55.75,61.76,0,0
EGLD.V,D,20210130,000000,61.76,74.43,59.16,64.94,0,0
EGLD.V,D,20210131,000000,64.94,69.69,61.93,63.38,0,0
EGLD.V,D,20210201,000000,63.38,69.96,58.11,66.14,0,0
EGLD.V,D,20210202,000000,66.14,67.77,62.9,64.25,0,0
EGLD.V,D,20210203,000000,64.25,69.07,63.57,67.99,0,0
EGLD.V,D,20210204,000000,67.99,78.89,64.61,74.03,0,0
EGLD.V,D,20210205,000000,74.03,89.78,73.86,88.01,0,0
EGLD.V,D,20210206,000000,88.01,99.39,83.72,96.02,0,0
EGLD.V,D,20210207,000000,96.02,143.13,92.14,140.14,0,0
EGLD.V,D,20210208,000000,140.14,199.27,129.1,163.2,0,0
EGLD.V,D,20210209,000000,163.2,217.15,159.25,195.42,0,0
EGLD.V,D,20210210,000000,195.42,215.2,162.88,176.41,0,0
EGLD.V,D,20210211,000000,176.41,187.96,147.4,156.97,0,0
EGLD.V,D,20210212,000000,156.97,179.23,152.61,170.05,0,0
EGLD.V,D,20210213,000000,170.05,175.6,158.23,160,0,0
EGLD.V,D,20210214,000000,160,168.04,150.23,154.31,0,0
EGLD.V,D,20210215,000000,154.31,168.98,67.54,139.86,0,0
EGLD.V,D,20210216,000000,139.86,152.98,131.03,136.77,0,0
EGLD.V,D,20210217,000000,136.77,157.8,123.58,145.12,0,0
EGLD.V,D,20210218,000000,145.12,166.75,143.32,151.21,0,0
EGLD.V,D,20210219,000000,151.21,154.94,135.54,139.18,0,0
EGLD.V,D,20210220,000000,139.18,155.24,133.07,139.5,0,0
EGLD.V,D,20210221,000000,139.5,144.62,136,140.38,0,0
EGLD.V,D,20210222,000000,140.38,153.96,103.78,126.74,0,0
EGLD.V,D,20210223,000000,126.74,134.19,90.05,109.99,0,0
EGLD.V,D,20210224,000000,109.99,130.12,104.51,116.98,0,0
EGLD.V,D,20210225,000000,116.98,129.09,112.16,113.43,0,0
EGLD.V,D,20210226,000000,113.43,128.06,103.71,124.17,0,0
EGLD.V,D,20210227,000000,124.17,152.05,122.52,135.56,0,0
EGLD.V,D,20210228,000000,135.56,137.24,120.58,130.91,0,0
EGLD.V,D,20210301,000000,130.91,143.95,129.16,138.22,0,0
EGLD.V,D,20210302,000000,138.22,145.1,127.42,134.05,0,0
EGLD.V,D,20210303,000000,134.05,143.88,131.89,141.42,0,0
EGLD.V,D,20210304,000000,141.42,159.96,138.09,150.86,0,0
EGLD.V,D,20210305,000000,150.86,152.02,138.2,141.33,0,0
EGLD.V,D,20210306,000000,141.33,146.83,132.71,137.2,0,0
EGLD.V,D,20210307,000000,137.2,151.98,137.12,145.95,0,0
EGLD.V,D,20210308,000000,145.95,149.99,140.96,147.21,0,0
EGLD.V,D,20210309,000000,147.21,164.35,144.84,158.86,0,0
EGLD.V,D,20210310,000000,158.86,165.15,148.19,150.99,0,0
EGLD.V,D,20210311,000000,150.99,156.44,145.92,151.26,0,0
EGLD.V,D,20210312,000000,151.26,152.6,137.31,140.37,0,0
EGLD.V,D,20210313,000000,140.37,146.92,134.2,140.4,0,0
EGLD.V,D,20210314,000000,140.4,142.21,125.21,131.84,0,0
EGLD.V,D,20210315,000000,131.84,138.58,124.57,130.39,0,0
EGLD.V,D,20210316,000000,130.39,133.72,126.36,130.38,0,0
EGLD.V,D,20210317,000000,130.38,137.28,127.25,135.66,0,0
EGLD.V,D,20210318,000000,135.66,137.93,130.48,132.94,0,0
EGLD.V,D,20210319,000000,132.94,135.29,129.69,133.53,0,0
EGLD.V,D,20210320,000000,133.53,148.72,133.03,136.72,0,0
EGLD.V,D,20210321,000000,136.72,139.87,132.13,138.45,0,0
EGLD.V,D,20210322,000000,138.45,145.98,133.01,134.63,0,0
EGLD.V,D,20210323,000000,134.63,136.8,128.76,130.97,0,0
EGLD.V,D,20210324,000000,130.97,135.59,118.98,120.61,0,0
EGLD.V,D,20210325,000000,120.61,125.18,115.8,121.78,0,0
EGLD.V,D,20210326,000000,121.78,144.62,121.49,140.93,0,0
EGLD.V,D,20210327,000000,140.93,153.29,139.02,146.29,0,0
EGLD.V,D,20210328,000000,146.29,148.73,138.16,141.55,0,0
EGLD.V,D,20210329,000000,141.55,148.98,138.27,143.55,0,0
EGLD.V,D,20210330,000000,143.55,146.45,141.85,142.88,0,0
EGLD.V,D,20210331,000000,142.88,144.56,131.83,139.81,0,0
EGLD.V,D,20210401,000000,139.81,150.3,137.78,150.3,0,0
EGLD.V,D,20210402,000000,150.3,172.99,150.3,167.64,0,0
EGLD.V,D,20210403,000000,167.64,186.54,155.03,159.49,0,0
EGLD.V,D,20210404,000000,159.49,171.04,156.06,168.07,0,0
EGLD.V,D,20210405,000000,168.07,170.45,159.21,166.8,0,0
EGLD.V,D,20210406,000000,166.8,194.62,162.52,192.21,0,0
EGLD.V,D,20210407,000000,192.21,195.34,166.92,173.26,0,0
EGLD.V,D,20210408,000000,173.26,184.27,172.46,180.32,0,0
EGLD.V,D,20210409,000000,180.32,197.24,179.77,194.03,0,0
EGLD.V,D,20210410,000000,194.03,214.36,188.42,208.67,0,0
EGLD.V,D,20210411,000000,208.67,243.21,205.02,238.14,0,0
EGLD.V,D,20210412,000000,238.14,245.72,216.57,225.34,0,0
EGLD.V,D,20210413,000000,225.34,226.21,208.94,212.45,0,0
EGLD.V,D,20210414,000000,212.45,238.24,209.97,225.49,0,0
EGLD.V,D,20210415,000000,225.49,233.63,218.07,226.33,0,0
EGLD.V,D,20210416,000000,226.33,227.77,203.99,210.72,0,0
EGLD.V,D,20210417,000000,210.72,219.62,208.64,213.18,0,0
EGLD.V,D,20210418,000000,213.18,214.33,125.42,190.16,0,0
EGLD.V,D,20210419,000000,190.16,194.17,167.54,168.39,0,0
EGLD.V,D,20210420,000000,168.39,180.7,153.77,174.87,0,0
EGLD.V,D,20210421,000000,174.87,195.88,169.1,181.4,0,0
EGLD.V,D,20210422,000000,181.4,187,155.98,164.5,0,0
EGLD.V,D,20210423,000000,164.5,171.16,140.1,161.19,0,0
EGLD.V,D,20210424,000000,161.19,161.75,144.64,148.81,0,0
EGLD.V,D,20210425,000000,148.81,157.21,138.2,149.53,0,0
EGLD.V,D,20210426,000000,149.53,171.87,148.21,166.58,0,0
EGLD.V,D,20210427,000000,166.58,185.12,163.52,181.22,0,0
EGLD.V,D,20210428,000000,181.22,187.88,172.12,180.18,0,0
EGLD.V,D,20210429,000000,180.18,182.58,169.61,174.37,0,0
EGLD.V,D,20210430,000000,174.37,185.71,172.35,183.78,0,0
EGLD.V,D,20210501,000000,183.78,185.35,177.55,181.49,0,0
EGLD.V,D,20210502,000000,181.49,182.37,173.45,180.48,0,0
EGLD.V,D,20210503,000000,180.48,196.45,180.15,193.46,0,0
EGLD.V,D,20210504,000000,193.46,194.16,175.22,175.54,0,0
EGLD.V,D,20210505,000000,175.54,200.02,174.67,192.83,0,0
EGLD.V,D,20210506,000000,192.83,205.18,189.05,194.34,0,0
EGLD.V,D,20210507,000000,194.34,198.36,187.15,190.5,0,0
EGLD.V,D,20210508,000000,190.5,194.15,185,185.86,0,0
EGLD.V,D,20210509,000000,185.86,189.83,180.2,187.73,0,0
EGLD.V,D,20210510,000000,187.73,191.76,162.03,173.35,0,0
EGLD.V,D,20210511,000000,173.35,181.86,169.73,181.64,0,0
EGLD.V,D,20210512,000000,181.64,185.94,167.36,169.46,0,0
EGLD.V,D,20210513,000000,169.46,175.82,154.77,161.17,0,0
EGLD.V,D,20210514,000000,161.17,172.67,160.71,164.32,0,0
EGLD.V,D,20210515,000000,164.32,167.77,155.36,156.97,0,0
EGLD.V,D,20210516,000000,156.97,169.87,143.16,153.73,0,0
EGLD.V,D,20210517,000000,153.73,153.73,134.51,140.35,0,0
EGLD.V,D,20210518,000000,140.35,152.44,139.17,145.06,0,0
EGLD.V,D,20210519,000000,145.06,148.5,76.35,97.16,0,0
EGLD.V,D,20210520,000000,97.16,123.71,90.63,112.67,0,0
EGLD.V,D,20210521,000000,112.67,116.67,85.53,97.94,0,0
EGLD.V,D,20210522,000000,97.94,99.34,85.97,90.59,0,0
EGLD.V,D,20210523,000000,90.59,94.54,66.2,85.61,0,0
EGLD.V,D,20210524,000000,85.61,108.39,82.75,104.09,0,0
EGLD.V,D,20210525,000000,104.09,109.44,96.16,102.27,0,0
EGLD.V,D,20210526,000000,102.27,121.86,99.98,118.69,0,0
EGLD.V,D,20210527,000000,118.69,119.27,106.89,114.55,0,0
EGLD.V,D,20210528,000000,114.55,115.33,95.32,99.49,0,0
EGLD.V,D,20210529,000000,99.49,104.98,86.17,90.68,0,0
EGLD.V,D,20210530,000000,90.68,99.32,87.45,92.94,0,0
EGLD.V,D,20210531,000000,92.94,104.43,90.15,103.85,0,0
EGLD.V,D,20210601,000000,103.85,105.32,98.56,101.45,0,0
EGLD.V,D,20210602,000000,101.45,108.92,99.02,103.48,0,0
EGLD.V,D,20210603,000000,103.48,111.19,101.89,107.24,0,0
EGLD.V,D,20210604,000000,107.24,107.68,92.69,96.68,0,0
EGLD.V,D,20210605,000000,96.68,103.74,92.24,96.71,0,0
EGLD.V,D,20210606,000000,96.71,99.43,95.17,97.36,0,0
EGLD.V,D,20210607,000000,97.36,106.17,90.22,90.97,0,0
EGLD.V,D,20210608,000000,90.97,92.82,78.87,89.64,0,0
EGLD.V,D,20210609,000000,89.64,94.88,84.78,92.75,0,0
EGLD.V,D,20210610,000000,92.75,93.77,86.55,87.14,0,0
EGLD.V,D,20210611,000000,87.14,89.98,80.65,81.05,0,0
EGLD.V,D,20210612,000000,81.05,81.64,77.38,78.88,0,0
EGLD.V,D,20210613,000000,78.88,89.56,76.03,87.35,0,0
EGLD.V,D,20210614,000000,87.35,94.1,84.93,90.04,0,0
EGLD.V,D,20210615,000000,90.04,93.9,87.82,90.96,0,0
EGLD.V,D,20210616,000000,90.96,91.88,85.3,86.5,0,0
EGLD.V,D,20210617,000000,86.5,89.25,82.97,86.07,0,0
EGLD.V,D,20210618,000000,86.07,86.49,77.99,79.87,0,0
EGLD.V,D,20210619,000000,79.87,82.08,78.27,79.56,0,0
EGLD.V,D,20210620,000000,79.56,82.59,76.62,80.37,0,0
EGLD.V,D,20210621,000000,80.37,81.05,67.49,68.33,0,0
EGLD.V,D,20210622,000000,68.33,72.56,53.5,59.6,0,0
EGLD.V,D,20210623,000000,59.6,69.33,57.06,65.28,0,0
EGLD.V,D,20210624,000000,65.28,69.83,61.27,67.43,0,0
EGLD.V,D,20210625,000000,67.43,69.05,61.15,61.61,0,0
EGLD.V,D,20210626,000000,61.61,64.64,59.25,63.68,0,0
EGLD.V,D,20210627,000000,63.68,66.4,61.97,65.82,0,0
EGLD.V,D,20210628,000000,65.82,74.58,64.52,73.76,0,0
EGLD.V,D,20210629,000000,73.76,89.18,73.31,85.09,0,0
EGLD.V,D,20210630,000000,85.09,88.5,78.15,85.12,0,0
EGLD.V,D,20210701,000000,85.12,85.22,78.37,80.35,0,0
EGLD.V,D,20210702,000000,80.35,82.26,77.39,81.17,0,0
EGLD.V,D,20210703,000000,81.17,94.39,80.02,92.47,0,0
EGLD.V,D,20210704,000000,92.47,96.52,89.84,93.54,0,0
EGLD.V,D,20210705,000000,93.54,107.78,88.71,97.65,0,0
EGLD.V,D,20210706,000000,97.65,105.25,93.04,95.77,0,0
EGLD.V,D,20210707,000000,95.77,99.65,93.88,95.71,0,0
EGLD.V,D,20210708,000000,95.71,96,85.74,88.53,0,0
EGLD.V,D,20210709,000000,88.53,93.75,84.84,89.85,0,0
EGLD.V,D,20210710,000000,89.85,92.36,87.26,88.29,0,0
EGLD.V,D,20210711,000000,88.29,91.89,86.87,89.19,0,0
EGLD.V,D,20210712,000000,89.19,90.91,85.96,88.15,0,0
EGLD.V,D,20210713,000000,88.15,88.84,83.4,85.65,0,0
EGLD.V,D,20210714,000000,85.65,85.87,80.25,84.18,0,0
EGLD.V,D,20210715,000000,84.18,85.53,77.48,79.21,0,0
EGLD.V,D,20210716,000000,79.21,80.33,74.33,74.62,0,0
EGLD.V,D,20210717,000000,74.62,76.62,72.23,74.4,0,0
EGLD.V,D,20210718,000000,74.4,80.03,74.36,74.58,0,0
EGLD.V,D,20210719,000000,74.58,75.51,69.71,70.2,0,0
EGLD.V,D,20210720,000000,70.2,71.28,65.06,67.75,0,0
EGLD.V,D,20210721,000000,67.75,78.26,65.59,76.39,0,0
EGLD.V,D,20210722,000000,76.39,82.59,75.15,78.77,0,0
EGLD.V,D,20210723,000000,78.77,81.98,75.23,80.23,0,0
EGLD.V,D,20210724,000000,80.23,88.42,79.11,82.65,0,0
EGLD.V,D,20210725,000000,82.65,86.97,81.21,84.98,0,0
EGLD.V,D,20210726,000000,84.98,93.05,84.54,86.19,0,0
EGLD.V,D,20210727,000000,86.19,94.06,80.86,86.52,0,0
EGLD.V,D,20210728,000000,86.52,87.64,82.31,85.02,0,0
EGLD.V,D,20210729,000000,85.02,86.92,83.25,85.02,0,0
EGLD.V,D,20210730,000000,85.02,87.58,81.56,86.67,0,0
EGLD.V,D,20210731,000000,86.67,89.87,84.57,86.76,0,0
EGLD.V,D,20210801,000000,86.76,91.84,85.78,87.22,0,0
EGLD.V,D,20210802,000000,87.22,104.9,85.72,104.24,0,0
EGLD.V,D,20210803,000000,104.24,104.58,95.79,97.81,0,0
EGLD.V,D,20210804,000000,97.81,103.6,97.33,102.66,0,0
EGLD.V,D,20210805,000000,102.66,110.67,100.03,108.95,0,0
EGLD.V,D,20210806,000000,108.95,120.88,107.05,115.65,0,0
EGLD.V,D,20210807,000000,115.65,120.64,114.11,117.8,0,0
EGLD.V,D,20210808,000000,117.8,128.87,114.84,125.54,0,0
EGLD.V,D,20210809,000000,125.54,134.96,118.53,134.29,0,0
EGLD.V,D,20210810,000000,134.29,142.7,132.53,139.49,0,0
EGLD.V,D,20210811,000000,139.49,143.35,133.53,135.29,0,0
EGLD.V,D,20210812,000000,134.38,139.95,123.65,134.24,0,0
EGLD.V,D,20210813,000000,134.24,139.2,131.52,138.11,0,0
EGLD.V,D,20210814,000000,138.11,141.53,134.79,137.39,0,0
EGLD.V,D,20210815,000000,137.39,140.1,131.53,136.72,0,0
EGLD.V,D,20210816,000000,136.72,142.36,132.27,136.13,0,0
EGLD.V,D,20210817,000000,136.13,159.51,132.64,140.06,0,0
EGLD.V,D,20210818,000000,140.06,152.53,128.49,146.49,0,0
EGLD.V,D,20210819,000000,146.49,153.21,137.4,146.03,0,0
EGLD.V,D,20210820,000000,146.03,159.88,143.08,155.84,0,0
EGLD.V,D,20210821,000000,155.84,156.07,148.64,149.27,0,0
EGLD.V,D,20210822,000000,149.27,152.59,141.16,148.36,0,0
EGLD.V,D,20210823,000000,148.36,154.77,145.59,149.08,0,0
EGLD.V,D,20210824,000000,149.08,151.78,133.41,137.44,0,0
EGLD.V,D,20210825,000000,137.44,140.68,131.57,138.92,0,0
EGLD.V,D,20210826,000000,138.92,144.84,132.93,134.63,0,0
EGLD.V,D,20210827,000000,134.63,141.14,128.56,141.11,0,0
EGLD.V,D,20210828,000000,141.11,144.03,138.1,140.86,0,0
EGLD.V,D,20210829,000000,140.86,143.78,135.48,141.13,0,0
EGLD.V,D,20210830,000000,141.13,169.68,139.27,157.81,0,0
EGLD.V,D,20210831,000000,157.81,170.98,153.45,169.03,0,0
EGLD.V,D,20210901,000000,169.03,185.61,167.84,176.19,0,0
EGLD.V,D,20210902,000000,176.19,180.8,171.29,172.08,0,0
EGLD.V,D,20210903,000000,172.08,179,167.46,174.62,0,0
EGLD.V,D,20210904,000000,174.62,179.44,170.96,171.66,0,0
EGLD.V,D,20210905,000000,171.66,178.05,167.87,176.18,0,0
EGLD.V,D,20210906,000000,176.18,186.79,173.4,179.83,0,0
EGLD.V,D,20210907,000000,179.83,181.93,134.71,158.37,0,0
EGLD.V,D,20210908,000000,158.37,175.71,137.67,172.38,0,0
EGLD.V,D,20210909,000000,172.38,217.92,168.92,200.47,0,0
EGLD.V,D,20210910,000000,200.47,239.97,195.07,235.85,0,0
EGLD.V,D,20210911,000000,235.85,248.86,220.91,229.69,0,0
EGLD.V,D,20210912,000000,229.69,295.73,224.69,266.09,0,0
EGLD.V,D,20210913,000000,266.09,289.33,250.51,260.93,0,0
EGLD.V,D,20210914,000000,260.93,302.55,257.77,280.24,0,0
EGLD.V,D,20210915,000000,280.24,285.17,255.36,258.77,0,0
EGLD.V,D,20210916,000000,258.77,271.85,245.07,265.97,0,0
EGLD.V,D,20210917,000000,265.97,277.83,237.34,242.01,0,0
EGLD.V,D,20210918,000000,242.01,253.66,235.95,247.85,0,0
EGLD.V,D,20210919,000000,247.85,249.57,222.68,224.82,0,0
EGLD.V,D,20210920,000000,224.82,225.89,181.08,185.48,0,0
EGLD.V,D,20210921,000000,185.48,227.94,171.63,199.81,0,0
EGLD.V,D,20210922,000000,199.81,234.76,192.75,230.25,0,0
EGLD.V,D,20210923,000000,230.25,259.07,222.18,245.85,0,0
EGLD.V,D,20210924,000000,245.85,250.2,213.55,238.18,0,0
EGLD.V,D,20210925,000000,238.18,238.67,215.83,218.39,0,0
EGLD.V,D,20210926,000000,218.39,234.31,200.6,223.71,0,0
EGLD.V,D,20210927,000000,223.71,232.42,210.35,212.34,0,0
EGLD.V,D,20210928,000000,212.34,221.08,199.11,200.17,0,0
EGLD.V,D,20210929,000000,200.17,214.9,196.13,203.13,0,0
EGLD.V,D,20210930,000000,203.13,212.8,200.59,209.91,0,0
EGLD.V,D,20211001,000000,209.91,247.9,205.53,241.72,0,0
EGLD.V,D,20211002,000000,241.72,258.88,232.67,245.28,0,0
EGLD.V,D,20211003,000000,245.28,255.19,238.9,254.5,0,0
EGLD.V,D,20211004,000000,254.5,254.9,235.05,239.9,0,0
EGLD.V,D,20211005,000000,239.9,253.59,237.06,244.72,0,0
EGLD.V,D,20211006,000000,244.72,246.77,221.59,230.5,0,0
EGLD.V,D,20211007,000000,230.5,244.38,224.92,242.98,0,0
EGLD.V,D,20211008,000000,242.98,277.74,242.34,257.6,0,0
EGLD.V,D,20211009,000000,257.6,268.65,254.08,258.8,0,0
EGLD.V,D,20211010,000000,258.8,259.24,237.59,239.99,0,0
EGLD.V,D,20211011,000000,239.99,264.64,235.35,248.41,0,0
EGLD.V,D,20211012,000000,248.41,248.41,220.19,236.12,0,0
EGLD.V,D,20211013,000000,236.12,250.81,232.63,241.88,0,0
EGLD.V,D,20211014,000000,241.88,250.27,239.17,242.19,0,0
EGLD.V,D,20211015,000000,242.19,244,234.23,237.19,0,0
EGLD.V,D,20211016,000000,237.19,249.88,236.53,241.11,0,0
EGLD.V,D,20211017,000000,241.11,242.85,225.74,236.04,0,0
EGLD.V,D,20211018,000000,236.04,238.72,227.69,230.19,0,0
EGLD.V,D,20211019,000000,230.19,232.7,225.03,229.78,0,0
EGLD.V,D,20211020,000000,229.78,244.82,227.56,240.15,0,0
EGLD.V,D,20211021,000000,240.15,260.65,238.47,249.16,0,0
EGLD.V,D,20211022,000000,249.16,278.33,248.62,274.5,0,0
EGLD.V,D,20211023,000000,274.5,279.89,266.37,271.23,0,0
EGLD.V,D,20211024,000000,271.23,294.8,269.76,283.54,0,0
EGLD.V,D,20211025,000000,283.54,298.34,282.46,294.94,0,0
EGLD.V,D,20211026,000000,294.94,295.74,268.93,272.84,0,0
EGLD.V,D,20211027,000000,272.84,277.61,226.57,245.84,0,0
EGLD.V,D,20211028,000000,245.84,277.94,243.81,256.86,0,0
EGLD.V,D,20211029,000000,256.86,274.3,254.89,269.05,0,0
EGLD.V,D,20211030,000000,269.05,270.11,256.32,259.93,0,0
EGLD.V,D,20211031,000000,259.93,275.1,251.72,271.15,0,0
EGLD.V,D,20211101,000000,271.15,278.19,259.43,269.42,0,0
EGLD.V,D,20211102,000000,269.42,277.14,267.65,272.51,0,0
EGLD.V,D,20211103,000000,272.51,308.83,269.48,307.33,0,0
EGLD.V,D,20211104,000000,307.33,324.58,297.87,318.73,0,0
EGLD.V,D,20211105,000000,318.73,329.04,304.56,315.64,0,0
EGLD.V,D,20211106,000000,315.64,319.76,303.61,316.34,0,0
EGLD.V,D,20211107,000000,316.34,328.91,313.77,316.04,0,0
EGLD.V,D,20211108,000000,316.04,316.24,307.55,309.13,0,0
EGLD.V,D,20211109,000000,309.13,322.28,308.44,316.55,0,0
EGLD.V,D,20211110,000000,316.55,337.81,288.86,312.58,0,0
EGLD.V,D,20211111,000000,312.58,333.34,300.45,317.43,0,0
EGLD.V,D,20211112,000000,317.43,325.44,304.31,325.05,0,0
EGLD.V,D,20211113,000000,325.05,329.95,319.24,322,0,0
EGLD.V,D,20211114,000000,322,325.35,312.14,319.77,0,0
EGLD.V,D,20211115,000000,319.77,325.75,311.66,314.31,0,0
EGLD.V,D,20211116,000000,314.31,315.61,284.67,303.02,0,0
EGLD.V,D,20211117,000000,303.02,311.03,287.51,310.4,0,0
EGLD.V,D,20211118,000000,310.4,326.19,293.16,308.23,0,0
EGLD.V,D,20211119,000000,308.23,369.29,302.46,347.45,0,0
EGLD.V,D,20211120,000000,347.45,393.12,333.13,392.5,0,0
EGLD.V,D,20211121,000000,392.5,445.79,380.42,428.52,0,0
EGLD.V,D,20211122,000000,428.52,494.7,411.68,490.94,0,0
EGLD.V,D,20211123,000000,490.94,543.46,467.98,469.44,0,0
EGLD.V,D,20211124,000000,469.62,496.19,441.642,453.3460,0,0
EGLD.V,D,20211125,000000,454.1920,466.667,425.027,442.5000,0,0
EGLD.V,D,20211126,000000,442.5000,443.691,389.768,396.1620,0,0
EGLD.V,D,20211127,000000,397.0530,443.284,395.621,428.2030,0,0
EGLD.V,D,20211128,000000,428.2030,439.803,389.572,403.653762800000,0,0
EGLD.V,D,20211129,000000,403.7910,417.317,398.423,399.0750,0,0
EGLD.V,D,20211130,000000,399.0730,403.078,379.226,381.5890,0,0
EGLD.V,D,20211201,000000,381.5890,428.26,370.418,413.9880,0,0
EGLD.V,D,20211202,000000,413.9880,420.371,352.756,358.9860,0,0
EGLD.V,D,20211203,000000,358.9850,360.587,320.54,336.8810,0,0
EGLD.V,D,20211204,000000,338.3340,348.403,222,309.0600,0,0
EGLD.V,D,20211205,000000,309.2270,329.944,277.973,287.7260,0,0
EGLD.V,D,20211206,000000,287.7800,293.843,261.734,290.7320,0,0
EGLD.V,D,20211207,000000,291.1410,315.1,283.101,284.9710,0,0
EGLD.V,D,20211208,000000,282.7580,305,272.013,296.8750,0,0
EGLD.V,D,20211209,000000,297.6620,314.181,267.164,274.5890,0,0
EGLD.V,D,20211210,000000,275.1490,281.082,262.899,265.1150,0,0
EGLD.V,D,20211211,000000,264.9240,266.769,248.826,254.7380,0,0
EGLD.V,D,20211212,000000,254.79,269.025,249.207,264.0560,0,0
EGLD.V,D,20211213,000000,264.2420,265.84,227.012,239.3040,0,0
EGLD.V,D,20211214,000000,239.65,260.26,230.482,257.1510,0,0
EGLD.V,D,20211215,000000,257.0220,299.1495,253.8,290.9745,0,0
EGLD.V,D,20211216,000000,291.0845,345.3226,266.3233,269.0507,0,0
EGLD.V,D,20211217,000000,268.8506,279.3438,251.6806,258.8935,0,0
EGLD.V,D,20211218,000000,259.1536,266.3799,245.1635,254.3817,0,0
EGLD.V,D,20211219,000000,254.4818,259.4178,241.3024,248.5694,0,0
EGLD.V,D,20211220,000000,248.3341,249.6098,225.2676,233.9402,0,0
EGLD.V,D,20211221,000000,233.9102,248.5794,231.8995,242.2869,0,0
EGLD.V,D,20211222,000000,242.7571,254.1016,237.2712,249.7648,0,0
EGLD.V,D,20211223,000000,249.7499,269.0507,240.5381,260.6442,0,0
EGLD.V,D,20211224,000000,260.6142,271.1184,250.3951,252.1312,0,0
EGLD.V,D,20211225,000000,251.861,260.5863,247.1482,256.208,0,0
EGLD.V,D,20211226,000000,255.8679,262.3711,243.0815,258.5534,64274,0
EGLD.V,D,20211227,000000,258.7893,284.122,257.2285,270.4611,192509,0
EGLD.V,D,20211228,000000,270.4911,270.4911,236.6037,243.4387,174647,0
EGLD.V,D,20211229,000000,243.7387,246.0246,232,242.8386,108513,0
EGLD.V,D,20211230,000000,242.7543,251.3203,233.2733,238.3677,110420,0
EGLD.V,D,20211231,000000,238.3577,248.5997,233.1733,238.1438,63222.68334148,0
EGLD.V,D,20220101,000000,238.8039,245.0455,235.9564,242.9786,57677.949608253,0
EGLD.V,D,20220102,000000,242.8486,245.4491,236.9837,240.3581,82554.4319514,0
EGLD.V,D,20220103,000000,240.4281,244.8045,233.5,236.8037,80613.61469579,0
EGLD.V,D,20220104,000000,236.8737,242.9857,230.26,240.296,122063.40969453,0
EGLD.V,D,20220105,000000,240.1179,254.2246,198.9501,213.7486,322961.08698131,0
EGLD.V,D,20220106,000000,213.25,217.31,200.6999,214.1086,202113.21781063,0
EGLD.V,D,20220107,000000,213.9756,214.0972,192.9014,194.1812,166047.05441663,0
EGLD.V,D,20220108,000000,194.0306,200.9799,181.9818,192.66,78828.332406832,0
EGLD.V,D,20220109,000000,192.83,202.84,188.36,197.85,95359.106650755,0
EGLD.V,D,20220110,000000,197.93,200.43,180.52,190.82,96128.415255655,0
EGLD.V,D,20220111,000000,190.79,208.1,188.7,203.9804,215032.44148273,0
EGLD.V,D,20220112,000000,203.62,219.8759,203.4003,213.6854,132015.31899358,0
EGLD.V,D,20220113,000000,213.7054,215.8279,194.4672,196.9387,122505.97824314,0
EGLD.V,D,20220114,000000,196.8987,201.8207,190.6953,200.4901,104797.32242098,0
EGLD.V,D,20220115,000000,200.7702,207.2936,197.479,201.1505,61053.689935592,0
EGLD.V,D,20220116,000000,201.1505,202.101,193.1572,195.2181,81410.224346131,0
EGLD.V,D,20220117,000000,195.138,196.1684,182.7731,185.7243,98234.970946587,0
EGLD.V,D,20220118,000000,185.8043,191.1064,171.4214,180.8142,177219.24401483,0
EGLD.V,D,20220119,000000,180.5122,181.2525,168.8806,174.5523,99792.93957959,0
EGLD.V,D,20220120,000000,174.4923,185.5657,167.0867,170.3241,117326.2252262,0
EGLD.V,D,20220121,000000,170.034,170.6541,135.3471,138.6116,190650.19841906,0
EGLD.V,D,20220122,000000,138.7677,142.5728,112.4525,123.0769,260604.71994445,0
EGLD.V,D,20220123,000000,122.8668,142.2627,122.0666,129.7459,248750.91444741,0
EGLD.V,D,20220124,000000,129.876,134.987,115.7847,130.5992,186049.77308333,0
EGLD.V,D,20220125,000000,130.7792,143.2816,128.4685,139.3897,190085.94856898,0
EGLD.V,D,20220126,000000,139.4897,158.9494,136.7884,139.2035,244134.93091156,0
EGLD.V,D,20220127,000000,139.3436,147.0635,133.0398,139.3697,164839.61521359,0
EGLD.V,D,20220128,000000,139.5258,146.644,136.2008,143.0829,105036.13811858,0
EGLD.V,D,20220129,000000,143.1286,151.0353,143.0286,148.2145,103005.04256515,0
EGLD.V,D,20220130,000000,148.2545,151.7655,139.7999,140.8022,125712.90347105,0
EGLD.V,D,20220131,000000,140.9864,146.0676,134.2137,143.9019,105222.39827249,0
EGLD.V,D,20220201,000000,143.9619,156.3638,143.8932,152.7816,132308.88961917,0
EGLD.V,D,20220202,000000,152.9417,155.7778,140.2361,141.9535,154420.03466463,0
EGLD.V,D,20220203,000000,142.1136,143.3516,135.5942,139.5358,105885.72750684,0
EGLD.V,D,20220204,000000,139.4097,152.562,138.3391,151.2709,119523.29096744,0
EGLD.V,D,20220205,000000,151.331,166.1963,150.9507,160.6724,163409.62959035,0
EGLD.V,D,20220206,000000,160.6964,166.1997,157.2986,161.0205,120125.15684177,0
EGLD.V,D,20220207,000000,161.0944,183.6151,160.5642,178.5549,239506.80454865,0
EGLD.V,D,20220208,000000,178.5149,183.4783,166.2163,173.7863,211651.3399673,0
EGLD.V,D,20220209,000000,174.1266,181.1548,170.136,178.5884,104584.00037116,0
EGLD.V,D,20220210,000000,178.6585,195.6059,173.436,178.8051,283099.21915736,0
EGLD.V,D,20220211,000000,178.7851,262.8676,173.454,192.4077,690803.01788382,0
EGLD.V,D,20220212,000000,192.3277,204.4626,182.9897,200.8704,425966.94727635,0
EGLD.V,D,20220213,000000,200.9504,206.4638,193.5467,194.6967,205557.4398912,0
EGLD.V,D,20220214,000000,194.4366,195.5072,182.5295,187.8239,186651.18193441,0
EGLD.V,D,20220215,000000,187.7426,199.8098,186.702,191.785,185606.01150899,0
EGLD.V,D,20220216,000000,191.6441,196.738,183.47,192.8957,151730.26293691,0
EGLD.V,D,20220217,000000,192.7756,194.9874,169.1414,172.2605,171141.91805562,0
EGLD.V,D,20220218,000000,172.0131,181.4069,163.4543,163.5681,161905.58392089,0
EGLD.V,D,20220219,000000,163.6181,167.7806,157.6388,161.8009,106030.48843743,0
EGLD.V,D,20220220,000000,161.827,162.8777,152.7663,157.5888,91423.347294874,0
EGLD.V,D,20220221,000000,157.7088,169.5247,147.7891,150.155,217607.87281572,0
EGLD.V,D,20220222,000000,150.065,154.2817,145.4727,149.2495,174271.32208974,0
EGLD.V,D,20220223,000000,149.6497,160.7403,147.994,150.06,129493.06142799,0
EGLD.V,D,20220224,000000,149.6597,149.9999,121.0805,131.8427,394275.97819852,0
EGLD.V,D,20220225,000000,131.9027,150.015,131.8896,150.005,198673.78873098,0
EGLD.V,D,20220226,000000,149.9449,152.0908,140.7463,142.2911,177966.72675625,0
EGLD.V,D,20220227,000000,141.9868,144.7479,135.054,136.6546,165230.19961829,0
EGLD.V,D,20220228,000000,136.5946,152.2809,133.1966,149.7699,227076.45946476,0
EGLD.V,D,20220301,000000,150.02,159.5998,148.4945,151.0153,234506.27768919,0
EGLD.V,D,20220302,000000,150.9353,159.0277,148.5445,153.236,131681.79364278,0
EGLD.V,D,20220303,000000,153.1059,154.5864,143.9888,147.1994,83049.753135977,0
EGLD.V,D,20220304,000000,147.1694,147.7143,130.4261,132.3797,163565.05424427,0
EGLD.V,D,20220305,000000,132.2397,139.4718,128.9887,137.4712,97363.116062118,0
EGLD.V,D,20220306,000000,137.4712,138.8116,132.0396,134.8004,52115.176000776,0
EGLD.V,D,20220307,000000,134.8204,138.0376,125.9052,130.9362,104967.70694731,0
EGLD.V,D,20220308,000000,130.9493,135.6607,129.0758,131.2162,104557.81698028,0
EGLD.V,D,20220309,000000,131.2062,146.4793,130.7431,141.4441,200149.61902343,0
EGLD.V,D,20220310,000000,141.5983,146.3085,131.8464,144.3777,290141.33334051,0
EGLD.V,D,20220311,000000,144.5478,153.0612,139.5879,140.3481,206628.78769173,0
EGLD.V,D,20220312,000000,140.2881,144.0144,138.4538,141.1241,52994.709545156,0
EGLD.V,D,20220313,000000,141.2324,142.7185,135.187,135.7607,51943.937592623,0
EGLD.V,D,20220314,000000,135.4971,144.2188,132.6865,141.5183,104311.91182086,0
EGLD.V,D,20220315,000000,141.7242,159.3678,141.5883,156.687,322164.95658397,0
EGLD.V,D,20220316,000000,156.697,168.4637,154.0462,162.8188,205755.75370082,0
EGLD.V,D,20220317,000000,162.7288,165.4696,156.2625,158.6793,73844.030399129,0
EGLD.V,D,20220318,000000,158.6693,164.8524,152.3661,158.7035,106889.06979392,0
EGLD.V,D,20220319,000000,158.6493,164.7723,157.8146,159.5038,69926.120661933,0
EGLD.V,D,20220320,000000,159.4397,169.7579,157.9489,163.6154,130521.55887921,0
EGLD.V,D,20220321,000000,163.5317,176.0704,159.8739,172.7163,183269.76857674,0
EGLD.V,D,20220322,000000,172.8991,187.545,172.156,184.2221,145870.09344927,0
EGLD.V,D,20220323,000000,184.192,193.4674,180.9704,185.3741,144611.78230831,0
EGLD.V,D,20220324,000000,185.3426,192.7971,182.9632,192.2561,164313.68912224,0
EGLD.V,D,20220325,000000,192.2061,194.9774,178.7015,181.6808,139162.10973546,0
EGLD.V,D,20220326,000000,181.7027,190.6953,177.4887,189.5858,108715.12349532,0
EGLD.V,D,20220327,000000,189.4947,197.8991,185.4327,197.629,61105.121983469,0
EGLD.V,D,20220328,000000,197.7093,214.8359,194.9379,201.5606,251215.20840645,0
EGLD.V,D,20220329,000000,201.4707,204.7018,190.4461,195.7278,132813.19573266,0
EGLD.V,D,20220330,000000,195.3676,202.6608,191.0664,197.3792,121022.9739016,0
EGLD.V,D,20220331,000000,197.3192,205.001,187.3962,188.8578,131958.32783759,0
EGLD.V,D,20220401,000000,188.9667,197.9391,178.9037,196.3689,177114.36124445,0
EGLD.V,D,20220402,000000,196.2292,201.9307,191.5074,193.9282,111898.24756806,0
EGLD.V,D,20220403,000000,193.8875,196.799,188.4265,195.3181,68574.389703382,0
EGLD.V,D,20220404,000000,195.4481,198.6694,183.6551,189.2968,92822.698574293,0
EGLD.V,D,20220405,000000,189.5379,193.248,184.5669,186.3773,60994.359354718,0
EGLD.V,D,20220406,000000,186.3473,186.4973,162.2,167.3767,144478.61846785,0
EGLD.V,D,20220407,000000,167.37,173.9174,161.33,167.7368,91343.216198133,0
EGLD.V,D,20220408,000000,167.7368,172.8846,163.299,163.4353,94300.551761517,0
EGLD.V,D,20220409,000000,163.4654,167.4802,159.6579,165.4596,60948.06852584,0
EGLD.V,D,20220410,000000,165.6997,171.5014,164.3393,169.3139,53084.57101731,0
EGLD.V,D,20220411,000000,169.2538,169.2538,148.8646,149.3448,89371.159661477,0
EGLD.V,D,20220412,000000,149.0647,159.792,148.5697,155.3666,81182.959422331,0
EGLD.V,D,20220413,000000,155.2266,160.4481,153.356,159.3878,65257.885236819,0
EGLD.V,D,20220414,000000,159.3878,163.6091,152.1156,155.4911,107190.68789383,0
EGLD.V,D,20220415,000000,155.4011,157.8516,152.5353,155.2911,47732.136450704,0
EGLD.V,D,20220416,000000,155.3011,156.2612,152.3252,155.6111,25261.453037278,0
EGLD.V,D,20220417,000000,155.7111,158.0116,153.4907,157.2514,33273.126785512,0
EGLD.V,D,20220418,000000,157.2815,158.4217,145.4145,154.3163,103867.11483205,0
EGLD.V,D,20220419,000000,154.3363,163.9528,153.6761,161.8124,147616.80182785,0
EGLD.V,D,20220420,000000,162.0024,169.4939,160.082,163.2526,229545.75833884,0
EGLD.V,D,20220421,000000,163.2626,167.6935,157.2214,157.4757,94384.704557754,0
EGLD.V,D,20220422,000000,157.4557,163.8228,153.0706,155.7456,78470.79991428,0
EGLD.V,D,20220423,000000,155.6911,156.6613,151.4503,156.1912,36767.109424014,0
EGLD.V,D,20220424,000000,156.1512,156.4713,151.0951,153.1806,54523.259948703,0
EGLD.V,D,20220425,000000,153.2606,156.3413,143.1586,156.1056,100867.68744422,0
EGLD.V,D,20220426,000000,156.2412,159.3319,144.3244,147.98,65933.938945446,0
EGLD.V,D,20220427,000000,148.0348,152.32,143.9644,149.2649,72851.017686232,0
EGLD.V,D,20220428,000000,149.2649,152.32,145.3645,147.5548,61855.550951103,0
EGLD.V,D,20220429,000000,147.63,147.7248,131.19,133.7734,125710.2514391,0
EGLD.V,D,20220430,000000,133.6134,135.7,129.27,130.073,68298.307694935,0
EGLD.V,D,20220501,000000,129.94,130.45,121.63,125.8,162175.18952718,0
EGLD.V,D,20220502,000000,125.76,130.193,122.42,125.8826,82322.469148009,0
EGLD.V,D,20220503,000000,125.98,128.99,121.8478,124.4376,83495.228805952,0
EGLD.V,D,20220504,000000,124.4076,138.23,122.7654,136.04,146997.90514062,0
EGLD.V,D,20220505,000000,136.11,140.7359,122.0756,126.1748,158800.59654197,0
EGLD.V,D,20220506,000000,126.1148,126.3347,118.2182,121.8178,104206.68132832,0
EGLD.V,D,20220507,000000,121.8778,122.9777,117.7864,117.7864,82003.082371454,0
EGLD.V,D,20220508,000000,117.8364,118.0482,112.0452,117.1348,114301.42761028,0
EGLD.V,D,20220509,000000,117.0949,117.1648,104.0492,105.9788,142625.87999773,0
EGLD.V,D,20220510,000000,106.2487,119.5222,105.4384,107.8269,163893.00656259,0
EGLD.V,D,20220511,000000,107.9768,110.035,80.0447,85.5224,318339.29302804,0
EGLD.V,D,20220512,000000,85.353,86.96076,68.76123,76.68468,276816.2043824,0
EGLD.V,D,20220513,000000,76.69237,92.60089,75.33604,87.72182,251894.43888638,0
EGLD.V,D,20220514,000000,87.71064,88.59025,84.15291,86.99931,98189.043484364,0
EGLD.V,D,20220515,000000,87.018,96.04461,85.49157,94.9564,71182.463798248,0
EGLD.V,D,20220516,000000,95.10574,96.01464,87.98429,94.26729,80656.059150265,0
EGLD.V,D,20220517,000000,94.48701,103.35546,91.65232,100.51916,109933.48414584,0
EGLD.V,D,20220518,000000,100.65897,101.74776,91.21127,93.62812,60878.521435555,0
EGLD.V,D,20220519,000000,93.75796,94.78462,87.29637,91.73817,67424.905759705,0
EGLD.V,D,20220520,000000,91.62746,93.46517,86.32359,88.82328,82143.560425349,0
EGLD.V,D,20220521,000000,88.83327,92.55025,87.66468,90.29247,49491.739477756,0
EGLD.V,D,20220522,000000,90.27249,93.23863,90.20258,90.98157,54293.7126798,0
EGLD.V,D,20220523,000000,91.07058,94.53537,89.99188,90.88081,78682.364784448,0
EGLD.V,D,20220524,000000,90.85085,91.68984,88.80221,90.99156,92234.405585927,0
EGLD.V,D,20220525,000000,91.00154,91.44014,86.75577,88.16408,68972.058283841,0
EGLD.V,D,20220526,000000,88.21402,88.29277,73.13679,74.88753,180461.90419644,0
EGLD.V,D,20220527,000000,74.86756,75.44448,65.6343,67.79214,276943.89082982,0
EGLD.V,D,20220528,000000,67.78215,70.00361,66.82899,69.10905,109244.02376308,0
EGLD.V,D,20220529,000000,69.06771,75.97329,68.6637,74.93748,152144.03701616,0
EGLD.V,D,20220530,000000,75.00665,87.90842,74.5916,85.09187,178411.79649499,0
EGLD.V,D,20220531,000000,85.11038,87.02161,80.11783,81.02513,124107.26790702,0
EGLD.V,D,20220601,000000,81.0651,86.64108,75.23223,75.24222,156972.72848816,0
EGLD.V,D,20220602,000000,75.21225,82.40577,74.30307,77.99974,194808.0240432,0
EGLD.V,D,20220603,000000,77.98975,78.98072,75.28841,77.61242,62670.724577968,0
EGLD.V,D,20220604,000000,77.61242,77.92434,75.43658,76.60174,66230.070871862,0
EGLD.V,D,20220605,000000,76.57176,77.53103,74.78039,75.42903,79089.177377496,0
EGLD.V,D,20220606,000000,75.46899,76.31743,64.19539,70.39012,761935.71625572,0
EGLD.V,D,20220607,000000,70.34086,70.47075,65.03728,67.79436,176130.81370169,0
EGLD.V,D,20220608,000000,67.85567,68.34691,65.15436,66.07702,172844.40955753,0
EGLD.V,D,20220609,000000,66.107,66.12699,60.9618,62.24767,144469.52828738,0
EGLD.V,D,20220610,000000,62.29763,62.70979,55.68649,57.30655,383975.87357157,0
EGLD.V,D,20220611,000000,57.31654,57.63653,49.26883,51.28199,468341.76247641,0
EGLD.V,D,20220612,000000,51.29197,52.86225,42.56033,45.30421,996112.92866166,0
EGLD.V,D,20220613,000000,45.33417,45.59294,37.96506,42.54079,1305197.996505,0
EGLD.V,D,20220614,000000,42.48087,46.92903,39.01296,43.62758,763107.27799475,0
EGLD.V,D,20220615,000000,43.58763,52.99164,41.36541,52.591,880242.27021887,0
EGLD.V,D,20220616,000000,52.54107,56.89734,49.05107,51.89245,746382.43368189,0
EGLD.V,D,20220617,000000,50.38986,55.38668,49.62143,52.39705,390270.08115953,0
EGLD.V,D,20220618,000000,52.437,53.51517,42.98629,45.94545,600732.86612228,0
EGLD.V,D,20220619,000000,45.92502,54.1849,43.21768,52.29193,209517.6922945,0
EGLD.V,D,20220620,000000,52.29193,58.74531,50.95367,56.08823,222872.31723983,0
EGLD.V,D,20220621,000000,56.10821,63.88964,55.32907,59.1149,325433.81068362,0
EGLD.V,D,20220622,000000,59.15486,62.21772,56.69325,58.4415,157813.03203486,0
EGLD.V,D,20220623,000000,58.49145,61.44849,57.18276,58.98096,153520.80852312,0
EGLD.V,D,20220624,000000,58.941,64.60569,58.88106,62.82096,235706.15444953,0
EGLD.V,D,20220625,000000,62.85094,64.73493,60.04854,62.72606,147963.71433931,0
EGLD.V,D,20220626,000000,62.76603,62.88721,56.80533,58.30441,173402.16524474,0
EGLD.V,D,20220627,000000,58.30441,58.76296,54.8475,56.30984,149368.47029001,0
EGLD.V,D,20220628,000000,56.39033,57.36488,52.62574,53.63395,130605.70757219,0
EGLD.V,D,20220629,000000,53.61344,53.61344,49.3433,50.91831,156704.80862276,0
EGLD.V,D,20220630,000000,50.94828,51.15802,46.20171,48.1921,157174.66841395,0
EGLD.V,D,20220701,000000,48.26202,52.43175,48.06226,51.33347,164624.37076118,0
EGLD.V,D,20220702,000000,51.35345,51.64313,48.83133,51.0187,133610.50034031,0
EGLD.V,D,20220703,000000,51.04867,52.11217,49.10116,51.14343,115551.1987584,0
EGLD.V,D,20220704,000000,51.09349,53.9352,50.07979,53.17611,104155.52174981,0
EGLD.V,D,20220705,000000,53.22605,56.00272,52.0327,54.5799,141650.88510413,0
EGLD.V,D,20220706,000000,54.58989,55.36903,53.2114,54.90953,68489.585594057,0
EGLD.V,D,20220707,000000,54.92951,57.25989,53.58562,56.35617,106072.48535936,0
EGLD.V,D,20220708,000000,56.41613,57.2399,53.08813,53.55785,90674.338033163,0
EGLD.V,D,20220709,000000,53.50788,57.06574,53.4679,56.1363,79387.95608473,0
EGLD.V,D,20220710,000000,56.11069,56.42612,51.83369,52.75833,57410.616559631,0
EGLD.V,D,20220711,000000,52.67837,52.68837,49.83012,50.98407,104476.50678025,0
EGLD.V,D,20220712,000000,50.9541,51.29379,49.19076,49.26069,135502.64713061,0
EGLD.V,D,20220713,000000,49.27265,52.56738,47.43252,51.10396,309946.26028439,0
EGLD.V,D,20220714,000000,51.12395,59.68417,51.12395,57.10572,504134.99796357,0
EGLD.V,D,20220715,000000,57.15569,60.90344,57.04575,60.12196,393847.40535868,0
EGLD.V,D,20220716,000000,60.11196,60.32793,56.83726,59.56808,212625.62960054,0
EGLD.V,D,20220717,000000,59.56808,62.6993,57.58906,58.19428,175891.88850539,0
EGLD.V,D,20220718,000000,58.28484,63.44683,57.22996,57.74672,265027.16461195,0
EGLD.V,D,20220719,000000,57.74672,62.91371,57.5354,61.2498,417935.30766789,0
EGLD.V,D,20220720,000000,61.2598,62.26498,54.44673,56.51283,425799.3838995,0
EGLD.V,D,20220721,000000,56.45282,56.79965,52.99583,55.97399,269112.41167806,0
EGLD.V,D,20220722,000000,55.97399,59.24422,54.34978,55.07211,228898.7793355,0
EGLD.V,D,20220723,000000,55.12,56.9074,53.09522,53.93024,145167.55784651,0
EGLD.V,D,20220724,000000,53.94539,56.12439,53.93539,55.44053,111785.97476811,0
EGLD.V,D,20220725,000000,55.42108,55.85117,50.8661,51.59413,203138.11030957,0
EGLD.V,D,20220726,000000,51.56412,51.59516,48.96098,49.72746,182418.54701687,0
EGLD.V,D,20220727,000000,49.68696,54.48471,49.68,53.7829,208239.19968155,0
EGLD.V,D,20220728,000000,53.84292,57.65383,53.16797,57.36147,342198.26360648,0
EGLD.V,D,20220729,000000,57.34147,58.46929,54.55963,55.95293,311219.29627384,0
EGLD.V,D,20220730,000000,55.96238,59.61145,55.48941,57.04882,310971.29519173,0
EGLD.V,D,20220731,000000,57.01938,60.11142,56.12132,58.68349,300885.97306732,0
EGLD.V,D,20220801,000000,58.68349,59.90497,56.4479,58.06741,311380.94671753,0
EGLD.V,D,20220802,000000,58.08742,59.60264,54.20192,56.4596,366892.16498864,0
EGLD.V,D,20220803,000000,56.65076,58.8906,54.68367,58.25456,201995.68195853,0
EGLD.V,D,20220804,000000,58.22746,59.26126,56.86625,57.98232,210622.54189686,0
EGLD.V,D,20220805,000000,57.98174,62.20182,57.58518,61.43167,238780.5301976,0
EGLD.V,D,20220806,000000,61.43167,66.50263,61.24163,65.63444,460757.53377072,0
EGLD.V,D,20220807,000000,65.63444,68.28956,63.88533,66.91271,294844.1670794,0
EGLD.V,D,20220808,000000,66.91271,68.78544,64.73906,65.28783,325511.30370109,0
EGLD.V,D,20220809,000000,65.29783,67.37212,61.13161,62.28245,231955.10010381,0
EGLD.V,D,20220810,000000,62.26245,69.58269,60.25626,67.16947,284024.01965617,0
EGLD.V,D,20220811,000000,67.17686,69.34188,65.84896,66.33116,216296.47228651,0
EGLD.V,D,20220812,000000,66.27113,66.33315,63.36166,65.50012,213433.90619553,0
EGLD.V,D,20220813,000000,65.53013,67.92734,64.67327,65.26544,167684.55549767,0
EGLD.V,D,20220814,000000,65.21542,66.93676,62.14429,62.84948,131191.83026406,0
EGLD.V,D,20220815,000000,62.78883,64.48676,60.58272,60.80459,146112.92090827,0
EGLD.V,D,20220816,000000,60.8152,61.95434,59.49368,60.43544,134585.37393662,0
EGLD.V,D,20220817,000000,60.45544,62.3481,57.30287,57.65404,174280.49679181,0
EGLD.V,D,20220818,000000,57.63403,58.89236,56.90512,57.54058,104026.71733956,0
EGLD.V,D,20220819,000000,57.53575,57.59576,51.24512,52.20522,221061.37442535,0
EGLD.V,D,20220820,000000,52.25261,54.28543,51.2959,52.38948,173412.31545109,0
EGLD.V,D,20220821,000000,52.34895,55.12614,52.21164,54.8589,92331.476789653,0
EGLD.V,D,20220822,000000,54.8789,55.6761,52.23634,52.88101,116313.0038421,0
EGLD.V,D,20220823,000000,52.89048,54.59017,52.29843,53.86108,89250.192202422,0
EGLD.V,D,20220824,000000,53.88461,56.46887,52.76736,55.565,123667.84746964,0
EGLD.V,D,20220825,000000,55.605,57.96522,55.03945,57.48172,158833.17497192,0
EGLD.V,D,20220826,000000,57.50173,59.24822,52.41843,52.9653,277140.1293351,0
EGLD.V,D,20220827,000000,52.94529,53.22479,50.83356,51.46154,151683.40962414,0
EGLD.V,D,20220828,000000,51.43103,52.79158,51.12642,51.32,92685.286827073,0
EGLD.V,D,20220829,000000,51.3,52.55946,49.37654,52.46367,124635.10102876,0
EGLD.V,D,20220830,000000,52.4742,55.33889,52.19574,54.08487,164879.53446978,0
EGLD.V,D,20220831,000000,54.08487,55.90503,52.65684,53.66946,129049.1603069,0
EGLD.V,D,20220901,000000,53.62946,53.71054,51.21154,52.72684,76747.385934701,0
EGLD.V,D,20220902,000000,52.72684,53.55857,51.46206,52.10782,76898.929961277,0
EGLD.V,D,20220903,000000,52.09833,52.6,50.97,51.18512,51180.475808094,0
EGLD.V,D,20220904,000000,51.08,51.72517,50.44504,51.24,56701.138917253,0
EGLD.V,D,20220905,000000,51.21,52.01,50.63,51.07511,48733.049825831,0
EGLD.V,D,20220906,000000,51.08511,52.8,48.38,49,171325.31407893,0
EGLD.V,D,20220907,000000,48.99,51.49948,48.16144,51.24256,101460.61257631,0
EGLD.V,D,20220908,000000,51.22359,52.97477,50.23201,52.68843,116765.08758679,0
EGLD.V,D,20220909,000000,52.82,54.60037,52.5063,53.67878,148297.6128473,0
EGLD.V,D,20220910,000000,53.64931,54.6635,53.24182,53.7202,130901.49581139,0
EGLD.V,D,20220911,000000,53.74075,54.50907,52.31308,52.52313,100238.99799196,0
EGLD.V,D,20220912,000000,52.48259,53.88754,51.4608,51.77035,151893.543829,0
EGLD.V,D,20220913,000000,51.73931,52.60683,48.84098,49.27099,229193.095169,0
EGLD.V,D,20220914,000000,49.20049,49.78548,48.52049,49.67341,115225.92253154,0
EGLD.V,D,20220915,000000,49.66241,50.10152,48.02943,48.83512,129762.04553108,0
EGLD.V,D,20220916,000000,48.82658,49.18,48.18518,49.04509,71444.544227911,0
EGLD.V,D,20220917,000000,49.05,51.1,48.9851,50.89509,92163.41846146,0
EGLD.V,D,20220918,000000,50.91,51.59516,47.22528,47.48,104356.36508221,0
EGLD.V,D,20220919,000000,47.40526,48.27965,46.48465,47.9996,166697.91897741,0
EGLD.V,D,20220920,000000,48.0048,48.77488,47.33947,47.71477,101904.1357071,0
EGLD.V,D,20220921,000000,47.67048,48.84,45.46,45.75458,163764.17124381,0
EGLD.V,D,20220922,000000,45.8,47.98,45.20452,47.23,120679.47802941,0
EGLD.V,D,20220923,000000,47.25,48.57,46.55,47.6,107866.24277226,0
EGLD.V,D,20220924,000000,47.59667,49.08294,47.58714,48.40387,94758.48373185,0
EGLD.V,D,20220925,000000,48.41,48.67146,46.12138,46.32,103806.18122849,0
EGLD.V,D,20220926,000000,46.3,47.0147,45.56,46.36,108086.95097741,0
EGLD.V,D,20220927,000000,46.32,48.18,46,46.55534,120944.50072974,0
EGLD.V,D,20220928,000000,46.53,47.92,44.9955,47.58,174201.44538923,0
EGLD.V,D,20220929,000000,47.65,47.83,46.65533,47.69477,121932.06454217,0
EGLD.V,D,20220930,000000,47.71,49.90998,47.51,47.57,284975.77964215,0
EGLD.V,D,20221001,000000,47.54,48.36484,46.88,47.9,95153.901698804,0
EGLD.V,D,20221002,000000,47.88,48.65487,47.12,48.53,93913.543906728,0
EGLD.V,D,20221003,000000,48.5,53.5007,47.71,52.56526,380714.04337394,0
EGLD.V,D,20221004,000000,52.57526,56.75702,51.67033,55.28658,627726.12589311,0
EGLD.V,D,20221005,000000,55.24657,56.33126,54.13541,54.18083,352502.29229418,0
EGLD.V,D,20221006,000000,54.15083,55.93062,53.83076,54.87933,204389.54663959,0
EGLD.V,D,20221007,000000,54.89933,56.36014,54.38218,55.40776,333730.69866815,0
EGLD.V,D,20221008,000000,55.36775,55.96336,53.83076,53.92402,121430.86589922,0
EGLD.V,D,20221009,000000,53.88401,56.53565,53.57339,56.36127,168623.1017522,0
EGLD.V,D,20221010,000000,56.32126,57.67423,54.84,57.21,346111.8316559,0
EGLD.V,D,20221011,000000,57.23,57.26,54.00622,55.00505,235422.14730298,0
EGLD.V,D,20221012,000000,54.99505,56.45774,54.41293,55.38166,140027.86545312,0
EGLD.V,D,20221013,000000,55.42,56.20944,50.51798,53.62429,376402.42867294,0
EGLD.V,D,20221014,000000,53.60429,54.65437,52.61053,52.93159,142878.20421508,0
EGLD.V,D,20221015,000000,52.93212,56.6934,52.93212,55.9528,235999.35805114,0
EGLD.V,D,20221016,000000,55.99,57.60115,55.61278,55.74223,161899.59833136,0
EGLD.V,D,20221017,000000,55.72279,56.96342,54.89055,56.64113,121812.93449989,0
EGLD.V,D,20221018,000000,56.64113,58.00232,56.37113,56.82227,224791.50462465,0
EGLD.V,D,20221019,000000,56.80568,57.53712,55.70167,57.29,122810.19641211,0
EGLD.V,D,20221020,000000,57.27,59.17178,55.93552,58.25417,260456.56577682,0
EGLD.V,D,20221021,000000,58.28592,58.41591,55.1589,55.47388,163498.77445701,0
EGLD.V,D,20221022,000000,55.46388,55.84391,53.88431,55.02495,126655.72393323,0
EGLD.V,D,20221023,000000,55.00495,56.10729,54.57164,56.03784,71025.168562227,0
EGLD.V,D,20221024,000000,56.06673,59.00708,56.06673,57.79231,154902.58696574,0
EGLD.V,D,20221025,000000,57.86231,58.88118,56.67586,57.21002,221610.0830809,0
EGLD.V,D,20221026,000000,57.17886,58.32399,55.92398,57.00596,158431.30461902,0
EGLD.V,D,20221027,000000,56.98595,58.5117,55.07945,55.34332,133730.28803132,0
EGLD.V,D,20221028,000000,55.37332,57.32974,54.75274,56.91252,112081.15856519,0
EGLD.V,D,20221029,000000,56.94082,58.00914,56.14684,56.55357,113586.66861954,0
EGLD.V,D,20221030,000000,56.55357,58.89825,55.99399,58.14163,159245.52147333,0
EGLD.V,D,20221031,000000,58.1222,60.40208,57.4277,58.30534,235010.41089823,0
EGLD.V,D,20221101,000000,58.3165,60.25915,58.19709,59.78402,111755.29609365,0
EGLD.V,D,20221102,000000,59.71283,61.07778,57.59712,58.95882,277390.31605481,0
EGLD.V,D,20221103,000000,58.96705,63.94169,58.81588,59.21941,420684.84728157,0
EGLD.V,D,20221104,000000,59.19941,61.83,58.43474,60.76486,264434.87300642,0
EGLD.V,D,20221105,000000,60.82487,61.49676,58.10291,58.55293,208721.21872677017,0
EGLD.V,D,20221106,000000,58.57351,58.71765,56.01616,56.2045,158737.92380599043,0
EGLD.V,D,20221107,000000,56.08449,56.21393,52.78528,53.51696,177346.78326020058,0
EGLD.V,D,20221108,000000,53.58607,54.33716,44.6324,48.89625,228158.47489980658,0
EGLD.V,D,20221109,000000,48.83607,50.25517,41.02837,41.93717,312979.2643746793,0
EGLD.V,D,20221110,000000,41.73944,52.53318,41.3204,47.92716,195948.5056532728,0
EGLD.V,D,20221111,000000,47.96537,55.39012,44.51198,45.51001,62283.66427913908,0
EGLD.V,D,20221112,000000,45.48819,46.11413,43.18213,44.57961,64354.814412256244,0
EGLD.V,D,20221113,000000,44.5297,45.00336,43.0712,43.3679,44026.417589578414,0
EGLD.V,D,20221114,000000,43.16948,46.09999,41.15817,43.97394,107154.13998640585,0
EGLD.V,D,20221115,000000,43.99171,44.64845,43.11684,43.23672,73289.5064932948,0
EGLD.V,D,20221116,000000,43.39699,44.16004,41.51761,42.15161,137305.34807802126,0
EGLD.V,D,20221117,000000,42.11784,43.57816,41.32691,43.51603,164856.47615192112,0
EGLD.V,D,20221118,000000,43.49605,44.09514,42.29258,42.70084,71750.21573636698,0
EGLD.V,D,20221119,000000,42.68086,43.1629,42.02036,42.92531,31135.09806981734,0
EGLD.V,D,20221120,000000,42.98482,43.86774,40.97242,41.13738,75240.71070736698,0
EGLD.V,D,20221121,000000,41.19728,41.94614,40.25164,40.5309,146553.15492775457,0
EGLD.V,D,20221122,000000,40.55087,41.22634,39.39872,41.19967,101489.43008983324,0
EGLD.V,D,20221123,000000,41.16971,42.18101,41.12564,42.01415,114099.92590730447,0
EGLD.V,D,20221124,000000,42.10406,43.24844,41.62376,42.89351,60387.54285803355,0
EGLD.V,D,20221125,000000,42.9035,42.93648,41.32774,42.03645,59564.81012883834,0
EGLD.V,D,20221126,000000,42.06054,44.10705,42.06054,43.27489,107504.1063883507,0
EGLD.V,D,20221127,000000,43.27445,44.33161,43.2549,43.60208,37608.9453234881,0
EGLD.V,D,20221128,000000,43.58209,43.58256,41.36682,42.2835,57194.07224265478,0
EGLD.V,D,20221129,000000,42.31391,43.03235,41.9428,42.54425,40511.56243367215,0
EGLD.V,D,20221130,000000,42.62422,43.73262,42.20662,43.70175,66280.6411132953,0
EGLD.V,D,20221201,000000,43.71175,43.99132,43.21475,43.3726,45598.91579193275,0
EGLD.V,D,20221202,000000,43.40217,43.92439,43.00516,43.74262,44756.281103984365,0
EGLD.V,D,20221203,000000,43.76263,44.21133,43.09431,43.45869,59431.69763366991,0
EGLD.V,D,20221204,000000,43.39434,43.74437,42.68854,43.22432,43672.77667658419,0
EGLD.V,D,20221205,000000,43.23432,43.96528,42.92,43.12086,87175.4140909354,0
EGLD.V,D,20221206,000000,43.17086,46.11908,43.06043,45.28909,212867.1162920252,0
EGLD.V,D,20221207,000000,45.31,45.69046,43.2487,44.05044,181530.13350111846,0
EGLD.V,D,20221208,000000,44.08,45.33453,43.69,45.29317,58962.66392238586,0
EGLD.V,D,20221209,000000,45.33317,46.59186,44.61,45.02135,131560.79657424122,0
EGLD.V,D,20221210,000000,45.0418,46.17046,44.98045,45.45955,37002.065682428685,0
EGLD.V,D,20221211,000000,45.48955,46.12184,44.71447,44.78448,39806.19481885247,0
EGLD.V,D,20221212,000000,44.80896,45.41045,43.88088,44.78358,49976.61395003292,0
EGLD.V,D,20221213,000000,44.76403,45.0727,43.66135,43.89902,82825.88437469857,0
EGLD.V,D,20221214,000000,43.89946,44.14073,42.27958,42.95301,70904.85857370736,0
EGLD.V,D,20221215,000000,42.98,42.99,41.34827,41.9542,58821.5103496043,0
EGLD.V,D,20221216,000000,41.94839,42.36,37.17372,37.9938,113237.47906430667,0
EGLD.V,D,20221217,000000,38.0538,39.43355,37.11445,38.98507,79123.39939767515,0
EGLD.V,D,20221218,000000,39.00546,39.40473,38.52424,38.98507,42553.57322903503,0
EGLD.V,D,20221219,000000,38.94506,39.26628,34.38034,35.0893,197884.25249657253,0
EGLD.V,D,20221220,000000,35.03965,36.14964,35.03965,35.74143,131830.80596812215,0
EGLD.V,D,20221221,000000,35.73143,35.97072,34.02,34.39172,80313.81153416605,0
EGLD.V,D,20221222,000000,34.40172,35.21859,34.08659,34.9844,61463.126248798006,0
EGLD.V,D,20221223,000000,35.03404,35.34434,34.59654,34.69618,29067.150186522107,0
EGLD.V,D,20221224,000000,34.67653,35.21683,34.67653,34.79791,21489.240262208627,0
EGLD.V,D,20221225,000000,34.75757,34.83826,32.84474,33.58496,81494.6050877615,0
EGLD.V,D,20221226,000000,33.56597,33.85391,33.16668,33.81324,35340.743933901584,0
EGLD.V,D,20221227,000000,33.82323,34.24178,33.45297,33.70651,54726.73395148663,0
EGLD.V,D,20221228,000000,33.72684,34.5055,32.82982,33.10212,83344.11235761334,0
EGLD.V,D,20221229,000000,33.08246,33.51022,32.88651,33.0951,52023.6936892985,0
EGLD.V,D,20221230,000000,33.09444,34.75822,32.37672,34.63467,44288.631486102786,0
EGLD.V,D,20221231,000000,34.59425,34.93792,33.11331,34.04787,37677.014406279784,0
EGLD.V,D,20230101,000000,33.99445,34.56393,33.28652,33.72978,27343.502259421086,0
EGLD.V,D,20230102,000000,33.72544,34.25679,33.58548,34.00308,68865.50720881643,0
EGLD.V,D,20230103,000000,33.98752,41.98248,33.33606,37.75097,57327.90928785938,0
EGLD.V,D,20230104,000000,37.79106,37.99759,36.01233,37.35787,102759.13209039607,0
EGLD.V,D,20230105,000000,37.34997,40.21573,36.17832,37.17251,83061.98120710441,0
EGLD.V,D,20230106,000000,37.17778,38.05807,33.62896,34.39663,122394.90477540658,0
EGLD.V,D,20230107,000000,34.40859,34.63016,33.81907,34.03823,33400.920365222635,0
EGLD.V,D,20230108,000000,34.05772,34.91512,33.7686,34.82762,51487.12126342488,0
EGLD.V,D,20230109,000000,34.81973,37.2349,34.76056,35.15295,349274.1709931927,0
EGLD.V,D,20230110,000000,35.14965,35.74427,34.30648,35.33335,153343.66265540084,0
EGLD.V,D,20230111,000000,35.33385,36.01004,34.61446,35.92017,93853.63076356631,0
EGLD.V,D,20230112,000000,35.95412,42.40606,35.25295,37.47665,153852.6787133493,0
EGLD.V,D,20230113,000000,37.43337,39.3159,37.16963,38.77349,116843.38687845724,0
EGLD.V,D,20230114,000000,38.82229,42.75599,38.79388,40.48202,284953.7898141114,0
EGLD.V,D,20230115,000000,40.50405,41.22278,38.80388,41.0519,145296.37249995756,0
EGLD.V,D,20230116,000000,41.0123,42.16644,39.00273,40.1608,129201.93305751229,0
EGLD.V,D,20230117,000000,40.1608,41.7946,39.60238,40.86409,101928.098717204,0
EGLD.V,D,20230118,000000,40.86409,43.33303,38.12657,39.62762,294531.3102941789,0
EGLD.V,D,20230119,000000,39.57802,40.77959,38.95,40.62837,81760.5869787845,0
EGLD.V,D,20230120,000000,40.65457,42.67853,40.205,42.52723,146129.31059778534,0
EGLD.V,D,20230121,000000,42.53766,43.81789,41.81839,42.80856,158375.74639085124,0
EGLD.V,D,20230122,000000,42.71641,44.51668,42.17717,43.42825,143577.20655447093,0
EGLD.V,D,20230123,000000,43.40825,44.73537,43.3039,44.20707,120914.32383565635,0
EGLD.V,D,20230124,000000,44.23663,44.78716,41.55665,41.94084,92952.0984342956,0
EGLD.V,D,20230125,000000,41.97126,43.83833,40.62772,42.62682,117717.15178036843,0
EGLD.V,D,20230126,000000,42.58724,44.53623,42.52723,43.58392,117765.04694476708,0
EGLD.V,D,20230127,000000,43.56392,45.23724,42.51978,44.34172,159319.2678642511,0
EGLD.V,D,20230128,000000,44.38686,45.89147,44.0997,44.36887,82208.0816734498,0
EGLD.V,D,20230129,000000,44.32796,45.44454,44.14865,45.10015,61683.52927771872,0
EGLD.V,D,20230130,000000,45.11476,45.39422,41.53178,41.87383,127428.42834935867,0
EGLD.V,D,20230131,000000,41.85293,43.41256,41.79334,43.06778,57971.9160188392,0
EGLD.V,D,20230201,000000,43.07462,44.37856,41.17411,44.02314,134677.59294588372,0
EGLD.V,D,20230202,000000,44.10221,46.98517,43.83052,45.5682,240894.60276319875,0
EGLD.V,D,20230203,000000,45.4991,46.25648,44.16751,45.72366,149404.44081140775,0
EGLD.V,D,20230204,000000,45.78366,47.23582,45.35997,46.73184,158279.45214839425,0
EGLD.V,D,20230205,000000,46.72114,47.06734,44.5099,45.40725,95791.90630472754,0
EGLD.V,D,20230206,000000,45.32948,45.7021,44.13715,44.31917,68992.8995379515,0
EGLD.V,D,20230207,000000,44.30767,46.86317,43.3862,46.79118,153742.63939014668,0
EGLD.V,D,20230208,000000,46.80281,48.23434,45.19497,46.2037,140172.93129894236,0
EGLD.V,D,20230209,000000,46.05276,46.46768,41.00943,41.38372,76779.24769024547,0
EGLD.V,D,20230210,000000,41.50415,43.49044,41.31413,42.63639,70995.1935244604,0
EGLD.V,D,20230211,000000,42.6485,44.51725,42.37526,44.32933,58777.249169697454,0
EGLD.V,D,20230212,000000,44.33223,44.90064,43.10683,43.83621,59511.20197792499,0
EGLD.V,D,20230213,000000,43.81318,44.10499,40.64496,41.37795,197196.4848115498,0
EGLD.V,D,20230214,000000,41.35273,44.41732,41.00581,44.14809,179977.18422886354,0
EGLD.V,D,20230215,000000,44.19856,46.56698,43.81708,46.19878,177553.18309316237,0
EGLD.V,D,20230216,000000,46.25833,54.32543,45.79412,47.02504,1002178.6377863244,0
EGLD.V,D,20230217,000000,47.04599,49.91699,46.82562,49.59496,293469.25886643154,0
EGLD.V,D,20230218,000000,49.59496,53.55964,49.20492,52.33837,288288.1776318569,0
EGLD.V,D,20230219,000000,52.37838,53.39014,50.05851,51.40131,175345.06764090323,0
EGLD.V,D,20230220,000000,51.40182,53.89485,50.21506,52.79211,255878.97737032207,0
EGLD.V,D,20230221,000000,52.75211,54.21922,50.62012,51.20922,245471.615286515,0
EGLD.V,D,20230222,000000,51.1987,51.89623,48.17723,49.57397,91015.74774466454,0
EGLD.V,D,20230223,000000,49.5695,50.84458,49.00539,49.92649,107523.96515235894,0
EGLD.V,D,20230224,000000,49.91699,51.44029,47.63572,48.05904,190293.8077784578,0
EGLD.V,D,20230225,000000,48.06904,49.0549,46.58466,48.16337,140969.09439769087,0
EGLD.V,D,20230226,000000,48.14337,50.064,47.78287,49.66298,132959.17096887276,0
EGLD.V,D,20230227,000000,49.65298,50.0015,47.7443,48.57243,196444.58269264823,0
EGLD.V,D,20230228,000000,48.58243,50.68051,47.65048,48.15963,359969.4917123937,0
EGLD.V,D,20230301,000000,48.12914,49.70348,47.8867,48.5063,208527.77729427934,0
EGLD.V,D,20230302,000000,48.5063,48.65632,45.51681,46.29417,142014.51176677094,0
EGLD.V,D,20230303,000000,46.2818,46.29527,41.29357,43.21259,324381.55470367183,0
EGLD.V,D,20230304,000000,43.19346,43.65393,41.72419,42.54008,99547.98402432974,0
EGLD.V,D,20230305,000000,42.54058,43.88933,42.42152,43.29446,112938.64164305417,0
EGLD.V,D,20230306,000000,43.28449,44.06954,42.46787,43.90527,135636.57784329102,0
EGLD.V,D,20230307,000000,43.91121,44.24986,41.32446,41.69322,195404.43769520984,0
EGLD.V,D,20230308,000000,41.69322,42.18707,39.24784,39.66461,138546.55309606215,0
EGLD.V,D,20230309,000000,39.74033,40.32879,37.137,37.73617,155581.64531735776,0
EGLD.V,D,20230310,000000,37.62216,38.67039,36.05702,38.46837,180195.7984691986,0
EGLD.V,D,20230311,000000,38.48768,39.54005,36.603,37.86253,206395.26070933088,0
EGLD.V,D,20230312,000000,37.95883,40.85905,37.94876,40.4236,130892.33617741,0
EGLD.V,D,20230313,000000,40.50234,43.66724,40.49322,43.16906,191861.88878012233,0
EGLD.V,D,20230314,000000,43.18038,45.27155,41.80654,43.63062,173981.7422606647,0
EGLD.V,D,20230315,000000,43.63623,44.55518,39.82717,40.53483,168484.13265531702,0
EGLD.V,D,20230316,000000,40.49005,41.67564,40.05028,40.9122,96951.57192380258,0
EGLD.V,D,20230317,000000,40.95993,43.8379,40.25567,43.63177,113585.77564002038,0
EGLD.V,D,20230318,000000,43.83404,46.18913,43.06155,43.63719,157623.77353086934,0
EGLD.V,D,20230319,000000,43.59998,44.90792,42.84793,43.97615,82411.79930162666,0
EGLD.V,D,20230320,000000,43.97075,48.02409,42.59902,46.73998,311831.3540617567,0
EGLD.V,D,20230321,000000,46.64965,50.07603,40.74535,44.43129,905012.5820475142,0
EGLD.V,D,20230322,000000,44.45135,44.86534,40.6687,42.12511,283166.5987646246,0
EGLD.V,D,20230323,000000,42.11508,44.25697,41.73237,43.3905,119665.91348689697,0
EGLD.V,D,20230324,000000,43.4698,44.45037,41.8026,42.18593,164395.89691548378,0
EGLD.V,D,20230325,000000,42.21681,42.83134,41.5469,41.9006,53006.73708794694,0
EGLD.V,D,20230326,000000,41.85056,43.01868,41.83054,42.60809,45801.719372071064,0
EGLD.V,D,20230327,000000,42.65687,43.00309,40.52551,41.24938,72240.87495551186,0
EGLD.V,D,20230328,000000,41.23937,42.35143,40.65626,41.87633,73656.55514054147,0
EGLD.V,D,20230329,000000,41.8163,44.55158,41.79629,44.50801,150442.44350818393,0
EGLD.V,D,20230330,000000,44.51335,44.52335,41.65791,42.2314,245269.18579296194,0
EGLD.V,D,20230331,000000,42.20139,42.92974,41.53246,42.45849,82591.54540058745,0
EGLD.V,D,20230401,000000,42.46892,43.16251,42.11483,42.40526,74898.3032978452,0
EGLD.V,D,20230402,000000,42.39568,42.878,40.42747,40.79569,148676.7110674719,0
EGLD.V,D,20230403,000000,40.77527,41.30239,39.57831,40.40616,176962.1949938773,0
EGLD.V,D,20230404,000000,40.40616,41.59746,40.24368,41.54118,85425.6656675316,0
EGLD.V,D,20230405,000000,41.5912,42.55361,41.16523,42.27521,85623.48497260139,0
EGLD.V,D,20230406,000000,42.26521,42.80856,41.06601,41.25443,142852.34379886618,0
EGLD.V,D,20230407,000000,41.22484,41.70584,40.54634,40.67007,58088.55188986287,0
EGLD.V,D,20230408,000000,40.67007,41.21801,40.33063,40.38574,54595.82791708611,0
EGLD.V,D,20230409,000000,40.37574,40.8449,39.84349,40.69562,60391.21160434028,0
EGLD.V,D,20230410,000000,40.67845,41.57448,39.60573,41.50401,101421.5199302303,0
EGLD.V,D,20230411,000000,41.51401,41.76005,40.70498,41.00055,134565.8191793052,0
EGLD.V,D,20230412,000000,40.99054,41.05569,39.67399,40.63167,55762.88967727033,0
EGLD.V,D,20230413,000000,40.6813,41.86642,40.36468,41.39971,84173.2874718853,0
EGLD.V,D,20230414,000000,41.37927,43.78894,41.29331,42.96563,168202.636721989,0
EGLD.V,D,20230415,000000,42.9652,44.03476,42.25631,43.29893,88107.71624361273,0
EGLD.V,D,20230416,000000,43.29893,43.7798,42.7972,43.57961,67041.3300822959,0
EGLD.V,D,20230417,000000,43.57961,43.82059,42.07826,43.65618,105119.54073637915,0
EGLD.V,D,20230418,000000,43.66575,44.61096,42.02932,43.5074,288105.89250643353,0
EGLD.V,D,20230419,000000,43.49696,43.97187,39.04511,40.00039,187781.2795182349,0
