<TICKER>,<PER>,<DATE>,<TIME>,<OPEN>,<HIGH>,<LOW>,<CLOSE>,<VOL>,<OPENINT>
FTT.V,D,20190807,000000,2.16,2.289,2.16,2.232,0,0
FTT.V,D,20190808,000000,2.232,2.774,2.168,2.252,0,0
FTT.V,D,20190809,000000,2.252,2.252,1.86,1.881,0,0
FTT.V,D,20190810,000000,1.881,1.918,1.714,1.8,0,0
FTT.V,D,20190811,000000,1.8,1.939,1.74,1.842,0,0
FTT.V,D,20190812,000000,1.842,1.919,1.755,1.918,0,0
FTT.V,D,20190813,000000,1.918,1.918,1.718,1.72,0,0
FTT.V,D,20190814,000000,1.72,1.72,1.421,1.546,0,0
FTT.V,D,20190815,000000,1.546,1.589,1.184,1.24,0,0
FTT.V,D,20190816,000000,1.24,1.67,1.166,1.607,0,0
FTT.V,D,20190817,000000,1.607,1.607,1.422,1.459,0,0
FTT.V,D,20190818,000000,1.459,1.609,1.458,1.588,0,0
FTT.V,D,20190819,000000,1.588,1.68,1.42,1.422,0,0
FTT.V,D,20190820,000000,1.422,1.452,1.386,1.386,0,0
FTT.V,D,20190821,000000,1.386,1.386,1.243,1.263,0,0
FTT.V,D,20190822,000000,1.263,1.308,1.208,1.231,0,0
FTT.V,D,20190823,000000,1.231,1.366,1.231,1.268,0,0
FTT.V,D,20190824,000000,1.268,1.347,1.228,1.312,0,0
FTT.V,D,20190825,000000,1.312,1.353,1.268,1.275,0,0
FTT.V,D,20190826,000000,1.275,1.318,1.252,1.288,0,0
FTT.V,D,20190827,000000,1.288,1.307,1.236,1.236,0,0
FTT.V,D,20190828,000000,1.236,1.245,1.131,1.212,0,0
FTT.V,D,20190829,000000,1.212,1.222,1.151,1.152,0,0
FTT.V,D,20190830,000000,1.152,1.2,1.147,1.152,0,0
FTT.V,D,20190831,000000,1.152,1.169,1.135,1.161,0,0
FTT.V,D,20190901,000000,1.161,1.185,1.158,1.17,0,0
FTT.V,D,20190902,000000,1.17,1.248,1.121,1.178,0,0
FTT.V,D,20190903,000000,1.178,1.219,1.174,1.177,0,0
FTT.V,D,20190904,000000,1.177,1.208,1.166,1.18,0,0
FTT.V,D,20190905,000000,1.18,1.18,1.139,1.149,0,0
FTT.V,D,20190906,000000,1.149,1.186,1.098,1.162,0,0
FTT.V,D,20190907,000000,1.162,1.208,1.162,1.206,0,0
FTT.V,D,20190908,000000,1.206,1.243,1.186,1.239,0,0
FTT.V,D,20190909,000000,1.239,1.306,1.218,1.238,0,0
FTT.V,D,20190910,000000,1.238,1.284,1.198,1.243,0,0
FTT.V,D,20190911,000000,1.243,1.254,1.176,1.236,0,0
FTT.V,D,20190912,000000,1.236,1.281,1.233,1.234,0,0
FTT.V,D,20190913,000000,1.234,1.255,1.192,1.221,0,0
FTT.V,D,20190914,000000,1.221,1.307,1.21,1.232,0,0
FTT.V,D,20190915,000000,1.232,1.264,1.225,1.262,0,0
FTT.V,D,20190916,000000,1.262,1.305,1.232,1.258,0,0
FTT.V,D,20190917,000000,1.258,1.307,1.24,1.294,0,0
FTT.V,D,20190918,000000,1.294,1.321,1.282,1.289,0,0
FTT.V,D,20190919,000000,1.289,1.392,1.285,1.305,0,0
FTT.V,D,20190920,000000,1.305,1.33,1.286,1.323,0,0
FTT.V,D,20190921,000000,1.323,1.339,1.287,1.311,0,0
FTT.V,D,20190922,000000,1.311,1.348,1.301,1.31,0,0
FTT.V,D,20190923,000000,1.31,1.31,1.243,1.277,0,0
FTT.V,D,20190924,000000,1.277,1.367,1.079,1.266,0,0
FTT.V,D,20190925,000000,1.266,1.27,1.194,1.248,0,0
FTT.V,D,20190926,000000,1.248,1.264,1.176,1.229,0,0
FTT.V,D,20190927,000000,1.229,1.325,1.229,1.278,0,0
FTT.V,D,20190928,000000,1.278,1.316,1.252,1.262,0,0
FTT.V,D,20190929,000000,1.262,1.306,1.233,1.283,0,0
FTT.V,D,20190930,000000,1.283,1.374,1.26,1.286,0,0
FTT.V,D,20191001,000000,1.286,1.306,1.239,1.3,0,0
FTT.V,D,20191002,000000,1.3,1.331,1.297,1.298,0,0
FTT.V,D,20191003,000000,1.298,1.325,1.271,1.305,0,0
FTT.V,D,20191004,000000,1.305,1.332,1.291,1.324,0,0
FTT.V,D,20191005,000000,1.324,1.342,1.313,1.325,0,0
FTT.V,D,20191006,000000,1.325,1.325,1.264,1.304,0,0
FTT.V,D,20191007,000000,1.304,1.372,1.269,1.297,0,0
FTT.V,D,20191008,000000,1.297,1.358,1.275,1.345,0,0
FTT.V,D,20191009,000000,1.345,1.473,1.345,1.428,0,0
FTT.V,D,20191010,000000,1.428,1.441,1.356,1.358,0,0
FTT.V,D,20191011,000000,1.358,1.405,1.302,1.386,0,0
FTT.V,D,20191012,000000,1.386,1.394,1.366,1.38,0,0
FTT.V,D,20191013,000000,1.38,1.38,1.331,1.357,0,0
FTT.V,D,20191014,000000,1.357,1.398,1.357,1.37,0,0
FTT.V,D,20191015,000000,1.37,1.435,1.334,1.39,0,0
FTT.V,D,20191016,000000,1.39,1.407,1.165,1.356,0,0
FTT.V,D,20191017,000000,1.356,1.378,1.318,1.349,0,0
FTT.V,D,20191018,000000,1.349,1.362,1.31,1.317,0,0
FTT.V,D,20191019,000000,1.317,1.344,1.296,1.338,0,0
FTT.V,D,20191020,000000,1.338,1.417,1.337,1.356,0,0
FTT.V,D,20191021,000000,1.356,1.359,1.307,1.328,0,0
FTT.V,D,20191022,000000,1.328,1.33,1.286,1.327,0,0
FTT.V,D,20191023,000000,1.327,1.327,1.224,1.246,0,0
FTT.V,D,20191024,000000,1.246,1.285,1.226,1.246,0,0
FTT.V,D,20191025,000000,1.246,1.497,1.246,1.302,0,0
FTT.V,D,20191026,000000,1.302,1.399,1.251,1.324,0,0
FTT.V,D,20191027,000000,1.324,1.408,1.324,1.4,0,0
FTT.V,D,20191028,000000,1.4,1.4,1.33,1.379,0,0
FTT.V,D,20191029,000000,1.379,1.5,1.379,1.466,0,0
FTT.V,D,20191030,000000,1.466,1.466,1.386,1.402,0,0
FTT.V,D,20191031,000000,1.402,1.418,1.374,1.385,0,0
FTT.V,D,20191101,000000,1.385,1.411,1.375,1.379,0,0
FTT.V,D,20191102,000000,1.379,1.396,1.379,1.384,0,0
FTT.V,D,20191103,000000,1.384,1.384,1.348,1.362,0,0
FTT.V,D,20191104,000000,1.362,1.392,1.357,1.367,0,0
FTT.V,D,20191105,000000,1.367,1.367,1.307,1.326,0,0
FTT.V,D,20191106,000000,1.326,1.358,1.312,1.335,0,0
FTT.V,D,20191107,000000,1.335,1.374,1.31,1.357,0,0
FTT.V,D,20191108,000000,1.357,1.357,1.276,1.32,0,0
FTT.V,D,20191109,000000,1.32,1.341,1.304,1.341,0,0
FTT.V,D,20191110,000000,1.341,1.4,1.341,1.398,0,0
FTT.V,D,20191111,000000,1.398,1.415,1.346,1.362,0,0
FTT.V,D,20191112,000000,1.362,1.405,1.36,1.383,0,0
FTT.V,D,20191113,000000,1.383,1.421,1.376,1.403,0,0
FTT.V,D,20191114,000000,1.403,1.439,1.376,1.43,0,0
FTT.V,D,20191115,000000,1.43,1.532,1.4,1.479,0,0
FTT.V,D,20191116,000000,1.479,1.498,1.471,1.474,0,0
FTT.V,D,20191117,000000,1.474,1.485,1.454,1.475,0,0
FTT.V,D,20191118,000000,1.475,1.475,1.399,1.427,0,0
FTT.V,D,20191119,000000,1.427,1.458,1.412,1.433,0,0
FTT.V,D,20191120,000000,1.433,1.437,1.404,1.426,0,0
FTT.V,D,20191121,000000,1.426,1.452,1.34,1.419,0,0
FTT.V,D,20191122,000000,1.419,1.503,1.339,1.404,0,0
FTT.V,D,20191123,000000,1.404,1.448,1.404,1.408,0,0
FTT.V,D,20191124,000000,1.408,1.409,1.326,1.403,0,0
FTT.V,D,20191125,000000,1.403,1.537,1.391,1.399,0,0
FTT.V,D,20191126,000000,1.399,1.415,1.379,1.397,0,0
FTT.V,D,20191127,000000,1.397,1.532,1.397,1.457,0,0
FTT.V,D,20191128,000000,1.457,1.579,1.424,1.441,0,0
FTT.V,D,20191129,000000,1.441,1.514,1.441,1.504,0,0
FTT.V,D,20191130,000000,1.504,1.504,1.461,1.478,0,0
FTT.V,D,20191201,000000,1.478,1.48,1.44,1.477,0,0
FTT.V,D,20191202,000000,1.477,1.522,1.456,1.497,0,0
FTT.V,D,20191203,000000,1.497,1.578,1.493,1.556,0,0
FTT.V,D,20191204,000000,1.556,1.795,1.528,1.79,0,0
FTT.V,D,20191205,000000,1.79,1.952,1.79,1.912,0,0
FTT.V,D,20191206,000000,1.912,2.013,1.912,1.973,0,0
FTT.V,D,20191207,000000,1.973,1.994,1.933,1.934,0,0
FTT.V,D,20191208,000000,1.934,1.944,1.788,1.845,0,0
FTT.V,D,20191209,000000,1.845,1.845,1.794,1.828,0,0
FTT.V,D,20191210,000000,1.828,1.828,1.736,1.743,0,0
FTT.V,D,20191211,000000,1.743,1.743,1.696,1.736,0,0
FTT.V,D,20191212,000000,1.736,1.862,1.733,1.845,0,0
FTT.V,D,20191213,000000,1.845,1.932,1.845,1.906,0,0
FTT.V,D,20191214,000000,1.906,1.906,1.843,1.866,0,0
FTT.V,D,20191215,000000,1.866,1.906,1.866,1.879,0,0
FTT.V,D,20191216,000000,1.879,1.922,1.814,1.859,0,0
FTT.V,D,20191217,000000,1.859,1.859,1.779,1.814,0,0
FTT.V,D,20191218,000000,1.814,2.064,1.814,1.9,0,0
FTT.V,D,20191219,000000,1.9,2.05,1.861,2.044,0,0
FTT.V,D,20191220,000000,2.044,2.244,2.044,2.16,0,0
FTT.V,D,20191221,000000,2.16,2.16,2.136,2.154,0,0
FTT.V,D,20191222,000000,2.154,2.291,2.154,2.282,0,0
FTT.V,D,20191223,000000,2.282,2.282,2.175,2.191,0,0
FTT.V,D,20191224,000000,2.191,2.191,2.118,2.161,0,0
FTT.V,D,20191225,000000,2.161,2.162,2.121,2.138,0,0
FTT.V,D,20191226,000000,2.138,2.156,2.123,2.141,0,0
FTT.V,D,20191227,000000,2.141,2.193,2.141,2.152,0,0
FTT.V,D,20191228,000000,2.152,2.185,2.152,2.181,0,0
FTT.V,D,20191229,000000,2.181,2.221,2.181,2.211,0,0
FTT.V,D,20191230,000000,2.211,2.211,2.148,2.158,0,0
FTT.V,D,20191231,000000,2.158,2.158,2.138,2.141,0,0
FTT.V,D,20200101,000000,2.141,2.152,2.132,2.142,0,0
FTT.V,D,20200102,000000,2.142,2.157,2.072,2.142,0,0
FTT.V,D,20200103,000000,2.142,2.286,2.142,2.206,0,0
FTT.V,D,20200104,000000,2.206,2.216,2.168,2.17,0,0
FTT.V,D,20200105,000000,2.17,2.176,2.102,2.14,0,0
FTT.V,D,20200106,000000,2.14,2.26,2.14,2.184,0,0
FTT.V,D,20200107,000000,2.184,2.304,2.14,2.163,0,0
FTT.V,D,20200108,000000,2.163,2.196,2.043,2.176,0,0
FTT.V,D,20200109,000000,2.176,2.176,2.089,2.159,0,0
FTT.V,D,20200110,000000,2.159,2.279,2.159,2.232,0,0
FTT.V,D,20200111,000000,2.232,2.232,2.083,2.144,0,0
FTT.V,D,20200112,000000,2.144,2.21,2.133,2.183,0,0
FTT.V,D,20200113,000000,2.183,2.249,2.146,2.151,0,0
FTT.V,D,20200114,000000,2.151,2.342,2.151,2.174,0,0
FTT.V,D,20200115,000000,2.174,2.365,2.169,2.363,0,0
FTT.V,D,20200116,000000,2.363,2.4,2.313,2.398,0,0
FTT.V,D,20200117,000000,2.398,2.472,2.375,2.38,0,0
FTT.V,D,20200118,000000,2.38,2.392,2.356,2.377,0,0
FTT.V,D,20200119,000000,2.377,2.383,2.274,2.284,0,0
FTT.V,D,20200120,000000,2.284,2.284,2.226,2.264,0,0
FTT.V,D,20200121,000000,2.264,2.357,2.264,2.343,0,0
FTT.V,D,20200122,000000,2.343,2.343,2.294,2.318,0,0
FTT.V,D,20200123,000000,2.318,2.318,2.174,2.228,0,0
FTT.V,D,20200124,000000,2.228,2.266,2.228,2.259,0,0
FTT.V,D,20200125,000000,2.259,2.259,2.21,2.216,0,0
FTT.V,D,20200126,000000,2.216,2.293,2.216,2.287,0,0
FTT.V,D,20200127,000000,2.287,2.395,2.287,2.37,0,0
FTT.V,D,20200128,000000,2.37,2.505,2.37,2.446,0,0
FTT.V,D,20200129,000000,2.446,2.446,2.34,2.345,0,0
FTT.V,D,20200130,000000,2.345,2.426,2.345,2.401,0,0
FTT.V,D,20200131,000000,2.401,2.401,2.336,2.369,0,0
FTT.V,D,20200201,000000,2.369,2.382,2.34,2.347,0,0
FTT.V,D,20200202,000000,2.347,2.351,2.308,2.319,0,0
FTT.V,D,20200203,000000,2.319,2.33,2.257,2.298,0,0
FTT.V,D,20200204,000000,2.298,2.298,2.216,2.239,0,0
FTT.V,D,20200205,000000,2.239,2.381,2.239,2.341,0,0
FTT.V,D,20200206,000000,2.341,2.416,2.341,2.406,0,0
FTT.V,D,20200207,000000,2.406,2.45,2.361,2.38,0,0
FTT.V,D,20200208,000000,2.38,2.41,2.38,2.383,0,0
FTT.V,D,20200209,000000,2.383,2.447,2.383,2.409,0,0
FTT.V,D,20200210,000000,2.409,2.54,2.312,2.493,0,0
FTT.V,D,20200211,000000,2.493,2.619,2.493,2.567,0,0
FTT.V,D,20200212,000000,2.567,2.61,2.557,2.576,0,0
FTT.V,D,20200213,000000,2.576,2.576,2.455,2.519,0,0
FTT.V,D,20200214,000000,2.519,2.583,2.515,2.57,0,0
FTT.V,D,20200215,000000,2.57,2.57,2.447,2.521,0,0
FTT.V,D,20200216,000000,2.521,3.561,2.52,2.961,0,0
FTT.V,D,20200217,000000,2.961,2.961,2.568,2.732,0,0
FTT.V,D,20200218,000000,2.732,2.913,2.732,2.852,0,0
FTT.V,D,20200219,000000,2.852,2.852,2.618,2.662,0,0
FTT.V,D,20200220,000000,2.662,2.676,2.594,2.626,0,0
FTT.V,D,20200221,000000,2.626,2.71,2.626,2.69,0,0
FTT.V,D,20200222,000000,2.69,2.69,2.664,2.677,0,0
FTT.V,D,20200223,000000,2.677,2.775,2.677,2.764,0,0
FTT.V,D,20200224,000000,2.764,2.764,2.583,2.633,0,0
FTT.V,D,20200225,000000,2.633,2.633,2.442,2.465,0,0
FTT.V,D,20200226,000000,2.465,2.465,2.169,2.285,0,0
FTT.V,D,20200227,000000,2.285,2.455,2.283,2.448,0,0
FTT.V,D,20200228,000000,2.448,2.631,2.42,2.631,0,0
FTT.V,D,20200229,000000,2.631,2.635,2.574,2.583,0,0
FTT.V,D,20200301,000000,2.583,2.604,2.538,2.562,0,0
FTT.V,D,20200302,000000,2.562,2.716,2.562,2.688,0,0
FTT.V,D,20200303,000000,2.688,2.688,2.632,2.643,0,0
FTT.V,D,20200304,000000,2.643,2.68,2.633,2.651,0,0
FTT.V,D,20200305,000000,2.651,2.773,2.651,2.725,0,0
FTT.V,D,20200306,000000,2.725,2.813,2.725,2.813,0,0
FTT.V,D,20200307,000000,2.813,2.813,2.675,2.689,0,0
FTT.V,D,20200308,000000,2.689,2.689,2.351,2.443,0,0
FTT.V,D,20200309,000000,2.443,2.502,2.365,2.413,0,0
FTT.V,D,20200310,000000,2.413,2.459,2.354,2.451,0,0
FTT.V,D,20200311,000000,2.451,2.478,2.361,2.403,0,0
FTT.V,D,20200312,000000,2.403,2.403,1.443,2.101,0,0
FTT.V,D,20200313,000000,2.101,2.896,1.939,2.082,0,0
FTT.V,D,20200314,000000,2.082,2.082,1.905,2.03,0,0
FTT.V,D,20200315,000000,2.03,2.124,2.03,2.088,0,0
FTT.V,D,20200316,000000,2.088,2.27,1.952,2.026,0,0
FTT.V,D,20200317,000000,2.026,2.181,2.026,2.109,0,0
FTT.V,D,20200318,000000,2.109,2.197,2.109,2.125,0,0
FTT.V,D,20200319,000000,2.125,2.457,2.125,2.431,0,0
FTT.V,D,20200320,000000,2.431,2.453,2.316,2.374,0,0
FTT.V,D,20200321,000000,2.374,2.39,2.358,2.386,0,0
FTT.V,D,20200322,000000,2.386,2.386,2.221,2.231,0,0
FTT.V,D,20200323,000000,2.231,2.498,2.231,2.462,0,0
FTT.V,D,20200324,000000,2.462,2.565,2.462,2.5,0,0
FTT.V,D,20200325,000000,2.5,2.5,2.462,2.465,0,0
FTT.V,D,20200326,000000,2.465,2.529,2.465,2.517,0,0
FTT.V,D,20200327,000000,2.517,2.517,2.334,2.351,0,0
FTT.V,D,20200328,000000,2.351,2.351,2.298,2.316,0,0
FTT.V,D,20200329,000000,2.316,2.316,2.17,2.185,0,0
FTT.V,D,20200330,000000,2.185,2.404,2.185,2.399,0,0
FTT.V,D,20200331,000000,2.399,2.423,2.397,2.404,0,0
FTT.V,D,20200401,000000,2.404,2.506,2.404,2.454,0,0
FTT.V,D,20200402,000000,2.454,2.518,2.454,2.485,0,0
FTT.V,D,20200403,000000,2.485,2.486,2.461,2.485,0,0
FTT.V,D,20200404,000000,2.485,2.567,2.485,2.543,0,0
FTT.V,D,20200405,000000,2.543,2.543,2.507,2.516,0,0
FTT.V,D,20200406,000000,2.516,2.79,2.516,2.785,0,0
FTT.V,D,20200407,000000,2.785,2.785,2.656,2.671,0,0
FTT.V,D,20200408,000000,2.671,2.761,2.671,2.749,0,0
FTT.V,D,20200409,000000,2.749,2.749,2.695,2.729,0,0
FTT.V,D,20200410,000000,2.73,2.732,2.479,2.545,0,0
FTT.V,D,20200411,000000,2.545,2.57,2.492,2.524,0,0
FTT.V,D,20200412,000000,2.525,2.666,2.504,2.641,0,0
FTT.V,D,20200413,000000,2.641,2.65,2.445,2.566,0,0
FTT.V,D,20200414,000000,2.566,2.683,2.563,2.617,0,0
FTT.V,D,20200415,000000,2.618,2.655,2.542,2.563,0,0
FTT.V,D,20200416,000000,2.563,2.72,2.441,2.707,0,0
FTT.V,D,20200417,000000,2.707,2.743,2.666,2.693,0,0
FTT.V,D,20200418,000000,2.693,2.803,2.693,2.788,0,0
FTT.V,D,20200419,000000,2.788,2.827,2.71,2.774,0,0
FTT.V,D,20200420,000000,2.773,2.799,2.561,2.605,0,0
FTT.V,D,20200421,000000,2.604,2.638,2.564,2.609,0,0
FTT.V,D,20200422,000000,2.609,2.732,2.573,2.701,0,0
FTT.V,D,20200423,000000,2.7,2.894,2.672,2.832,0,0
FTT.V,D,20200424,000000,2.831,2.834,2.765,2.797,0,0
FTT.V,D,20200425,000000,2.794,2.893,2.771,2.819,0,0
FTT.V,D,20200426,000000,2.819,2.881,2.805,2.84,0,0
FTT.V,D,20200427,000000,2.841,2.895,2.809,2.86,0,0
FTT.V,D,20200428,000000,2.86,2.903,2.852,2.877,0,0
FTT.V,D,20200429,000000,2.876,3.206,2.871,3.165,0,0
FTT.V,D,20200430,000000,3.165,3.355,3.018,3.133,0,0
FTT.V,D,20200501,000000,3.132,3.243,3.079,3.183,0,0
FTT.V,D,20200502,000000,3.184,3.214,3.153,3.194,0,0
FTT.V,D,20200503,000000,3.193,3.271,3.102,3.145,0,0
FTT.V,D,20200504,000000,3.144,3.176,3.001,3.15,0,0
FTT.V,D,20200505,000000,3.153,3.205,3.092,3.15,0,0
FTT.V,D,20200506,000000,3.15,3.258,3.067,3.098,0,0
FTT.V,D,20200507,000000,3.098,3.206,2.983,3.175,0,0
FTT.V,D,20200508,000000,3.175,3.204,3.095,3.16,0,0
FTT.V,D,20200509,000000,3.161,3.162,3.021,3.039,0,0
FTT.V,D,20200510,000000,3.038,3.056,2.674,2.748,0,0
FTT.V,D,20200511,000000,2.747,2.845,2.592,2.716,0,0
FTT.V,D,20200512,000000,2.716,2.863,2.7,2.785,0,0
FTT.V,D,20200513,000000,2.781,2.943,2.781,2.94,0,0
FTT.V,D,20200514,000000,2.94,3.059,2.891,2.999,0,0
FTT.V,D,20200515,000000,2.998,3.016,2.839,2.902,0,0
FTT.V,D,20200516,000000,2.903,2.971,2.854,2.926,0,0
FTT.V,D,20200517,000000,2.926,3.049,2.909,3.015,0,0
FTT.V,D,20200518,000000,3.015,3.085,2.97,3.016,0,0
FTT.V,D,20200519,000000,3.016,3.077,2.949,3.021,0,0
FTT.V,D,20200520,000000,3.021,3.057,2.903,2.948,0,0
FTT.V,D,20200521,000000,2.947,2.959,2.725,2.811,0,0
FTT.V,D,20200522,000000,2.81,2.886,2.77,2.88,0,0
FTT.V,D,20200523,000000,2.881,2.911,2.827,2.863,0,0
FTT.V,D,20200524,000000,2.863,2.9,2.763,2.806,0,0
FTT.V,D,20200525,000000,2.807,2.812,2.686,2.78,0,0
FTT.V,D,20200526,000000,2.78,2.827,2.763,2.815,0,0
FTT.V,D,20200527,000000,2.814,2.881,2.804,2.827,0,0
FTT.V,D,20200528,000000,2.827,2.94,2.826,2.917,0,0
FTT.V,D,20200529,000000,2.916,2.989,2.893,2.914,0,0
FTT.V,D,20200530,000000,2.914,3.036,2.905,3.008,0,0
FTT.V,D,20200531,000000,3.008,3.076,2.942,2.961,0,0
FTT.V,D,20200601,000000,2.961,3.037,2.925,3.027,0,0
FTT.V,D,20200602,000000,3.027,3.196,2.86,2.932,0,0
FTT.V,D,20200603,000000,2.932,2.975,2.899,2.967,0,0
FTT.V,D,20200604,000000,2.967,3.02,2.915,2.987,0,0
FTT.V,D,20200605,000000,2.987,3.03,2.957,2.97,0,0
FTT.V,D,20200606,000000,2.97,2.999,2.937,2.986,0,0
FTT.V,D,20200607,000000,2.986,2.987,2.878,2.964,0,0
FTT.V,D,20200608,000000,2.964,2.997,2.948,2.975,0,0
FTT.V,D,20200609,000000,2.975,3.027,2.944,3.007,0,0
FTT.V,D,20200610,000000,3.007,3.042,2.961,2.967,0,0
FTT.V,D,20200611,000000,2.966,3.008,2.745,2.833,0,0
FTT.V,D,20200612,000000,2.833,2.888,2.786,2.86,0,0
FTT.V,D,20200613,000000,2.86,2.901,2.841,2.876,0,0
FTT.V,D,20200614,000000,2.877,2.894,2.834,2.843,0,0
FTT.V,D,20200615,000000,2.843,3.047,2.765,3.027,0,0
FTT.V,D,20200616,000000,3.028,3.065,2.96,2.994,0,0
FTT.V,D,20200617,000000,2.994,3.023,2.927,2.999,0,0
FTT.V,D,20200618,000000,2.999,3.046,2.964,2.993,0,0
FTT.V,D,20200619,000000,2.992,3.016,2.953,2.982,0,0
FTT.V,D,20200620,000000,2.982,2.989,2.937,2.968,0,0
FTT.V,D,20200621,000000,2.968,2.998,2.967,2.975,0,0
FTT.V,D,20200622,000000,2.975,3.088,2.956,3.057,0,0
FTT.V,D,20200623,000000,3.057,3.073,3.027,3.05,0,0
FTT.V,D,20200624,000000,3.05,3.064,2.913,2.945,0,0
FTT.V,D,20200625,000000,2.944,2.955,2.856,2.95,0,0
FTT.V,D,20200626,000000,2.95,2.953,2.874,2.914,0,0
FTT.V,D,20200627,000000,2.914,2.927,2.788,2.842,0,0
FTT.V,D,20200628,000000,2.842,2.891,2.803,2.87,0,0
FTT.V,D,20200629,000000,2.87,2.914,2.835,2.907,0,0
FTT.V,D,20200630,000000,2.907,2.915,2.853,2.893,0,0
FTT.V,D,20200701,000000,2.893,2.947,2.87,2.934,0,0
FTT.V,D,20200702,000000,2.934,2.948,2.84,2.887,0,0
FTT.V,D,20200703,000000,2.883,2.885,2.861,2.872,0,0
FTT.V,D,20200704,000000,2.872,2.902,2.853,2.881,0,0
FTT.V,D,20200705,000000,2.881,2.895,2.818,2.845,0,0
FTT.V,D,20200706,000000,2.845,2.971,2.845,2.964,0,0
FTT.V,D,20200707,000000,2.962,3.012,2.95,2.971,0,0
FTT.V,D,20200708,000000,2.97,3.075,2.969,3.07,0,0
FTT.V,D,20200709,000000,3.07,3.079,2.967,3.014,0,0
FTT.V,D,20200710,000000,3.014,3.022,2.955,3.02,0,0
FTT.V,D,20200711,000000,3.021,3.059,3.018,3.044,0,0
FTT.V,D,20200712,000000,3.044,3.141,3.042,3.096,0,0
FTT.V,D,20200713,000000,3.096,3.151,3.07,3.095,0,0
FTT.V,D,20200714,000000,3.095,3.122,3.067,3.093,0,0
FTT.V,D,20200715,000000,3.093,3.109,3.037,3.054,0,0
FTT.V,D,20200716,000000,3.054,3.059,2.936,2.973,0,0
FTT.V,D,20200717,000000,2.973,2.981,2.939,2.942,0,0
FTT.V,D,20200718,000000,2.94,2.946,2.908,2.933,0,0
FTT.V,D,20200719,000000,2.933,2.951,2.903,2.95,0,0
FTT.V,D,20200720,000000,2.949,2.952,2.879,2.89,0,0
FTT.V,D,20200721,000000,2.89,3.004,2.883,2.963,0,0
FTT.V,D,20200722,000000,2.966,2.987,2.932,2.955,0,0
FTT.V,D,20200723,000000,2.956,3.049,2.954,3.005,0,0
FTT.V,D,20200724,000000,3.005,3.031,2.932,3.019,0,0
FTT.V,D,20200725,000000,3.019,3.045,2.965,3.029,0,0
FTT.V,D,20200726,000000,3.029,3.167,3.012,3.102,0,0
FTT.V,D,20200727,000000,3.102,3.452,3.102,3.448,0,0
FTT.V,D,20200728,000000,3.447,3.504,3.241,3.365,0,0
FTT.V,D,20200729,000000,3.367,3.398,3.307,3.389,0,0
FTT.V,D,20200730,000000,3.384,3.386,3.254,3.34,0,0
FTT.V,D,20200731,000000,3.34,3.446,3.298,3.438,0,0
FTT.V,D,20200801,000000,3.434,3.506,3.392,3.495,0,0
FTT.V,D,20200802,000000,3.495,3.699,3.26,3.367,0,0
FTT.V,D,20200803,000000,3.367,3.571,3.312,3.518,0,0
FTT.V,D,20200804,000000,3.498,3.633,3.413,3.493,0,0
FTT.V,D,20200805,000000,3.491,3.614,3.436,3.608,0,0
FTT.V,D,20200806,000000,3.605,3.621,3.506,3.537,0,0
FTT.V,D,20200807,000000,3.537,3.61,3.335,3.429,0,0
FTT.V,D,20200808,000000,3.429,3.49,3.386,3.485,0,0
FTT.V,D,20200809,000000,3.485,3.51,3.407,3.446,0,0
FTT.V,D,20200810,000000,3.445,3.538,3.427,3.495,0,0
FTT.V,D,20200811,000000,3.495,3.525,3.249,3.297,0,0
FTT.V,D,20200812,000000,3.296,3.382,3.219,3.338,0,0
FTT.V,D,20200813,000000,3.338,3.414,3.23,3.409,0,0
FTT.V,D,20200814,000000,3.41,3.541,3.41,3.506,0,0
FTT.V,D,20200815,000000,3.506,3.538,3.426,3.456,0,0
FTT.V,D,20200816,000000,3.46,3.473,3.336,3.445,0,0
FTT.V,D,20200817,000000,3.447,3.61,3.39,3.573,0,0
FTT.V,D,20200818,000000,3.573,3.599,3.455,3.533,0,0
FTT.V,D,20200819,000000,3.533,3.538,3.286,3.34,0,0
FTT.V,D,20200820,000000,3.34,3.465,3.336,3.444,0,0
FTT.V,D,20200821,000000,3.444,3.457,3.267,3.281,0,0
FTT.V,D,20200822,000000,3.281,3.333,3.216,3.333,0,0
FTT.V,D,20200823,000000,3.333,3.391,3.273,3.389,0,0
FTT.V,D,20200824,000000,3.389,3.468,3.352,3.465,0,0
FTT.V,D,20200825,000000,3.465,3.496,3.308,3.379,0,0
FTT.V,D,20200826,000000,3.379,3.668,3.376,3.638,0,0
FTT.V,D,20200827,000000,3.638,3.685,3.491,3.557,0,0
FTT.V,D,20200828,000000,3.559,3.805,3.549,3.786,0,0
FTT.V,D,20200829,000000,3.786,4.012,3.774,3.996,0,0
FTT.V,D,20200830,000000,3.996,4.198,3.967,4.17,0,0
FTT.V,D,20200831,000000,4.17,4.237,4.104,4.197,0,0
FTT.V,D,20200901,000000,4.197,4.503,4.17,4.495,0,0
FTT.V,D,20200902,000000,4.495,4.515,4.051,4.184,0,0
FTT.V,D,20200903,000000,4.184,4.31,3.771,3.86,0,0
FTT.V,D,20200904,000000,3.86,3.873,3.427,3.69,0,0
FTT.V,D,20200905,000000,3.69,3.717,3.165,3.265,0,0
FTT.V,D,20200906,000000,3.265,3.61,3.21,3.597,0,0
FTT.V,D,20200907,000000,3.597,3.691,3.369,3.577,0,0
FTT.V,D,20200908,000000,3.577,3.706,3.489,3.565,0,0
FTT.V,D,20200909,000000,3.565,3.77,3.479,3.732,0,0
FTT.V,D,20200910,000000,3.732,3.897,3.716,3.796,0,0
FTT.V,D,20200911,000000,3.796,3.804,3.691,3.8,0,0
FTT.V,D,20200912,000000,3.8,3.986,3.8,3.986,0,0
FTT.V,D,20200913,000000,3.986,4.183,3.833,3.962,0,0
FTT.V,D,20200914,000000,3.962,4.154,3.881,4.076,0,0
FTT.V,D,20200915,000000,4.076,4.082,3.823,3.858,0,0
FTT.V,D,20200916,000000,3.858,3.876,3.724,3.828,0,0
FTT.V,D,20200917,000000,3.828,3.913,3.752,3.841,0,0
FTT.V,D,20200918,000000,3.841,3.94,3.78,3.826,0,0
FTT.V,D,20200919,000000,3.826,3.885,3.781,3.834,0,0
FTT.V,D,20200920,000000,3.834,3.849,3.675,3.696,0,0
FTT.V,D,20200921,000000,3.696,3.779,3.421,3.686,0,0
FTT.V,D,20200922,000000,3.686,3.686,3.559,3.623,0,0
FTT.V,D,20200923,000000,3.623,3.625,3.391,3.461,0,0
FTT.V,D,20200924,000000,3.461,3.65,3.415,3.609,0,0
FTT.V,D,20200925,000000,3.609,3.692,3.561,3.668,0,0
FTT.V,D,20200926,000000,3.668,3.674,3.601,3.654,0,0
FTT.V,D,20200927,000000,3.646,3.694,3.575,3.594,0,0
FTT.V,D,20200928,000000,3.594,3.691,3.594,3.684,0,0
FTT.V,D,20200929,000000,3.684,3.684,3.584,3.643,0,0
FTT.V,D,20200930,000000,3.643,3.684,3.586,3.636,0,0
FTT.V,D,20201001,000000,3.636,3.669,3.355,3.594,0,0
FTT.V,D,20201002,000000,3.594,3.639,3.428,3.492,0,0
FTT.V,D,20201003,000000,3.492,3.576,3.492,3.554,0,0
FTT.V,D,20201004,000000,3.554,3.574,3.532,3.548,0,0
FTT.V,D,20201005,000000,3.548,3.573,3.508,3.535,0,0
FTT.V,D,20201006,000000,3.535,3.56,3.385,3.407,0,0
FTT.V,D,20201007,000000,3.407,3.421,3.375,3.41,0,0
FTT.V,D,20201008,000000,3.41,3.471,3.328,3.455,0,0
FTT.V,D,20201009,000000,3.455,3.57,3.454,3.534,0,0
FTT.V,D,20201010,000000,3.534,3.665,3.495,3.544,0,0
FTT.V,D,20201011,000000,3.544,3.546,3.496,3.518,0,0
FTT.V,D,20201012,000000,3.518,3.645,3.499,3.642,0,0
FTT.V,D,20201013,000000,3.642,3.699,3.61,3.661,0,0
FTT.V,D,20201014,000000,3.661,3.687,3.601,3.629,0,0
FTT.V,D,20201015,000000,3.629,3.67,3.59,3.638,0,0
FTT.V,D,20201016,000000,3.638,3.675,3.517,3.532,0,0
FTT.V,D,20201017,000000,3.532,3.571,3.515,3.549,0,0
FTT.V,D,20201018,000000,3.549,3.607,3.548,3.598,0,0
FTT.V,D,20201019,000000,3.598,3.644,3.555,3.615,0,0
FTT.V,D,20201020,000000,3.612,3.641,3.564,3.581,0,0
FTT.V,D,20201021,000000,3.581,3.783,3.563,3.771,0,0
FTT.V,D,20201022,000000,3.771,3.933,3.75,3.933,0,0
FTT.V,D,20201023,000000,3.933,3.945,3.836,3.88,0,0
FTT.V,D,20201024,000000,3.88,3.95,3.87,3.925,0,0
FTT.V,D,20201025,000000,3.925,3.976,3.858,3.879,0,0
FTT.V,D,20201026,000000,3.879,3.956,3.825,3.923,0,0
FTT.V,D,20201027,000000,3.923,4.079,3.921,4.025,0,0
FTT.V,D,20201028,000000,4.025,4.048,3.676,3.752,0,0
FTT.V,D,20201029,000000,3.752,4.218,3.748,3.834,0,0
FTT.V,D,20201030,000000,3.834,3.883,3.648,3.733,0,0
FTT.V,D,20201031,000000,3.733,3.801,3.65,3.718,0,0
FTT.V,D,20201101,000000,3.719,3.729,3.622,3.629,0,0
FTT.V,D,20201102,000000,3.629,3.677,3.472,3.503,0,0
FTT.V,D,20201103,000000,3.503,3.518,3.409,3.46,0,0
FTT.V,D,20201104,000000,3.46,3.483,3.336,3.397,0,0
FTT.V,D,20201105,000000,3.397,3.524,3.381,3.524,0,0
FTT.V,D,20201106,000000,3.524,3.64,3.493,3.64,0,0
FTT.V,D,20201107,000000,3.636,3.654,3.339,3.43,0,0
FTT.V,D,20201108,000000,3.43,3.577,3.414,3.55,0,0
FTT.V,D,20201109,000000,3.55,3.583,3.413,3.522,0,0
FTT.V,D,20201110,000000,3.522,3.686,3.514,3.681,0,0
FTT.V,D,20201111,000000,3.683,3.77,3.654,3.709,0,0
FTT.V,D,20201112,000000,3.709,3.742,3.631,3.689,0,0
FTT.V,D,20201113,000000,3.689,3.753,3.682,3.736,0,0
FTT.V,D,20201114,000000,3.736,3.746,3.59,3.658,0,0
FTT.V,D,20201115,000000,3.661,3.684,3.546,3.584,0,0
FTT.V,D,20201116,000000,3.584,3.731,3.577,3.687,0,0
FTT.V,D,20201117,000000,3.687,3.9,3.683,3.841,0,0
FTT.V,D,20201118,000000,3.841,3.95,3.705,3.789,0,0
FTT.V,D,20201119,000000,3.789,3.825,3.714,3.77,0,0
FTT.V,D,20201120,000000,3.77,3.981,3.739,3.941,0,0
FTT.V,D,20201121,000000,3.941,4.065,3.875,4.022,0,0
FTT.V,D,20201122,000000,4.025,4.16,3.846,4.145,0,0
FTT.V,D,20201123,000000,4.136,4.222,4.011,4.22,0,0
FTT.V,D,20201124,000000,4.22,4.418,4.188,4.356,0,0
FTT.V,D,20201125,000000,4.356,4.413,4.141,4.167,0,0
FTT.V,D,20201126,000000,4.167,4.216,3.626,3.935,0,0
FTT.V,D,20201127,000000,3.935,4.025,3.783,3.953,0,0
FTT.V,D,20201128,000000,3.953,4.171,3.935,4.125,0,0
FTT.V,D,20201129,000000,4.125,4.3,4.069,4.279,0,0
FTT.V,D,20201130,000000,4.279,4.694,4.279,4.647,0,0
FTT.V,D,20201201,000000,4.647,4.779,4.358,4.529,0,0
FTT.V,D,20201202,000000,4.529,4.585,4.404,4.498,0,0
FTT.V,D,20201203,000000,4.498,4.609,4.426,4.593,0,0
FTT.V,D,20201204,000000,4.593,4.618,4.303,4.32,0,0
FTT.V,D,20201205,000000,4.32,4.486,4.287,4.453,0,0
FTT.V,D,20201206,000000,4.453,4.551,4.421,4.468,0,0
FTT.V,D,20201207,000000,4.468,4.538,4.415,4.47,0,0
FTT.V,D,20201208,000000,4.47,4.487,4.229,4.229,0,0
FTT.V,D,20201209,000000,4.225,4.417,4.083,4.331,0,0
FTT.V,D,20201210,000000,4.331,4.343,4.162,4.242,0,0
FTT.V,D,20201211,000000,4.242,4.246,4.041,4.142,0,0
FTT.V,D,20201212,000000,4.142,4.285,4.108,4.277,0,0
FTT.V,D,20201213,000000,4.272,4.493,4.237,4.437,0,0
FTT.V,D,20201214,000000,4.437,4.55,4.429,4.547,0,0
FTT.V,D,20201215,000000,4.547,4.65,4.52,4.626,0,0
FTT.V,D,20201216,000000,4.628,4.924,4.593,4.92,0,0
FTT.V,D,20201217,000000,4.92,5.06,4.762,4.899,0,0
FTT.V,D,20201218,000000,4.899,4.96,4.765,4.906,0,0
FTT.V,D,20201219,000000,4.904,5.11,4.889,5.07,0,0
FTT.V,D,20201220,000000,5.07,5.125,4.889,4.966,0,0
FTT.V,D,20201221,000000,4.966,5.093,4.648,4.886,0,0
FTT.V,D,20201222,000000,4.89,4.952,4.642,4.94,0,0
FTT.V,D,20201223,000000,4.94,5.025,4.59,4.733,0,0
FTT.V,D,20201224,000000,4.733,4.88,4.63,4.872,0,0
FTT.V,D,20201225,000000,4.868,5.046,4.818,4.903,0,0
FTT.V,D,20201226,000000,4.903,5.173,4.856,5.057,0,0
FTT.V,D,20201227,000000,5.057,5.424,4.981,5.166,0,0
FTT.V,D,20201228,000000,5.166,5.435,5.132,5.34,0,0
FTT.V,D,20201229,000000,5.34,5.602,5.256,5.551,0,0
FTT.V,D,20201230,000000,5.551,5.769,5.522,5.739,0,0
FTT.V,D,20201231,000000,5.739,5.828,5.609,5.789,0,0
FTT.V,D,20210101,000000,5.789,5.909,5.7,5.815,0,0
FTT.V,D,20210102,000000,5.809,6.298,5.741,6.193,0,0
FTT.V,D,20210103,000000,6.193,7.035,6.13,7.005,0,0
FTT.V,D,20210104,000000,7.005,7.673,6.293,7.315,0,0
FTT.V,D,20210105,000000,7.3,8.724,6.999,8.693,0,0
FTT.V,D,20210106,000000,8.693,9.32,8.423,9.193,0,0
FTT.V,D,20210107,000000,9.193,10.13,9.193,9.685,0,0
FTT.V,D,20210108,000000,9.685,9.744,8.46,9.383,0,0
FTT.V,D,20210109,000000,9.383,9.65,8.69,9.57,0,0
FTT.V,D,20210110,000000,9.57,9.954,8.6,9.347,0,0
FTT.V,D,20210111,000000,9.347,9.386,7.063,8.38,0,0
FTT.V,D,20210112,000000,8.384,9.117,8.01,8.366,0,0
FTT.V,D,20210113,000000,8.366,9.2,7.984,9.078,0,0
FTT.V,D,20210114,000000,9.078,9.89,8.95,9.489,0,0
FTT.V,D,20210115,000000,9.489,9.801,8.55,9.143,0,0
FTT.V,D,20210116,000000,9.143,9.73,9.04,9.428,0,0
FTT.V,D,20210117,000000,9.428,10.25,8.87,10.08,0,0
FTT.V,D,20210118,000000,10.07,10.71,9.891,10.62,0,0
FTT.V,D,20210119,000000,10.62,11.3,10.52,10.88,0,0
FTT.V,D,20210120,000000,10.88,10.88,9.643,10.25,0,0
FTT.V,D,20210121,000000,10.25,10.53,8.639,8.91,0,0
FTT.V,D,20210122,000000,8.91,10.16,8.269,9.81,0,0
FTT.V,D,20210123,000000,9.81,10.06,9.462,9.743,0,0
FTT.V,D,20210124,000000,9.743,10.23,9.656,10.2,0,0
FTT.V,D,20210125,000000,10.2,10.75,9.655,9.853,0,0
FTT.V,D,20210126,000000,9.852,10.22,9.406,10.22,0,0
FTT.V,D,20210127,000000,10.23,10.31,9.116,9.591,0,0
FTT.V,D,20210128,000000,9.588,10.74,9.373,10.74,0,0
FTT.V,D,20210129,000000,10.74,12.98,10.73,11.91,0,0
FTT.V,D,20210130,000000,11.92,12,11.03,11.6,0,0
FTT.V,D,20210131,000000,11.6,11.6,10.85,11.05,0,0
FTT.V,D,20210201,000000,11.06,11.81,10.82,11.79,0,0
FTT.V,D,20210202,000000,11.78,12.88,11.77,12.86,0,0
FTT.V,D,20210203,000000,12.85,13.26,12.72,13.24,0,0
FTT.V,D,20210204,000000,13.24,13.68,12.82,13.32,0,0
FTT.V,D,20210205,000000,13.33,14.76,13.24,14.68,0,0
FTT.V,D,20210206,000000,14.68,15.54,14.37,14.99,0,0
FTT.V,D,20210207,000000,14.99,14.99,13.41,14.24,0,0
FTT.V,D,20210208,000000,14.24,16.43,14.16,16.4,0,0
FTT.V,D,20210209,000000,16.4,19,16.38,18.94,0,0
FTT.V,D,20210210,000000,18.96,22.43,18.75,20.44,0,0
FTT.V,D,20210211,000000,20.45,21.55,19.78,20.77,0,0
FTT.V,D,20210212,000000,20.77,21.34,20.14,21.34,0,0
FTT.V,D,20210213,000000,21.35,21.41,19.54,20.67,0,0
FTT.V,D,20210214,000000,20.67,21.49,20.38,20.91,0,0
FTT.V,D,20210215,000000,20.91,20.94,18.5,20.37,0,0
FTT.V,D,20210216,000000,20.4,21.71,19.77,20.81,0,0
FTT.V,D,20210217,000000,20.81,23.96,20.45,23.36,0,0
FTT.V,D,20210218,000000,23.36,26.67,23.12,26.34,0,0
FTT.V,D,20210219,000000,26.34,34.1,26.01,33.8,0,0
FTT.V,D,20210220,000000,33.79,34.92,29.75,30.95,0,0
FTT.V,D,20210221,000000,30.83,34.73,30.83,34.17,0,0
FTT.V,D,20210222,000000,34.17,34.36,28,33.53,0,0
FTT.V,D,20210223,000000,33.53,33.7,25.64,28.03,0,0
FTT.V,D,20210224,000000,27.98,31.31,27.09,29.3,0,0
FTT.V,D,20210225,000000,29.3,31.76,28.54,28.95,0,0
FTT.V,D,20210226,000000,29,29.42,26.16,27.39,0,0
FTT.V,D,20210227,000000,27.39,28.9,27.3,27.42,0,0
FTT.V,D,20210228,000000,27.51,27.66,24.63,25.81,0,0
FTT.V,D,20210301,000000,25.81,30.18,25.81,29.53,0,0
FTT.V,D,20210302,000000,29.59,31.2,28.89,29.3,0,0
FTT.V,D,20210303,000000,29.32,33.08,29.29,31.35,0,0
FTT.V,D,20210304,000000,31.35,32.15,28.96,29.31,0,0
FTT.V,D,20210305,000000,29.31,29.63,27.96,29.3,0,0
FTT.V,D,20210306,000000,29.3,29.81,28.09,29.69,0,0
FTT.V,D,20210307,000000,29.7,30.74,29.58,30.35,0,0
FTT.V,D,20210308,000000,30.35,31.68,30.04,31.52,0,0
FTT.V,D,20210309,000000,31.53,37.38,31.53,37.33,0,0
FTT.V,D,20210310,000000,37.37,38.14,34.45,37.15,0,0
FTT.V,D,20210311,000000,37.15,38.83,35.56,38.6,0,0
FTT.V,D,20210312,000000,38.6,38.77,35.72,37.08,0,0
FTT.V,D,20210313,000000,37.08,41.02,36.15,40.39,0,0
FTT.V,D,20210314,000000,40.4,42.7,40.03,42.57,0,0
FTT.V,D,20210315,000000,42.57,43.45,39.02,40.65,0,0
FTT.V,D,20210316,000000,40.65,41.02,37.82,39.96,0,0
FTT.V,D,20210317,000000,39.96,41.24,37.64,41.01,0,0
FTT.V,D,20210318,000000,40.99,41.83,39.3,39.82,0,0
FTT.V,D,20210319,000000,39.78,41.23,38.7,40.6,0,0
FTT.V,D,20210320,000000,40.6,41.78,40.19,40.67,0,0
FTT.V,D,20210321,000000,40.65,40.65,38.7,39.67,0,0
FTT.V,D,20210322,000000,39.67,40.07,36.74,37.01,0,0
FTT.V,D,20210323,000000,37,38.27,34.89,36.68,0,0
FTT.V,D,20210324,000000,36.68,38.6,34.31,34.51,0,0
FTT.V,D,20210325,000000,34.51,34.68,31.82,32.9,0,0
FTT.V,D,20210326,000000,32.92,35.64,32.62,35.45,0,0
FTT.V,D,20210327,000000,35.45,36.91,35.2,36.81,0,0
FTT.V,D,20210328,000000,36.84,36.93,35.83,36.22,0,0
FTT.V,D,20210329,000000,36.22,39.05,36.17,38.61,0,0
FTT.V,D,20210330,000000,38.61,40.41,38.2,40.21,0,0
FTT.V,D,20210331,000000,40.21,40.58,38.78,40.04,0,0
FTT.V,D,20210401,000000,40.05,40.95,39.46,40.34,0,0
FTT.V,D,20210402,000000,40.34,41.89,40.25,41.47,0,0
FTT.V,D,20210403,000000,41.47,42.5,39.99,40.1,0,0
FTT.V,D,20210404,000000,40.07,41.54,39.48,41.4,0,0
FTT.V,D,20210405,000000,41.41,43.99,39.63,43.78,0,0
FTT.V,D,20210406,000000,43.78,46.56,43.07,45.87,0,0
FTT.V,D,20210407,000000,45.83,46.52,43.24,44.71,0,0
FTT.V,D,20210408,000000,44.69,48.95,44.17,48.2,0,0
FTT.V,D,20210409,000000,48.21,50.47,47.44,49.96,0,0
FTT.V,D,20210410,000000,49.96,52.11,47.77,48.6,0,0
FTT.V,D,20210411,000000,48.64,50.45,48.33,49.98,0,0
FTT.V,D,20210412,000000,50.01,55.58,49.9,53.19,0,0
FTT.V,D,20210413,000000,53.19,54.32,51.3,54.13,0,0
FTT.V,D,20210414,000000,54.16,59.56,53.86,56.33,0,0
FTT.V,D,20210415,000000,56.29,57.51,55.06,56.47,0,0
FTT.V,D,20210416,000000,56.47,56.77,51.85,54.05,0,0
FTT.V,D,20210417,000000,54.01,54.65,51.1,52.67,0,0
FTT.V,D,20210418,000000,52.67,52.75,44.17,50.02,0,0
FTT.V,D,20210419,000000,50.02,52.69,47.76,50.67,0,0
FTT.V,D,20210420,000000,50.66,52.67,46.31,52.59,0,0
FTT.V,D,20210421,000000,52.62,53.57,50.88,51.62,0,0
FTT.V,D,20210422,000000,51.6,53.43,46.9,48.68,0,0
FTT.V,D,20210423,000000,48.73,49.48,42.53,46.5,0,0
FTT.V,D,20210424,000000,46.41,47.53,44.29,46.51,0,0
FTT.V,D,20210425,000000,46.53,48.04,43.99,44.72,0,0
FTT.V,D,20210426,000000,44.64,51.38,44.55,50.13,0,0
FTT.V,D,20210427,000000,50.17,54,49.74,53.84,0,0
FTT.V,D,20210428,000000,53.84,54.47,51.11,52.91,0,0
FTT.V,D,20210429,000000,52.9,54.27,50.82,52.13,0,0
FTT.V,D,20210430,000000,52.1,54.97,51.72,54.25,0,0
FTT.V,D,20210501,000000,54.28,55.65,54.03,55.07,0,0
FTT.V,D,20210502,000000,55.1,55.58,53.73,55.22,0,0
FTT.V,D,20210503,000000,55.22,58.21,54.6,57.4,0,0
FTT.V,D,20210504,000000,57.43,58.08,52.95,55.21,0,0
FTT.V,D,20210505,000000,55.2,57.95,53.51,57.61,0,0
FTT.V,D,20210506,000000,57.64,59.17,56.6,58.17,0,0
FTT.V,D,20210507,000000,58.17,59.78,56.01,58.37,0,0
FTT.V,D,20210508,000000,58.38,61.94,57.76,61.35,0,0
FTT.V,D,20210509,000000,61.35,61.68,59.27,60.55,0,0
FTT.V,D,20210510,000000,60.55,63.18,56.79,59.64,0,0
FTT.V,D,20210511,000000,59.61,61.47,57.52,61.12,0,0
FTT.V,D,20210512,000000,61.15,63.21,58.91,61.01,0,0
FTT.V,D,20210513,000000,60.96,61.23,52.16,54.88,0,0
FTT.V,D,20210514,000000,54.88,58.68,53.28,56.68,0,0
FTT.V,D,20210515,000000,56.69,58.46,53.38,55.31,0,0
FTT.V,D,20210516,000000,55.31,56.69,50.54,52.23,0,0
FTT.V,D,20210517,000000,52.23,54.08,47.59,50.43,0,0
FTT.V,D,20210518,000000,50.43,53.97,49.34,51.07,0,0
FTT.V,D,20210519,000000,51.09,52.67,32.81,39.04,0,0
FTT.V,D,20210520,000000,39.09,43.46,33.41,41.15,0,0
FTT.V,D,20210521,000000,41.21,42.53,32.01,35.28,0,0
FTT.V,D,20210522,000000,35.33,36.73,32.35,34.22,0,0
FTT.V,D,20210523,000000,34.22,34.39,22.81,26.59,0,0
FTT.V,D,20210524,000000,26.59,33.75,26.28,32.95,0,0
FTT.V,D,20210525,000000,32.93,34.72,30.42,32.47,0,0
FTT.V,D,20210526,000000,32.47,37.02,32.44,36.06,0,0
FTT.V,D,20210527,000000,36.07,37.39,34.1,36.49,0,0
FTT.V,D,20210528,000000,36.48,36.58,31.25,31.62,0,0
FTT.V,D,20210529,000000,31.6,34.2,29.42,30.21,0,0
FTT.V,D,20210530,000000,30.22,32.68,29.2,31.79,0,0
FTT.V,D,20210531,000000,31.78,33.98,29.88,33.39,0,0
FTT.V,D,20210601,000000,33.42,34.76,32.71,33.4,0,0
FTT.V,D,20210602,000000,33.41,36.22,33.01,35.15,0,0
FTT.V,D,20210603,000000,35.15,36.83,34.29,36.09,0,0
FTT.V,D,20210604,000000,36.08,36.57,32.97,35.23,0,0
FTT.V,D,20210605,000000,35.23,36.73,32.87,33.03,0,0
FTT.V,D,20210606,000000,33.01,34.61,32.97,33.98,0,0
FTT.V,D,20210607,000000,33.98,35.62,32.11,32.5,0,0
FTT.V,D,20210608,000000,32.5,32.77,28.6,31.03,0,0
FTT.V,D,20210609,000000,31.03,33.45,29.83,33.13,0,0
FTT.V,D,20210610,000000,33.14,33.9,32.08,32.7,0,0
FTT.V,D,20210611,000000,32.71,33.19,31.27,31.37,0,0
FTT.V,D,20210612,000000,31.36,31.76,29.68,30.93,0,0
FTT.V,D,20210613,000000,30.93,33.08,30.09,32.78,0,0
FTT.V,D,20210614,000000,32.78,34.22,32.58,33.45,0,0
FTT.V,D,20210615,000000,33.46,34.76,33.29,33.68,0,0
FTT.V,D,20210616,000000,33.68,34.02,31.72,32.28,0,0
FTT.V,D,20210617,000000,32.28,32.98,31.48,31.79,0,0
FTT.V,D,20210618,000000,31.79,32.27,28.98,29.65,0,0
FTT.V,D,20210619,000000,29.67,30.43,29.11,29.88,0,0
FTT.V,D,20210620,000000,29.88,30.18,27.68,29.96,0,0
FTT.V,D,20210621,000000,29.95,30.11,25.18,25.18,0,0
FTT.V,D,20210622,000000,25.16,26.25,22.46,24.88,0,0
FTT.V,D,20210623,000000,24.86,27.59,24.28,26.04,0,0
FTT.V,D,20210624,000000,26.07,26.99,25.1,26.46,0,0
FTT.V,D,20210625,000000,26.46,26.75,23.19,23.56,0,0
FTT.V,D,20210626,000000,23.6,23.81,21.9,22.15,0,0
FTT.V,D,20210627,000000,22.17,23.46,22.14,22.94,0,0
FTT.V,D,20210628,000000,22.95,26,22.94,25.88,0,0
FTT.V,D,20210629,000000,25.85,27.74,25.33,27.34,0,0
FTT.V,D,20210630,000000,27.34,27.36,25.73,27.12,0,0
FTT.V,D,20210701,000000,27.13,27.59,25.7,26.26,0,0
FTT.V,D,20210702,000000,26.28,27.08,25.36,26.95,0,0
FTT.V,D,20210703,000000,26.93,28.27,26.77,27.9,0,0
FTT.V,D,20210704,000000,27.9,28.24,26.72,28.17,0,0
FTT.V,D,20210705,000000,28.16,28.2,25.2,25.9,0,0
FTT.V,D,20210706,000000,25.9,28.57,25.32,27.99,0,0
FTT.V,D,20210707,000000,27.99,30.51,27.99,30.13,0,0
FTT.V,D,20210708,000000,30.13,30.22,28.28,28.52,0,0
FTT.V,D,20210709,000000,28.5,30.31,28.07,30.21,0,0
FTT.V,D,20210710,000000,30.2,30.7,29.61,29.95,0,0
FTT.V,D,20210711,000000,29.95,31.38,29.77,31.33,0,0
FTT.V,D,20210712,000000,31.34,32.11,30.13,30.36,0,0
FTT.V,D,20210713,000000,30.36,30.96,29.28,29.7,0,0
FTT.V,D,20210714,000000,29.7,29.77,28.18,28.56,0,0
FTT.V,D,20210715,000000,28.56,28.86,25.88,26,0,0
FTT.V,D,20210716,000000,25.96,27.13,23.34,25.6,0,0
FTT.V,D,20210717,000000,25.61,27.11,25.42,26.63,0,0
FTT.V,D,20210718,000000,26.62,27.17,25.86,26.34,0,0
FTT.V,D,20210719,000000,26.34,26.42,24.48,24.78,0,0
FTT.V,D,20210720,000000,24.76,26.39,23.63,26.01,0,0
FTT.V,D,20210721,000000,26.01,28.94,25.4,27.57,0,0
FTT.V,D,20210722,000000,27.57,29.14,27.51,28.6,0,0
FTT.V,D,20210723,000000,28.6,29.44,28.11,28.78,0,0
FTT.V,D,20210724,000000,28.77,30.48,28.72,30.02,0,0
FTT.V,D,20210725,000000,30.02,30.52,28.97,30.05,0,0
FTT.V,D,20210726,000000,30.05,33.4,29.65,30.01,0,0
FTT.V,D,20210727,000000,29.97,30.94,28.66,30.33,0,0
FTT.V,D,20210728,000000,30.34,32.28,30.22,31.91,0,0
FTT.V,D,20210729,000000,31.97,32.48,31.34,32.01,0,0
FTT.V,D,20210730,000000,32.01,34.74,32,34.45,0,0
FTT.V,D,20210731,000000,34.46,35.45,34.02,35.44,0,0
FTT.V,D,20210801,000000,35.44,36.31,34.44,35.25,0,0
FTT.V,D,20210802,000000,35.24,36.93,34.37,35.67,0,0
FTT.V,D,20210803,000000,35.66,39.3,35.46,35.85,0,0
FTT.V,D,20210804,000000,35.86,37.87,34.4,37.74,0,0
FTT.V,D,20210805,000000,37.75,39.87,35.82,39.7,0,0
FTT.V,D,20210806,000000,39.67,41.85,39.4,40.96,0,0
FTT.V,D,20210807,000000,40.93,44.96,40.93,43.69,0,0
FTT.V,D,20210808,000000,43.73,45.94,42.56,43.65,0,0
FTT.V,D,20210809,000000,43.65,49.47,41.85,47.55,0,0
FTT.V,D,20210810,000000,47.55,50.23,47.49,49.31,0,0
FTT.V,D,20210811,000000,49.29,52.7,48.53,51.92,0,0
FTT.V,D,20210812,000000,51.9,51.95,47.6,48.89,0,0
FTT.V,D,20210813,000000,48.89,54.23,48.09,49.4,0,0
FTT.V,D,20210814,000000,49.39,50.82,46.88,49.58,0,0
FTT.V,D,20210815,000000,49.58,51.05,47.47,50.98,0,0
FTT.V,D,20210816,000000,50.93,53.48,47.36,47.46,0,0
FTT.V,D,20210817,000000,47.5,48.88,43.06,44.8,0,0
FTT.V,D,20210818,000000,44.8,48.13,43.63,45.88,0,0
FTT.V,D,20210819,000000,45.84,49.03,44.76,48.85,0,0
FTT.V,D,20210820,000000,48.85,53.5,47.98,50.79,0,0
FTT.V,D,20210821,000000,50.8,51.74,49.3,51.68,0,0
FTT.V,D,20210822,000000,51.67,52,48.43,49.29,0,0
FTT.V,D,20210823,000000,49.26,51.98,49.22,51.03,0,0
FTT.V,D,20210824,000000,51.03,55.31,46.12,47.99,0,0
FTT.V,D,20210825,000000,47.99,49.96,46.44,49.63,0,0
FTT.V,D,20210826,000000,49.71,50.34,44.94,46.34,0,0
FTT.V,D,20210827,000000,46.34,49.6,45.11,49.45,0,0
FTT.V,D,20210828,000000,49.43,53.5,48.54,48.82,0,0
FTT.V,D,20210829,000000,48.82,51.63,46.93,47.43,0,0
FTT.V,D,20210830,000000,47.43,49.03,45.62,48.71,0,0
FTT.V,D,20210831,000000,48.71,52.16,45.15,47.8,0,0
FTT.V,D,20210901,000000,47.79,66.04,46.78,62.59,0,0
FTT.V,D,20210902,000000,62.56,70.07,59.82,59.82,0,0
FTT.V,D,20210903,000000,59.73,67.49,58.16,61.63,0,0
FTT.V,D,20210904,000000,61.64,65.46,60.48,61.52,0,0
FTT.V,D,20210905,000000,61.52,64.97,59.43,64.25,0,0
FTT.V,D,20210906,000000,64.25,77.29,62.23,74.21,0,0
FTT.V,D,20210907,000000,74.2,83.32,62.61,68.35,0,0
FTT.V,D,20210908,000000,68.34,76.16,62.01,76.13,0,0
FTT.V,D,20210909,000000,75.95,84.7,73.72,77.21,0,0
FTT.V,D,20210910,000000,77.26,83.37,69.94,70.64,0,0
FTT.V,D,20210911,000000,70.62,77,70.29,73.32,0,0
FTT.V,D,20210912,000000,73.38,77.93,70.93,72.32,0,0
FTT.V,D,20210913,000000,72.43,75,64.84,68.71,0,0
FTT.V,D,20210914,000000,68.7,69.21,65.65,66.44,0,0
FTT.V,D,20210915,000000,66.4,72.93,66.26,70.48,0,0
FTT.V,D,20210916,000000,70.48,71.59,66,67.17,0,0
FTT.V,D,20210917,000000,67.17,68.18,58.71,61.27,0,0
FTT.V,D,20210918,000000,61.34,66.4,60.91,62.6,0,0
FTT.V,D,20210919,000000,62.6,64.08,60.53,60.97,0,0
FTT.V,D,20210920,000000,60.97,61.21,50.94,54.36,0,0
FTT.V,D,20210921,000000,54.34,58.47,48,52.69,0,0
FTT.V,D,20210922,000000,52.44,58.18,50.47,55.52,0,0
FTT.V,D,20210923,000000,55.52,60.91,54.59,57.5,0,0
FTT.V,D,20210924,000000,57.58,57.84,49.11,53.42,0,0
FTT.V,D,20210925,000000,53.47,55.53,50.66,55.35,0,0
FTT.V,D,20210926,000000,55.41,59.15,49.86,56.4,0,0
FTT.V,D,20210927,000000,56.4,57.88,52.14,53,0,0
FTT.V,D,20210928,000000,53.02,53.39,48.79,49.61,0,0
FTT.V,D,20210929,000000,49.62,52.24,47.95,49.39,0,0
FTT.V,D,20210930,000000,49.39,52.86,49.15,51.46,0,0
FTT.V,D,20211001,000000,51.45,56.36,51.05,55.52,0,0
FTT.V,D,20211002,000000,55.46,58.06,53.32,56.97,0,0
FTT.V,D,20211003,000000,56.96,58.68,55.33,56.67,0,0
FTT.V,D,20211004,000000,56.66,57.31,52.88,55.58,0,0
FTT.V,D,20211005,000000,55.6,58.42,54.88,58.42,0,0
FTT.V,D,20211006,000000,58.37,61.97,54.02,56.79,0,0
FTT.V,D,20211007,000000,56.91,57.71,54.7,56.58,0,0
FTT.V,D,20211008,000000,56.57,57.43,54.72,55.3,0,0
FTT.V,D,20211009,000000,55.29,56.68,54.7,55.95,0,0
FTT.V,D,20211010,000000,55.95,56.26,53.24,53.61,0,0
FTT.V,D,20211011,000000,53.57,55.48,52.95,54.21,0,0
FTT.V,D,20211012,000000,54.21,54.51,51.49,52.68,0,0
FTT.V,D,20211013,000000,52.65,54.13,51.63,53.91,0,0
FTT.V,D,20211014,000000,53.91,56.3,53.59,55.67,0,0
FTT.V,D,20211015,000000,55.69,58.12,54.71,56.94,0,0
FTT.V,D,20211016,000000,56.97,57.99,56,56.16,0,0
FTT.V,D,20211017,000000,56.17,57.35,54.69,55.74,0,0
FTT.V,D,20211018,000000,55.74,57.43,53.75,55.28,0,0
FTT.V,D,20211019,000000,55.28,56.95,55.12,56.63,0,0
FTT.V,D,20211020,000000,56.63,62.31,56.49,61.16,0,0
FTT.V,D,20211021,000000,61.18,67.47,60,62.17,0,0
FTT.V,D,20211022,000000,62.24,66.31,61.33,62.38,0,0
FTT.V,D,20211023,000000,62.41,63.8,61.02,62.76,0,0
FTT.V,D,20211024,000000,62.76,63.65,59.99,61.65,0,0
FTT.V,D,20211025,000000,61.65,66,61.38,64.66,0,0
FTT.V,D,20211026,000000,64.66,69.64,63.25,63.49,0,0
FTT.V,D,20211027,000000,63.55,64.34,56.73,57.91,0,0
FTT.V,D,20211028,000000,57.9,61.7,57.2,59.93,0,0
FTT.V,D,20211029,000000,59.94,61.86,59.51,61.43,0,0
FTT.V,D,20211030,000000,61.43,61.85,59.11,59.53,0,0
FTT.V,D,20211031,000000,59.52,60.21,57.59,59.48,0,0
FTT.V,D,20211101,000000,59.47,60.08,57.41,58.92,0,0
FTT.V,D,20211102,000000,58.91,60.84,58.5,60.8,0,0
FTT.V,D,20211103,000000,60.8,62.87,59.79,62.23,0,0
FTT.V,D,20211104,000000,62.23,62.67,58.42,59.2,0,0
FTT.V,D,20211105,000000,59.2,60.45,58.16,59.01,0,0
FTT.V,D,20211106,000000,59.01,60.93,57.84,60.84,0,0
FTT.V,D,20211107,000000,60.84,64.29,60.84,63.66,0,0
FTT.V,D,20211108,000000,63.67,65.49,63.01,64.72,0,0
FTT.V,D,20211109,000000,64.73,65.73,61.85,62.61,0,0
FTT.V,D,20211110,000000,62.63,64.55,57.9,59.03,0,0
FTT.V,D,20211111,000000,59.04,60.54,58.29,59.94,0,0
FTT.V,D,20211112,000000,59.94,60.14,56.16,57.83,0,0
FTT.V,D,20211113,000000,57.83,58.32,54.54,55.54,0,0
FTT.V,D,20211114,000000,55.55,56.56,54.78,55.42,0,0
FTT.V,D,20211115,000000,55.4,57.47,54.92,55.25,0,0
FTT.V,D,20211116,000000,55.3,55.31,48.35,50.95,0,0
FTT.V,D,20211117,000000,50.95,51.73,49.18,51.27,0,0
FTT.V,D,20211118,000000,51.27,52.39,46.78,50.16,0,0
FTT.V,D,20211119,000000,50.17,52.77,49.29,52.42,0,0
FTT.V,D,20211120,000000,52.42,53.35,50.88,53.3,0,0
FTT.V,D,20211121,000000,53.29,53.51,51.61,52.15,0,0
FTT.V,D,20211122,000000,52.18,52.33,47.77,49.39,0,0
FTT.V,D,20211123,000000,49.4,51.277,48.812,50.485,0,0
FTT.V,D,20211124,000000,50.516,50.818,48.113,50.003,0,0
FTT.V,D,20211125,000000,50.013,53.153,49.878,52.834,0,0
FTT.V,D,20211126,000000,52.837,53.081,46.524,47.758,0,0
FTT.V,D,20211127,000000,47.866,49.097,47.41,48.281,0,0
FTT.V,D,20211128,000000,48.267,49.599,46.1,49.309,0,0
FTT.V,D,20211129,000000,49.359,52.047,49.359,51.772,0,0
FTT.V,D,20211130,000000,51.776,52.328,49.965,51.059,0,0
FTT.V,D,20211201,000000,51.053,51.7,49.469,50.701,0,0
FTT.V,D,20211202,000000,50.691,50.961,48.246,49.642,0,0
FTT.V,D,20211203,000000,49.634,49.9,45.403,46.889,0,0
FTT.V,D,20211204,000000,46.893,47.276,37.708,44.084,0,0
FTT.V,D,20211205,000000,44.099,44.738,42.1,43.721,0,0
FTT.V,D,20211206,000000,43.726,44.337,40.112,44.175,0,0
FTT.V,D,20211207,000000,44.17,44.738,42.496,42.624,0,0
FTT.V,D,20211208,000000,42.58,44.19,41.352,43.605,0,0
FTT.V,D,20211209,000000,43.619,44.3,39.735,40.6,0,0
FTT.V,D,20211210,000000,40.6,41.056,38.422,39.199,0,0
FTT.V,D,20211211,000000,39.207,40.401,38.142,39.897,0,0
FTT.V,D,20211212,000000,39.883,41.756,39.869,41.457,0,0
FTT.V,D,20211213,000000,41.475,42.062,37.101,37.946,0,0
FTT.V,D,20211214,000000,37.933,39.16,37.227,38.831,0,0
FTT.V,D,20211215,000000,38.805,39.78988,36.78838,39.21351,0,0
FTT.V,D,20211216,000000,39.19959,39.64377,38.44769,38.75162,0,0
FTT.V,D,20211217,000000,38.74162,38.74162,36.0108,37.62504,0,0
FTT.V,D,20211218,000000,37.62504,40.34613,37.31492,40.06602,0,0
FTT.V,D,20211219,000000,40.026,41.14645,39.48973,40.24011,0,0
FTT.V,D,20211220,000000,40.27013,40.73222,38.54771,40.31209,0,0
FTT.V,D,20211221,000000,40.26207,42.63705,40.26207,42.2569,0,0
FTT.V,D,20211222,000000,42.22688,42.62704,41.11233,41.71084,0,0
FTT.V,D,20211223,000000,41.68083,43.44737,40.80224,43.15726,0,0
FTT.V,D,20211224,000000,43.19727,43.70057,42.61555,42.70134,0,0
FTT.V,D,20211225,000000,42.72562,43.20159,42.27112,42.85714,0,0
FTT.V,D,20211226,000000,42.86714,42.98148,41.97098,42.7571,246202,0
FTT.V,D,20211227,000000,42.7771,43.64181,42.21266,43.08292,533523,0
FTT.V,D,20211228,000000,43.08862,43.10862,39.42,40.22402,1101813,0
FTT.V,D,20211229,000000,40.19804,40.55811,38.9739,39.19784,629987,0
FTT.V,D,20211230,000000,39.20784,40.37404,38.06381,38.92778,1131559,0
FTT.V,D,20211231,000000,38.93779,40.29806,37.9738,38.29383,2278065.2901792,0
FTT.V,D,20220101,000000,38.34383,40.24402,38.22382,40.05801,660451.44244823,0
FTT.V,D,20220102,000000,40.024,40.62812,39.32393,40.20804,788064.85932878,0
FTT.V,D,20220103,000000,40.25805,41.72417,39.35393,40.044,2652715.7838817,0
FTT.V,D,20220104,000000,40.05,43.9956,39.23608,41.85,3527807.2389586,0
FTT.V,D,20220105,000000,41.85163,42.8,37.10629,37.9762,3014417.7369239,0
FTT.V,D,20220106,000000,37.9562,39.35606,36.41272,38.85611,2374781.450637,0
FTT.V,D,20220107,000000,38.82552,38.88555,34.83955,35.54644,2306598.2809929,0
FTT.V,D,20220108,000000,35.49645,36.47635,33.87322,35.51,1434407.4054746,0
FTT.V,D,20220109,000000,35.52,37.72,34.99,37.39,1191062.6337666,0
FTT.V,D,20220110,000000,37.41,38.32,35.31,37.81,2336433.431064,0
FTT.V,D,20220111,000000,37.79,39.73795,37.73,39.66,1299981.7544134,0
FTT.V,D,20220112,000000,39.7,41.7667,39.56791,41.35654,981878.64599533,0
FTT.V,D,20220113,000000,41.30652,42.50124,40.62624,41.01049,1150743.4383337,0
FTT.V,D,20220114,000000,40.99639,44.72788,40.72035,44.59337,2418212.5940874,0
FTT.V,D,20220115,000000,44.55336,47.35366,44.3333,46.11304,2500786.5149554,0
FTT.V,D,20220116,000000,46.13305,46.63865,45.15806,46.46858,1240779.2252025,0
FTT.V,D,20220117,000000,46.49859,46.56862,43.82752,44.47778,1665391.5019403,0
FTT.V,D,20220118,000000,44.53781,45.11353,42.95288,44.92347,1491232.3105826,0
FTT.V,D,20220119,000000,44.91347,46.97409,43.23297,46.89406,2583852.478853,0
FTT.V,D,20220120,000000,46.88406,49.96498,45.78458,46.33927,2085921.6231471,0
FTT.V,D,20220121,000000,46.32926,46.39928,37.56751,38.22146,4158947.1656539,0
FTT.V,D,20220122,000000,38.26765,39.40182,31.68634,33.25997,4353505.3323911,0
FTT.V,D,20220123,000000,33.25997,36.43093,33.05991,34.92698,1804258.3603573,0
FTT.V,D,20220124,000000,34.91698,36.30089,31.33627,35.18055,2263617.9501872,0
FTT.V,D,20220125,000000,35.191,37.16857,34.5,36.27813,1239659.480685,0
FTT.V,D,20220126,000000,36.28901,38.87943,35.44771,36.22172,1911461.3900343,0
FTT.V,D,20220127,000000,36.1917,39.91995,35.12106,37.8289,1852520.2728034,0
FTT.V,D,20220128,000000,37.8289,40.18205,37.66506,39.74795,1010651.1226577,0
FTT.V,D,20220129,000000,39.73795,41.99259,39.73795,41.63249,897257.33918964,0
FTT.V,D,20220130,000000,41.63249,41.90257,40.24609,40.86225,551958.93862712,0
FTT.V,D,20220131,000000,40.84633,44.12205,39.57582,43.67182,1872693.5936724,0
FTT.V,D,20220201,000000,43.64181,50.01,42.77565,45.14707,2331703.605839,0
FTT.V,D,20220202,000000,45.14707,46.24773,42.30692,43.09445,1632067.6182836,0
FTT.V,D,20220203,000000,43.07874,43.24025,40.80039,42.26112,973993.82251334,0
FTT.V,D,20220204,000000,42.18108,45.4063,42.18108,45.39629,1422147.046478,0
FTT.V,D,20220205,000000,45.4063,47.05822,45.04151,46.32778,963406.10006655,0
FTT.V,D,20220206,000000,46.34779,46.59794,45.08253,45.72828,469592.57705359,0
FTT.V,D,20220207,000000,45.71828,48.51847,45.69827,47.65333,957475.53090035,0
FTT.V,D,20220208,000000,47.65333,48.604,45.21614,46.712,811722.95261539,0
FTT.V,D,20220209,000000,46.70199,48.26822,45.58644,48.15291,1006280.0798001,0
FTT.V,D,20220210,000000,48.16812,48.39385,45.09154,45.47181,956751.67645041,0
FTT.V,D,20220211,000000,45.4618,45.54186,42.94717,43.10293,672717.73576748,0
FTT.V,D,20220212,000000,43.06291,44.90693,42.8214,44.08203,475897.17228147,0
FTT.V,D,20220213,000000,44.13647,45.46726,43.89632,44.8569,590613.90966083,0
FTT.V,D,20220214,000000,44.82688,45.01699,43.366,44.93695,635761.99271457,0
FTT.V,D,20220215,000000,44.96696,47.01819,44.6968,46.84809,472247.71881743,0
FTT.V,D,20220216,000000,46.80807,47.44845,45.79746,46.62796,466010.02622833,0
FTT.V,D,20220217,000000,46.60329,46.83809,43.28596,43.87631,504465.35817023,0
FTT.V,D,20220218,000000,43.90071,44.42107,42.54551,43.04151,496759.64938521,0
FTT.V,D,20220219,000000,43.03581,43.67182,41.90094,42.66558,241722.86064797,0
FTT.V,D,20220220,000000,42.64557,42.8657,40.29611,41.32065,442611.06634753,0
FTT.V,D,20220221,000000,41.39068,42.55127,39.82592,40.6103,1016831.3077568,0
FTT.V,D,20220222,000000,40.57027,41.71668,39.05171,41.08053,719911.65416107,0
FTT.V,D,20220223,000000,41.11055,43.4217,40.85041,41.3648,624813.83389596,0
FTT.V,D,20220224,000000,41.32478,42.2569,37.32865,40.57622,1685334.0208802,0
FTT.V,D,20220225,000000,40.58623,43.40736,40.58623,43.40169,688511.72310011,0
FTT.V,D,20220226,000000,43.38168,44.11764,42.65706,43.45172,458259.27501875,0
FTT.V,D,20220227,000000,43.43737,44.2677,40.94637,41.74669,631675.80616875,0
FTT.V,D,20220228,000000,41.71668,46.44321,41.18647,45.72828,838719.69283112,0
FTT.V,D,20220301,000000,45.82832,47.72908,45.22356,46.17385,922269.92235337,0
FTT.V,D,20220302,000000,46.17923,47.59427,45.52365,46.3439,903747.16130854,0
FTT.V,D,20220303,000000,46.3539,46.45393,43.81876,44.91898,510168.34902472,0
FTT.V,D,20220304,000000,44.95348,45.07352,40.028,40.3421,723031.40324531,0
FTT.V,D,20220305,000000,40.37211,41.55831,39.77193,41.23237,396669.43178213,0
FTT.V,D,20220306,000000,41.15234,41.42242,39.86797,40.44213,430071.5126877,0
FTT.V,D,20220307,000000,40.44213,41.0182,38.5277,39.84195,763279.6001438,0
FTT.V,D,20220308,000000,39.84195,41.24412,39.65189,40.42808,547547.85157416,0
FTT.V,D,20220309,000000,40.41808,43.46869,40.37807,42.72854,431017.7319567,0
FTT.V,D,20220310,000000,42.73855,42.94859,40.11604,40.83633,448067.48341899,0
FTT.V,D,20220311,000000,40.84633,42.06682,39.7759,41.0082,526345.19535881,0
FTT.V,D,20220312,000000,41.0082,41.5,40.71814,41.23412,187664.82215121,0
FTT.V,D,20220313,000000,41.24825,41.44414,39.78193,39.87196,255911.00093783,0
FTT.V,D,20220314,000000,39.82796,41.33827,39.61396,41.12822,458183.21402053,0
FTT.V,D,20220315,000000,41.13823,41.57831,40.06801,41.14234,316427.9743665,0
FTT.V,D,20220316,000000,41.17235,42.84285,40.63813,42.46274,592713.93855039,0
FTT.V,D,20220317,000000,42.46274,43.43303,42.38271,43.15156,269061.24880406,0
FTT.V,D,20220318,000000,43.14725,45.13255,42.39118,44.53225,277031.25400071,0
FTT.V,D,20220319,000000,44.49557,45.3572,44.32772,44.70788,246733.19603773,0
FTT.V,D,20220320,000000,44.71234,45.03801,43.52175,44.18767,185456.03236757,0
FTT.V,D,20220321,000000,44.20768,45.07802,43.48739,44.91244,355145.30715603,0
FTT.V,D,20220322,000000,44.89795,46.70334,44.48223,45.6228,490776.05166077,0
FTT.V,D,20220323,000000,45.59823,46.34853,44.65232,45.8329,444814.43609625,0
FTT.V,D,20220324,000000,45.85291,49.09963,45.7583,48.96958,896385.85652334,0
FTT.V,D,20220325,000000,48.94957,51.50574,48.74436,49.68987,1241302.235091,0
FTT.V,D,20220326,000000,49.69483,50.58528,49.47472,49.81992,288784.39115854,0
FTT.V,D,20220327,000000,49.80489,52.20566,49.57982,52.05081,388189.76654742,0
FTT.V,D,20220328,000000,52.06561,53.29131,51.6955,52.64105,492858.75558455,0
FTT.V,D,20220329,000000,52.6263,52.73108,50.42512,50.77537,679379.45997756,0
FTT.V,D,20220330,000000,50.72535,52.21044,49.96998,51.19535,508695.85471211,0
FTT.V,D,20220331,000000,51.17535,51.74035,48.63973,49.07981,543144.49887884,0
FTT.V,D,20220401,000000,49.04471,51.17557,47.43949,50.53516,538145.50131168,0
FTT.V,D,20220402,000000,50.54011,51.2705,49.50485,50.39015,596806.05332607,0
FTT.V,D,20220403,000000,50.38014,50.84033,49.3548,50.66026,240909.51941514,0
FTT.V,D,20220404,000000,50.75029,51.30051,48.81464,49.98499,338334.46847512,0
FTT.V,D,20220405,000000,50.01,51.0253,48.46485,48.9749,486044.69501061,0
FTT.V,D,20220406,000000,49.0098,49.12982,45.07,45.90459,458936.34035832,0
FTT.V,D,20220407,000000,45.88,46.11,44.48,45.60456,301680.4190618,0
FTT.V,D,20220408,000000,45.59456,46.54465,45.09352,45.20808,422601.71893663,0
FTT.V,D,20220409,000000,45.16806,45.35907,44.53336,45.24357,136407.9916103,0
FTT.V,D,20220410,000000,45.25357,46.39391,45.24905,45.77915,140914.13698552,0
FTT.V,D,20220411,000000,45.78458,45.85459,41.30826,41.38241,666028.75326135,0
FTT.V,D,20220412,000000,41.35827,42.66853,41.05231,41.55246,240399.79161557,0
FTT.V,D,20220413,000000,41.53246,42.97289,41.36241,42.83285,175083.01359759,0
FTT.V,D,20220414,000000,42.79856,43.31299,41.41828,41.79836,174998.82809637,0
FTT.V,D,20220415,000000,41.78836,43.13863,41.61832,42.47849,971003.79107504,0
FTT.V,D,20220416,000000,42.47849,43.08862,41.34827,41.75835,333340.67225502,0
FTT.V,D,20220417,000000,41.75835,48.51485,41.64833,45.73915,2035406.5842274,0
FTT.V,D,20220418,000000,45.73915,45.75286,40.22804,43.333,2234577.3866644,0
FTT.V,D,20220419,000000,43.31299,43.9888,42.89858,43.39868,435627.8569457,0
FTT.V,D,20220420,000000,43.40868,44.20442,42.39424,42.93859,502232.96101344,0
FTT.V,D,20220421,000000,42.90858,45.92918,42.27423,42.36424,1457770.0204603,0
FTT.V,D,20220422,000000,42.33423,42.66853,40.94819,41.35413,630807.77867323,0
FTT.V,D,20220423,000000,41.35827,42.11842,40.75408,41.49415,329800.09281016,0
FTT.V,D,20220424,000000,41.5083,41.61832,40.51405,40.95819,480430.35362816,0
FTT.V,D,20220425,000000,40.97819,41.88838,39.58792,41.80836,557098.48714101,0
FTT.V,D,20220426,000000,41.80836,42.21844,38.56386,39.21,377851.79039168,0
FTT.V,D,20220427,000000,39.21392,39.79,38.37,39.59396,400437.58817242,0
FTT.V,D,20220428,000000,39.62396,40.79408,39.33393,40.25,371829.52351184,0
FTT.V,D,20220429,000000,40.29,40.43404,38.4,38.67387,265256.43797764,0
FTT.V,D,20220430,000000,38.66387,39.36,38.53385,38.87389,269266.11218863,0
FTT.V,D,20220501,000000,38.84388,39.13,37.76,38.96,429348.84577742,0
FTT.V,D,20220502,000000,38.9739,39.8,38.50385,39.77398,358822.62996779,0
FTT.V,D,20220503,000000,39.8,39.93399,37.60248,37.81622,278060.5919999,0
FTT.V,D,20220504,000000,37.84622,39.71,37.66623,39.53,387617.44456861,0
FTT.V,D,20220505,000000,39.52,39.79806,35.78284,36.39636,252298.52092063,0
FTT.V,D,20220506,000000,36.39272,36.47635,34.993,35.81642,439892.71017876,0
FTT.V,D,20220507,000000,35.81642,36.0028,34.983,34.983,124239.80285184,0
FTT.V,D,20220508,000000,34.9865,35.27647,33.47995,34.23972,308831.17493319,0
FTT.V,D,20220509,000000,34.24972,34.24972,30.3309,30.96381,874495.34360697,0
FTT.V,D,20220510,000000,30.9738,34.81304,29.4782,32.13714,951491.80888443,0
FTT.V,D,20220511,000000,32.08716,33.60655,26.32517,28.56392,2119409.5487961,0
FTT.V,D,20220512,000000,28.56392,31.25448,25.21606,28.97447,2715868.4126175,0
FTT.V,D,20220513,000000,28.96159,32.52396,28.5997,31.51633,760183.04769208,0
FTT.V,D,20220514,000000,31.51633,31.53946,29.87713,31.03649,284549.83276143,0
FTT.V,D,20220515,000000,31.04647,32.51094,30.86364,32.45101,192037.89125173,0
FTT.V,D,20220516,000000,32.461,32.74066,30.78992,32.16813,485816.45867898,0
FTT.V,D,20220517,000000,32.20808,32.58412,31.12948,32.0383,255431.92773392,0
FTT.V,D,20220518,000000,32.04828,32.20808,29.79122,30.10082,234493.76701544,0
FTT.V,D,20220519,000000,30.10082,31.32864,29.56152,30.7692,493215.91144076,0
FTT.V,D,20220520,000000,30.7523,31.22561,29.17203,29.69135,296250.96249586,0
FTT.V,D,20220521,000000,29.70431,30.29057,29.43464,29.92105,151612.04759352,0
FTT.V,D,20220522,000000,29.93104,30.80681,29.90807,30.4634,126269.55482473,0
FTT.V,D,20220523,000000,30.49336,31.10886,29.53452,29.95401,406892.53675289,0
FTT.V,D,20220524,000000,29.93104,30.00395,28.68554,29.6514,527592.61368876,0
FTT.V,D,20220525,000000,29.64142,30.22369,28.05348,29.24486,508311.68718753,0
FTT.V,D,20220526,000000,29.27483,29.29774,26.51814,27.972,681512.54713728,0
FTT.V,D,20220527,000000,27.94922,28.08189,26.25109,26.43089,486717.25514588,0
FTT.V,D,20220528,000000,26.41985,27.19087,26.19433,27.02834,325612.48849379,0
FTT.V,D,20220529,000000,27.01781,27.34071,26.69355,27.14983,171324.94997879,0
FTT.V,D,20220530,000000,27.14983,29.38941,27.04104,29.2595,440227.78408776,0
FTT.V,D,20220531,000000,29.2595,29.44937,28.4772,28.87688,369999.71617452,0
FTT.V,D,20220601,000000,28.88716,29.09816,26.51081,26.68596,268815.53203823,0
FTT.V,D,20220602,000000,26.63334,27.20549,26.39622,27.01566,334876.50659519,0
FTT.V,D,20220603,000000,27.01566,27.27761,25.77472,26.07729,338935.25735579,0
FTT.V,D,20220604,000000,26.07729,26.10727,25.52905,25.80038,330986.82145809,0
FTT.V,D,20220605,000000,25.7909,26.38544,25.63845,26.19535,365752.83004454,0
FTT.V,D,20220606,000000,26.24531,27.53713,26.0852,27.49661,985231.66510334,0
FTT.V,D,20220607,000000,27.5066,27.61678,25.17086,27.30759,983397.87778782,0
FTT.V,D,20220608,000000,27.29814,28.44065,26.40309,28.37155,844127.43337667,0
FTT.V,D,20220609,000000,28.36155,29.10495,27.91932,28.60595,638031.24829897,0
FTT.V,D,20220610,000000,28.61566,28.66619,27.24191,27.65456,896947.57264992,0
FTT.V,D,20220611,000000,27.67453,28.03997,26.52707,27.40899,553917.75571536,0
FTT.V,D,20220612,000000,27.399,29.27219,26.59698,28.69466,1104743.202495,0
FTT.V,D,20220613,000000,28.71464,28.75488,24.01393,24.74556,2739274.6357513,0
FTT.V,D,20220614,000000,24.75579,24.8554,22.27765,23.21211,3074876.0913849,0
FTT.V,D,20220615,000000,23.20212,25.20225,21.00213,25.00244,5746957.3224419,0
FTT.V,D,20220616,000000,25.03739,25.39004,23.23209,23.76668,752402.42644466,0
FTT.V,D,20220617,000000,23.28759,25.045,23.09808,24.33077,1334683.1087112,0
FTT.V,D,20220618,000000,24.34076,24.69083,21.09302,22.20397,1882627.2662808,0
FTT.V,D,20220619,000000,22.20397,25.371,21.65898,25.011,2601521.1608381,0
FTT.V,D,20220620,000000,25.018,26.664,23.951,26.39,1071387.7673937,0
FTT.V,D,20220621,000000,26.40093,28.17744,26.181,27.55965,668599.82935763,0
FTT.V,D,20220622,000000,27.57963,27.63234,25.069,25.289,1246504.477508,0
FTT.V,D,20220623,000000,25.306,26.18379,25.063,25.80417,834199.30494592,0
FTT.V,D,20220624,000000,25.80417,26.8585,25.36461,26.7791,607839.06124577,0
FTT.V,D,20220625,000000,26.78319,28.02233,26.16246,27.95042,689096.16068221,0
FTT.V,D,20220626,000000,27.90046,28.9503,27.4835,27.83301,845707.03919279,0
FTT.V,D,20220627,000000,27.83301,28.04288,26.55555,26.95626,575876.60611047,0
FTT.V,D,20220628,000000,26.96598,27.76471,25.73166,26.01796,756661.7791556,0
FTT.V,D,20220629,000000,26.00771,26.02795,24.57653,25.06988,1229585.4178389,0
FTT.V,D,20220630,000000,25.05989,25.16976,23.05998,23.49178,1879692.4773086,0
FTT.V,D,20220701,000000,23.54,25.487,23.413,24.614,2103430.5823172,0
FTT.V,D,20220702,000000,24.56502,24.75326,24.53852,24.65937,11465.903390314,0
FTT.V,D,20220705,000000,25.14978,25.82157,24.38071,25.44198,459332.70854525,0
FTT.V,D,20220706,000000,25.437,26.138,24.755,26.053,753845.4646938,0
FTT.V,D,20220707,000000,26.054,27.744,25.934,27.497,922795.26044472,0
FTT.V,D,20220708,000000,27.503,28.234,26.809,27.548,700438.02031509,0
FTT.V,D,20220709,000000,27.53847,27.8168,27.09883,27.27363,289569.61265628,0
FTT.V,D,20220710,000000,27.2609,27.33359,25.60207,26.03437,274700.86699888,0
FTT.V,D,20220711,000000,25.94442,25.94442,25.03995,25.35716,375878.93155821,0
FTT.V,D,20220712,000000,25.35224,25.35224,23.89369,23.976,480104.63872798,0
FTT.V,D,20220713,000000,23.96697,24.79518,23.22443,24.44798,643080.73905758,0
FTT.V,D,20220714,000000,24.43799,26.22163,24.34807,25.66459,778521.31400306,0
FTT.V,D,20220715,000000,25.67459,27.3963,25.65203,27.02189,826041.32309118,0
FTT.V,D,20220716,000000,27.03189,28.40432,26.33946,27.84165,544047.95445838,0
FTT.V,D,20220717,000000,27.86248,28.77367,27.40479,27.86275,577557.60372257,0
FTT.V,D,20220718,000000,27.88275,29.94611,27.58145,28.85336,1069060.2334822,0
FTT.V,D,20220719,000000,28.87336,30.33363,27.94804,29.61474,1322127.7482736,0
FTT.V,D,20220720,000000,29.58,30.24454,28.39943,29.24146,892408.84849026,0
FTT.V,D,20220721,000000,29.25175,29.72713,27.74333,29.47737,599183.54296535,0
FTT.V,D,20220722,000000,29.44736,30.52916,28.64516,29.02638,1050391.4065456,0
FTT.V,D,20220723,000000,28.97,29.72178,27.7275,28.19564,733087.08663595,0
FTT.V,D,20220724,000000,28.19282,29.54118,28.19282,29.36587,637534.73706515,0
FTT.V,D,20220725,000000,29.34587,29.76595,27.16299,27.7525,824058.33548898,0
FTT.V,D,20220726,000000,27.74222,27.76278,25.92104,26.21367,849054.67334063,0
FTT.V,D,20220727,000000,26.22367,29.24198,26.21367,29.03697,1097220.2232509,0
FTT.V,D,20220728,000000,29.05697,30.74676,28.57314,30.38608,872053.23988615,0
FTT.V,D,20220729,000000,30.37638,31.34473,29.6686,31.04272,1020994.0706524,0
FTT.V,D,20220730,000000,30.9927,32.44103,30.87234,31.12058,917032.36744595,0
FTT.V,D,20220731,000000,31.12058,31.71634,30.73738,30.76707,585886.10399974,0
FTT.V,D,20220801,000000,30.71737,30.85771,29.82775,30.55855,608626.37888372,0
FTT.V,D,20220802,000000,30.58917,31.01178,28.81403,29.63504,982560.96440866,0
FTT.V,D,20220803,000000,29.62592,30.0087,28.7446,29.68742,434780.65103522,0
FTT.V,D,20220804,000000,29.67682,29.68683,28.75115,28.91087,371753.6510661,0
FTT.V,D,20220805,000000,28.89087,30.67583,28.88087,30.41578,612128.77546592,0
FTT.V,D,20220806,000000,30.42578,30.89463,30.42578,30.76707,282320.32392656,0
FTT.V,D,20220807,000000,30.76707,31.0359,30.10722,30.87587,269973.74114267,0
FTT.V,D,20220808,000000,30.88587,32.14675,30.37364,31.51378,582666.91604435,0
FTT.V,D,20220809,000000,31.51378,31.65665,29.41647,29.95629,745364.79790591,0
FTT.V,D,20220810,000000,29.96599,31.63727,29.177,31.41911,448318.06878083,0
FTT.V,D,20220811,000000,31.46944,32.6573,30.60377,30.85449,1333243.9547348,0
FTT.V,D,20220812,000000,30.82448,31.04427,30.002,30.8742,312448.69850662,0
FTT.V,D,20220813,000000,30.86419,31.91499,30.77353,31.43257,423971.77684999,0
FTT.V,D,20220814,000000,31.45226,32.01216,30.63704,30.93959,316849.86120447,0
FTT.V,D,20220815,000000,30.91927,31.89861,30.20725,30.90742,347834.67108492,0
FTT.V,D,20220816,000000,30.8571,31.13405,30.35304,30.75277,424313.91827395,0
FTT.V,D,20220817,000000,30.72276,31.50441,29.9721,30.14211,409977.16054212,0
FTT.V,D,20220818,000000,30.09241,30.54183,29.9106,30.2403,204588.15379284,0
FTT.V,D,20220819,000000,30.24302,30.29303,26.55,26.65266,941644.96198558,0
FTT.V,D,20220820,000000,26.70267,27.24436,26.10791,26.67,535639.97312393,0
FTT.V,D,20220821,000000,26.67947,27.91888,26.58867,27.62945,366947.96517318,0
FTT.V,D,20220822,000000,27.58945,27.93112,26.51841,27.18538,551790.04333862,0
FTT.V,D,20220823,000000,27.19592,28.01084,26.94,27.76083,349037.6233158,0
FTT.V,D,20220824,000000,27.80972,28.0814,27.19864,27.7725,217118.2776079,0
FTT.V,D,20220825,000000,27.80222,28.29887,27.51055,27.94112,317778.42964882,0
FTT.V,D,20220826,000000,27.98084,28.11281,26.3,26.48238,331589.50592959,0
FTT.V,D,20220827,000000,26.49265,26.52239,25.45051,25.52077,428349.5037935,0
FTT.V,D,20220828,000000,25.51077,26.09052,25.47051,25.85974,192349.74328462,0
FTT.V,D,20220829,000000,25.87,27.1819,25.17748,27.1819,576057.39397449,0
FTT.V,D,20220830,000000,27.18217,27.72945,26.01078,26.6824,455919.007729,0
FTT.V,D,20220831,000000,26.69214,27.79028,26.51292,27.11973,496567.93164882,0
FTT.V,D,20220901,000000,27.08973,27.14027,26.10843,26.87839,346426.58355951,0
FTT.V,D,20220902,000000,26.88839,27.17326,26.06208,26.32395,349901.48098832,0
FTT.V,D,20220903,000000,26.30421,26.41291,25.94,26.13,145291.30757205,0
FTT.V,D,20220904,000000,26.12,26.45265,25.87,26.32,180629.03828144,0
FTT.V,D,20220905,000000,26.25,26.58266,25.92,26.5,193212.81982023,0
FTT.V,D,20220906,000000,26.47265,27.14271,25.35,25.78,375149.66403063,0
FTT.V,D,20220907,000000,25.7911,26.44238,25.03875,26.27184,574412.74200307,0
FTT.V,D,20220908,000000,26.25184,26.2921,25.6023,26.04417,310152.11996864,0
FTT.V,D,20220909,000000,26.04417,27.8953,25.95285,27.17897,510066.30294448,0
FTT.V,D,20220910,000000,27.16005,27.755,27.03811,27.41521,332890.8022047,0
FTT.V,D,20220911,000000,27.39548,27.99924,27.28064,27.42686,652818.3987012,0
FTT.V,D,20220912,000000,27.46659,28.57771,27.43658,28.30566,1079368.8308361,0
FTT.V,D,20220913,000000,28.3151,29.23672,25.89181,26.13052,1310395.3907422,0
FTT.V,D,20220914,000000,26.15026,26.20052,24.76099,25.46637,624478.92525332,0
FTT.V,D,20220915,000000,25.48637,25.6759,23.92474,24.25782,907324.59019188,0
FTT.V,D,20220916,000000,24.25782,24.38,23.55293,24.0376,285677.33876758,0
FTT.V,D,20220917,000000,24.0476,24.67,23.9676,24.48245,193977.78354962,0
FTT.V,D,20220918,000000,24.49,24.68,23.30767,23.51,277686.48684846,0
FTT.V,D,20220919,000000,23.45,24.35243,22.43,24.19484,1007369.1408557,0
FTT.V,D,20220920,000000,24.21242,24.39,23.29,23.42,402555.5513494,0
FTT.V,D,20220921,000000,23.31,24.3,22.65,22.71,460961.14047614,0
FTT.V,D,20220922,000000,22.71,23.78762,22.37,23.44,352130.85060339,0
FTT.V,D,20220923,000000,23.45,24.03,22.88771,23.68,530048.14787998,0
FTT.V,D,20220924,000000,23.68834,24.13072,23.67574,23.7819,256238.54437684,0
FTT.V,D,20220925,000000,23.74,23.96096,23.40094,23.42953,196629.22111857,0
FTT.V,D,20220926,000000,23.43,24.23,23.22,24.01,609241.46188,0
FTT.V,D,20220927,000000,24,25.11,23.34767,23.58764,798238.5019624,0
FTT.V,D,20220928,000000,23.6,24.34757,22.83543,24.22,507823.6875296,0
FTT.V,D,20220929,000000,24.22,24.34243,23.52,24.15,522481.68667226,0
FTT.V,D,20220930,000000,24.16,24.9725,23.9924,24.08,531511.72231962,0
FTT.V,D,20221001,000000,24.07,24.50245,23.96,24.31,412331.58996066,0
FTT.V,D,20221002,000000,24.29243,24.37244,23.9624,24.23,142383.31429828,0
FTT.V,D,20221003,000000,24.22,24.80496,23.88,24.70247,752816.44363366,0
FTT.V,D,20221004,000000,24.72247,25.29759,24.60492,25.06752,476100.31511661,0
FTT.V,D,20221005,000000,25.07501,25.16755,24.39,24.67493,271909.17783496,0
FTT.V,D,20221006,000000,24.69494,25.16352,24.39293,24.39415,367722.56892557,0
FTT.V,D,20221007,000000,24.40415,26.40343,24.21145,24.49343,2140585.3823947,0
FTT.V,D,20221008,000000,24.49245,24.60148,24.02576,24.03625,190764.62226734,0
FTT.V,D,20221009,000000,24.03625,24.24242,23.96,24.15483,185491.79315528,0
FTT.V,D,20221010,000000,24.13483,24.28486,23.69474,23.79762,525574.19885308,0
FTT.V,D,20221011,000000,23.8,23.8,23.09769,23.20791,608763.13383465,0
FTT.V,D,20221012,000000,23.21768,23.45953,23.16676,23.3907,192768.12834275,0
FTT.V,D,20221013,000000,23.4419,23.58654,22.13271,23.47198,706560.85919123,0
FTT.V,D,20221014,000000,23.51141,24.15266,23.33023,23.36093,394091.63710977,0
FTT.V,D,20221015,000000,23.39094,23.56212,23.24116,23.27116,237976.00535632,0
FTT.V,D,20221016,000000,23.25139,23.92976,23.14162,23.59094,199968.25808552,0
FTT.V,D,20221017,000000,23.59094,24.3107,23.10139,24.10048,1233584.4910944,0
FTT.V,D,20221018,000000,24.10048,24.21048,23.31047,23.57094,577188.18689742,0
FTT.V,D,20221019,000000,23.56141,23.65189,22.69188,22.82123,893136.95257513,0
FTT.V,D,20221020,000000,22.78167,22.7952,22.26,22.40406,331460.95794993,0
FTT.V,D,20221021,000000,22.40808,22.5709,21.95956,22.44157,345262.82585296,0
FTT.V,D,20221022,000000,22.45135,22.65136,22.33201,22.61203,172047.87175476,0
FTT.V,D,20221023,000000,22.59181,22.94298,22.38045,22.92298,251625.04397895,0
FTT.V,D,20221024,000000,22.94275,23.24093,22.57158,22.83091,325488.04779064,0
FTT.V,D,20221025,000000,22.85091,24.45807,22.67819,24.15773,751336.40794403,0
FTT.V,D,20221026,000000,24.15797,24.98024,23.77642,24.59713,717268.65971734,0
FTT.V,D,20221027,000000,24.58688,24.98425,24.16976,24.36146,678184.52523624,0
FTT.V,D,20221028,000000,24.39146,25.005,23.99072,24.82496,426039.30411695,0
FTT.V,D,20221029,000000,24.84497,25.7998,24.71519,25.49612,487582.75737397,0
FTT.V,D,20221030,000000,25.46611,26.0052,25.26682,25.60512,442600.79535796,0
FTT.V,D,20221031,000000,25.59512,26.49026,25.36558,26.17843,1120589.1762867,0
FTT.V,D,20221101,000000,26.18843,26.41313,25.5754,25.86741,377633.07524223,0
FTT.V,D,20221102,000000,25.86715,26.26606,24.92,24.9785,643090.50200134,0
FTT.V,D,20221103,000000,24.9785,25.33747,24.21758,24.36,774427.10949421,0
FTT.V,D,20221104,000000,24.36976,25.85078,24.10759,25.52204,1251130.7661142,0
FTT.V,D,20221105,000000,25.52179,25.84362,24.25145,24.32146,1041704.3159950809,0
FTT.V,D,20221106,000000,24.35146,25.22899,21.47936,22.47157,11229292.641942983,0
FTT.V,D,20221107,000000,22.46157,23.84143,21.72195,21.98264,13477602.525156578,0
FTT.V,D,20221108,000000,22.0066,22.17,2.63342,5.3159,180247376.45944372,0
FTT.V,D,20221109,000000,5.3159,6.48132,2.17543,2.26156,204927213.84059522,0
FTT.V,D,20221110,000000,2.16282,4.59634,2.05073,3.48114,171715891.32793474,0
FTT.V,D,20221111,000000,3.48743,3.85871,2.50335,2.64411,80697793.87365738,0
FTT.V,D,20221112,000000,2.65106,2.70677,1.82211,2.17178,76778515.73630548,0
FTT.V,D,20221113,000000,2.17218,2.28517,1.41724,1.51747,66066160.03523061,0
FTT.V,D,20221114,000000,1.51688,1.89067,1.2286,1.3979,31790494.14962652,0
FTT.V,D,20221115,000000,1.4004,1.64769,1.35816,1.43077,4665001.126611642,0
FTT.V,D,20221116,000000,1.78813,1.80205,1.65406,1.69071,42102.231473404965,0
FTT.V,D,20221117,000000,1.637,1.65974,1.5279,1.55276,109613.93816511931,0
FTT.V,D,20221118,000000,1.55582,1.60473,1.40891,1.42974,215978.63002270862,0
FTT.V,D,20221120,000000,1.41636,1.62307,1.34796,1.34796,533061.2610563623,0
FTT.V,D,20221121,000000,1.35196,1.35196,1.22629,1.25949,384332.6061379196,0
FTT.V,D,20221122,000000,1.27147,1.38835,1.24051,1.34525,233951.2382977244,0
FTT.V,D,20221123,000000,1.34227,1.40628,1.26649,1.29178,266234.08006354026,0
FTT.V,D,20221124,000000,1.29108,1.37635,1.27747,1.3286,220173.99143108554,0
FTT.V,D,20221125,000000,1.33786,1.57172,1.32078,1.39181,866249.1278489883,0
FTT.V,D,20221126,000000,1.39218,1.42888,1.33912,1.359,140363.68694622102,0
FTT.V,D,20221127,000000,1.35271,1.38333,1.29922,1.31438,98722.58840795874,0
FTT.V,D,20221128,000000,1.32087,1.32854,1.26889,1.28291,91534.37676421064,0
FTT.V,D,20221129,000000,1.27859,1.32172,1.25351,1.29292,127568.85100893347,0
FTT.V,D,20221130,000000,1.29992,1.4993,1.29777,1.33287,267104.46123767627,0
FTT.V,D,20221201,000000,1.33275,1.34392,1.28271,1.29009,88440.29155116122,0
FTT.V,D,20221202,000000,1.29018,1.44912,1.27081,1.30797,227745.20206332195,0
FTT.V,D,20221203,000000,1.30005,1.38635,1.29632,1.31713,116447.35834915165,0
FTT.V,D,20221204,000000,1.31853,1.4953,1.31353,1.40388,128720.95097173772,0
FTT.V,D,20221205,000000,1.39314,1.53046,1.35748,1.37253,227891.34242646577,0
FTT.V,D,20221206,000000,1.37673,1.4806,1.34991,1.46317,198392.39384886477,0
FTT.V,D,20221207,000000,1.45717,1.4782,1.3669,1.3878,114878.15052800978,0
FTT.V,D,20221208,000000,1.38611,1.41734,1.33193,1.3722,82003.04665519994,0
FTT.V,D,20221209,000000,1.37311,1.96262,1.32012,1.64875,868024.9112173484,0
FTT.V,D,20221210,000000,1.66688,1.83058,1.50267,1.54477,448688.8989774107,0
FTT.V,D,20221211,000000,1.53967,1.67255,1.45107,1.52545,1056222.9159550925,0
FTT.V,D,20221212,000000,1.52601,1.59864,1.45999,1.52871,150272.59620106686,0
FTT.V,D,20221213,000000,1.52874,1.54653,1.31836,1.39195,224062.49268327796,0
FTT.V,D,20221214,000000,1.37611,1.42501,1.33939,1.3804,179329.65250160944,0
FTT.V,D,20221215,000000,1.3788,1.39244,1.33117,1.35054,72011.67105971862,0
FTT.V,D,20221216,000000,1.35514,1.37104,1.22232,1.22252,111203.90324058283,0
FTT.V,D,20221217,000000,1.22452,1.24075,1.00046,1.06654,313563.25223922374,0
FTT.V,D,20221218,000000,1.06681,1.12805,1.03498,1.04883,106887.14681775006,0
FTT.V,D,20221219,000000,1.04744,1.07716,0.8573,0.9309,180707.1550223793,0
FTT.V,D,20221220,000000,0.9355,0.98582,0.87942,0.93104,85477.82623630272,0
FTT.V,D,20221221,000000,0.93784,0.95105,0.83188,0.86963,117216.39069808464,0
FTT.V,D,20221222,000000,0.86873,1.2409,0.83143,1.02085,659665.2421441221,0
FTT.V,D,20221223,000000,1.01284,1.04787,0.93587,0.95489,371191.84402295406,0
FTT.V,D,20221224,000000,0.95791,0.97294,0.90992,0.92496,140295.61935003975,0
FTT.V,D,20221225,000000,0.92895,0.93997,0.90148,0.90808,58397.5247473876,0
FTT.V,D,20221226,000000,0.90979,1.01781,0.8927,0.9258,83560.15617271997,0
FTT.V,D,20221227,000000,0.92882,0.95873,0.91168,0.92063,121181.57983342161,0
FTT.V,D,20221228,000000,0.91651,0.92868,0.84974,0.87054,172582.72898205247,0
FTT.V,D,20221229,000000,0.87554,0.8845,0.82965,0.85262,121045.60589885135,0
FTT.V,D,20221230,000000,0.83761,0.860569,0.819647,0.829585,115413.50633774296,0
FTT.V,D,20221231,000000,0.830393,0.858097,0.824196,0.843678,110123.24374047953,0
FTT.V,D,20230101,000000,0.841979,0.924065,0.822906,0.851808,187250.63320494603,0
FTT.V,D,20230102,000000,0.852199,0.893616,0.846661,0.869213,94312.64626215812,0
FTT.V,D,20230103,000000,0.864632,0.919632,0.846712,0.895968,188977.99131843753,0
FTT.V,D,20230104,000000,0.891861,1.071461,0.873351,1.006258,447663.60747097176,0
FTT.V,D,20230105,000000,1.005668,1.055304,0.918523,0.937372,201185.60854610827,0
FTT.V,D,20230106,000000,0.938371,0.949239,0.899505,0.917806,155869.76752983735,0
FTT.V,D,20230107,000000,0.921096,0.934457,0.901138,0.902083,101291.34168408066,0
FTT.V,D,20230108,000000,0.902074,0.92048,0.864827,0.903764,142303.66527512032,0
FTT.V,D,20230109,000000,0.902765,1.574906,0.902737,1.34399,1028037.8024352238,0
FTT.V,D,20230110,000000,1.35199,1.4589,1.1899,1.25418,516683.8665439758,0
FTT.V,D,20230111,000000,1.24921,1.45377,1.165,1.28997,547251.6247534557,0
FTT.V,D,20230112,000000,1.29491,1.49992,1.27087,1.37914,398782.53842267755,0
FTT.V,D,20230113,000000,1.37111,1.43804,1.33401,1.40314,227945.65494252043,0
FTT.V,D,20230114,000000,1.40011,1.68622,1.38315,1.52808,524034.4807661974,0
FTT.V,D,20230115,000000,1.53915,2.98104,1.53915,2.22565,1964643.3151630932,0
FTT.V,D,20230116,000000,2.22967,2.865,2.03559,2.56505,1474771.14258852,0
FTT.V,D,20230117,000000,2.54305,2.59218,1.99098,2.08523,766555.9451575651,0
FTT.V,D,20230118,000000,2.08823,2.20733,1.6779,1.84189,714127.5505841513,0
FTT.V,D,20230119,000000,1.83791,2.62974,1.756,2.27291,1266094.6115690896,0
FTT.V,D,20230120,000000,2.27091,2.40898,2.092,2.34642,1402330.6658952294,0
FTT.V,D,20230121,000000,2.34142,2.4804,2.21504,2.24334,618504.0488443169,0
FTT.V,D,20230122,000000,2.22633,2.26623,2.02142,2.06639,484809.10749078845,0
FTT.V,D,20230123,000000,2.07839,2.336,2.06139,2.19733,481619.08574476704,0
FTT.V,D,20230124,000000,2.19531,2.23229,1.92831,1.94506,319185.8340445004,0
FTT.V,D,20230125,000000,1.94006,2.05937,1.79616,1.93931,329316.3350261731,0
FTT.V,D,20230126,000000,1.94735,1.98838,1.87309,1.89719,191961.10457950152,0
FTT.V,D,20230127,000000,1.89415,2.25411,1.80314,2.01299,812177.7085569814,0
FTT.V,D,20230128,000000,2.0107,2.07654,1.87734,1.93039,292019.76845079527,0
FTT.V,D,20230129,000000,1.93439,2.13421,1.91244,2.06212,503134.5950662068,0
FTT.V,D,20230130,000000,2.06508,2.14617,1.83105,1.87013,387274.36143528286,0
FTT.V,D,20230131,000000,1.86513,1.95306,1.86087,1.90819,245531.459195093,0
FTT.V,D,20230201,000000,1.90111,1.99022,1.832,1.92212,293911.71152209153,0
FTT.V,D,20230202,000000,1.92412,2.05635,1.86124,1.92135,384967.085835538,0
FTT.V,D,20230203,000000,1.92839,2.13236,1.8593,2.05216,556754.9638522636,0
FTT.V,D,20230204,000000,2.04118,2.09017,1.9702,1.97218,210081.6306955225,0
FTT.V,D,20230205,000000,1.98016,1.99048,1.86037,1.90248,178617.90205898747,0
FTT.V,D,20230206,000000,1.90349,2.056,1.86821,1.94508,362960.0670941793,0
FTT.V,D,20230207,000000,1.9441,2.12598,1.92112,2.04012,528455.5602691073,0
FTT.V,D,20230208,000000,2.04908,2.15998,1.89023,1.93614,510527.4406293676,0
FTT.V,D,20230209,000000,1.93714,1.96206,1.61516,1.61715,573962.7083041251,0
FTT.V,D,20230210,000000,1.58314,1.69734,1.56217,1.60724,317804.0596274374,0
FTT.V,D,20230211,000000,1.61626,1.64015,1.59106,1.62716,144960.02849336588,0
FTT.V,D,20230212,000000,1.61916,1.77018,1.61123,1.68112,396397.1899294971,0
FTT.V,D,20230213,000000,1.67217,1.74066,1.48809,1.55886,536815.453823312,0
FTT.V,D,20230214,000000,1.55884,1.60659,1.5172,1.60258,289247.71749821736,0
FTT.V,D,20230215,000000,1.60274,1.72222,1.56544,1.6883,285062.283772326,0
FTT.V,D,20230216,000000,1.69325,1.71029,1.50618,1.54152,316756.42681981943,0
FTT.V,D,20230217,000000,1.54319,1.79705,1.5342,1.65815,480649.1427597484,0
FTT.V,D,20230218,000000,1.66027,1.71221,1.59732,1.62528,211999.85364105646,0
FTT.V,D,20230219,000000,1.63423,1.68582,1.59195,1.60827,236369.80295072074,0
FTT.V,D,20230220,000000,1.60739,2.01298,1.56737,1.68447,948064.325492922,0
FTT.V,D,20230221,000000,1.68812,1.73478,1.61512,1.61848,394430.5450696746,0
FTT.V,D,20230222,000000,1.62929,1.6493,1.52015,1.56413,286136.38842571096,0
FTT.V,D,20230223,000000,1.56709,1.67025,1.5663,1.57989,353081.97428978106,0
FTT.V,D,20230224,000000,1.57714,1.60306,1.50667,1.50868,258249.47132036788,0
FTT.V,D,20230225,000000,1.50373,1.53715,1.4448,1.47939,229248.298516963,0
FTT.V,D,20230226,000000,1.4769,1.55616,1.47303,1.53374,243902.8703761402,0
FTT.V,D,20230227,000000,1.53868,1.56894,1.48306,1.50329,212934.33715077292,0
FTT.V,D,20230228,000000,1.49797,1.5228,1.43124,1.45559,222497.89207920607,0
FTT.V,D,20230301,000000,1.44719,1.49452,1.42571,1.48019,284381.13282429,0
FTT.V,D,20230302,000000,1.47642,1.49519,1.40561,1.42181,180745.46335348792,0
FTT.V,D,20230303,000000,1.4244,1.42983,1.2211,1.26979,367071.9957534296,0
FTT.V,D,20230304,000000,1.2751,1.30707,1.23811,1.2571,277281.6985966811,0
FTT.V,D,20230305,000000,1.25309,1.29613,1.24712,1.27114,205727.44954796342,0
FTT.V,D,20230306,000000,1.27314,1.39011,1.25711,1.32792,403938.32994607516,0
FTT.V,D,20230307,000000,1.32287,1.34199,1.22483,1.23794,226214.66665861316,0
FTT.V,D,20230308,000000,1.23871,1.27396,1.18847,1.19375,292673.5021637995,0
FTT.V,D,20230309,000000,1.18993,1.34974,1.11177,1.1401,537736.7322957397,0
FTT.V,D,20230310,000000,1.1332,1.14006,1.01993,1.09496,332520.1829097495,0
FTT.V,D,20230311,000000,1.09985,1.14034,0.96372,1.02663,397119.0517255692,0
FTT.V,D,20230312,000000,1.02613,1.10413,1.01834,1.09533,215458.81320193273,0
FTT.V,D,20230313,000000,1.09247,1.16195,1.07004,1.14724,428553.62462843664,0
FTT.V,D,20230314,000000,1.14363,1.26426,1.13282,1.19185,408856.9828538125,0
FTT.V,D,20230315,000000,1.19479,1.22584,1.09561,1.10639,321462.057768828,0
FTT.V,D,20230316,000000,1.10679,1.13704,1.08313,1.12421,265942.95029172115,0
FTT.V,D,20230317,000000,1.12465,1.18886,1.11994,1.17019,306012.39688403974,0
FTT.V,D,20230318,000000,1.17056,1.75441,1.16521,1.44631,2986157.7613661294,0
FTT.V,D,20230319,000000,1.46437,1.65595,1.42439,1.45534,1163757.763144509,0
FTT.V,D,20230320,000000,1.45335,1.46441,1.30572,1.37801,580713.8839786998,0
FTT.V,D,20230321,000000,1.37702,1.55178,1.35126,1.44058,625218.1445679069,0
FTT.V,D,20230322,000000,1.44429,1.49275,1.28864,1.32479,391507.26265497983,0
FTT.V,D,20230323,000000,1.3251,1.38077,1.30136,1.34825,294454.45507447823,0
FTT.V,D,20230324,000000,1.3541,1.36625,1.22689,1.26721,295874.7845664096,0
FTT.V,D,20230325,000000,1.2657,1.35623,1.24334,1.29435,398504.50260215485,0
FTT.V,D,20230326,000000,1.29619,1.33698,1.28868,1.29546,263266.82693810225,0
FTT.V,D,20230327,000000,1.29572,1.30248,1.24113,1.25249,199478.7287869854,0
FTT.V,D,20230328,000000,1.2535,1.35341,1.24645,1.31961,363971.92226381635,0
FTT.V,D,20230329,000000,1.31991,1.43537,1.30048,1.31834,412070.0523018006,0
FTT.V,D,20230330,000000,1.31518,1.34095,1.29696,1.30735,408428.859915771,0
FTT.V,D,20230331,000000,1.30727,1.37,1.30312,1.33118,304594.8397159147,0
FTT.V,D,20230401,000000,1.33057,1.34082,1.31718,1.32789,206008.852994871,0
FTT.V,D,20230402,000000,1.32799,1.34056,1.29359,1.29972,200243.2935448271,0
FTT.V,D,20230403,000000,1.30121,1.30516,1.24216,1.25179,316127.3899351243,0
FTT.V,D,20230404,000000,1.25189,1.29842,1.25059,1.27434,252465.65866656022,0
FTT.V,D,20230405,000000,1.27562,1.34144,1.27405,1.31219,368243.1007153539,0
FTT.V,D,20230406,000000,1.3117,1.31746,1.26248,1.26834,272138.28339841584,0
FTT.V,D,20230407,000000,1.26986,1.28073,1.24183,1.25463,171312.80838170386,0
FTT.V,D,20230408,000000,1.25243,1.31789,1.23939,1.26089,284170.73869186523,0
FTT.V,D,20230409,000000,1.26099,1.27385,1.24114,1.24825,253233.19450413514,0
FTT.V,D,20230410,000000,1.25066,1.27416,1.24203,1.26142,211232.4000312516,0
FTT.V,D,20230411,000000,1.26021,1.36679,1.25848,1.33022,503275.1140697326,0
FTT.V,D,20230412,000000,1.32992,2.85259,1.30278,2.35884,11603185.425103914,0
FTT.V,D,20230413,000000,2.35584,2.76771,1.97493,2.05397,5188064.706875905,0
FTT.V,D,20230414,000000,2.05497,2.1936,1.87391,2.06671,2698544.6230101245,0
FTT.V,D,20230415,000000,2.06267,2.20196,1.9756,2.00378,1266306.059258566,0
FTT.V,D,20230416,000000,2.00378,2.01763,1.88258,1.9073,799538.0155013183,0
FTT.V,D,20230417,000000,1.91428,1.96555,1.75189,1.77104,987080.6469330555,0
FTT.V,D,20230418,000000,1.76704,2.32,1.76704,2.08735,3227660.733404724,0
FTT.V,D,20230419,000000,2.09238,2.25706,1.9507,1.95201,2442670.139983375,0
