<TICKER>,<PER>,<DATE>,<TIME>,<OPEN>,<HIGH>,<LOW>,<CLOSE>,<VOL>,<OPENINT>
GLMR.V,D,20220402,000000,4.34674,5.37801,4.22577,4.88966,21077420.55979225,0
GLMR.V,D,20220403,000000,4.89556,5.35214,4.41512,4.85085,38441779.20589972,0
GLMR.V,D,20220404,000000,4.85896,5.9912,4.81724,5.35531,31529906.137433022,0
GLMR.V,D,20220405,000000,5.35851,5.45944,4.4975,4.63083,10125812.27235132,0
GLMR.V,D,20220406,000000,4.63133,4.75075,3.81738,4.0188,9189039.896076435,0
GLMR.V,D,20220407,000000,4.017,4.18682,3.71,3.87329,7568824.118330042,0
GLMR.V,D,20220408,000000,3.87779,4.19592,3.70197,3.83653,9055294.508024111,0
GLMR.V,D,20220409,000000,3.84165,3.97309,3.68287,3.85916,3379088.619943589,0
GLMR.V,D,20220410,000000,3.85986,4.4908,3.85446,4.15083,11101622.81840608,0
GLMR.V,D,20220411,000000,4.14863,4.14931,3.43333,3.46644,6827871.177302502,0
GLMR.V,D,20220412,000000,3.46739,3.78726,3.36841,3.52966,7407409.443449686,0
GLMR.V,D,20220413,000000,3.52906,4.23655,3.43429,3.9957,11642250.094270125,0
GLMR.V,D,20220414,000000,3.9967,4.17845,3.70541,3.83507,8991594.191381186,0
GLMR.V,D,20220415,000000,3.83557,4.14983,3.75215,3.9961,7819970.303878762,0
GLMR.V,D,20220416,000000,3.9954,4.31216,3.96419,4.13973,6493821.861838421,0
GLMR.V,D,20220417,000000,4.13713,4.28086,3.86787,3.93549,3463789.2261988632,0
GLMR.V,D,20220418,000000,3.93659,4.16125,3.65507,4.06452,6822539.838234496,0
GLMR.V,D,20220419,000000,4.06272,4.31086,3.9979,4.15783,8169829.9211323345,0
GLMR.V,D,20220420,000000,4.15913,4.49045,4.0254,4.12562,7430750.428079738,0
GLMR.V,D,20220421,000000,4.12502,4.24942,3.80778,3.88238,4355171.486323738,0
GLMR.V,D,20220422,000000,3.88239,3.9807,3.63983,3.75758,3668615.8974051196,0
GLMR.V,D,20220423,000000,3.75575,3.77916,3.57071,3.70544,2976773.54585396,0
GLMR.V,D,20220424,000000,3.70664,3.71454,3.33487,3.34827,3406499.9069796563,0
GLMR.V,D,20220425,000000,3.34927,3.45069,3.0691,3.40438,5019050.6852045795,0
GLMR.V,D,20220426,000000,3.40378,3.58112,3.0268,3.06261,4134248.092738075,0
GLMR.V,D,20220427,000000,3.06411,3.10469,2.9185,2.9851,4773091.942964579,0
GLMR.V,D,20220428,000000,2.9864,3.22842,2.9703,2.9973,6609349.223095781,0
GLMR.V,D,20220429,000000,3.0053,3.0298,2.58366,2.58796,6019404.48812801,0
GLMR.V,D,20220430,000000,2.58486,2.82158,2.47195,2.5112,5101948.353558894,0
GLMR.V,D,20220501,000000,2.5102,2.55526,2.3088,2.4822,4400203.748530199,0
GLMR.V,D,20220502,000000,2.48235,2.65617,2.43824,2.536,4663387.398859374,0
GLMR.V,D,20220503,000000,2.53645,2.58026,2.41342,2.44696,2467714.174437495,0
GLMR.V,D,20220504,000000,2.44696,2.8523,2.41752,2.7504,4737916.300515806,0
GLMR.V,D,20220505,000000,2.75427,2.91002,2.34963,2.43591,4931060.84636441,0
GLMR.V,D,20220506,000000,2.43606,2.44746,2.25787,2.32517,4023560.2508634985,0
GLMR.V,D,20220507,000000,2.32517,2.35206,2.21246,2.21356,2094383.6851157367,0
GLMR.V,D,20220508,000000,2.21696,2.23268,2.08367,2.15945,2394221.5977399047,0
GLMR.V,D,20220509,000000,2.15895,2.15895,1.72018,1.84293,6062150.161520493,0
GLMR.V,D,20220510,000000,1.82913,1.9815,1.61651,1.72501,3606127.14519238,0
GLMR.V,D,20220511,000000,1.72251,1.79,1.06922,1.11873,5617773.3181674415,0
GLMR.V,D,20220512,000000,1.11924,1.29089,1.04378,1.08775,6557711.156066468,0
GLMR.V,D,20220513,000000,1.08785,1.41096,1.08407,1.27563,6973682.813253208,0
GLMR.V,D,20220514,000000,1.2755,1.28528,1.07485,1.18594,4636199.502484086,0
GLMR.V,D,20220515,000000,1.18783,1.32238,1.17675,1.31299,4307544.115455456,0
GLMR.V,D,20220516,000000,1.31309,1.42709,1.23737,1.32857,3704303.3444334962,0
GLMR.V,D,20220517,000000,1.33157,1.44371,1.28153,1.39608,2350972.555079066,0
GLMR.V,D,20220518,000000,1.39678,1.42858,1.16558,1.17667,3708122.80179965,0
GLMR.V,D,20220519,000000,1.17827,1.26106,1.08858,1.19293,4832672.348770253,0
GLMR.V,D,20220520,000000,1.19233,1.25092,1.08052,1.12535,3294455.3606600817,0
GLMR.V,D,20220521,000000,1.12964,1.20783,1.09957,1.16488,2827255.9016140597,0
GLMR.V,D,20220522,000000,1.16309,1.25776,1.15578,1.22713,3367358.394246971,0
GLMR.V,D,20220523,000000,1.22653,1.31016,1.21184,1.22703,2971600.9163601953,0
GLMR.V,D,20220524,000000,1.2268,1.47368,1.12495,1.37052,10637546.52482625,0
GLMR.V,D,20220525,000000,1.36942,1.57437,1.273,1.31422,12315794.000719659,0
GLMR.V,D,20220526,000000,1.31355,1.3333,1.14872,1.19131,1941305.5386496133,0
GLMR.V,D,20220527,000000,1.19071,1.24116,1.12767,1.18801,2362440.7622989053,0
GLMR.V,D,20220528,000000,1.18643,1.23265,1.16362,1.1938,1331236.7144132655,0
GLMR.V,D,20220529,000000,1.19337,1.22952,1.16688,1.20437,1182602.6042653886,0
GLMR.V,D,20220530,000000,1.20419,1.42336,1.20201,1.39312,3444582.5083206855,0
GLMR.V,D,20220531,000000,1.39438,1.41067,1.2801,1.34223,3323242.009104082,0
GLMR.V,D,20220601,000000,1.34302,1.3718,1.21398,1.23379,1724903.9930778544,0
GLMR.V,D,20220602,000000,1.23339,1.38395,1.22108,1.36807,2546307.633512152,0
GLMR.V,D,20220603,000000,1.37146,1.39113,1.25062,1.29647,3252482.5219533364,0
GLMR.V,D,20220604,000000,1.29617,1.34012,1.28302,1.3156,2659626.5242057084,0
GLMR.V,D,20220605,000000,1.316,1.36436,1.29425,1.34623,2824921.580997191,0
GLMR.V,D,20220606,000000,1.34633,1.43512,1.31875,1.34745,6635851.890913757,0
GLMR.V,D,20220607,000000,1.34837,1.35065,1.22598,1.31112,4434211.352866202,0
GLMR.V,D,20220608,000000,1.31124,1.35533,1.25129,1.26907,4329454.568455078,0
GLMR.V,D,20220609,000000,1.27087,1.30926,1.2514,1.27273,3116313.7604972883,0
GLMR.V,D,20220610,000000,1.27262,1.27949,1.16895,1.19237,7442302.909207922,0
GLMR.V,D,20220611,000000,1.19237,1.19828,1.04379,1.07139,3889558.474990332,0
GLMR.V,D,20220612,000000,1.07008,1.08219,0.9987,1.01275,4523366.143247201,0
GLMR.V,D,20220613,000000,1.01275,1.01275,0.8011,0.87608,18399498.692069527,0
GLMR.V,D,20220614,000000,0.87868,0.9273,0.80779,0.87005,15322212.70074412,0
GLMR.V,D,20220615,000000,0.86855,0.9084,0.77116,0.90474,13667156.162152158,0
GLMR.V,D,20220616,000000,0.90684,0.91461,0.78256,0.815139,5139721.165312416,0
GLMR.V,D,20220617,000000,0.818361,0.821265,0.672791,0.685077,15793446.244617749,0
GLMR.V,D,20220618,000000,0.685676,0.712958,0.549685,0.599328,25362357.499273118,0
GLMR.V,D,20220619,000000,0.599627,0.666999,0.577978,0.651552,6977679.499481862,0
GLMR.V,D,20220620,000000,0.651717,0.692007,0.62189,0.660672,4194679.389807093,0
GLMR.V,D,20220621,000000,0.660407,0.707263,0.646118,0.659773,7455953.32070812,0
GLMR.V,D,20220622,000000,0.659474,0.661138,0.601198,0.60939,4030352.2722260943,0
GLMR.V,D,20220623,000000,0.60939,0.672327,0.600099,0.636563,5730003.064194285,0
GLMR.V,D,20220624,000000,0.636399,0.683446,0.634964,0.680369,6153306.049623771,0
GLMR.V,D,20220625,000000,0.683616,0.725214,0.663135,0.702908,6731051.685898748,0
GLMR.V,D,20220626,000000,0.703001,0.814937,0.689324,0.727856,11899692.84194127,0
GLMR.V,D,20220627,000000,0.727856,0.738135,0.677469,0.688886,3402758.5347062033,0
GLMR.V,D,20220628,000000,0.689093,0.712751,0.65417,0.670474,2652047.5723919165,0
GLMR.V,D,20220629,000000,0.670567,0.671886,0.622134,0.643826,2818231.695685441,0
GLMR.V,D,20220630,000000,0.645218,0.645225,0.579845,0.597083,3348811.1963595347,0
GLMR.V,D,20220701,000000,0.597582,0.740662,0.595385,0.645889,5412403.527275234,0
GLMR.V,D,20220702,000000,0.645989,0.708549,0.625311,0.677286,5066258.385556571,0
GLMR.V,D,20220703,000000,0.678085,0.697063,0.651886,0.672624,1140575.3425455205,0
GLMR.V,D,20220704,000000,0.672425,0.704953,0.654748,0.689871,2499295.4961111504,0
GLMR.V,D,20220705,000000,0.690071,0.708748,0.656477,0.682548,2471915.1143972483,0
GLMR.V,D,20220706,000000,0.682548,0.683947,0.651982,0.669663,1508738.3179374945,0
GLMR.V,D,20220707,000000,0.670761,0.700809,0.655079,0.691285,2497170.665216542,0
GLMR.V,D,20220708,000000,0.691285,0.710302,0.664501,0.68269,2128623.0987627935,0
GLMR.V,D,20220709,000000,0.682622,0.698481,0.674795,0.687687,1091535.6732992334,0
GLMR.V,D,20220710,000000,0.687618,0.690485,0.639852,0.654607,1077330.0620674908,0
GLMR.V,D,20220711,000000,0.654607,0.654607,0.611349,0.611349,1406665.7238829343,0
GLMR.V,D,20220712,000000,0.611149,0.611149,0.582858,0.586713,2121504.2354382263,0
GLMR.V,D,20220713,000000,0.58673,0.605394,0.555289,0.58787,2660065.0479460573,0
GLMR.V,D,20220714,000000,0.58807,0.618828,0.57394,0.602139,2060525.8299971346,0
GLMR.V,D,20220715,000000,0.602238,0.630721,0.601239,0.616615,2091857.4931332422,0
GLMR.V,D,20220716,000000,0.615315,0.639172,0.589964,0.619614,1315613.8793517721,0
GLMR.V,D,20220717,000000,0.617539,0.629362,0.60813,0.617739,1270358.0090571265,0
GLMR.V,D,20220718,000000,0.617939,0.692538,0.609087,0.660448,3953598.6567851566,0
GLMR.V,D,20220719,000000,0.660348,0.8079,0.656929,0.768723,7998410.344037044,0
GLMR.V,D,20220720,000000,0.768623,0.796708,0.693286,0.718736,4794956.4144951,0
GLMR.V,D,20220721,000000,0.718736,0.738255,0.676234,0.732383,2387730.950573181,0
GLMR.V,D,20220722,000000,0.732383,0.780164,0.712035,0.722559,3363829.980888566,0
GLMR.V,D,20220723,000000,0.723266,0.734573,0.677439,0.689931,2292291.3585342523,0
GLMR.V,D,20220724,000000,0.690169,0.735532,0.689931,0.727846,1539830.3383463807,0
GLMR.V,D,20220725,000000,0.729146,0.740341,0.666273,0.688055,1946606.6580557092,0
GLMR.V,D,20220726,000000,0.688055,0.688055,0.62675,0.633695,1512338.5861194895,0
GLMR.V,D,20220727,000000,0.6337,0.698893,0.6337,0.684864,2194887.8300808994,0
GLMR.V,D,20220728,000000,0.684864,0.768969,0.684678,0.753751,3134269.693416882,0
GLMR.V,D,20220729,000000,0.753858,0.790855,0.730783,0.762212,3742788.2693454074,0
GLMR.V,D,20220730,000000,0.762212,0.880908,0.759304,0.822671,7516987.082850153,0
GLMR.V,D,20220731,000000,0.820946,0.860086,0.792622,0.822489,4130419.1023607473,0
GLMR.V,D,20220801,000000,0.822947,0.850613,0.777025,0.786036,3871775.344400733,0
GLMR.V,D,20220802,000000,0.785936,0.810308,0.598179,0.70772,34198052.853132695,0
GLMR.V,D,20220803,000000,0.70692,0.72516,0.670174,0.692173,5377628.877453301,0
GLMR.V,D,20220804,000000,0.692408,0.73651,0.678275,0.710928,4502707.173191971,0
GLMR.V,D,20220805,000000,0.710921,0.78451,0.708328,0.73904,5011164.132104541,0
GLMR.V,D,20220806,000000,0.73944,0.791242,0.737925,0.766676,8048609.643614582,0
GLMR.V,D,20220807,000000,0.766769,0.774847,0.742778,0.767846,5358815.105495863,0
GLMR.V,D,20220808,000000,0.767646,0.806526,0.757836,0.771693,4910630.279863987,0
GLMR.V,D,20220809,000000,0.771793,0.775832,0.695818,0.720044,4514983.957213923,0
GLMR.V,D,20220810,000000,0.720044,0.770839,0.693787,0.756919,2480085.460414934,0
GLMR.V,D,20220811,000000,0.756919,0.789239,0.745728,0.748752,3015951.438560829,0
GLMR.V,D,20220812,000000,0.749552,0.7496,0.712385,0.731436,3531883.526411685,0
GLMR.V,D,20220813,000000,0.731429,0.771817,0.729785,0.738188,3684405.9895565184,0
GLMR.V,D,20220814,000000,0.738188,0.744375,0.686758,0.702918,6791236.993155727,0
GLMR.V,D,20220815,000000,0.702981,0.72929,0.676476,0.70837,2630045.5692025707,0
GLMR.V,D,20220816,000000,0.708477,0.739948,0.692966,0.700363,2466529.310023054,0
GLMR.V,D,20220817,000000,0.700363,0.719658,0.660774,0.670047,2548097.818387201,0
GLMR.V,D,20220818,000000,0.670147,0.686141,0.655139,0.666407,2934312.887505346,0
GLMR.V,D,20220819,000000,0.666367,0.669867,0.5972,0.6044,3306269.0093351314,0
GLMR.V,D,20220820,000000,0.603318,0.638428,0.59424,0.603,2261303.787724834,0
GLMR.V,D,20220821,000000,0.603088,0.643381,0.603088,0.638081,1840329.4125902,0
GLMR.V,D,20220822,000000,0.638087,0.6411,0.598558,0.606697,1262609.0760223405,0
GLMR.V,D,20220823,000000,0.606709,0.624463,0.596,0.613412,1901024.585699491,0
GLMR.V,D,20220824,000000,0.613339,0.624637,0.585359,0.605554,2621030.133644503,0
GLMR.V,D,20220825,000000,0.605655,0.613369,0.59676,0.600618,2142678.7492364794,0
GLMR.V,D,20220826,000000,0.600618,0.603706,0.555356,0.556256,2329962.7525983653,0
GLMR.V,D,20220827,000000,0.55625,0.562989,0.535248,0.544416,2129436.1496752836,0
GLMR.V,D,20220828,000000,0.544111,0.556617,0.539962,0.5449,919191.2184143105,0
GLMR.V,D,20220829,000000,0.5449,0.562584,0.523063,0.548933,1432921.6868103766,0
GLMR.V,D,20220830,000000,0.548944,0.560294,0.513641,0.524147,2003885.0986438636,0
GLMR.V,D,20220831,000000,0.524142,0.534805,0.513179,0.533595,1432391.1916279201,0
GLMR.V,D,20220901,000000,0.533695,0.534316,0.511115,0.524169,1325702.1557480055,0
GLMR.V,D,20220902,000000,0.524169,0.573603,0.5194,0.53568,2429896.765440072,0
GLMR.V,D,20220903,000000,0.536086,0.539997,0.5204,0.525953,1557496.1798214784,0
GLMR.V,D,20220904,000000,0.5259,0.5297,0.5175,0.5248,976618.4804361988,0
GLMR.V,D,20220905,000000,0.5248,0.529453,0.5104,0.516052,1101562.131502985,0
GLMR.V,D,20220906,000000,0.516052,0.5272,0.480452,0.4844,1441251.8032472911,0
GLMR.V,D,20220907,000000,0.4844,0.504866,0.470509,0.500825,1338610.5064328508,0
GLMR.V,D,20220908,000000,0.501335,0.504371,0.481243,0.493474,1823658.5798725025,0
GLMR.V,D,20220909,000000,0.4936,0.574895,0.490654,0.570594,5876899.24202687,0
GLMR.V,D,20220910,000000,0.570014,0.625375,0.542606,0.560707,15263686.563832065,0
GLMR.V,D,20220911,000000,0.560606,0.612878,0.560606,0.588647,5313991.810749409,0
GLMR.V,D,20220912,000000,0.586647,0.628526,0.568114,0.568114,5533957.168010141,0
GLMR.V,D,20220913,000000,0.568102,0.571237,0.515726,0.52211,3788310.990730074,0
GLMR.V,D,20220914,000000,0.521852,0.52371,0.49272,0.510428,3396229.7134123775,0
GLMR.V,D,20220915,000000,0.513028,0.517645,0.484618,0.493456,1946523.283725906,0
GLMR.V,D,20220916,000000,0.493456,0.49555,0.475452,0.493451,2305967.324009079,0
GLMR.V,D,20220917,000000,0.4935,0.5297,0.4862,0.510651,3531746.0874612303,0
GLMR.V,D,20220918,000000,0.5106,0.5231,0.4731,0.4771,3103535.8455148647,0
GLMR.V,D,20220919,000000,0.4771,0.4851,0.454645,0.475895,2633013.966002159,0
GLMR.V,D,20220920,000000,0.475548,0.480296,0.4567,0.4651,2034060.3848282562,0
GLMR.V,D,20220921,000000,0.464909,0.4765,0.4378,0.4396,2667363.8538593277,0
GLMR.V,D,20220922,000000,0.4395,0.467247,0.4359,0.4603,1965483.6510768773,0
GLMR.V,D,20220923,000000,0.4603,0.4745,0.445355,0.4621,1661942.8535484134,0
GLMR.V,D,20220924,000000,0.462054,0.468714,0.454291,0.455141,1128120.2834827772,0
GLMR.V,D,20220925,000000,0.4551,0.48882,0.4507,0.465,2348495.4668846936,0
GLMR.V,D,20220926,000000,0.465,0.4813,0.446145,0.461354,2595760.367163544,0
GLMR.V,D,20220927,000000,0.4614,0.488349,0.451055,0.456954,2137928.5541580464,0
GLMR.V,D,20220928,000000,0.456954,0.462,0.439656,0.4533,2053832.165846242,0
GLMR.V,D,20220929,000000,0.4533,0.471553,0.444,0.452245,3570000.9958304325,0
GLMR.V,D,20220930,000000,0.452245,0.4582,0.4249,0.4396,3667018.8295162143,0
GLMR.V,D,20221001,000000,0.439644,0.4722,0.4375,0.4551,2015275.958106204,0
GLMR.V,D,20221002,000000,0.4547,0.4855,0.4509,0.4543,9861647.755262606,0
GLMR.V,D,20221003,000000,0.4543,0.463993,0.4385,0.462046,2718132.9663195196,0
GLMR.V,D,20221004,000000,0.462046,0.481296,0.455891,0.472942,2484092.443476224,0
GLMR.V,D,20221005,000000,0.472942,0.473542,0.452245,0.465893,2129528.322235057,0
GLMR.V,D,20221006,000000,0.465993,0.538375,0.465993,0.485683,16447091.665326584,0
GLMR.V,D,20221007,000000,0.485683,0.487893,0.462323,0.470566,2677594.7482156293,0
GLMR.V,D,20221008,000000,0.470666,0.50952,0.470661,0.484421,4194845.256291823,0
GLMR.V,D,20221009,000000,0.484426,0.505851,0.483263,0.495299,2452263.62509377,0
GLMR.V,D,20221010,000000,0.49525,0.5,0.472,0.484752,1664534.004861376,0
GLMR.V,D,20221011,000000,0.4848,0.4848,0.451855,0.454059,2175473.437500986,0
GLMR.V,D,20221012,000000,0.454059,0.46454,0.447664,0.459114,1304982.5521925623,0
GLMR.V,D,20221013,000000,0.459114,0.459614,0.416146,0.440235,3038559.5543913343,0
GLMR.V,D,20221014,000000,0.44024,0.449104,0.427534,0.429309,1265215.5718881462,0
GLMR.V,D,20221015,000000,0.429117,0.466023,0.426734,0.452623,2940500.4430776574,0
GLMR.V,D,20221016,000000,0.452227,0.550817,0.448422,0.467319,13251677.671244107,0
GLMR.V,D,20221017,000000,0.467319,0.486849,0.454014,0.48071,4077464.7126347963,0
GLMR.V,D,20221018,000000,0.480814,0.483519,0.462437,0.478529,2332218.9185854862,0
GLMR.V,D,20221019,000000,0.478448,0.484419,0.467509,0.474505,2407387.092560208,0
GLMR.V,D,20221020,000000,0.474495,0.475071,0.459663,0.469053,1818207.8069257552,0
GLMR.V,D,20221021,000000,0.469067,0.474372,0.445496,0.452536,2106916.6678451183,0
GLMR.V,D,20221022,000000,0.452532,0.463342,0.452236,0.458337,1197022.4698722628,0
GLMR.V,D,20221023,000000,0.458341,0.462642,0.449736,0.46096,1418101.6991808254,0
GLMR.V,D,20221024,000000,0.46096,0.463946,0.450632,0.454318,971065.7455396993,0
GLMR.V,D,20221025,000000,0.454414,0.47821,0.447704,0.467063,2717315.1185867093,0
GLMR.V,D,20221026,000000,0.467159,0.495603,0.461825,0.478534,2755622.3170088283,0
GLMR.V,D,20221027,000000,0.478639,0.492908,0.463928,0.464833,1603091.2595838492,0
GLMR.V,D,20221028,000000,0.464528,0.471299,0.453136,0.468594,1482861.8223268588,0
GLMR.V,D,20221029,000000,0.468589,0.497414,0.468584,0.496914,1682775.89123585,0
GLMR.V,D,20221030,000000,0.496919,0.498125,0.472313,0.481496,2479632.436103284,0
GLMR.V,D,20221031,000000,0.481096,0.490005,0.470804,0.477462,2164839.1697951364,0
GLMR.V,D,20221101,000000,0.477471,0.492662,0.470206,0.485751,1502189.524733579,0
GLMR.V,D,20221102,000000,0.485851,0.488622,0.467281,0.468872,1809108.255446571,0
GLMR.V,D,20221103,000000,0.469677,0.505534,0.468872,0.496495,2219560.7319796504,0
GLMR.V,D,20221104,000000,0.4965,0.540049,0.491185,0.532143,3940563.6326255114,0
GLMR.V,D,20221105,000000,0.532537,0.543027,0.521321,0.539427,2877059.687612964,0
GLMR.V,D,20221106,000000,0.539422,0.539427,0.506215,0.507035,1652863.3879417381,0
GLMR.V,D,20221107,000000,0.506935,0.513015,0.489549,0.505666,2041360.2934565677,0
GLMR.V,D,20221108,000000,0.505852,0.517759,0.405627,0.442724,3446020.130060433,0
GLMR.V,D,20221109,000000,0.442423,0.450347,0.358541,0.373327,4163777.9951834735,0
GLMR.V,D,20221110,000000,0.37258,0.441945,0.366169,0.409328,2142177.6074073026,0
GLMR.V,D,20221111,000000,0.409795,0.459824,0.3623,0.369774,1956405.579930491,0
GLMR.V,D,20221112,000000,0.369848,0.381013,0.35506,0.375223,2507521.9113505045,0
GLMR.V,D,20221113,000000,0.375124,0.377919,0.353405,0.354403,1156180.6391174388,0
GLMR.V,D,20221114,000000,0.354374,0.366596,0.336161,0.351672,1406574.7361613698,0
GLMR.V,D,20221115,000000,0.351554,0.384115,0.351554,0.373826,1024441.3682202741,0
GLMR.V,D,20221116,000000,0.366145,0.367687,0.351313,0.358384,915245.5754060352,0
GLMR.V,D,20221117,000000,0.35847,0.361358,0.352072,0.356322,1051425.007851045,0
GLMR.V,D,20221118,000000,0.356525,0.363213,0.355408,0.357984,716303.5764668869,0
GLMR.V,D,20221119,000000,0.358188,0.363603,0.353204,0.357628,905256.3662811517,0
GLMR.V,D,20221120,000000,0.357778,0.36602,0.336691,0.337187,1618521.3795774612,0
GLMR.V,D,20221121,000000,0.336884,0.337383,0.319613,0.323411,1510978.1178813654,0
GLMR.V,D,20221122,000000,0.323411,0.355266,0.315795,0.331379,1651481.681827919,0
GLMR.V,D,20221123,000000,0.331395,0.366959,0.329997,0.34482,3615937.9042607932,0
GLMR.V,D,20221124,000000,0.344824,0.359861,0.343732,0.352008,1672776.3027218834,0
GLMR.V,D,20221125,000000,0.352097,0.354819,0.340521,0.345706,767314.8993317886,0
GLMR.V,D,20221126,000000,0.345699,0.355372,0.342687,0.346096,1343208.209283347,0
GLMR.V,D,20221127,000000,0.345996,0.373961,0.345699,0.362372,2875779.989600988,0
GLMR.V,D,20221128,000000,0.362068,0.362068,0.336112,0.340371,2127236.3605794795,0
GLMR.V,D,20221129,000000,0.340274,0.355205,0.337462,0.35167,2014104.6798547874,0
GLMR.V,D,20221130,000000,0.351566,0.362651,0.351167,0.358722,1580084.1097715301,0
GLMR.V,D,20221201,000000,0.359311,0.373196,0.353665,0.368322,3201184.1353897504,0
GLMR.V,D,20221202,000000,0.368318,0.475352,0.365233,0.405424,18482248.406043045,0
GLMR.V,D,20221203,000000,0.405416,0.45585,0.39804,0.39978,7964701.646972696,0
GLMR.V,D,20221204,000000,0.39964,0.410682,0.394139,0.40024,1910873.1999845768,0
GLMR.V,D,20221205,000000,0.40024,0.421542,0.397004,0.399112,2311188.131578859,0
GLMR.V,D,20221206,000000,0.399508,0.44684,0.397912,0.413892,4240151.182430264,0
GLMR.V,D,20221207,000000,0.4137,0.431709,0.395924,0.4162,6314968.103845516,0
GLMR.V,D,20221208,000000,0.4158,0.434852,0.413158,0.420329,3687219.061734929,0
GLMR.V,D,20221209,000000,0.420629,0.424321,0.406924,0.408912,6281383.201117974,0
GLMR.V,D,20221210,000000,0.409016,0.4157,0.402396,0.405092,1283968.365346709,0
GLMR.V,D,20221211,000000,0.405192,0.412308,0.40304,0.40304,778958.8067652907,0
GLMR.V,D,20221212,000000,0.40224,0.4026,0.381834,0.391035,1317367.375555785,0
GLMR.V,D,20221213,000000,0.390931,0.410098,0.374501,0.390302,2805249.4849778805,0
GLMR.V,D,20221214,000000,0.390083,0.393,0.381089,0.384027,1312158.99739666,0
GLMR.V,D,20221215,000000,0.384038,0.384577,0.365873,0.367337,1456072.8697360426,0
GLMR.V,D,20221216,000000,0.367473,0.3728,0.341234,0.341668,1296524.025922537,0
GLMR.V,D,20221217,000000,0.341434,0.347345,0.338544,0.347245,1262321.1053420661,0
GLMR.V,D,20221218,000000,0.347245,0.353032,0.345135,0.350045,635806.4456457525,0
GLMR.V,D,20221219,000000,0.350246,0.351742,0.334113,0.3354,725449.3887492194,0
GLMR.V,D,20221220,000000,0.3356,0.350493,0.3355,0.343514,1156920.3158200213,0
GLMR.V,D,20221221,000000,0.343514,0.34461,0.335297,0.336117,1005722.2236517749,0
GLMR.V,D,20221222,000000,0.336117,0.339646,0.332353,0.339449,679716.1034620092,0
GLMR.V,D,20221223,000000,0.339542,0.341235,0.333273,0.335163,1055478.1678577664,0
GLMR.V,D,20221224,000000,0.335266,0.337183,0.333263,0.335876,680027.3929154888,0
GLMR.V,D,20221225,000000,0.335983,0.34179,0.332863,0.33635,1077501.2022984645,0
GLMR.V,D,20221226,000000,0.336466,0.356332,0.336366,0.353329,2216939.919366109,0
GLMR.V,D,20221227,000000,0.353429,0.356229,0.346761,0.348164,886367.8602671648,0
GLMR.V,D,20221228,000000,0.348064,0.349849,0.341712,0.342318,716093.8229508667,0
GLMR.V,D,20221229,000000,0.342418,0.34979,0.335656,0.337648,1318874.8389360874,0
GLMR.V,D,20221230,000000,0.337648,0.345338,0.332657,0.334929,907869.9939129851,0
GLMR.V,D,20221231,000000,0.334733,0.336538,0.328836,0.328836,993358.2554747507,0
GLMR.V,D,20230101,000000,0.329332,0.331228,0.324728,0.329348,927056.8980043437,0
GLMR.V,D,20230102,000000,0.329049,0.340467,0.32516,0.33329,1146388.830673009,0
GLMR.V,D,20230103,000000,0.33319,0.3341,0.317966,0.319875,1590924.27522232,0
GLMR.V,D,20230104,000000,0.319875,0.334916,0.319875,0.329591,2715749.635321965,0
GLMR.V,D,20230105,000000,0.329591,0.333996,0.319169,0.320788,1772992.3520273487,0
GLMR.V,D,20230106,000000,0.320688,0.321375,0.311938,0.319101,1468368.723451269,0
GLMR.V,D,20230107,000000,0.319098,0.323606,0.315802,0.316524,1200700.3452277074,0
GLMR.V,D,20230108,000000,0.316221,0.327851,0.314059,0.327761,1431387.4404601073,0
GLMR.V,D,20230109,000000,0.327734,0.346776,0.326728,0.328997,3090103.3396090106,0
GLMR.V,D,20230110,000000,0.3291,0.3418,0.328697,0.337747,2388066.65048875,0
GLMR.V,D,20230111,000000,0.337751,0.340586,0.328144,0.337466,1836055.943188002,0
GLMR.V,D,20230112,000000,0.338963,0.356736,0.33346,0.356736,2905013.68510238,0
GLMR.V,D,20230113,000000,0.355736,0.377642,0.353689,0.372137,2779102.5142247877,0
GLMR.V,D,20230114,000000,0.37223,0.411662,0.371348,0.39722,3346704.6595826712,0
GLMR.V,D,20230115,000000,0.39782,0.444138,0.389874,0.409223,6634956.312623162,0
GLMR.V,D,20230116,000000,0.408723,0.416658,0.383727,0.396408,3719879.2756839376,0
GLMR.V,D,20230117,000000,0.396108,0.413754,0.391786,0.405345,2646047.4013953083,0
GLMR.V,D,20230118,000000,0.405345,0.422334,0.375989,0.381777,3312198.128570815,0
GLMR.V,D,20230119,000000,0.381681,0.393588,0.3778,0.392984,1755012.5970180153,0
GLMR.V,D,20230120,000000,0.392924,0.415287,0.388592,0.410074,1665065.9098253057,0
GLMR.V,D,20230121,000000,0.410374,0.446749,0.409982,0.433669,3370470.551677398,0
GLMR.V,D,20230122,000000,0.432869,0.476295,0.419584,0.447785,5180586.926986459,0
GLMR.V,D,20230123,000000,0.446789,0.511751,0.446789,0.481072,4876309.658813603,0
GLMR.V,D,20230124,000000,0.480877,0.486283,0.445771,0.449113,2052203.3550285343,0
GLMR.V,D,20230125,000000,0.449013,0.482092,0.437079,0.454773,3615608.3634864995,0
GLMR.V,D,20230126,000000,0.455377,0.478743,0.455377,0.478438,3139312.898754758,0
GLMR.V,D,20230127,000000,0.478838,0.490193,0.463942,0.480235,2539609.470313352,0
GLMR.V,D,20230128,000000,0.480563,0.489727,0.456982,0.458492,1633663.7288979,0
GLMR.V,D,20230129,000000,0.458392,0.482824,0.45641,0.482824,3036897.561194664,0
GLMR.V,D,20230130,000000,0.483024,0.48591,0.4282,0.43573,3874871.97880635,0
GLMR.V,D,20230131,000000,0.43573,0.449722,0.43377,0.44454,1842124.3468038382,0
GLMR.V,D,20230201,000000,0.444227,0.465042,0.423308,0.461328,3689195.5732934363,0
GLMR.V,D,20230202,000000,0.461723,0.492249,0.459564,0.464884,4796367.243255607,0
GLMR.V,D,20230203,000000,0.464893,0.505471,0.457473,0.493739,5304434.70698899,0
GLMR.V,D,20230204,000000,0.493644,0.495245,0.475824,0.485339,2126386.5587693416,0
GLMR.V,D,20230205,000000,0.485444,0.493399,0.449421,0.459515,3213071.646408367,0
GLMR.V,D,20230206,000000,0.459519,0.468517,0.448745,0.457218,2235517.7107783877,0
GLMR.V,D,20230207,000000,0.456818,0.483719,0.450132,0.481929,3826444.5267213476,0
GLMR.V,D,20230208,000000,0.483124,0.544495,0.479714,0.50294,12270055.286681615,0
GLMR.V,D,20230209,000000,0.502535,0.557911,0.440088,0.440844,12069738.715353735,0
GLMR.V,D,20230210,000000,0.44134,0.465007,0.439344,0.444167,3775482.4580823407,0
GLMR.V,D,20230211,000000,0.442966,0.451336,0.440348,0.44804,2630369.704178477,0
GLMR.V,D,20230212,000000,0.44814,0.456209,0.430365,0.434126,3878906.4689133894,0
GLMR.V,D,20230213,000000,0.433043,0.434839,0.399792,0.410922,3921647.549728655,0
GLMR.V,D,20230214,000000,0.410626,0.453877,0.4005,0.44737,7614984.425696494,0
GLMR.V,D,20230215,000000,0.44761,0.475986,0.435526,0.467884,6677286.406556098,0
GLMR.V,D,20230216,000000,0.468675,0.479743,0.433952,0.43654,7623519.003813864,0
GLMR.V,D,20230217,000000,0.436561,0.496995,0.425251,0.473943,9387094.584870303,0
GLMR.V,D,20230218,000000,0.474147,0.522199,0.469747,0.50258,13222315.17785097,0
GLMR.V,D,20230219,000000,0.50248,0.535286,0.488737,0.504116,6642390.806366758,0
GLMR.V,D,20230220,000000,0.503316,0.570857,0.484845,0.548722,9822765.778940616,0
GLMR.V,D,20230221,000000,0.548022,0.550555,0.490979,0.499085,6135975.521619752,0
GLMR.V,D,20230222,000000,0.49869,0.509351,0.463146,0.4942,3970860.1296367566,0
GLMR.V,D,20230223,000000,0.49461,0.510346,0.482792,0.492654,3944819.0235624905,0
GLMR.V,D,20230224,000000,0.492079,0.501555,0.448031,0.452595,3652944.7719243364,0
GLMR.V,D,20230225,000000,0.452695,0.459346,0.417079,0.433426,8430512.616972046,0
GLMR.V,D,20230226,000000,0.43323,0.464833,0.43213,0.455446,3934265.6250281027,0
GLMR.V,D,20230227,000000,0.45605,0.463614,0.434522,0.444327,3081326.6283738245,0
GLMR.V,D,20230228,000000,0.444127,0.448613,0.421638,0.425089,2630825.944167605,0
GLMR.V,D,20230301,000000,0.425989,0.44244,0.422459,0.429756,3271511.230838714,0
GLMR.V,D,20230302,000000,0.430465,0.436052,0.416483,0.434039,2024985.6831356278,0
GLMR.V,D,20230303,000000,0.434539,0.435831,0.401852,0.410429,2564533.4719332783,0
GLMR.V,D,20230304,000000,0.411229,0.412033,0.39502,0.402432,2746058.54060679,0
GLMR.V,D,20230305,000000,0.403132,0.417638,0.402528,0.407545,1356463.92519488,0
GLMR.V,D,20230306,000000,0.407745,0.409404,0.396428,0.402876,1414104.898538928,0
GLMR.V,D,20230307,000000,0.40256,0.405996,0.382446,0.39048,2138427.927289066,0
GLMR.V,D,20230308,000000,0.39028,0.395496,0.378781,0.380981,1495011.3977611342,0
GLMR.V,D,20230309,000000,0.382739,0.388126,0.359921,0.366737,1824568.5798483556,0
GLMR.V,D,20230310,000000,0.365433,0.370426,0.335773,0.356683,3024727.6756993067,0
GLMR.V,D,20230311,000000,0.356081,0.372512,0.340944,0.352981,2717142.447601906,0
GLMR.V,D,20230312,000000,0.353153,0.373603,0.348001,0.37009,1490293.5954160457,0
GLMR.V,D,20230313,000000,0.37119,0.415442,0.370567,0.406817,3508962.3473407836,0
GLMR.V,D,20230314,000000,0.407315,0.442675,0.391771,0.424712,5171335.68743623,0
GLMR.V,D,20230315,000000,0.424806,0.433198,0.40165,0.40873,2576925.977528343,0
GLMR.V,D,20230316,000000,0.408191,0.410673,0.388188,0.399452,3076401.6362033356,0
GLMR.V,D,20230317,000000,0.397973,0.425141,0.394963,0.423567,2545629.557487102,0
GLMR.V,D,20230318,000000,0.424265,0.445834,0.415118,0.416361,3791033.196958618,0
GLMR.V,D,20230319,000000,0.416446,0.435302,0.410117,0.425167,1867105.8575365052,0
GLMR.V,D,20230320,000000,0.425272,0.43047,0.389084,0.394226,2207113.583612515,0
GLMR.V,D,20230321,000000,0.393937,0.401986,0.381823,0.397267,2058967.4293821722,0
GLMR.V,D,20230322,000000,0.397665,0.401252,0.365282,0.376922,3199312.9175118436,0
GLMR.V,D,20230323,000000,0.380139,0.398379,0.375757,0.391856,2359311.8274583896,0
GLMR.V,D,20230324,000000,0.392222,0.393802,0.373503,0.376487,1111960.7509659634,0
GLMR.V,D,20230325,000000,0.376925,0.379566,0.365112,0.367856,1508349.285241018,0
GLMR.V,D,20230326,000000,0.367556,0.381139,0.367256,0.377526,1499675.3318660217,0
GLMR.V,D,20230327,000000,0.377515,0.382425,0.356339,0.36267,1200306.0769662927,0
GLMR.V,D,20230328,000000,0.36267,0.364498,0.350891,0.35904,1909931.6577002215,0
GLMR.V,D,20230329,000000,0.35944,0.376694,0.35914,0.375168,2003470.0378429384,0
GLMR.V,D,20230330,000000,0.375471,0.379876,0.359436,0.365402,1993447.5207334892,0
GLMR.V,D,20230331,000000,0.365099,0.3834,0.362105,0.38268,1526652.948894509,0
GLMR.V,D,20230401,000000,0.382176,0.386635,0.375094,0.37774,1469396.3019702595,0
GLMR.V,D,20230402,000000,0.378436,0.385862,0.366553,0.368532,2020780.7939078652,0
GLMR.V,D,20230403,000000,0.368829,0.380253,0.361172,0.369344,1494739.8404090952,0
GLMR.V,D,20230404,000000,0.369644,0.389671,0.369644,0.387694,1575329.997221287,0
GLMR.V,D,20230405,000000,0.387994,0.391625,0.380114,0.390441,1651909.3519905142,0
GLMR.V,D,20230406,000000,0.390344,0.39178,0.377232,0.380233,1187495.7301976145,0
GLMR.V,D,20230407,000000,0.379837,0.382191,0.369106,0.371378,706418.4743031708,0
GLMR.V,D,20230408,000000,0.370778,0.376073,0.368925,0.369544,889294.5267744891,0
GLMR.V,D,20230409,000000,0.369644,0.375536,0.364715,0.37265,1611165.832204012,0
GLMR.V,D,20230410,000000,0.373157,0.377541,0.368125,0.376597,1843800.9084461823,0
GLMR.V,D,20230411,000000,0.377009,0.383687,0.375323,0.379275,1665412.7946899962,0
GLMR.V,D,20230412,000000,0.379275,0.385185,0.368112,0.376994,1510527.724933687,0
GLMR.V,D,20230413,000000,0.376493,0.394514,0.375426,0.388773,2481475.1768292002,0
GLMR.V,D,20230414,000000,0.389073,0.402843,0.380369,0.390424,4190083.3489661133,0
GLMR.V,D,20230415,000000,0.39052,0.41358,0.38286,0.403963,5274856.87394849,0
GLMR.V,D,20230416,000000,0.404059,0.411929,0.399739,0.409678,2100387.620146206,0
GLMR.V,D,20230417,000000,0.409478,0.413397,0.390832,0.401137,2970967.7611356843,0
GLMR.V,D,20230418,000000,0.401141,0.409206,0.394473,0.404585,2320212.131713593,0
GLMR.V,D,20230419,000000,0.404861,0.406502,0.367587,0.369992,1883425.6925713115,0
