<TICKER>,<PER>,<DATE>,<TIME>,<OPEN>,<HIGH>,<LOW>,<CLOSE>,<VOL>,<OPENINT>
GNO.V,D,20211230,000000,536.0072,572.6145,521.1042,548.9098,2485,0
GNO.V,D,20211231,000000,550.21,596.9194,526.6527,531.3531,3192.5518911327,0
GNO.V,D,20220101,000000,531.2531,543.4668,522.9,527.7055,1305.9955751105,0
GNO.V,D,20220102,000000,527.6528,529.3058,512.7513,515.003,1296.7508093234,0
GNO.V,D,20220103,000000,516.7033,521.9044,498,501.0501,595.51690362075,0
GNO.V,D,20220104,000000,501,536.1464,499.85,531,742.10686823334,0
GNO.V,D,20220105,000000,530.8938,531.6468,484.3,485.8514,1266.0926584075,0
GNO.V,D,20220106,000000,486.1,487.5952,466.9197,479.1521,1366.0622387303,0
GNO.V,D,20220107,000000,479.6918,481.5,445.3109,445.7554,1269.5688589723,0
GNO.V,D,20220108,000000,447.5552,513.3487,444.911,470.4,2974.315820045,0
GNO.V,D,20220109,000000,470,486,454.2,478.7,1242.8529253468,0
GNO.V,D,20220110,000000,480.252,480.8,387.5,403.6,2386.4704970075,0
GNO.V,D,20220111,000000,404.4,406.3,390.7391,400.7,565.99059851351,0
GNO.V,D,20220112,000000,401.8402,409.6638,392.1784,405.6027,863.68494712652,0
GNO.V,D,20220113,000000,405.8623,412.6062,389.7948,402.4011,684.36023246918,0
GNO.V,D,20220114,000000,402.761,404.0019,394.9579,399.0197,210.14249974587,0
GNO.V,D,20220115,000000,399.1197,404.8023,396.4189,403.2015,118.3291881232,0
GNO.V,D,20220116,000000,402.8013,404.7022,384.8539,389.2556,347.98346837059,0
GNO.V,D,20220117,000000,389.6558,390.7172,359.4078,363.0452,369.39896234639,0
GNO.V,D,20220118,000000,363.5454,364.9459,332.3997,339.4357,1203.9990364168,0
GNO.V,D,20220119,000000,338.6354,339.1356,320.128,330.4991,1380.7400511157,0
GNO.V,D,20220120,000000,329.0987,351.5703,327.0654,339.0678,2228.0273854298,0
GNO.V,D,20220121,000000,340.268,342.1684,275.155,280.256,709.14548094245,0
GNO.V,D,20220122,000000,279.956,288.5865,236.6473,240.048,3089.6736452909,0
GNO.V,D,20220123,000000,239.5718,266.3799,238.3477,260.052,2017.8524823813,0
GNO.V,D,20220124,000000,259.7779,274.955,222.6445,263.0789,1550.0136339178,0
GNO.V,D,20220125,000000,261.9524,275.1375,254.2763,263.9319,748.51154340314,0
GNO.V,D,20220126,000000,262.6575,293.0757,260.3301,268.6611,954.63940816712,0
GNO.V,D,20220127,000000,269.4616,291.9167,250.9254,257.0028,1738.4945138063,0
GNO.V,D,20220128,000000,256.9027,272.9819,251.9756,267.3802,784.93909725937,0
GNO.V,D,20220129,000000,268.1536,285.6857,267.4535,276.5553,682.40087911756,0
GNO.V,D,20220130,000000,275.7827,284.1852,271.4814,273.1092,272.64854526954,0
GNO.V,D,20220131,000000,275.6827,287.4436,267.8803,283.9419,527.97077596843,0
GNO.V,D,20220201,000000,283.9852,303.482,283.7702,296.0479,788.26788594972,0
GNO.V,D,20220202,000000,296.7483,301.881,281.9326,288.1856,527.02150058152,0
GNO.V,D,20220203,000000,288.4587,291.7218,276.7747,283.0147,603.67456057489,0
GNO.V,D,20220204,000000,283.0147,325.195,283.0147,320.5562,1352.1020085389,0
GNO.V,D,20220205,000000,320.3561,327.7966,315.4206,326.6285,1176.7113262672,0
GNO.V,D,20220206,000000,327.0961,328.1968,322.4611,323.0614,355.44687854466,0
GNO.V,D,20220207,000000,322.9291,345.7764,322.9291,341.9392,1487.5363450272,0
GNO.V,D,20220208,000000,341.9392,352.9469,332.8661,336.9029,507.37735732407,0
GNO.V,D,20220209,000000,336.2359,360.4961,333.2664,360.4961,740.4469560874,0
GNO.V,D,20220210,000000,360.2239,360.2599,348.4786,353.512,740.11096064678,0
GNO.V,D,20220211,000000,352.5114,355.2485,335.6006,336.601,636.77447249651,0
GNO.V,D,20220212,000000,335.4006,339.7376,328.7972,331.4988,842.35729652965,0
GNO.V,D,20220213,000000,330.9654,344.3065,330.5652,339.4035,918.69753739305,0
GNO.V,D,20220214,000000,340.2701,351.7109,333.1998,350.8104,3508.4441221192,0
GNO.V,D,20220215,000000,350.8104,389.3335,350.5752,380.228,2437.8101354731,0
GNO.V,D,20220216,000000,379.5655,393.2358,374.5872,378.627,1151.3942896192,0
GNO.V,D,20220217,000000,378.9894,380.6282,363.1177,364.7551,857.881885795,0
GNO.V,D,20220218,000000,364.8552,365.6192,342.9056,342.9056,888.78640673348,0
GNO.V,D,20220219,000000,343.4059,347.1081,338.4029,339.6697,585.0354930904,0
GNO.V,D,20220220,000000,339.2034,340.6042,319.9599,324.262,990.73771918293,0
GNO.V,D,20220221,000000,324.3621,335.0674,318.2591,323.1615,1160.4756775207,0
GNO.V,D,20220222,000000,321.6608,322.529,308.1232,320.5922,964.06420824691,0
GNO.V,D,20220223,000000,321.5928,332.7996,320.3601,326.896,864.03199114342,0
GNO.V,D,20220224,000000,325.5952,326.4958,280.0399,316.7266,2384.8469511555,0
GNO.V,D,20220225,000000,317.9954,338.1352,317.1951,336.9684,1135.223487415,0
GNO.V,D,20220226,000000,339.5697,346.1384,337.1685,341.7708,1139.8586422055,0
GNO.V,D,20220227,000000,341.1705,343.0714,316.5582,320.6282,1278.4572055671,0
GNO.V,D,20220228,000000,319.7278,352.5762,311.2244,349.6747,2047.6899870761,0
GNO.V,D,20220301,000000,349.1396,361.8447,346.6732,354.2062,1156.7529264289,0
GNO.V,D,20220302,000000,354.6063,362.1086,351.1702,356.5713,1158.0219608896,0
GNO.V,D,20220303,000000,356.0068,356.807,330.5992,336.9674,1096.9194772923,0
GNO.V,D,20220304,000000,337.0011,342.8028,310.062,310.193,1726.553492318,0
GNO.V,D,20220305,000000,310.5621,314.9945,306.2612,313.594,1481.3627438048,0
GNO.V,D,20220306,000000,314.8666,316.4761,307.8923,310.7691,334.73854690892,0
GNO.V,D,20220307,000000,308.7926,308.8926,290.4581,292.5877,1159.6070245816,0
GNO.V,D,20220308,000000,292.3585,302.2604,289.5579,297.0594,1324.4500171097,0
GNO.V,D,20220309,000000,297.1594,319.4639,296.7297,312.3625,850.00959516311,0
GNO.V,D,20220310,000000,311.9624,314.0628,292.0876,299.0196,1488.0462377246,0
GNO.V,D,20220311,000000,300.4201,304.5218,288.7154,296.2592,1588.2819249492,0
GNO.V,D,20220312,000000,297.5609,298.9394,293.6377,295.5194,734.22796725784,0
GNO.V,D,20220313,000000,297.4251,302.2317,290.888,291.0874,888.12219497306,0
GNO.V,D,20220314,000000,281.9564,302.4128,281.9282,296.57,1495.4272564575,0
GNO.V,D,20220315,000000,295.5331,298.5848,280.328,286.1858,959.12947433351,0
GNO.V,D,20220316,000000,286.786,315.6947,283.385,301.1903,2606.2504365659,0
GNO.V,D,20220317,000000,299.3898,307.5922,299.0598,305.5527,680.25962710658,0
GNO.V,D,20220318,000000,307.3102,323.5968,303.9215,320.6602,724.68740319107,0
GNO.V,D,20220319,000000,321.2247,325.7628,320.0239,321.3606,445.3706868658,0
GNO.V,D,20220320,000000,322.2288,323.0614,311.0244,311.5246,1378.0311499071,0
GNO.V,D,20220321,000000,312.4249,325.13,308.9235,317.9271,998.34327547119,0
GNO.V,D,20220322,000000,319.0594,331.1655,316.4581,329.8319,814.6332879446,0
GNO.V,D,20220323,000000,329.4317,329.4317,322.3289,326.4305,692.31594280799,0
GNO.V,D,20220324,000000,326.4631,339.0694,326.3305,338.8693,1015.2779285237,0
GNO.V,D,20220325,000000,338.0689,346.9734,336.5682,337.3349,846.08763060199,0
GNO.V,D,20220326,000000,337.4686,347.0388,333.9335,338.8693,683.10897401028,0
GNO.V,D,20220327,000000,338.8693,386.7546,338.1352,382.0528,1520.306663996,0
GNO.V,D,20220328,000000,395.4581,570.4281,383.615,468.7874,31713.240742531,0
GNO.V,D,20220329,000000,468.9343,557.9231,455.8367,477.4386,13823.848978954,0
GNO.V,D,20220330,000000,477.4386,482.0409,460.184,470.8412,2708.855263396,0
GNO.V,D,20220331,000000,470.8412,472.0416,423.3847,423.3847,2746.5196068011,0
GNO.V,D,20220401,000000,424.1272,436.1744,412.9651,433.8301,1682.658822844,0
GNO.V,D,20220402,000000,434.887,442.577,424.5698,425.17,1403.9629672563,0
GNO.V,D,20220403,000000,425.27,432.1728,421.9265,430.172,741.44224020905,0
GNO.V,D,20220404,000000,431.5726,439.4757,417.6252,422.8268,924.12328191629,0
GNO.V,D,20220405,000000,423.5847,430.8292,420.7421,423.8848,708.97821102679,0
GNO.V,D,20220406,000000,423.2846,423.9848,392.9,395.1,891.87089383595,0
GNO.V,D,20220407,000000,394.4,395.5396,390.339,391.5392,692.29970216191,0
GNO.V,D,20220408,000000,391.1391,409.3228,391.0391,396.7586,1245.9096667571,0
GNO.V,D,20220409,000000,396.2584,396.7586,389.0556,393.3787,525.11708931854,0
GNO.V,D,20220410,000000,395.2185,400.7202,390.4781,398.8196,815.68285427311,0
GNO.V,D,20220411,000000,399.2798,400.4801,330.3991,330.5992,2119.0346294334,0
GNO.V,D,20220412,000000,330.3661,353.8708,329.6989,343.0029,1223.9402797442,0
GNO.V,D,20220413,000000,342.1026,355.3421,342.0684,353.7061,1139.7349171445,0
GNO.V,D,20220414,000000,353.6707,358.6076,339.1678,341.3683,1174.8010102521,0
GNO.V,D,20220415,000000,340.6681,354.871,340.6341,349.0698,1321.6600406026,0
GNO.V,D,20220416,000000,349.2698,355.5356,344.6345,346.4693,920.54820023878,0
GNO.V,D,20220417,000000,346.7693,354.2708,344.6345,351.4351,964.90463232343,0
GNO.V,D,20220418,000000,351.8704,353.1706,329.866,347.8043,1896.7553849772,0
GNO.V,D,20220419,000000,347.8043,359.3719,347.2694,353.7707,1373.9535007302,0
GNO.V,D,20220420,000000,353.1706,356.0712,340.5681,345.069,1533.2560911202,0
GNO.V,D,20220421,000000,345.069,358.3717,343.8344,343.8688,1104.0299473423,0
GNO.V,D,20220422,000000,343.7344,344.2688,330.133,334.5335,1170.0927430106,0
GNO.V,D,20220423,000000,333.4333,334.0668,330.166,331.0331,447.02345236944,0
GNO.V,D,20220424,000000,331.0662,331.7697,324.5649,327.0654,565.15875182241,0
GNO.V,D,20220425,000000,327.0654,333.3667,315.3631,332.2664,1101.5017477275,0
GNO.V,D,20220426,000000,329.7659,335.5671,316.5,317.1317,868.26791644951,0
GNO.V,D,20220427,000000,317.2317,322.1,315.9,319.632,652.33645959019,0
GNO.V,D,20220428,000000,319.932,335.8,318.9319,328.8329,1158.2794570449,0
GNO.V,D,20220429,000000,328.5328,334.8335,316.1316,316.9317,895.89799790162,0
GNO.V,D,20220430,000000,316.2316,316.7317,309.4309,313.1313,619.84869160795,0
GNO.V,D,20220501,000000,313.1,313.5313,306.6307,310.8,977.24751689829,0
GNO.V,D,20220502,000000,309.631,321.0321,309.631,316,1106.0106519002,0
GNO.V,D,20220503,000000,316,318.6319,309.0691,309.669,579.01481693684,0
GNO.V,D,20220504,000000,309.669,320.6679,305.2389,318.5,833.03431817105,0
GNO.V,D,20220505,000000,318.4044,320.6038,298.9402,301.7396,969.14004706628,0
GNO.V,D,20220506,000000,301.3699,301.5698,289.571,293.5706,1852.3600368132,0
GNO.V,D,20220507,000000,293.4706,297.5702,286.1428,286.1428,1068.9163522989,0
GNO.V,D,20220508,000000,286.5427,291.3709,271.7912,278.9163,1573.9591854146,0
GNO.V,D,20220509,000000,278.9163,283.8432,242.2515,245.2509,2527.5272968715,0
GNO.V,D,20220510,000000,244.751,266.6467,238.6045,247.8008,1696.7161969154,0
GNO.V,D,20220511,000000,250.025,266.8131,228.605,235.25,2791.3462993334,0
GNO.V,D,20220512,000000,235.7009,242.1276,200.2387,213.2227,2907.1048069455,0
GNO.V,D,20220513,000000,212.5817,243.4898,211.0287,230.5075,1747.4453444542,0
GNO.V,D,20220514,000000,230.0851,230.208,215.5896,224.9621,1127.6433009854,0
GNO.V,D,20220515,000000,224.4853,238.3137,219.7699,236.7156,996.35607144194,0
GNO.V,D,20220516,000000,237.7144,239.8119,219.3705,224.308,886.21323940212,0
GNO.V,D,20220517,000000,224.1083,235.2174,221.3119,229.3015,924.1815040853,0
GNO.V,D,20220518,000000,229.9007,233.2198,211.2039,211.6245,908.37778338226,0
GNO.V,D,20220519,000000,211.6033,218.6031,203.0171,215.4843,1134.4125337015,0
GNO.V,D,20220520,000000,215.9838,219.1587,202.797,208.8491,1140.7005429622,0
GNO.V,D,20220521,000000,208.05,214.0214,206.6103,209.1278,814.82987517232,0
GNO.V,D,20220522,000000,209.1068,217.2173,207.8087,213.2438,856.64155413869,0
GNO.V,D,20220523,000000,214.2211,228.0717,211.0464,212.8443,1128.8675331879,0
GNO.V,D,20220524,000000,212.8443,212.8443,203.6757,210.1054,827.58235450629,0
GNO.V,D,20220525,000000,211.513,216.0171,205.274,206.0524,1051.7940034935,0
GNO.V,D,20220526,000000,206.452,207.2717,187.993,194.8854,2193.7595917,0
GNO.V,D,20220527,000000,196.803,196.803,182.2176,186.3135,2882.7500128066,0
GNO.V,D,20220528,000000,186.7465,191.7723,182.3106,190.0214,1952.8497498518,0
GNO.V,D,20220529,000000,189.0607,193.4868,186.8543,192.9791,1598.0573996578,0
GNO.V,D,20220530,000000,192.9887,209.7093,191.4825,209.1067,2096.5977355328,0
GNO.V,D,20220531,000000,208.2236,212.7011,203.8841,206.4747,3108.1053329099,0
GNO.V,D,20220601,000000,206.0936,207.9098,188.762,190.7872,3451.6879765238,0
GNO.V,D,20220602,000000,191.693,195.93,189.302,193.7207,3450.7401944599,0
GNO.V,D,20220603,000000,193.7207,196.3317,185.2665,189.4102,3657.6038210323,0
GNO.V,D,20220604,000000,189.4083,190.6152,185.7048,188.057,7461.3841186856,0
GNO.V,D,20220605,000000,188.0607,194.9322,186.3396,192.7187,6965.848145373,0
GNO.V,D,20220606,000000,193.1164,201.8323,190.8243,197.1343,20744.06955676,0
GNO.V,D,20220607,000000,197.0324,197.436,182.8518,193.7391,19156.402411764,0
GNO.V,D,20220608,000000,193.9525,194.454,186.1808,189.4768,7926.9241096372,0
GNO.V,D,20220609,000000,188.935,190.3537,187.1645,188.8055,8879.0632002189,0
GNO.V,D,20220610,000000,188.9576,189.0869,177.4867,177.8552,6772.844434868,0
GNO.V,D,20220611,000000,178.0425,178.2552,160.7236,162.1746,3378.5425368493,0
GNO.V,D,20220612,000000,162.1924,163.8492,149.935,155.0735,3921.8432082817,0
GNO.V,D,20220613,000000,155.0622,155.0867,125.9934,129.2773,52348.142557247,0
GNO.V,D,20220614,000000,127.9219,131.9296,118.1237,123.3518,41605.493408763,0
GNO.V,D,20220615,000000,124.6515,128.6506,109.304,127.7706,33932.842364927,0
GNO.V,D,20220616,000000,127.8689,128.0641,113.66,116.0817,7105.3487774187,0
GNO.V,D,20220617,000000,112.4135,119.3598,109.5605,113.6043,46358.530793632,0
GNO.V,D,20220618,000000,113.6012,114.9382,95.4259,100.2487,44528.489056604,0
GNO.V,D,20220619,000000,100.225,139.3087,98.472,119.8173,24598.555481423,0
GNO.V,D,20220620,000000,119.8174,136.2042,112.4931,114.9443,13882.307589215,0
GNO.V,D,20220621,000000,114.89,122.8713,113.7299,117.0761,4751.4291686811,0
GNO.V,D,20220622,000000,117.0723,118.5842,108.6719,110.2467,5178.9437652884,0
GNO.V,D,20220623,000000,110.2283,142.3865,108.3022,115.3174,11810.548464637,0
GNO.V,D,20220624,000000,115.3411,135.9757,114.2521,127.2988,26489.38755289,0
GNO.V,D,20220625,000000,127.2571,128.1269,121.3243,127.6963,6620.035211061,0
GNO.V,D,20220626,000000,127.5204,129.7564,124.1416,126.1794,5560.7784564821,0
GNO.V,D,20220627,000000,126.2579,136.6151,119.6382,122.2906,3395.8743656953,0
GNO.V,D,20220628,000000,122.3301,127.8601,118.5433,119.5907,3664.7688379239,0
GNO.V,D,20220629,000000,119.5915,123.6483,113.9814,115.3878,5433.0293173039,0
GNO.V,D,20220630,000000,115.3848,116.0254,104.7182,105.8646,7704.7917393689,0
GNO.V,D,20220701,000000,105.8278,115.821,105.3785,109.5396,9387.9471647822,0
GNO.V,D,20220702,000000,109.5612,110.3195,106.1153,110.1198,5859.9097851211,0
GNO.V,D,20220703,000000,110.1198,111.8108,106.92,110.7093,12803.030347861,0
GNO.V,D,20220704,000000,110.8657,115.7609,106.8434,115.4409,3055.0128727469,0
GNO.V,D,20220705,000000,115.4628,119.0608,111.3873,117.5473,2505.339090618,0
GNO.V,D,20220706,000000,117.7915,118.4863,113.8857,117.5694,3085.9724010521,0
GNO.V,D,20220707,000000,117.5475,124.5626,117.4066,124.3652,2322.9687764684,0
GNO.V,D,20220708,000000,124.3913,127.3943,120.323,123.6221,2010.7761084865,0
GNO.V,D,20220709,000000,123.6845,139.3233,121.327,122.4295,3805.0806044155,0
GNO.V,D,20220710,000000,122.3649,124.3981,116.1569,117.9168,2192.9337027307,0
GNO.V,D,20220711,000000,117.5924,133.8928,112.1204,112.2481,4497.1773646117,0
GNO.V,D,20220712,000000,112.8007,117.2197,104.7505,107.1855,3778.6686779657,0
GNO.V,D,20220713,000000,107.1442,109.4299,101.9198,108.8832,1807.9022495666,0
GNO.V,D,20220714,000000,108.8835,120.3308,107.9763,118.1826,1854.4597589555,0
GNO.V,D,20220715,000000,118.1695,133.9311,117.8789,124.8706,8538.3104717341,0
GNO.V,D,20220716,000000,124.7778,138.7223,118.8411,133.1827,2449.1739381589,0
GNO.V,D,20220717,000000,133.1952,138.6614,128.4023,133.7521,2217.3449572626,0
GNO.V,D,20220718,000000,133.7534,151.322,132.56,146.4872,4645.4389579157,0
GNO.V,D,20220719,000000,146.4737,160.5546,146.1294,157.8454,11241.018808846,0
GNO.V,D,20220720,000000,156.9444,163.449,147.8192,153.1762,4408.6095336955,0
GNO.V,D,20220721,000000,153.211,165.485,144.0323,153.9864,4097.5634763618,0
GNO.V,D,20220722,000000,153.9744,157.5086,147.0443,148.4325,3719.159636265,0
GNO.V,D,20220723,000000,148.4324,153.3992,146.2924,146.9212,2823.2379819528,0
GNO.V,D,20220724,000000,146.9384,156.0212,146.8984,156.0212,2629.8271428353,0
GNO.V,D,20220725,000000,156.1,157.8424,143.273,146.5186,3415.4416160072,0
GNO.V,D,20220726,000000,146.3858,147.5007,133.225,134.8293,4381.5937329692,0
GNO.V,D,20220727,000000,134.7922,154.3158,133.5201,153.4257,5255.103279171,0
GNO.V,D,20220728,000000,153.4266,168.4835,152.7795,165.852,2941.7622131432,0
GNO.V,D,20220729,000000,166.1075,166.1504,158.542,163.9679,1487.7825156503,0
GNO.V,D,20220730,000000,163.9683,167.5557,161.3992,162.6156,1353.7390611354,0
GNO.V,D,20220731,000000,162.616,165.8988,161.5879,163.8612,1217.6804840918,0
GNO.V,D,20220801,000000,163.8612,165.6204,155.3947,156.5665,1457.9496592494,0
GNO.V,D,20220802,000000,156.5685,160.7548,150.838,158.4971,2055.9799461572,0
GNO.V,D,20220803,000000,158.4795,161.7911,154.9442,158.7224,1218.703134239,0
GNO.V,D,20220804,000000,158.7022,160.811,152.0935,154.9844,2112.8865729982,0
GNO.V,D,20220805,000000,154.9622,163.6981,154.1826,162.8021,1923.5374785825,0
GNO.V,D,20220806,000000,162.7852,165.9245,162.5588,164.8879,1536.6401431466,0
GNO.V,D,20220807,000000,164.8879,165.3725,160.8311,164.4588,1585.5975998214,0
GNO.V,D,20220808,000000,164.4588,171.6678,163.1604,169.1268,1882.3607532326,0
GNO.V,D,20220809,000000,169.1265,170.261,160.5108,163.1794,2038.0883600687,0
GNO.V,D,20220810,000000,163.1795,183.3062,160.1677,178.7137,3088.7457477322,0
GNO.V,D,20220811,000000,178.7138,187.4155,178.6027,182.1532,2037.5838950849,0
GNO.V,D,20220812,000000,182.1532,185.9686,179.5647,184.3199,904.31222330843,0
GNO.V,D,20220813,000000,184.3021,193.4208,183.9357,191.2001,1259.1572470367,0
GNO.V,D,20220814,000000,191.1784,192.8211,183.3666,185.8941,1588.5533348158,0
GNO.V,D,20220815,000000,185.8969,190.1796,180.4576,180.8913,1225.2505542462,0
GNO.V,D,20220816,000000,180.8918,182.0514,177.1849,178.0671,1029.586815679,0
GNO.V,D,20220817,000000,178.0671,185.1243,173.4049,175.2775,1298.9990779566,0
GNO.V,D,20220818,000000,175.2775,196.1664,173.6463,195.2854,2566.3316078259,0
GNO.V,D,20220819,000000,195.7955,204.7928,178.7989,178.7989,6261.7787226293,0
GNO.V,D,20220820,000000,178.6731,181.6222,160.5258,161.9995,1748.0815073855,0
GNO.V,D,20220821,000000,162.1279,169.3386,162.0068,168.7911,1111.5199248567,0
GNO.V,D,20220822,000000,168.7615,168.7615,159.7668,160.867,2193.1906911547,0
GNO.V,D,20220823,000000,160.8665,166.013,160.8662,164.7026,1011.4849838904,0
GNO.V,D,20220824,000000,164.7019,169.1136,161.235,167.2359,897.13552218337,0
GNO.V,D,20220825,000000,167.2352,170.0762,165.6302,168.9626,909.745529823,0
GNO.V,D,20220826,000000,168.9625,169.122,155.9419,157.1115,1503.2288873555,0
GNO.V,D,20220827,000000,157.048,157.1864,149.0871,150.0941,928.77024989572,0
GNO.V,D,20220828,000000,150.1305,152.7727,149.7442,152.0244,743.02726115497,0
GNO.V,D,20220829,000000,151.9248,157.8591,146.4776,157.1655,1036.3841720504,0
GNO.V,D,20220830,000000,157.3838,161.8132,148.231,153.8421,1338.1707456078,0
GNO.V,D,20220831,000000,153.8093,160.2946,152.6008,155.9538,917.87673726804,0
GNO.V,D,20220901,000000,156.0252,158.162,152.4059,156.1342,1021.381308968,0
GNO.V,D,20220902,000000,156.1622,161.7521,154.8307,156.0931,1321.911822779,0
GNO.V,D,20220903,000000,156.155,156.4812,152.4597,153.3233,1092.6350290566,0
GNO.V,D,20220904,000000,153.3217,158.1632,152.5319,156.0687,692.16952447005,0
GNO.V,D,20220905,000000,156.0687,158.1638,154.3995,157.3758,599.31598719371,0
GNO.V,D,20220906,000000,157.39,164.6479,154.2013,154.4579,986.9070086241,0
GNO.V,D,20220907,000000,154.6483,158.8162,145.526,158.3205,1401.0332506549,0
GNO.V,D,20220908,000000,158.2663,160.8442,155.4624,160.4868,823.32061779766,0
GNO.V,D,20220909,000000,160.4904,169.6375,160.3013,167.3509,1130.4748092004,0
GNO.V,D,20220910,000000,167.3576,171.2003,167.2747,170.6197,634.51492581246,0
GNO.V,D,20220911,000000,170.6233,176.2343,170.3475,170.533,1048.7681294309,0
GNO.V,D,20220912,000000,170.5347,173.1824,167.1534,168.355,1157.3783461021,0
GNO.V,D,20220913,000000,168.3734,169.9282,152.3328,152.5196,1912.0642541067,0
GNO.V,D,20220914,000000,152.6355,155.1004,149.2685,153.1147,1443.5526403947,0
GNO.V,D,20220915,000000,153.025,156.6274,140.7861,141.5823,1033.4164628845,0
GNO.V,D,20220916,000000,141.4281,141.4281,134.7891,136.0912,1087.2378927785,0
GNO.V,D,20220917,000000,136.0862,138.8679,134.7347,137.4618,1477.9521365015,0
GNO.V,D,20220918,000000,137.5054,139.6345,126.2843,126.8675,1085.6460941754,0
GNO.V,D,20220919,000000,126.9994,132.6795,122.8233,130.3753,1448.3598012459,0
GNO.V,D,20220920,000000,130.4491,132.8042,125.5028,125.8032,2375.3150134306,0
GNO.V,D,20220921,000000,125.6742,131.1004,120.6995,121.1133,2168.5078683363,0
GNO.V,D,20220922,000000,121.1133,125.7068,118.1285,124.9361,1091.632687374,0
GNO.V,D,20220923,000000,124.4245,127.9009,120.4026,123.5185,2056.0862375227,0
GNO.V,D,20220924,000000,123.5396,125.7594,122.8961,124.2183,782.25503359085,0
GNO.V,D,20220925,000000,124.1641,124.3259,119.4041,119.6843,776.95009601672,0
GNO.V,D,20220926,000000,119.7361,123.5449,118.8094,122.4557,827.88969830681,0
GNO.V,D,20220927,000000,122.4395,135.8405,121.8347,122.4607,2528.8811591273,0
GNO.V,D,20220928,000000,122.5325,124.4438,118.728,120.3833,1300.2570068877,0
GNO.V,D,20220929,000000,120.3632,121.0126,116.3265,119.2937,1220.8132319022,0
GNO.V,D,20220930,000000,119.3586,122.6912,118.6657,120.4598,885.68820434059,0
GNO.V,D,20221001,000000,120.4115,120.8023,118.4545,118.5457,769.82717139742,0
GNO.V,D,20221002,000000,118.5462,118.6246,115.2122,116.829,962.26158730702,0
GNO.V,D,20221003,000000,116.8098,119.4696,114.7977,118.7601,877.1548110284,0
GNO.V,D,20221004,000000,118.7819,122.167,118.686,121.4865,902.98149650734,0
GNO.V,D,20221005,000000,121.4773,121.5718,113.8813,115.7948,1823.6858077404,0
GNO.V,D,20221006,000000,115.7392,117.9596,114.7367,115.1057,1134.086650593,0
GNO.V,D,20221007,000000,114.9621,115.7195,112.7262,113.3323,838.5113902893,0
GNO.V,D,20221008,000000,113.3385,114.0603,112.5073,112.6753,826.37566984758,0
GNO.V,D,20221009,000000,112.2272,113.9482,111.5684,113.2399,1035.59968818,0
GNO.V,D,20221010,000000,113.2138,113.6753,110.277,112.1596,1749.8571193478,0
GNO.V,D,20221011,000000,112.1957,112.6673,108.0502,108.6474,2484.2489562408,0
GNO.V,D,20221012,000000,108.6603,110.7486,108.2152,110.4446,1000.738500321,0
GNO.V,D,20221013,000000,110.4892,110.7975,102.6291,109.5322,1473.7152957378,0
GNO.V,D,20221014,000000,109.5131,113.3542,108.2536,109.9897,900.70383878041,0
GNO.V,D,20221015,000000,109.9958,110.9092,108.1428,108.8802,878.83570695639,0
GNO.V,D,20221016,000000,108.8469,110.7552,107.9391,109.3612,969.46538819428,0
GNO.V,D,20221017,000000,109.361,112.9856,109.3587,112.2205,1118.1298149237,0
GNO.V,D,20221018,000000,112.2204,113.1366,109.3421,110.2902,933.95069827072,0
GNO.V,D,20221019,000000,110.2979,110.4359,108.7131,109.0619,966.09968627963,0
GNO.V,D,20221020,000000,109.0532,110.0183,107.29,108.2292,727.68258826319,0
GNO.V,D,20221021,000000,108.1985,109.7747,105.5524,109.2986,943.98808335483,0
GNO.V,D,20221022,000000,109.315,112.521,109.0215,110.2049,1688.8948233669,0
GNO.V,D,20221023,000000,110.2204,111.4764,109.1116,111.4381,1124.5829311301,0
GNO.V,D,20221024,000000,111.4473,115.022,111.4473,113.0792,1701.6269889207,0
GNO.V,D,20221025,000000,113.0635,125.8878,112.6175,122.2969,2123.6113190973,0
GNO.V,D,20221026,000000,122.3097,130.8928,121.0736,127.1219,2692.6415245444,0
GNO.V,D,20221027,000000,126.9383,129.4914,124.3721,125.1745,934.71951512521,0
GNO.V,D,20221028,000000,125.1698,127.9612,123.0772,127.3487,802.31853462162,0
GNO.V,D,20221029,000000,127.5723,133.3328,127.3698,131.1591,1042.2619875486,0
GNO.V,D,20221030,000000,131.1616,132.4675,127.902,128.3738,875.77241187863,0
GNO.V,D,20221031,000000,128.4532,130.7029,126.1696,126.8698,915.66056028116,0
GNO.V,D,20221101,000000,126.8733,128.7554,118.1256,119.0592,2628.7409685264,0
GNO.V,D,20221102,000000,119.0648,120.3439,112.7695,113.0505,1238.3231192382,0
GNO.V,D,20221103,000000,113.1137,117.7275,113.0766,115.0034,767.46078637201,0
GNO.V,D,20221104,000000,115.0261,124.0012,114.6723,123.7406,1174.0014396003,0
GNO.V,D,20221105,000000,123.7469,124.841,120.4976,121.6739,1412.9661038906363,0
GNO.V,D,20221106,000000,121.6365,122.7011,119.4088,119.698,1091.7970833667046,0
GNO.V,D,20221107,000000,119.6064,120.4141,115.8162,116.6266,1144.276796757236,0
GNO.V,D,20221108,000000,116.3681,117.8074,95.2638,99.5012,1553.8740333842454,0
GNO.V,D,20221109,000000,99.5769,101.8061,82.659,85.4206,1604.7405468858078,0
GNO.V,D,20221110,000000,85.4136,105.2026,83.3028,98.414,1739.528506834704,0
GNO.V,D,20221111,000000,98.4181,110.3273,89.6123,94.4591,1367.9065566714442,0
GNO.V,D,20221112,000000,94.3549,96.2789,90.9191,91.9595,1259.438139690928,0
GNO.V,D,20221113,000000,91.8199,93.068,87.8979,88.9568,1604.004146171237,0
GNO.V,D,20221114,000000,88.9526,99.0199,85.6373,89.3054,2050.724623719578,0
GNO.V,D,20221115,000000,89.2943,94.7033,89.2943,91.1788,1284.9592668467985,0
GNO.V,D,20221116,000000,91.1999,92.683,86.33888,88.23695,1617.1715946990746,0
GNO.V,D,20221117,000000,88.25085,96.44555,87.79703,89.06059,4518.564393840412,0
GNO.V,D,20221118,000000,89.03221,92.8118,87.99876,88.2422,3068.5981166633574,0
GNO.V,D,20221119,000000,88.2437,90.71722,87.79464,89.88592,1948.588999057731,0
GNO.V,D,20221120,000000,89.94388,90.80338,82.43767,83.00764,2915.7624178244637,0
GNO.V,D,20221121,000000,83.00857,84.23686,79.49719,81.20444,3494.787410628146,0
GNO.V,D,20221122,000000,81.17757,81.74689,76.85947,79.69086,2249.2886028708626,0
GNO.V,D,20221123,000000,79.66629,82.85845,79.41323,82.28691,2332.714387751374,0
GNO.V,D,20221124,000000,82.28569,85.46998,82.28069,84.82034,1856.7053453138867,0
GNO.V,D,20221125,000000,84.78207,84.81774,81.91704,84.30142,2030.7629541207702,0
GNO.V,D,20221126,000000,84.20238,86.42391,83.85749,84.58037,1928.0365649785297,0
GNO.V,D,20221127,000000,84.55308,86.48269,84.3653,85.1,2923.8124331172253,0
GNO.V,D,20221128,000000,85.11024,85.24467,80.88571,81.89717,1905.7005332275708,0
GNO.V,D,20221129,000000,81.87178,85.41189,81.20558,85.41189,2185.9727317418638,0
GNO.V,D,20221130,000000,85.36245,92.04126,84.72733,91.87391,2085.499430191328,0
GNO.V,D,20221201,000000,91.84867,98.21963,89.06098,91.607,1301.3807979917494,0
GNO.V,D,20221202,000000,91.38288,96.12286,90.11381,93.68792,3573.544067510706,0
GNO.V,D,20221203,000000,93.70582,95.05955,89.87959,89.88157,2775.2498096430795,0
GNO.V,D,20221204,000000,89.87499,96.26547,89.62342,91.69547,1404.302388002353,0
GNO.V,D,20221205,000000,91.66707,96.7086,89.867,90.53372,1264.4067696770662,0
GNO.V,D,20221206,000000,90.53865,92.66274,89.9828,90.33729,1331.4496017864853,0
GNO.V,D,20221207,000000,90.3065,94.13106,88.09906,88.5221,986.8745724493508,0
GNO.V,D,20221208,000000,88.5183,109.85808,88.2184,91.80513,21749.508693100954,0
GNO.V,D,20221209,000000,91.80508,92.28259,89.55937,89.60039,1473.531950161996,0
GNO.V,D,20221210,000000,89.61529,91.6074,88.69739,89.68541,1811.7085106899988,0
GNO.V,D,20221211,000000,89.69471,90.89721,88.77228,89.0227,2330.1295283024333,0
GNO.V,D,20221212,000000,89.0181,89.91759,87.22666,89.61906,1493.1273555572297,0
GNO.V,D,20221213,000000,89.64607,94.6072,88.0156,92.93006,1951.035954698854,0
GNO.V,D,20221214,000000,92.92789,96.28377,92.2847,92.7986,1473.392513531098,0
GNO.V,D,20221215,000000,92.78689,92.8652,89.63436,89.9968,1210.3659356748356,0
GNO.V,D,20221216,000000,89.96629,90.2798,83.30916,83.50075,1636.8766434435443,0
GNO.V,D,20221217,000000,83.0092,85.7084,81.69307,85.24108,1719.055937100007,0
GNO.V,D,20221218,000000,85.24213,85.97552,84.44225,85.62303,1293.9387821000075,0
GNO.V,D,20221219,000000,85.6901,92.29745,84.27757,84.5488,3589.361099926481,0
GNO.V,D,20221220,000000,84.59465,88.42126,84.267,87.06888,1539.417842179992,0
GNO.V,D,20221221,000000,87.10888,88.10548,85.82896,86.65973,1195.4490411888369,0
GNO.V,D,20221222,000000,86.58003,87.68495,84.73771,87.47303,1414.2100326700026,0
GNO.V,D,20221223,000000,87.48542,88.73544,86.46551,86.68816,1797.3009305900005,0
GNO.V,D,20221224,000000,86.67523,89.51615,86.27791,86.6573,2358.3437322599966,0
GNO.V,D,20221225,000000,86.69987,87.55997,85.56891,86.55295,2159.683325980004,0
GNO.V,D,20221226,000000,86.55254,87.08035,85.49152,86.03569,2077.008258159992,0
GNO.V,D,20221227,000000,86.06708,88.19191,84.56426,85.14778,1369.806990009997,0
GNO.V,D,20221228,000000,85.12069,86.58362,83.06725,83.24756,1318.2157428471305,0
GNO.V,D,20221229,000000,83.29453,85.13997,82.94248,84.02227,1515.9287462680081,0
GNO.V,D,20221230,000000,84.02687,84.62101,82.92334,84.09603,1418.6261247210039,0
GNO.V,D,20221231,000000,84.14766,86.88856,81.81282,86.1583,1336.9009290074223,0
GNO.V,D,20230101,000000,84.92402,86.04799,82.30364,83.58973,1504.9748543102698,0
GNO.V,D,20230102,000000,83.61398,87.41652,82.78494,83.59094,1309.2715814418807,0
GNO.V,D,20230103,000000,83.6202,86.15118,82.50109,83.31076,1403.072996109993,0
GNO.V,D,20230104,000000,83.24482,91.92332,83.07909,86.15386,1761.319171030001,0
GNO.V,D,20230105,000000,86.17895,86.94644,85.47738,85.91602,1350.433959170996,0
GNO.V,D,20230106,000000,85.93521,88.18181,85.18553,87.3958,1256.6415547099975,0
GNO.V,D,20230107,000000,87.39333,88.05256,86.48718,87.42991,1087.9443615600048,0
GNO.V,D,20230108,000000,87.33969,88.15531,86.72442,87.87845,1192.6482890899995,0
GNO.V,D,20230109,000000,87.88645,98.0859,87.88374,97.02613,1116.890602093538,0
GNO.V,D,20230110,000000,97.12703,97.82942,87.50502,92.51725,1450.2393380900007,0
GNO.V,D,20230111,000000,92.37478,93.63199,89.71294,93.06509,1476.3597324929215,0
GNO.V,D,20230112,000000,93.00886,100.40313,92.16148,99.49895,1528.0852901925882,0
GNO.V,D,20230113,000000,99.77168,102.99262,95.45301,100.28472,1109.4195729212015,0
GNO.V,D,20230114,000000,100.97218,110.81533,99.58555,106.062,2492.500506699854,0
GNO.V,D,20230115,000000,106.0311,109.57364,102.25638,106.5686,1152.9877445282336,0
GNO.V,D,20230116,000000,106.60607,109.7876,102.57823,108.69649,2009.501268533293,0
GNO.V,D,20230117,000000,108.21078,108.89166,104.69129,106.4361,2098.158155183,0
GNO.V,D,20230118,000000,106.3458,112.2546,101.1169,102.1402,1444.3236325058492,0
GNO.V,D,20230119,000000,102.3003,106.9132,100.399,102.3681,1512.4520139903148,0
GNO.V,D,20230120,000000,102.4455,109.58,100.6389,108.1633,1664.1967643362193,0
GNO.V,D,20230121,000000,108.2242,111.4307,105.2068,108.9413,1837.2948020159972,0
GNO.V,D,20230122,000000,108.7392,109.3059,104.8902,107.9512,1205.7770063173516,0
GNO.V,D,20230123,000000,107.835,109.4394,106.7201,108.2938,1490.4829162717228,0
GNO.V,D,20230124,000000,108.3357,108.5565,101.0722,102.4042,1095.6048751730007,0
GNO.V,D,20230125,000000,102.4036,106.2424,100.5197,105.9936,1229.4174939000013,0
GNO.V,D,20230126,000000,106.0136,106.6963,103.0649,105.7698,1282.8253231018086,0
GNO.V,D,20230127,000000,105.8474,106.4325,102.2096,104.9318,1194.2159691389231,0
GNO.V,D,20230128,000000,104.7715,107.3192,102.0364,104.2817,3637.494175534304,0
GNO.V,D,20230129,000000,104.0187,115.5145,103.7444,113.3878,3075.0324169618807,0
GNO.V,D,20230130,000000,113.6224,120.4159,107.5871,108.5,4436.425259508195,0
GNO.V,D,20230131,000000,108.3144,117.409,108.3144,114.1061,2149.2314096764667,0
GNO.V,D,20230201,000000,113.9501,125.5744,112.3269,120.7939,1380.9535471323968,0
GNO.V,D,20230202,000000,120.8297,127.1621,119.1453,119.6568,1462.879957651166,0
GNO.V,D,20230203,000000,118.0727,121.1597,116.9285,119.9814,1383.953370740502,0
GNO.V,D,20230204,000000,120.0752,120.2673,118.2455,119.7375,961.8002286694763,0
GNO.V,D,20230205,000000,119.7695,120.3414,114.9588,117.5579,1239.3556572789364,0
GNO.V,D,20230206,000000,117.5941,119.4562,115.9042,118.1958,1214.2217166352393,0
GNO.V,D,20230207,000000,118.2291,120.3725,115.783,120.3725,1038.485221479999,0
GNO.V,D,20230208,000000,120.2887,122.9908,120.2153,120.2508,1057.3447113711356,0
GNO.V,D,20230209,000000,120.7876,120.9461,108.8962,109.9828,1373.0985879194668,0
GNO.V,D,20230210,000000,110.0065,113.3513,108.5876,109.3756,1152.4971774132546,0
GNO.V,D,20230211,000000,109.53,112.1652,108.1961,110.6662,1047.4194999837628,0
GNO.V,D,20230212,000000,110.6788,112.1602,106.2424,107.8865,896.610433045008,0
GNO.V,D,20230213,000000,107.8782,116.966,104.1395,105.7569,1457.862953406993,0
GNO.V,D,20230214,000000,105.7886,110.6185,105.7571,109.8539,989.4426197913629,0
GNO.V,D,20230215,000000,109.9521,115.0288,108.7807,114.1584,1273.2229292220863,0
GNO.V,D,20230216,000000,114.1184,118.664,108.6181,108.77,1216.2746349410363,0
GNO.V,D,20230217,000000,108.7541,112.1158,107.747,110.4758,1730.901123297819,0
GNO.V,D,20230218,000000,110.4318,116.092,109.2023,110.1544,1942.9283028113239,0
GNO.V,D,20230219,000000,110.258,118.4303,109.3523,110.1257,2343.983898530289,0
GNO.V,D,20230220,000000,109.8973,112.7354,108.7859,111.9388,1334.2363812734945,0
GNO.V,D,20230221,000000,111.9689,115.1478,108.0313,108.3663,2031.3749417938773,0
GNO.V,D,20230222,000000,108.3084,110.1861,105.9875,107.8502,1331.1087531601856,0
GNO.V,D,20230223,000000,107.9337,110.057,106.0262,108.3986,1148.545207055028,0
GNO.V,D,20230224,000000,108.2826,110.1234,103.9888,106.3319,1793.5067884391585,0
GNO.V,D,20230225,000000,106.2935,108.1132,103.7871,104.5954,1765.0988615313734,0
GNO.V,D,20230226,000000,105.4061,109.3797,105.405,109.3764,515.8785775700002,0
GNO.V,D,20230227,000000,108.3022,112.2626,107.1965,107.9071,634.2729444928078,0
GNO.V,D,20230228,000000,107.9012,108.6159,106.2274,107.1171,841.3839438207206,0
GNO.V,D,20230301,000000,107.3048,111.094,106.7428,108.6701,984.1521292100007,0
GNO.V,D,20230302,000000,108.6433,109.8702,106.4757,108.6593,1125.4449007909998,0
GNO.V,D,20230303,000000,108.8193,108.9079,100.7766,103.2185,1045.6673208647042,0
GNO.V,D,20230304,000000,103.2943,104.3425,101.641,103.1653,1037.6541880008824,0
GNO.V,D,20230305,000000,103.1056,105.5878,101.9427,102.3797,1445.8158734999986,0
GNO.V,D,20230306,000000,103.1883,105.3014,102.6647,105.1824,1060.3023787699985,0
GNO.V,D,20230307,000000,105.2531,106.3774,102.8761,103.4618,1459.162855237862,0
GNO.V,D,20230308,000000,103.3899,104.7825,101.875,104.3959,1295.3686442368205,0
GNO.V,D,20230309,000000,103.7002,105.1855,95.1652,95.2054,1410.5814068136583,0
GNO.V,D,20230310,000000,95.2698,95.9641,91.6319,95.5008,1182.8317468051002,0
GNO.V,D,20230311,000000,95.5153,100.137,94.3175,97.6109,1522.1284858799975,0
GNO.V,D,20230312,000000,97.7242,103.65255,97.00432,103.13369,1651.1205449799982,0
GNO.V,D,20230313,000000,103.33608,109.09696,101.06966,108.45943,1539.619050907325,0
GNO.V,D,20230314,000000,108.46013,114.12626,106.35125,110.10095,2090.8002462264203,0
GNO.V,D,20230315,000000,110.12825,111.47393,103.00299,105.5822,1957.854988016701,0
GNO.V,D,20230316,000000,105.58385,108.65156,104.61464,106.93461,1313.1738006036007,0
GNO.V,D,20230317,000000,106.95673,116.27555,106.15734,115.13718,1440.9297780453105,0
GNO.V,D,20230318,000000,114.6893,117.38757,112.10776,112.87811,1107.2718478197125,0
GNO.V,D,20230319,000000,112.65473,115.54069,110.43476,113.93608,1079.5900357933788,0
GNO.V,D,20230320,000000,113.94956,114.37194,109.14148,109.84347,1074.8032615532559,0
GNO.V,D,20230321,000000,109.85953,114.1406,108.23045,112.68273,1189.251799740001,0
GNO.V,D,20230322,000000,112.65453,113.64704,105.65381,108.94214,1106.4858574904088,0
GNO.V,D,20230323,000000,108.69802,113.78108,107.96775,112.40323,1206.3289613358936,0
GNO.V,D,20230324,000000,112.34954,116.27716,99.33059,107.21554,2309.867311638498,0
GNO.V,D,20230325,000000,107.13166,108.60795,105.99944,106.44315,1263.8577790499994,0
GNO.V,D,20230326,000000,106.46727,109.9405,106.09098,107.7818,1286.1562907970506,0
GNO.V,D,20230327,000000,107.7951,110.5048,103.899,105.2979,2023.7094108715905,0
GNO.V,D,20230328,000000,105.1244,119.8715,104.2572,110.5983,1317.032381800001,0
GNO.V,D,20230329,000000,111.0039,114.665,110.0548,112.4841,1352.6447248600002,0
GNO.V,D,20230330,000000,112.4426,113.8053,110.3443,111.5617,1046.7057226100019,0
GNO.V,D,20230331,000000,111.6137,114.486,110.7965,113.7584,1262.1183810794764,0
GNO.V,D,20230401,000000,113.746,116.7915,112.0204,112.3809,1175.8307262230655,0
GNO.V,D,20230402,000000,112.3395,115.6001,110.0548,110.6932,1131.5107995830017,0
GNO.V,D,20230403,000000,110.7029,112.7882,108.956,110.9344,1020.0178675524312,0
GNO.V,D,20230404,000000,110.9985,115.0361,110.2779,114.6953,1065.0983695281789,0
GNO.V,D,20230405,000000,114.6357,117.9098,114.0856,115.7049,1275.0541563300064,0
GNO.V,D,20230406,000000,115.6525,116.6703,112.3578,112.6623,1312.1524894374518,0
GNO.V,D,20230407,000000,112.649,113.1059,110.4712,111.3362,1416.2449432260007,0
GNO.V,D,20230408,000000,111.4089,113.443,111.2215,111.6565,1113.477322620003,0
GNO.V,D,20230409,000000,111.6634,112.2409,109.3517,112.0988,1114.2041128692965,0
GNO.V,D,20230410,000000,112.0151,113.4466,111.0255,113.1512,1088.0803099853615,0
GNO.V,D,20230411,000000,113.224,114.4208,111.6549,112.088,1196.1610018386655,0
GNO.V,D,20230412,000000,112.0825,112.5344,108.6241,111.1244,1003.934016068299,0
GNO.V,D,20230413,000000,111.1457,117.2973,110.8786,116.401,1162.9297810309765,0
GNO.V,D,20230414,000000,116.3891,132.1404,116.3891,123.0494,2507.7632202668615,0
GNO.V,D,20230415,000000,123.0828,124.4632,119.7104,120.6285,1258.6975975200035,0
GNO.V,D,20230416,000000,120.6572,123.3988,119.2478,123.3216,1421.9717488999943,0
GNO.V,D,20230417,000000,123.3509,123.5578,120.2929,121.1569,1080.081178191862,0
GNO.V,D,20230418,000000,120.9939,121.9725,118.8154,119.3543,1743.6314731669129,0
GNO.V,D,20230419,000000,119.3512,119.5756,111.8342,112.3822,1411.5229465999996,0
