<TICKER>,<PER>,<DATE>,<TIME>,<OPEN>,<HIGH>,<LOW>,<CLOSE>,<VOL>,<OPENINT>
GRT.V,D,20201218,000000,0.1757,0.2917,0.1747,0.2619,0,0
GRT.V,D,20201219,000000,0.5084,0.6021,0.4002,0.492,0,0
GRT.V,D,20201220,000000,0.492,1.149,0.458,0.7639,0,0
GRT.V,D,20201221,000000,0.7639,0.7639,0.3671,0.4901,0,0
GRT.V,D,20201222,000000,0.5564,0.63,0.5026,0.5454,0,0
GRT.V,D,20201223,000000,0.5454,0.5818,0.3353,0.4125,0,0
GRT.V,D,20201224,000000,0.4125,0.4567,0.3551,0.4102,0,0
GRT.V,D,20201225,000000,0.4102,0.4209,0.3342,0.3591,0,0
GRT.V,D,20201226,000000,0.3591,0.4991,0.32,0.4841,0,0
GRT.V,D,20201227,000000,0.4841,0.496,0.3779,0.396,0,0
GRT.V,D,20201228,000000,0.396,0.438,0.3746,0.38,0,0
GRT.V,D,20201229,000000,0.38,0.3859,0.3395,0.3726,0,0
GRT.V,D,20201230,000000,0.3726,0.405,0.35,0.3748,0,0
GRT.V,D,20201231,000000,0.3748,0.3805,0.3415,0.3512,0,0
GRT.V,D,20210101,000000,0.3512,0.3795,0.3462,0.3629,0,0
GRT.V,D,20210102,000000,0.3629,0.3629,0.3108,0.3272,0,0
GRT.V,D,20210103,000000,0.3272,0.3374,0.282,0.2982,0,0
GRT.V,D,20210104,000000,0.2982,0.3548,0.2914,0.309,0,0
GRT.V,D,20210105,000000,0.309,0.348,0.2853,0.3396,0,0
GRT.V,D,20210106,000000,0.3396,0.3998,0.3155,0.3708,0,0
GRT.V,D,20210107,000000,0.3708,0.4159,0.328,0.3459,0,0
GRT.V,D,20210108,000000,0.3459,0.3515,0.3107,0.3293,0,0
GRT.V,D,20210109,000000,0.3293,0.3651,0.3171,0.3493,0,0
GRT.V,D,20210110,000000,0.3493,0.3788,0.308,0.327,0,0
GRT.V,D,20210111,000000,0.327,0.3278,0.2327,0.2913,0,0
GRT.V,D,20210112,000000,0.2913,0.31,0.2646,0.2774,0,0
GRT.V,D,20210113,000000,0.2774,0.3497,0.2671,0.3247,0,0
GRT.V,D,20210114,000000,0.3247,0.3616,0.3159,0.3335,0,0
GRT.V,D,20210115,000000,0.3335,0.392,0.311,0.3379,0,0
GRT.V,D,20210116,000000,0.3379,0.4781,0.3371,0.4656,0,0
GRT.V,D,20210117,000000,0.4656,0.575,0.4099,0.5198,0,0
GRT.V,D,20210118,000000,0.5198,0.6618,0.4956,0.6185,0,0
GRT.V,D,20210119,000000,0.6185,0.644,0.5252,0.54,0,0
GRT.V,D,20210120,000000,0.54,0.5758,0.4768,0.5217,0,0
GRT.V,D,20210121,000000,0.5217,0.5598,0.4343,0.4356,0,0
GRT.V,D,20210122,000000,0.4356,0.5565,0.3862,0.5109,0,0
GRT.V,D,20210123,000000,0.5109,0.5931,0.4892,0.5848,0,0
GRT.V,D,20210124,000000,0.5848,0.594,0.5181,0.5564,0,0
GRT.V,D,20210125,000000,0.5564,0.594,0.5258,0.5299,0,0
GRT.V,D,20210126,000000,0.5299,0.5509,0.4808,0.5371,0,0
GRT.V,D,20210127,000000,0.5371,0.5457,0.454,0.4856,0,0
GRT.V,D,20210128,000000,0.4856,0.5836,0.469,0.5589,0,0
GRT.V,D,20210129,000000,0.5589,0.66,0.5341,0.5536,0,0
GRT.V,D,20210130,000000,0.5536,0.6801,0.5522,0.6367,0,0
GRT.V,D,20210131,000000,0.6367,0.8718,0.602,0.7947,0,0
GRT.V,D,20210201,000000,0.7947,0.8892,0.7535,0.7843,0,0
GRT.V,D,20210202,000000,0.7843,0.8192,0.7254,0.754,0,0
GRT.V,D,20210203,000000,0.754,0.8689,0.7261,0.8266,0,0
GRT.V,D,20210204,000000,0.8266,0.8599,0.7693,0.8168,0,0
GRT.V,D,20210205,000000,0.8168,1.05,0.807,0.9523,0,0
GRT.V,D,20210206,000000,0.9523,0.9553,0.8339,0.8677,0,0
GRT.V,D,20210207,000000,0.8677,0.9598,0.7801,0.9179,0,0
GRT.V,D,20210208,000000,0.9179,1.045,0.9132,0.967,0,0
GRT.V,D,20210209,000000,0.967,1.1,0.9428,1.053,0,0
GRT.V,D,20210210,000000,1.053,1.289,0.9912,1.27,0,0
GRT.V,D,20210211,000000,1.27,2.193,1.202,2.03,0,0
GRT.V,D,20210212,000000,2.03,2.802,1.914,2.248,0,0
GRT.V,D,20210213,000000,2.248,2.59,2.179,2.354,0,0
GRT.V,D,20210214,000000,2.354,2.413,1.9,2.163,0,0
GRT.V,D,20210215,000000,2.163,2.442,1.67,2.143,0,0
GRT.V,D,20210216,000000,2.143,2.275,2.021,2.073,0,0
GRT.V,D,20210217,000000,2.073,2.21,1.912,2.189,0,0
GRT.V,D,20210218,000000,2.189,2.349,2.132,2.286,0,0
GRT.V,D,20210219,000000,2.286,2.328,2.107,2.17,0,0
GRT.V,D,20210220,000000,2.17,2.66,2.088,2.296,0,0
GRT.V,D,20210221,000000,2.296,2.387,2.195,2.299,0,0
GRT.V,D,20210222,000000,2.299,2.43,1.626,2.026,0,0
GRT.V,D,20210223,000000,2.026,2.026,1.31,1.702,0,0
GRT.V,D,20210224,000000,1.702,2.03,1.602,1.888,0,0
GRT.V,D,20210225,000000,1.888,1.998,1.697,1.697,0,0
GRT.V,D,20210226,000000,1.697,1.867,1.567,1.728,0,0
GRT.V,D,20210227,000000,1.728,1.814,1.639,1.684,0,0
GRT.V,D,20210228,000000,1.684,1.69,1.429,1.591,0,0
GRT.V,D,20210301,000000,1.591,1.929,1.591,1.921,0,0
GRT.V,D,20210302,000000,1.921,1.983,1.722,1.833,0,0
GRT.V,D,20210303,000000,1.833,2.084,1.8,1.954,0,0
GRT.V,D,20210304,000000,1.954,2.044,1.792,1.869,0,0
GRT.V,D,20210305,000000,1.869,1.889,1.724,1.824,0,0
GRT.V,D,20210306,000000,1.824,1.86,1.751,1.794,0,0
GRT.V,D,20210307,000000,1.798,2.025,1.798,1.88,0,0
GRT.V,D,20210308,000000,1.878,1.928,1.805,1.906,0,0
GRT.V,D,20210309,000000,1.906,2.223,1.874,2.132,0,0
GRT.V,D,20210310,000000,2.132,2.147,1.959,2.039,0,0
GRT.V,D,20210311,000000,1.987,2.085,1.881,1.913,0,0
GRT.V,D,20210312,000000,1.913,1.926,1.661,1.735,0,0
GRT.V,D,20210313,000000,1.735,1.89,1.652,1.794,0,0
GRT.V,D,20210314,000000,1.794,1.841,1.71,1.733,0,0
GRT.V,D,20210315,000000,1.733,1.869,1.686,1.718,0,0
GRT.V,D,20210316,000000,1.718,1.789,1.604,1.714,0,0
GRT.V,D,20210317,000000,1.714,1.752,1.647,1.718,0,0
GRT.V,D,20210318,000000,1.718,1.791,1.681,1.691,0,0
GRT.V,D,20210319,000000,1.691,1.74,1.656,1.693,0,0
GRT.V,D,20210320,000000,1.693,1.879,1.684,1.718,0,0
GRT.V,D,20210321,000000,1.718,1.754,1.651,1.7,0,0
GRT.V,D,20210322,000000,1.7,1.709,1.503,1.544,0,0
GRT.V,D,20210323,000000,1.544,1.595,1.496,1.503,0,0
GRT.V,D,20210324,000000,1.503,1.591,1.345,1.403,0,0
GRT.V,D,20210325,000000,1.403,1.419,1.313,1.338,0,0
GRT.V,D,20210326,000000,1.338,1.562,1.338,1.552,0,0
GRT.V,D,20210327,000000,1.552,1.584,1.457,1.469,0,0
GRT.V,D,20210328,000000,1.469,1.819,1.459,1.814,0,0
GRT.V,D,20210329,000000,1.814,1.853,1.687,1.772,0,0
GRT.V,D,20210330,000000,1.772,1.892,1.731,1.761,0,0
GRT.V,D,20210331,000000,1.761,1.792,1.656,1.719,0,0
GRT.V,D,20210401,000000,1.719,1.85,1.683,1.773,0,0
GRT.V,D,20210402,000000,1.773,1.951,1.734,1.885,0,0
GRT.V,D,20210403,000000,1.885,1.976,1.675,1.681,0,0
GRT.V,D,20210404,000000,1.681,1.771,1.654,1.759,0,0
GRT.V,D,20210405,000000,1.759,1.849,1.691,1.827,0,0
GRT.V,D,20210406,000000,1.827,1.88,1.734,1.759,0,0
GRT.V,D,20210407,000000,1.759,1.768,1.548,1.655,0,0
GRT.V,D,20210408,000000,1.655,1.757,1.641,1.75,0,0
GRT.V,D,20210409,000000,1.75,1.817,1.715,1.738,0,0
GRT.V,D,20210410,000000,1.738,1.917,1.712,1.891,0,0
GRT.V,D,20210411,000000,1.891,1.904,1.795,1.901,0,0
GRT.V,D,20210412,000000,1.901,2.15,1.884,2.016,0,0
GRT.V,D,20210413,000000,2.016,2.079,1.904,1.92,0,0
GRT.V,D,20210414,000000,1.92,2.125,1.849,2.026,0,0
GRT.V,D,20210415,000000,2.026,2.191,1.963,2.1,0,0
GRT.V,D,20210416,000000,2.1,2.177,1.911,1.99,0,0
GRT.V,D,20210417,000000,1.99,2.126,1.923,1.932,0,0
GRT.V,D,20210418,000000,1.932,1.952,1.46,1.702,0,0
GRT.V,D,20210419,000000,1.702,1.779,1.534,1.56,0,0
GRT.V,D,20210420,000000,1.56,1.643,1.426,1.59,0,0
GRT.V,D,20210421,000000,1.59,1.663,1.491,1.527,0,0
GRT.V,D,20210422,000000,1.527,1.624,1.411,1.411,0,0
GRT.V,D,20210423,000000,1.411,1.444,1.119,1.397,0,0
GRT.V,D,20210424,000000,1.397,1.4,1.249,1.257,0,0
GRT.V,D,20210425,000000,1.257,1.357,1.196,1.26,0,0
GRT.V,D,20210426,000000,1.26,1.505,1.251,1.461,0,0
GRT.V,D,20210427,000000,1.461,1.579,1.447,1.562,0,0
GRT.V,D,20210428,000000,1.562,1.632,1.482,1.536,0,0
GRT.V,D,20210429,000000,1.536,1.567,1.442,1.497,0,0
GRT.V,D,20210430,000000,1.497,1.597,1.472,1.558,0,0
GRT.V,D,20210501,000000,1.558,1.729,1.552,1.675,0,0
GRT.V,D,20210502,000000,1.675,1.687,1.549,1.611,0,0
GRT.V,D,20210503,000000,1.611,1.681,1.572,1.589,0,0
GRT.V,D,20210504,000000,1.589,1.593,1.418,1.432,0,0
GRT.V,D,20210505,000000,1.432,1.556,1.423,1.536,0,0
GRT.V,D,20210506,000000,1.536,1.668,1.51,1.606,0,0
GRT.V,D,20210507,000000,1.606,1.725,1.526,1.602,0,0
GRT.V,D,20210508,000000,1.602,1.655,1.562,1.588,0,0
GRT.V,D,20210509,000000,1.588,1.601,1.48,1.538,0,0
GRT.V,D,20210510,000000,1.538,1.578,1.288,1.384,0,0
GRT.V,D,20210511,000000,1.384,1.479,1.322,1.461,0,0
GRT.V,D,20210512,000000,1.461,1.539,1.285,1.287,0,0
GRT.V,D,20210513,000000,1.295,1.406,1.221,1.315,0,0
GRT.V,D,20210514,000000,1.313,1.397,1.287,1.365,0,0
GRT.V,D,20210515,000000,1.365,1.526,1.308,1.317,0,0
GRT.V,D,20210516,000000,1.317,1.423,1.234,1.3,0,0
GRT.V,D,20210517,000000,1.3,1.3,1.168,1.197,0,0
GRT.V,D,20210518,000000,1.197,1.266,1.179,1.226,0,0
GRT.V,D,20210519,000000,1.226,1.245,0.5343,0.7512,0,0
GRT.V,D,20210520,000000,0.7488,0.978,0.6946,0.9076,0,0
GRT.V,D,20210521,000000,0.9093,0.9486,0.7558,0.8486,0,0
GRT.V,D,20210522,000000,0.8548,0.8738,0.7615,0.7908,0,0
GRT.V,D,20210523,000000,0.7894,0.8065,0.5147,0.6528,0,0
GRT.V,D,20210524,000000,0.6528,0.8532,0.6329,0.8197,0,0
GRT.V,D,20210525,000000,0.8197,0.8586,0.728,0.8202,0,0
GRT.V,D,20210526,000000,0.8202,0.8829,0.8045,0.8427,0,0
GRT.V,D,20210527,000000,0.8427,0.8451,0.7532,0.7715,0,0
GRT.V,D,20210528,000000,0.7715,0.792,0.6185,0.6521,0,0
GRT.V,D,20210529,000000,0.6508,0.6991,0.5946,0.6275,0,0
GRT.V,D,20210530,000000,0.6275,0.7709,0.5901,0.7388,0,0
GRT.V,D,20210531,000000,0.7388,0.8542,0.6918,0.7942,0,0
GRT.V,D,20210601,000000,0.7942,0.8282,0.7489,0.7682,0,0
GRT.V,D,20210602,000000,0.7682,0.8126,0.7375,0.7664,0,0
GRT.V,D,20210603,000000,0.7664,0.9691,0.7541,0.9503,0,0
GRT.V,D,20210604,000000,0.9503,0.9569,0.7528,0.8026,0,0
GRT.V,D,20210605,000000,0.8026,0.8482,0.7251,0.7541,0,0
GRT.V,D,20210606,000000,0.7541,0.8192,0.7468,0.7836,0,0
GRT.V,D,20210607,000000,0.7836,0.8393,0.6891,0.699,0,0
GRT.V,D,20210608,000000,0.699,0.7159,0.6301,0.693,0,0
GRT.V,D,20210609,000000,0.693,0.7307,0.6563,0.7091,0,0
GRT.V,D,20210610,000000,0.7091,0.7161,0.6547,0.6621,0,0
GRT.V,D,20210611,000000,0.6621,0.6811,0.6031,0.6147,0,0
GRT.V,D,20210612,000000,0.6147,0.6249,0.568,0.6027,0,0
GRT.V,D,20210613,000000,0.6027,0.6933,0.5822,0.6846,0,0
GRT.V,D,20210614,000000,0.6846,0.7237,0.6628,0.6827,0,0
GRT.V,D,20210615,000000,0.6827,0.7589,0.6743,0.7168,0,0
GRT.V,D,20210616,000000,0.7168,0.7932,0.6688,0.6813,0,0
GRT.V,D,20210617,000000,0.6813,0.7203,0.6588,0.686,0,0
GRT.V,D,20210618,000000,0.686,0.6923,0.593,0.6103,0,0
GRT.V,D,20210619,000000,0.6103,0.6298,0.5921,0.6012,0,0
GRT.V,D,20210620,000000,0.6012,0.6564,0.5658,0.6428,0,0
GRT.V,D,20210621,000000,0.6428,0.6488,0.501,0.5052,0,0
GRT.V,D,20210622,000000,0.5049,0.5526,0.4285,0.494,0,0
GRT.V,D,20210623,000000,0.4938,0.6082,0.4728,0.6017,0,0
GRT.V,D,20210624,000000,0.6017,0.6252,0.5759,0.6017,0,0
GRT.V,D,20210625,000000,0.6017,0.6213,0.5221,0.5258,0,0
GRT.V,D,20210626,000000,0.5258,0.5486,0.5046,0.5438,0,0
GRT.V,D,20210627,000000,0.5438,0.5595,0.5181,0.5588,0,0
GRT.V,D,20210628,000000,0.5588,0.588,0.5427,0.5713,0,0
GRT.V,D,20210629,000000,0.5713,0.6228,0.567,0.5793,0,0
GRT.V,D,20210630,000000,0.5793,0.5916,0.5485,0.5914,0,0
GRT.V,D,20210701,000000,0.5914,0.592,0.5243,0.5372,0,0
GRT.V,D,20210702,000000,0.5372,0.6036,0.5203,0.6019,0,0
GRT.V,D,20210703,000000,0.6025,0.6856,0.5874,0.6766,0,0
GRT.V,D,20210704,000000,0.6766,0.7589,0.6432,0.7259,0,0
GRT.V,D,20210705,000000,0.7259,0.7988,0.6965,0.7327,0,0
GRT.V,D,20210706,000000,0.7329,0.7677,0.6874,0.7021,0,0
GRT.V,D,20210707,000000,0.7021,0.7564,0.6881,0.7061,0,0
GRT.V,D,20210708,000000,0.7061,0.7088,0.6325,0.6546,0,0
GRT.V,D,20210709,000000,0.6546,0.7025,0.6281,0.6913,0,0
GRT.V,D,20210710,000000,0.6913,0.717,0.6494,0.6846,0,0
GRT.V,D,20210711,000000,0.6846,0.7489,0.6831,0.7142,0,0
GRT.V,D,20210712,000000,0.7142,0.741,0.6622,0.6712,0,0
GRT.V,D,20210713,000000,0.6712,0.6836,0.6267,0.6331,0,0
GRT.V,D,20210714,000000,0.6331,0.6507,0.5937,0.6384,0,0
GRT.V,D,20210715,000000,0.6384,0.6516,0.5914,0.6,0,0
GRT.V,D,20210716,000000,0.6,0.6177,0.5771,0.5806,0,0
GRT.V,D,20210717,000000,0.5806,0.5898,0.557,0.5592,0,0
GRT.V,D,20210718,000000,0.5592,0.5868,0.5498,0.5522,0,0
GRT.V,D,20210719,000000,0.5522,0.5564,0.5028,0.5072,0,0
GRT.V,D,20210720,000000,0.5072,0.5183,0.4761,0.4921,0,0
GRT.V,D,20210721,000000,0.4921,0.5753,0.4743,0.5568,0,0
GRT.V,D,20210722,000000,0.5568,0.5617,0.5282,0.5599,0,0
GRT.V,D,20210723,000000,0.5599,0.568,0.5176,0.5563,0,0
GRT.V,D,20210724,000000,0.5563,0.5937,0.5354,0.5499,0,0
GRT.V,D,20210725,000000,0.55,0.5565,0.5255,0.5411,0,0
GRT.V,D,20210726,000000,0.5428,0.6156,0.5395,0.5498,0,0
GRT.V,D,20210727,000000,0.5498,0.5918,0.5243,0.5687,0,0
GRT.V,D,20210728,000000,0.5687,0.5818,0.5464,0.5603,0,0
GRT.V,D,20210729,000000,0.5603,0.6338,0.5484,0.5847,0,0
GRT.V,D,20210730,000000,0.5847,0.6026,0.5546,0.5952,0,0
GRT.V,D,20210731,000000,0.5952,0.6397,0.5854,0.624,0,0
GRT.V,D,20210801,000000,0.624,0.7263,0.6188,0.6596,0,0
GRT.V,D,20210802,000000,0.6596,0.6999,0.6333,0.6914,0,0
GRT.V,D,20210803,000000,0.6914,0.7084,0.6381,0.646,0,0
GRT.V,D,20210804,000000,0.646,0.6841,0.6232,0.6672,0,0
GRT.V,D,20210805,000000,0.6672,0.7151,0.6398,0.7006,0,0
GRT.V,D,20210806,000000,0.7006,0.7239,0.6701,0.7029,0,0
GRT.V,D,20210807,000000,0.7029,0.7598,0.6944,0.733,0,0
GRT.V,D,20210808,000000,0.733,0.7332,0.658,0.6721,0,0
GRT.V,D,20210809,000000,0.6721,0.7388,0.6463,0.7074,0,0
GRT.V,D,20210810,000000,0.7074,0.7704,0.6977,0.7493,0,0
GRT.V,D,20210811,000000,0.7493,0.8856,0.7445,0.7904,0,0
GRT.V,D,20210812,000000,0.8338,0.8944,0.7777,0.8791,0,0
GRT.V,D,20210813,000000,0.8791,0.9486,0.8716,0.9287,0,0
GRT.V,D,20210814,000000,0.9287,0.9562,0.8698,0.901,0,0
GRT.V,D,20210815,000000,0.901,0.9157,0.8454,0.8986,0,0
GRT.V,D,20210816,000000,0.8986,0.9347,0.8518,0.8554,0,0
GRT.V,D,20210817,000000,0.8554,1.024,0.8211,0.8696,0,0
GRT.V,D,20210818,000000,0.8696,0.9202,0.8162,0.8538,0,0
GRT.V,D,20210819,000000,0.8538,0.9841,0.8304,0.9841,0,0
GRT.V,D,20210820,000000,0.9841,1.092,0.9776,1.041,0,0
GRT.V,D,20210821,000000,1.041,1.054,0.9854,0.9896,0,0
GRT.V,D,20210822,000000,0.9896,1.079,0.9682,1.074,0,0
GRT.V,D,20210823,000000,1.074,1.083,1.003,1.026,0,0
GRT.V,D,20210824,000000,1.026,1.035,0.9018,0.9198,0,0
GRT.V,D,20210825,000000,0.9198,0.9785,0.8876,0.9518,0,0
GRT.V,D,20210826,000000,0.9518,0.9688,0.8478,0.8654,0,0
GRT.V,D,20210827,000000,0.8654,0.9399,0.8404,0.9247,0,0
GRT.V,D,20210828,000000,0.9247,0.9494,0.8986,0.917,0,0
GRT.V,D,20210829,000000,0.917,0.9373,0.8769,0.9159,0,0
GRT.V,D,20210830,000000,0.9159,0.9159,0.8443,0.8508,0,0
GRT.V,D,20210831,000000,0.8508,0.9093,0.8432,0.8561,0,0
GRT.V,D,20210901,000000,0.8561,0.9294,0.8274,0.9209,0,0
GRT.V,D,20210902,000000,0.9209,0.9458,0.8938,0.9067,0,0
GRT.V,D,20210903,000000,0.9067,0.9367,0.8818,0.9131,0,0
GRT.V,D,20210904,000000,0.9131,0.9766,0.9057,0.9505,0,0
GRT.V,D,20210905,000000,0.9505,1.035,0.9343,1.023,0,0
GRT.V,D,20210906,000000,1.023,1.076,0.9495,1.065,0,0
GRT.V,D,20210907,000000,1.065,1.065,0.7157,0.8316,0,0
GRT.V,D,20210908,000000,0.8316,0.8617,0.7439,0.8218,0,0
GRT.V,D,20210909,000000,0.8218,0.9169,0.7991,0.8553,0,0
GRT.V,D,20210910,000000,0.8553,0.8946,0.7838,0.8088,0,0
GRT.V,D,20210911,000000,0.8088,0.9238,0.803,0.8737,0,0
GRT.V,D,20210912,000000,0.8737,0.934,0.8309,0.9218,0,0
GRT.V,D,20210913,000000,0.9218,0.9503,0.7944,0.8399,0,0
GRT.V,D,20210914,000000,0.8399,0.8792,0.8269,0.8596,0,0
GRT.V,D,20210915,000000,0.8596,0.9209,0.8434,0.9067,0,0
GRT.V,D,20210916,000000,0.9067,0.9193,0.8366,0.8565,0,0
GRT.V,D,20210917,000000,0.8565,0.8647,0.8075,0.8186,0,0
GRT.V,D,20210918,000000,0.8186,0.8476,0.8033,0.8343,0,0
GRT.V,D,20210919,000000,0.8343,0.8397,0.8002,0.8136,0,0
GRT.V,D,20210920,000000,0.8136,0.8141,0.6603,0.6996,0,0
GRT.V,D,20210921,000000,0.6996,0.7357,0.6343,0.6576,0,0
GRT.V,D,20210922,000000,0.6576,0.7588,0.6528,0.7448,0,0
GRT.V,D,20210923,000000,0.7448,0.7479,0.7104,0.7344,0,0
GRT.V,D,20210924,000000,0.7341,0.8232,0.6524,0.6929,0,0
GRT.V,D,20210925,000000,0.6929,0.7005,0.6567,0.6832,0,0
GRT.V,D,20210926,000000,0.6832,0.7152,0.6241,0.6737,0,0
GRT.V,D,20210927,000000,0.6737,0.7199,0.6595,0.6611,0,0
GRT.V,D,20210928,000000,0.6611,0.6781,0.6252,0.6281,0,0
GRT.V,D,20210929,000000,0.6281,0.6673,0.6196,0.633,0,0
GRT.V,D,20210930,000000,0.633,0.6579,0.6299,0.646,0,0
GRT.V,D,20211001,000000,0.646,0.7258,0.6436,0.7067,0,0
GRT.V,D,20211002,000000,0.7067,0.7582,0.695,0.7264,0,0
GRT.V,D,20211003,000000,0.7264,0.7571,0.7114,0.7372,0,0
GRT.V,D,20211004,000000,0.7372,0.7372,0.6982,0.7152,0,0
GRT.V,D,20211005,000000,0.7152,0.79,0.7098,0.7576,0,0
GRT.V,D,20211006,000000,0.7576,0.7615,0.6893,0.7174,0,0
GRT.V,D,20211007,000000,0.7174,0.7408,0.7024,0.7208,0,0
GRT.V,D,20211008,000000,0.7208,0.7364,0.7052,0.7112,0,0
GRT.V,D,20211009,000000,0.7112,0.7487,0.7027,0.7439,0,0
GRT.V,D,20211010,000000,0.7439,0.7442,0.6781,0.682,0,0
GRT.V,D,20211011,000000,0.682,0.7129,0.6665,0.6799,0,0
GRT.V,D,20211012,000000,0.6799,0.6829,0.6467,0.6761,0,0
GRT.V,D,20211013,000000,0.6761,0.7132,0.6632,0.7071,0,0
GRT.V,D,20211014,000000,0.7071,0.7482,0.6969,0.7162,0,0
GRT.V,D,20211015,000000,0.7162,0.8342,0.6954,0.8139,0,0
GRT.V,D,20211016,000000,0.8139,0.8849,0.7918,0.7996,0,0
GRT.V,D,20211017,000000,0.7996,0.8299,0.7563,0.7769,0,0
GRT.V,D,20211018,000000,0.7769,0.8,0.7523,0.769,0,0
GRT.V,D,20211019,000000,0.769,0.7879,0.7545,0.7794,0,0
GRT.V,D,20211020,000000,0.7794,0.8801,0.7747,0.8746,0,0
GRT.V,D,20211021,000000,0.8746,0.9561,0.8434,0.9351,0,0
GRT.V,D,20211022,000000,0.9351,0.9898,0.8817,0.9025,0,0
GRT.V,D,20211023,000000,0.9025,0.9128,0.8721,0.8867,0,0
GRT.V,D,20211024,000000,0.8867,0.9456,0.8758,0.9398,0,0
GRT.V,D,20211025,000000,0.9398,1.072,0.9398,1.036,0,0
GRT.V,D,20211026,000000,1.036,1.192,1.013,1.08,0,0
GRT.V,D,20211027,000000,1.08,1.124,0.8853,0.9329,0,0
GRT.V,D,20211028,000000,0.9329,0.9898,0.9122,0.9405,0,0
GRT.V,D,20211029,000000,0.9405,1.024,0.9349,0.9732,0,0
GRT.V,D,20211030,000000,0.9732,0.9845,0.9057,0.9197,0,0
GRT.V,D,20211031,000000,0.9197,1.097,0.8943,1.045,0,0
GRT.V,D,20211101,000000,1.045,1.05,0.9347,0.9937,0,0
GRT.V,D,20211102,000000,0.9937,1.029,0.9815,0.992,0,0
GRT.V,D,20211103,000000,0.992,1.015,0.9453,0.9889,0,0
GRT.V,D,20211104,000000,0.9889,1.071,0.9737,1.054,0,0
GRT.V,D,20211105,000000,1.054,1.166,1.019,1.067,0,0
GRT.V,D,20211106,000000,1.067,1.084,1.006,1.063,0,0
GRT.V,D,20211107,000000,1.063,1.132,1.046,1.115,0,0
GRT.V,D,20211108,000000,1.115,1.148,1.064,1.135,0,0
GRT.V,D,20211109,000000,1.135,1.334,1.127,1.208,0,0
GRT.V,D,20211110,000000,1.208,1.234,0.9942,1.086,0,0
GRT.V,D,20211111,000000,1.086,1.16,1.062,1.11,0,0
GRT.V,D,20211112,000000,1.11,1.147,1.034,1.074,0,0
GRT.V,D,20211113,000000,1.074,1.124,1.072,1.097,0,0
GRT.V,D,20211114,000000,1.097,1.106,1.045,1.067,0,0
GRT.V,D,20211115,000000,1.067,1.11,1.018,1.019,0,0
GRT.V,D,20211116,000000,1.019,1.019,0.8484,0.9206,0,0
GRT.V,D,20211117,000000,0.9206,0.9655,0.8839,0.9356,0,0
GRT.V,D,20211118,000000,0.9356,1.026,0.847,0.8677,0,0
GRT.V,D,20211119,000000,0.8677,0.9717,0.8568,0.956,0,0
GRT.V,D,20211120,000000,0.956,0.9822,0.9172,0.9661,0,0
GRT.V,D,20211121,000000,0.9661,0.9691,0.9211,0.922,0,0
GRT.V,D,20211122,000000,0.922,0.9248,0.8561,0.8772,0,0
GRT.V,D,20211123,000000,0.8772,0.925,0.858,0.9013,0,0
GRT.V,D,20211124,000000,0.9013,0.903,0.8459,0.8658,0,0
GRT.V,D,20211125,000000,0.8663,0.9453,0.8556,0.9097,0,0
GRT.V,D,20211126,000000,0.9094,1.0462,0.8463,0.8654,0,0
GRT.V,D,20211127,000000,0.8674,1.0821,0.8452,1.0121,0,0
GRT.V,D,20211128,000000,1.0103,1.0962,0.9273,0.9768,0,0
GRT.V,D,20211129,000000,0.9758,1.0091,0.948,0.9725,0,0
GRT.V,D,20211130,000000,0.9736,0.9762,0.9083,0.9287,0,0
GRT.V,D,20211201,000000,0.9278,0.963,0.9056,0.9171,0,0
GRT.V,D,20211202,000000,0.9161,0.9259,0.8812,0.9054,0,0
GRT.V,D,20211203,000000,0.9054,0.9241,0.8273,0.8554,0,0
GRT.V,D,20211204,000000,0.8558,0.8663,0.6062,0.741,0,0
GRT.V,D,20211205,000000,0.741,0.7536,0.6543,0.6853,0,0
GRT.V,D,20211206,000000,0.6851,0.7125,0.6062,0.7093,0,0
GRT.V,D,20211207,000000,0.7086,0.7274,0.678,0.6787,0,0
GRT.V,D,20211208,000000,0.6788,0.7788,0.6763,0.7382,0,0
GRT.V,D,20211209,000000,0.7385,0.7676,0.6804,0.6948,0,0
GRT.V,D,20211210,000000,0.6946,0.7064,0.65,0.6526,0,0
GRT.V,D,20211211,000000,0.6508,0.675,0.63,0.6601,0,0
GRT.V,D,20211212,000000,0.6605,0.6965,0.656,0.6879,0,0
GRT.V,D,20211213,000000,0.6882,0.6906,0.586,0.6075,0,0
GRT.V,D,20211214,000000,0.6069,0.6495,0.5899,0.6318,0,0
GRT.V,D,20211215,000000,0.6323,0.66363165,0.581691,0.635481,0,0
GRT.V,D,20211216,000000,0.635181,0.666933,0.614484,0.621086,0,0
GRT.V,D,20211217,000000,0.621086,0.628088,0.578731,0.593937,0,0
GRT.V,D,20211218,000000,0.593737,0.615746,0.581074,0.603741,0,0
GRT.V,D,20211219,000000,0.603841,0.668067,0.5998,0.644658,0,0
GRT.V,D,20211220,000000,0.644658,0.666933,0.589818,0.618285,0,0
GRT.V,D,20211221,000000,0.617947,0.714186,0.613884,0.69918,0,0
GRT.V,D,20211222,000000,0.698879,0.730292,0.691577,0.712756,0,0
GRT.V,D,20211223,000000,0.712585,0.7504,0.678503,0.737669,0,0
GRT.V,D,20211224,000000,0.737995,0.749374,0.691045,0.695948,0,0
GRT.V,D,20211225,000000,0.696518,0.729064,0.68411,0.719788,0,0
GRT.V,D,20211226,000000,0.720388,0.745272,0.687243,0.734567,48258762,0
GRT.V,D,20211227,000000,0.733867,0.777111,0.728564,0.747424,60033511,0
GRT.V,D,20211228,000000,0.747249,0.747724,0.660866,0.669734,60779962,0
GRT.V,D,20211229,000000,0.670134,0.693839,0.635564,0.642628,56268086,0
GRT.V,D,20211230,000000,0.642464,0.661666,0.612261,0.642428,40013161,0
GRT.V,D,20211231,000000,0.642829,0.680068,0.622062,0.643964,52680911.238098,0
GRT.V,D,20220101,000000,0.644664,0.661934,0.637636,0.658832,25828260.30235,0
GRT.V,D,20220102,000000,0.658932,0.695069,0.64853,0.677635,55548672.296092,0
GRT.V,D,20220103,000000,0.678136,0.6948,0.6439,0.656866,67748620.119751,0
GRT.V,D,20220104,000000,0.657366,0.705459,0.640436,0.688831,98566444.838354,0
GRT.V,D,20220105,000000,0.688731,0.731773,0.59714,0.632037,135643464.11914,0
GRT.V,D,20220106,000000,0.632537,0.644971,0.6056,0.640436,85277834.513488,0
GRT.V,D,20220107,000000,0.642757,0.644458,0.584542,0.593941,97947518.312401,0
GRT.V,D,20220108,000000,0.593541,0.620476,0.547045,0.5807,72921060.104668,0
GRT.V,D,20220109,000000,0.5808,0.596,0.5659,0.5874,48401867.09644,0
GRT.V,D,20220110,000000,0.5878,0.5948,0.5225,0.5386,74983914.906252,0
GRT.V,D,20220111,000000,0.5395,0.572457,0.5366,0.563656,57318118.354486,0
GRT.V,D,20220112,000000,0.563669,0.597679,0.562656,0.591436,59696579.120175,0
GRT.V,D,20220113,000000,0.591336,0.626413,0.576288,0.578031,79738329.514661,0
GRT.V,D,20220114,000000,0.577931,0.586493,0.555978,0.579874,48778457.915347,0
GRT.V,D,20220115,000000,0.579932,0.5999,0.570928,0.597499,27806175.820177,0
GRT.V,D,20220116,000000,0.597599,0.6002,0.57563,0.591236,26064985.219269,0
GRT.V,D,20220117,000000,0.591737,0.593837,0.538415,0.544818,43703379.725571,0
GRT.V,D,20220118,000000,0.544918,0.558923,0.515706,0.53436,58176606.118263,0
GRT.V,D,20220119,000000,0.53416,0.535514,0.4995,0.529559,49793506.08454,0
GRT.V,D,20220120,000000,0.529659,0.561568,0.507251,0.510702,61766271.292725,0
GRT.V,D,20220121,000000,0.510502,0.511051,0.422584,0.434987,126213335.66017,0
GRT.V,D,20220122,000000,0.435087,0.442488,0.371074,0.409023,71764195.122497,0
GRT.V,D,20220123,000000,0.409323,0.43183,0.391978,0.402881,66749363.619637,0
GRT.V,D,20220124,000000,0.403081,0.418484,0.344669,0.388817,56493325.468582,0
GRT.V,D,20220125,000000,0.389617,0.416208,0.383777,0.413006,47295880.323217,0
GRT.V,D,20220126,000000,0.413607,0.461977,0.396338,0.401141,56399573.2418,0
GRT.V,D,20220127,000000,0.401541,0.410905,0.383892,0.398659,49267377.424571,0
GRT.V,D,20220128,000000,0.398699,0.417625,0.395118,0.409782,45761634.64491,0
GRT.V,D,20220129,000000,0.409782,0.423727,0.409023,0.411523,36765452.776407,0
GRT.V,D,20220130,000000,0.411323,0.420826,0.395819,0.398859,38348585.15316,0
GRT.V,D,20220131,000000,0.39896,0.409505,0.379652,0.408804,35519043.783849,0
GRT.V,D,20220201,000000,0.408904,0.448624,0.407344,0.442021,64772369.696758,0
GRT.V,D,20220202,000000,0.441765,0.443666,0.402541,0.406225,49265055.523439,0
GRT.V,D,20220203,000000,0.406666,0.408863,0.391256,0.401601,32761219.812429,0
GRT.V,D,20220204,000000,0.401401,0.43745,0.40116,0.436449,40791945.747089,0
GRT.V,D,20220205,000000,0.436049,0.464925,0.434404,0.451471,43531734.44036,0
GRT.V,D,20220206,000000,0.451471,0.461731,0.438463,0.458683,29280018.090081,0
GRT.V,D,20220207,000000,0.458083,0.510459,0.457329,0.504453,66868425.588009,0
GRT.V,D,20220208,000000,0.503852,0.522914,0.455018,0.472325,86035693.358195,0
GRT.V,D,20220209,000000,0.472125,0.495495,0.458321,0.492392,47413299.090207,0
GRT.V,D,20220210,000000,0.492192,0.492192,0.448703,0.464425,50586998.635795,0
GRT.V,D,20220211,000000,0.465225,0.468628,0.413665,0.414924,39278073.837356,0
GRT.V,D,20220212,000000,0.414824,0.429758,0.405703,0.41981,31079203.931719,0
GRT.V,D,20220213,000000,0.420252,0.424354,0.397038,0.412147,29677415.103354,0
GRT.V,D,20220214,000000,0.412647,0.412647,0.387332,0.406844,32641789.480688,0
GRT.V,D,20220215,000000,0.405643,0.490194,0.404042,0.481589,143398577.65074,0
GRT.V,D,20220216,000000,0.481389,0.512507,0.472383,0.491946,131767995.58631,0
GRT.V,D,20220217,000000,0.491946,0.495197,0.431159,0.440808,87944461.735874,0
GRT.V,D,20220218,000000,0.440464,0.450115,0.409045,0.409846,49992152.833114,0
GRT.V,D,20220219,000000,0.410646,0.425713,0.398639,0.414507,32754905.446072,0
GRT.V,D,20220220,000000,0.414666,0.418051,0.37625,0.397799,43105310.551466,0
GRT.V,D,20220221,000000,0.397599,0.423812,0.363982,0.367584,79128782.960148,0
GRT.V,D,20220222,000000,0.367484,0.385154,0.348104,0.374087,64738345.473994,0
GRT.V,D,20220223,000000,0.374487,0.393797,0.357579,0.361817,55751884.228889,0
GRT.V,D,20220224,000000,0.361817,0.361917,0.303552,0.346338,100880585.067,0
GRT.V,D,20220225,000000,0.346704,0.370211,0.339936,0.365383,94338558.642807,0
GRT.V,D,20220226,000000,0.364982,0.372549,0.342637,0.349375,76257166.200962,0
GRT.V,D,20220227,000000,0.34924,0.367384,0.328564,0.343172,85907306.924206,0
GRT.V,D,20220228,000000,0.342737,0.376188,0.327364,0.371849,61274364.573007,0
GRT.V,D,20220301,000000,0.371248,0.389256,0.365546,0.374612,61288739.619104,0
GRT.V,D,20220302,000000,0.374912,0.394218,0.363409,0.377175,53745585.141994,0
GRT.V,D,20220303,000000,0.376413,0.377813,0.353771,0.365973,37464618.88061,0
GRT.V,D,20220304,000000,0.36591,0.369411,0.333967,0.339502,28760072.747631,0
GRT.V,D,20220305,000000,0.339202,0.347504,0.328699,0.345904,25692151.117089,0
GRT.V,D,20220306,000000,0.345704,0.351906,0.335201,0.337301,22917879.73942,0
GRT.V,D,20220307,000000,0.337301,0.344469,0.314463,0.329099,46530033.268508,0
GRT.V,D,20220308,000000,0.328799,0.361008,0.328166,0.333967,71444805.758336,0
GRT.V,D,20220309,000000,0.333767,0.364973,0.333567,0.343669,47721072.627674,0
GRT.V,D,20220310,000000,0.344134,0.34847,0.318127,0.326831,42333959.825722,0
GRT.V,D,20220311,000000,0.326731,0.339602,0.316026,0.322464,38497243.798671,0
GRT.V,D,20220312,000000,0.322264,0.328166,0.318632,0.321432,15766655.767357,0
GRT.V,D,20220313,000000,0.321532,0.360108,0.316163,0.335901,85077356.085838,0
GRT.V,D,20220314,000000,0.335267,0.377038,0.326465,0.362172,75237865.789085,0
GRT.V,D,20220315,000000,0.362436,0.435187,0.352235,0.425027,226195283.44744,0
GRT.V,D,20220316,000000,0.424527,0.458938,0.412324,0.449335,183490335.28254,0
GRT.V,D,20220317,000000,0.448835,0.455136,0.402561,0.411706,103050802.27453,0
GRT.V,D,20220318,000000,0.411665,0.429114,0.397199,0.406903,88985745.164792,0
GRT.V,D,20220319,000000,0.406703,0.428314,0.405862,0.410164,72221324.159901,0
GRT.V,D,20220320,000000,0.409905,0.421052,0.388255,0.395458,60583956.482145,0
GRT.V,D,20220321,000000,0.395258,0.423369,0.380552,0.410164,72725230.981961,0
GRT.V,D,20220322,000000,0.410264,0.426213,0.404502,0.412906,60755345.203328,0
GRT.V,D,20220323,000000,0.413106,0.432973,0.40116,0.423069,75338109.99578,0
GRT.V,D,20220324,000000,0.423069,0.435674,0.410605,0.429272,80980040.972195,0
GRT.V,D,20220325,000000,0.429272,0.451981,0.40086,0.409164,131629907.60949,0
GRT.V,D,20220326,000000,0.409305,0.417309,0.404962,0.412165,47885965.848425,0
GRT.V,D,20220327,000000,0.412365,0.428871,0.406062,0.427671,51818593.186768,0
GRT.V,D,20220328,000000,0.427628,0.488695,0.42407,0.448079,200419767.96788,0
GRT.V,D,20220329,000000,0.448569,0.494998,0.425027,0.473337,188736596.13249,0
GRT.V,D,20220330,000000,0.473537,0.498699,0.457383,0.482545,118473028.38928,0
GRT.V,D,20220331,000000,0.482245,0.526105,0.462739,0.476295,181132118.87613,0
GRT.V,D,20220401,000000,0.476243,0.495298,0.43503,0.487146,153084002.56917,0
GRT.V,D,20220402,000000,0.486497,0.55072,0.477395,0.513405,251013727.76071,0
GRT.V,D,20220403,000000,0.513605,0.53336,0.493648,0.522709,132704877.64652,0
GRT.V,D,20220404,000000,0.523957,0.532613,0.466693,0.489947,81398741.08565,0
GRT.V,D,20220405,000000,0.489647,0.50035,0.464446,0.466893,48114583.575344,0
GRT.V,D,20220406,000000,0.466993,0.470947,0.413,0.4266,66537050.829368,0
GRT.V,D,20220407,000000,0.4266,0.435244,0.4072,0.423942,50133660.661688,0
GRT.V,D,20220408,000000,0.424542,0.434843,0.393818,0.395758,79618058.446998,0
GRT.V,D,20220409,000000,0.395458,0.408823,0.387716,0.40062,37386189.101137,0
GRT.V,D,20220410,000000,0.40102,0.409723,0.392278,0.39758,39639151.153798,0
GRT.V,D,20220411,000000,0.397479,0.39854,0.345469,0.346004,48543493.380362,0
GRT.V,D,20220412,000000,0.346569,0.375075,0.341803,0.36731,41332993.165647,0
GRT.V,D,20220413,000000,0.36731,0.386816,0.362309,0.382215,48192208.437761,0
GRT.V,D,20220414,000000,0.382515,0.390117,0.356471,0.364036,39081745.710445,0
GRT.V,D,20220415,000000,0.364036,0.371774,0.357936,0.367874,20814474.446527,0
GRT.V,D,20220416,000000,0.367774,0.371274,0.355836,0.363873,10338082.434843,0
GRT.V,D,20220417,000000,0.364073,0.370374,0.358336,0.363273,12606777.821262,0
GRT.V,D,20220418,000000,0.363173,0.363773,0.331933,0.360108,47200848.26649,0
GRT.V,D,20220419,000000,0.360008,0.370074,0.356171,0.361672,42431591.167943,0
GRT.V,D,20220420,000000,0.361972,0.381076,0.354835,0.363973,82527871.549726,0
GRT.V,D,20220421,000000,0.363773,0.395479,0.357872,0.357972,120699458.95113,0
GRT.V,D,20220422,000000,0.358036,0.366973,0.34827,0.354735,40704913.525242,0
GRT.V,D,20220423,000000,0.354471,0.359272,0.343469,0.356836,29412549.763777,0
GRT.V,D,20220424,000000,0.356871,0.363073,0.346869,0.357471,28954642.820249,0
GRT.V,D,20220425,000000,0.357672,0.361172,0.3257,0.354071,62551088.140471,0
GRT.V,D,20220426,000000,0.354071,0.404181,0.345435,0.348335,156415759.1744,0
GRT.V,D,20220427,000000,0.349135,0.3591,0.3328,0.355936,74851751.312889,0
GRT.V,D,20220428,000000,0.356136,0.410741,0.355836,0.367037,209862313.32746,0
GRT.V,D,20220429,000000,0.366837,0.367337,0.340434,0.344834,87510298.695246,0
GRT.V,D,20220430,000000,0.344434,0.359636,0.3257,0.3257,77793969.151137,0
GRT.V,D,20220501,000000,0.3255,0.3256,0.2905,0.3101,73851088.434952,0
GRT.V,D,20220502,000000,0.3101,0.320332,0.29773,0.307631,49494648.866231,0
GRT.V,D,20220503,000000,0.307931,0.338234,0.30323,0.316268,69223782.672212,0
GRT.V,D,20220504,000000,0.316368,0.3432,0.310769,0.3378,72979557.122416,0
GRT.V,D,20220505,000000,0.3378,0.347496,0.288671,0.296841,117532983.60862,0
GRT.V,D,20220506,000000,0.296841,0.30347,0.280444,0.291371,54523270.945244,0
GRT.V,D,20220507,000000,0.291371,0.30397,0.291371,0.292971,44145567.305723,0
GRT.V,D,20220508,000000,0.294641,0.310876,0.281959,0.305608,74088785.616857,0
GRT.V,D,20220509,000000,0.305508,0.306639,0.244102,0.249525,60938480.9278,0
GRT.V,D,20220510,000000,0.24955,0.269319,0.226609,0.234606,83511719.342961,0
GRT.V,D,20220511,000000,0.234106,0.255772,0.141916,0.154327,191070301.74466,0
GRT.V,D,20220512,000000,0.15353,0.163145,0.113169,0.130061,143648363.6967,0
GRT.V,D,20220513,000000,0.129948,0.166966,0.127654,0.156733,93550249.758609,0
GRT.V,D,20220514,000000,0.156733,0.184042,0.143498,0.182245,136131592.55569,0
GRT.V,D,20220515,000000,0.182344,0.20691,0.17805,0.196364,145037555.41796,0
GRT.V,D,20220516,000000,0.196444,0.203955,0.172541,0.180265,60895891.99209,0
GRT.V,D,20220517,000000,0.180665,0.19147,0.168081,0.179866,69748528.794787,0
GRT.V,D,20220518,000000,0.179966,0.18426,0.159592,0.160291,62594044.446514,0
GRT.V,D,20220519,000000,0.160591,0.165534,0.148152,0.157043,42048445.576383,0
GRT.V,D,20220520,000000,0.156943,0.163903,0.145725,0.14972,41821125.679304,0
GRT.V,D,20220521,000000,0.14982,0.16169,0.147723,0.154599,51015718.351829,0
GRT.V,D,20220522,000000,0.154699,0.167881,0.154199,0.160092,50918773.381435,0
GRT.V,D,20220523,000000,0.160307,0.174508,0.156911,0.159608,54383084.643173,0
GRT.V,D,20220524,000000,0.159193,0.160923,0.144041,0.154199,76311624.384822,0
GRT.V,D,20220525,000000,0.154499,0.158693,0.147837,0.152217,55082661.381158,0
GRT.V,D,20220526,000000,0.152232,0.153631,0.132441,0.141658,50150544.134883,0
GRT.V,D,20220527,000000,0.141544,0.144256,0.131156,0.136663,45525981.459555,0
GRT.V,D,20220528,000000,0.136543,0.142352,0.131437,0.138038,43488763.190111,0
GRT.V,D,20220529,000000,0.137962,0.141351,0.133165,0.140444,36615788.144295,0
GRT.V,D,20220530,000000,0.140545,0.15739,0.139748,0.154177,67803330.051843,0
GRT.V,D,20220531,000000,0.154292,0.165667,0.148381,0.156774,68332800.744473,0
GRT.V,D,20220601,000000,0.156879,0.165677,0.142044,0.145169,82027637.351066,0
GRT.V,D,20220602,000000,0.145268,0.150065,0.140274,0.148366,60571231.080858,0
GRT.V,D,20220603,000000,0.148466,0.153062,0.141267,0.151268,45520403.993203,0
GRT.V,D,20220604,000000,0.151168,0.174935,0.144848,0.166373,233437972.13571,0
GRT.V,D,20220605,000000,0.166873,0.172779,0.156072,0.15895,109286374.09193,0
GRT.V,D,20220606,000000,0.15905,0.169461,0.153769,0.158667,130359152.05037,0
GRT.V,D,20220607,000000,0.158565,0.159659,0.145079,0.156372,110393537.77274,0
GRT.V,D,20220608,000000,0.156375,0.158479,0.147094,0.149403,97336586.002313,0
GRT.V,D,20220609,000000,0.149503,0.151975,0.142887,0.147976,75266466.029381,0
GRT.V,D,20220610,000000,0.147976,0.149573,0.135251,0.138722,100490883.47084,0
GRT.V,D,20220611,000000,0.138724,0.141244,0.11975,0.124659,95803878.895418,0
GRT.V,D,20220612,000000,0.124558,0.126459,0.110143,0.118055,102568459.49603,0
GRT.V,D,20220613,000000,0.117755,0.117755,0.095037,0.105453,395516738.30355,0
GRT.V,D,20220614,000000,0.105553,0.109758,0.09636,0.10018,378221202.33303,0
GRT.V,D,20220615,000000,0.10018,0.110778,0.090137,0.110334,572584528.70762,0
GRT.V,D,20220616,000000,0.11085,0.1116,0.0976,0.09996,160742089.57984,0
GRT.V,D,20220617,000000,0.096865,0.101958,0.095467,0.098681,467956520.29995,0
GRT.V,D,20220618,000000,0.0985,0.1002,0.0888701,0.0957446,430059973.89729,0
GRT.V,D,20220619,000000,0.0957446,0.104075,0.0923677,0.1031657,184949837.11565,0
GRT.V,D,20220620,000000,0.10205,0.1084697,0.0967837,0.1020876,181458971.76254,0
GRT.V,D,20220621,000000,0.1015881,0.1183815,0.1001897,0.1088801,155636994.32202,0
GRT.V,D,20220622,000000,0.10898,0.1134864,0.1035859,0.1062936,93782661.480863,0
GRT.V,D,20220623,000000,0.1062936,0.114885,0.1041957,0.1083915,79059847.527711,0
GRT.V,D,20220624,000000,0.1083915,0.1188215,0.1083915,0.1173084,179891771.98098,0
GRT.V,D,20220625,000000,0.1173084,0.1202158,0.1099252,0.1174177,123014995.6718,0
GRT.V,D,20220626,000000,0.1174177,0.1239144,0.1117318,0.1138305,201608183.24048,0
GRT.V,D,20220627,000000,0.1138305,0.1142268,0.1062118,0.1080038,76882554.972846,0
GRT.V,D,20220628,000000,0.1084045,0.1104938,0.1009959,0.1025737,75041695.39709,0
GRT.V,D,20220629,000000,0.1024728,0.1025727,0.0962689,0.097382,107260676.19906,0
GRT.V,D,20220630,000000,0.097383,0.0975828,0.0891848,0.0916898,156723768.1312,0
GRT.V,D,20220701,000000,0.0916898,0.0990009,0.0897741,0.0922984,131981377.65798,0
GRT.V,D,20220702,000000,0.0922984,0.0946862,0.0899919,0.0946862,77217757.650563,0
GRT.V,D,20220703,000000,0.094886,0.0958848,0.0905821,0.0942773,117750020.2432,0
GRT.V,D,20220704,000000,0.0942773,0.0976826,0.0911933,0.0972831,53954338.943023,0
GRT.V,D,20220705,000000,0.0970834,0.1011784,0.0920986,0.098092,81370492.498622,0
GRT.V,D,20220706,000000,0.0981919,0.098991,0.0951856,0.098092,51066836.021062,0
GRT.V,D,20220707,000000,0.098092,0.1039855,0.0980822,0.1019388,50640399.75456,0
GRT.V,D,20220708,000000,0.1020387,0.1045268,0.0973416,0.0997401,49832838.193729,0
GRT.V,D,20220709,000000,0.0995402,0.1104337,0.0992305,0.1074355,60073355.506654,0
GRT.V,D,20220710,000000,0.1074247,0.1078353,0.0986309,0.1006396,33342440.786644,0
GRT.V,D,20220711,000000,0.1007395,0.1007395,0.093906,0.0939154,44658683.124019,0
GRT.V,D,20220712,000000,0.0938155,0.0942057,0.0871041,0.0885114,105430303.97449,0
GRT.V,D,20220713,000000,0.0886148,0.0931468,0.0849065,0.0899789,287739119.25637,0
GRT.V,D,20220714,000000,0.0899789,0.0969918,0.089968,0.0957925,536335675.53394,0
GRT.V,D,20220715,000000,0.0957925,0.1001998,0.094903,0.0984105,837263240.01482,0
GRT.V,D,20220716,000000,0.0982205,0.1034193,0.0962211,0.09918,1309241481.6324,0
GRT.V,D,20220717,000000,0.09919,0.102915,0.097642,0.099364,1155322136.0917,0
GRT.V,D,20220718,000000,0.09937,0.114723,0.098028,0.107135,1926376907.738,0
GRT.V,D,20220719,000000,0.107128,0.11704,0.10614,0.114458,964891142.45227,0
GRT.V,D,20220720,000000,0.11536,0.118149,0.104247,0.106725,1227994648.7723,0
GRT.V,D,20220721,000000,0.106726,0.108362,0.101355,0.107776,1011530740.2311,0
GRT.V,D,20220722,000000,0.107476,0.116473,0.10356,0.103583,1262293971.2375,0
GRT.V,D,20220723,000000,0.10356,0.108449,0.100649,0.10347,1164520425.6543,0
GRT.V,D,20220724,000000,0.10377,0.108337,0.103453,0.10566,958373482.15335,0
GRT.V,D,20220725,000000,0.105661,0.107068,0.099066,0.101458,1389792282.7885,0
GRT.V,D,20220726,000000,0.101458,0.102059,0.093256,0.094064,1879575239.9426,0
GRT.V,D,20220727,000000,0.09405,0.108664,0.09405,0.107876,1502278425.0509,0
GRT.V,D,20220728,000000,0.107876,0.117773,0.105662,0.115383,1402980517.5527,0
GRT.V,D,20220729,000000,0.115383,0.140657,0.113785,0.127722,1580830011.5323,0
GRT.V,D,20220730,000000,0.127722,0.14593,0.126119,0.134714,1347373674.2836,0
GRT.V,D,20220731,000000,0.134696,0.140159,0.129806,0.133361,1135003065.3519,0
GRT.V,D,20220801,000000,0.13251,0.132523,0.123077,0.124277,962177099.05995,0
GRT.V,D,20220802,000000,0.123587,0.125379,0.114103,0.11908,1236287655.1749,0
GRT.V,D,20220803,000000,0.118674,0.12446,0.11449,0.12177,1439072680.6424,0
GRT.V,D,20220804,000000,0.121807,0.125841,0.117395,0.119004,923747830.48818,0
GRT.V,D,20220805,000000,0.119104,0.130474,0.118064,0.128914,1309485869.7459,0
GRT.V,D,20220806,000000,0.128914,0.133372,0.1278,0.129128,812011716.04788,0
GRT.V,D,20220807,000000,0.129128,0.131154,0.1253,0.130535,1186764348.2377,0
GRT.V,D,20220808,000000,0.130535,0.157432,0.127693,0.148238,1397399617.6996,0
GRT.V,D,20220809,000000,0.149738,0.152717,0.136023,0.142248,1538137848.9832,0
GRT.V,D,20220810,000000,0.142248,0.146324,0.1355,0.144822,1345566520.1327,0
GRT.V,D,20220811,000000,0.144822,0.147891,0.141217,0.142897,880984615.01593,0
GRT.V,D,20220812,000000,0.142897,0.146353,0.137809,0.143556,732999078.75473,0
GRT.V,D,20220813,000000,0.143566,0.1507,0.141727,0.144198,1037212434.6376,0
GRT.V,D,20220814,000000,0.144536,0.149877,0.137399,0.139673,730177385.53621,0
GRT.V,D,20220815,000000,0.139672,0.144758,0.132664,0.134972,987672033.16091,0
GRT.V,D,20220816,000000,0.134974,0.135754,0.129062,0.131072,864050405.16489,0
GRT.V,D,20220817,000000,0.131072,0.134547,0.121844,0.122369,1109598324.1576,0
GRT.V,D,20220818,000000,0.120978,0.125431,0.119261,0.121664,1046030064.7087,0
GRT.V,D,20220819,000000,0.121342,0.121852,0.10386,0.107691,1587519504.9019,0
GRT.V,D,20220820,000000,0.107695,0.110563,0.099747,0.102349,1497530666.7866,0
GRT.V,D,20220821,000000,0.100048,0.110338,0.100047,0.109338,1041672926.4475,0
GRT.V,D,20220822,000000,0.109338,0.11091,0.100854,0.108011,1181811695.0097,0
GRT.V,D,20220823,000000,0.108011,0.113424,0.106947,0.112462,1238347173.2747,0
GRT.V,D,20220824,000000,0.112449,0.118339,0.109961,0.117181,1090444457.328,0
GRT.V,D,20220825,000000,0.117181,0.120152,0.113437,0.116243,1428828084.2125,0
GRT.V,D,20220826,000000,0.116241,0.116658,0.104233,0.105631,1160231625.891,0
GRT.V,D,20220827,000000,0.10563,0.105761,0.100454,0.102933,861347201.559,0
GRT.V,D,20220828,000000,0.10335,0.10456,0.101943,0.103449,768177908.70319,0
GRT.V,D,20220829,000000,0.10344,0.105351,0.097648,0.104457,947856013.57971,0
GRT.V,D,20220830,000000,0.104458,0.108043,0.100445,0.104259,1130589705.5977,0
GRT.V,D,20220831,000000,0.104258,0.107052,0.102447,0.103859,791212290.88512,0
GRT.V,D,20220901,000000,0.103859,0.10493,0.100547,0.104374,665321595.59697,0
GRT.V,D,20220902,000000,0.103734,0.106669,0.101655,0.101875,905585139.18818,0
GRT.V,D,20220903,000000,0.101966,0.103357,0.10093,0.10136,436284910.45033,0
GRT.V,D,20220904,000000,0.10135,0.10336,0.10095,0.10285,635204783.80731,0
GRT.V,D,20220905,000000,0.10365,0.105261,0.10065,0.10266,907124276.74301,0
GRT.V,D,20220906,000000,0.10196,0.10846,0.09754,0.09914,794921515.93336,0
GRT.V,D,20220907,000000,0.09914,0.104957,0.096026,0.104957,969181420.66145,0
GRT.V,D,20220908,000000,0.10495,0.105461,0.101366,0.104466,966582550.491,0
GRT.V,D,20220909,000000,0.10445,0.113322,0.103669,0.111528,1025638118.9457,0
GRT.V,D,20220910,000000,0.111512,0.118529,0.111042,0.116932,1442096375.1108,0
GRT.V,D,20220911,000000,0.117012,0.120833,0.114537,0.115819,1237588952.3249,0
GRT.V,D,20220912,000000,0.115818,0.133543,0.114131,0.126843,1517132293.8679,0
GRT.V,D,20220913,000000,0.126888,0.129605,0.108923,0.109512,1169108033.8358,0
GRT.V,D,20220914,000000,0.109521,0.112399,0.10731,0.11062,662094380.43074,0
GRT.V,D,20220915,000000,0.110618,0.115612,0.107751,0.1094,631917214.81001,0
GRT.V,D,20220916,000000,0.109452,0.110488,0.103689,0.105519,616326662.53797,0
GRT.V,D,20220917,000000,0.105519,0.10889,0.105099,0.10772,603272949.43412,0
GRT.V,D,20220918,000000,0.10778,0.109301,0.0963,0.09999,503599516.8733,0
GRT.V,D,20220919,000000,0.09991,0.1035103,0.0972,0.1012302,682693615.07422,0
GRT.V,D,20220920,000000,0.1013001,0.1020304,0.09729,0.0972997,642624274.60431,0
GRT.V,D,20220921,000000,0.097481,0.1018202,0.09301,0.09311,748046600.36166,0
GRT.V,D,20220922,000000,0.09311,0.10131,0.09082,0.09941,660471637.10667,0
GRT.V,D,20220923,000000,0.10041,0.10289,0.0973003,0.1014799,633967700.15545,0
GRT.V,D,20220924,000000,0.1014829,0.1039838,0.100789,0.1033983,567610298.55383,0
GRT.V,D,20220925,000000,0.10339,0.1085954,0.10043,0.10308,680563082.68762,0
GRT.V,D,20220926,000000,0.10221,0.10249,0.0987,0.10189,554652939.57251,0
GRT.V,D,20220927,000000,0.10189,0.10559,0.09811,0.09911,662796894.136,0
GRT.V,D,20220928,000000,0.09911,0.1001,0.09558,0.09991,636390641.54689,0
GRT.V,D,20220929,000000,0.09991,0.10001,0.0969,0.09854,474959382.66383,0
GRT.V,D,20220930,000000,0.09854,0.1010001,0.09715,0.09871,597931234.80529,0
GRT.V,D,20221001,000000,0.09871,0.09934,0.09681,0.09739,679927190.76309,0
GRT.V,D,20221002,000000,0.09739,0.09819,0.09529,0.097,328931624.3643,0
GRT.V,D,20221003,000000,0.0969597,0.0978998,0.09341,0.0968997,652982816.63367,0
GRT.V,D,20221004,000000,0.0971997,0.1016205,0.0968497,0.1011403,441712798.06221,0
GRT.V,D,20221005,000000,0.1011302,0.1018205,0.0971,0.0997099,422367488.41874,0
GRT.V,D,20221006,000000,0.0997099,0.1039066,0.0989178,0.1004071,605410409.56133,0
GRT.V,D,20221007,000000,0.1004081,0.1006071,0.096121,0.0973036,620699844.40451,0
GRT.V,D,20221008,000000,0.0972997,0.0987028,0.0970039,0.0973743,304519895.82016,0
GRT.V,D,20221009,000000,0.0973753,0.0973753,0.09591,0.0966193,350640033.8657,0
GRT.V,D,20221010,000000,0.0966097,0.0972094,0.09281,0.0939006,638203385.64471,0
GRT.V,D,20221011,000000,0.09391,0.09391,0.0884012,0.0889011,707951017.87062,0
GRT.V,D,20221012,000000,0.0889011,0.0895891,0.0873026,0.0873026,549343635.81906,0
GRT.V,D,20221013,000000,0.0873026,0.0886989,0.079506,0.0883971,831069436.25621,0
GRT.V,D,20221014,000000,0.0881771,0.0905936,0.0852109,0.0853826,591830027.27687,0
GRT.V,D,20221015,000000,0.0853834,0.0875953,0.083515,0.0862043,1824691908.2994,0
GRT.V,D,20221016,000000,0.0862,0.0867935,0.0842125,0.0862935,1128712554.0804,0
GRT.V,D,20221017,000000,0.0863935,0.0878061,0.0844117,0.0862917,1570234512.6517,0
GRT.V,D,20221018,000000,0.0862917,0.0874117,0.0819157,0.083495,2095608578.7654,0
GRT.V,D,20221019,000000,0.0834983,0.0838942,0.0806108,0.08091,1148801163.7007,0
GRT.V,D,20221020,000000,0.0809092,0.0812908,0.0778838,0.0791045,1301909306.6692,0
GRT.V,D,20221021,000000,0.0791045,0.0795972,0.0747963,0.0785955,1724945268.207,0
GRT.V,D,20221022,000000,0.0785955,0.0796172,0.0775239,0.077997,1777357966.197,0
GRT.V,D,20221023,000000,0.0783971,0.0798236,0.0764246,0.0796103,1496767115.0838,0
GRT.V,D,20221024,000000,0.0795187,0.0806965,0.0778154,0.0791932,1638423721.6459,0
GRT.V,D,20221025,000000,0.0799932,0.0842169,0.0788147,0.081917,2044239181.2752,0
GRT.V,D,20221026,000000,0.0819178,0.0833175,0.0807278,0.0819329,1790479260.1281,0
GRT.V,D,20221027,000000,0.0819338,0.0856105,0.0796948,0.0809949,2340605784.9112,0
GRT.V,D,20221028,000000,0.0809949,0.082789,0.0788163,0.0822264,2384735237.587,0
GRT.V,D,20221029,000000,0.0822264,0.0864297,0.0821272,0.0841102,2757100676.7122,0
GRT.V,D,20221030,000000,0.0841102,0.0876075,0.0824065,0.0845169,2717554957.6615,0
GRT.V,D,20221031,000000,0.0834258,0.0864065,0.0816073,0.0843832,1815271914.3311,0
GRT.V,D,20221101,000000,0.0843849,0.0872725,0.0825943,0.0826417,1219180262.5317,0
GRT.V,D,20221102,000000,0.0826417,0.0842225,0.0791084,0.0806052,1631187350.9676,0
GRT.V,D,20221103,000000,0.0806052,0.0971703,0.0802936,0.0869091,2601424299.5294,0
GRT.V,D,20221104,000000,0.0869091,0.0983292,0.0855032,0.0952976,3195397154.1174,0
GRT.V,D,20221105,000000,0.0952967,0.1043942,0.0943175,0.099795,2289499884.679624,0
GRT.V,D,20221106,000000,0.099895,0.100696,0.0914991,0.0923174,1790255088.3041356,0
GRT.V,D,20221107,000000,0.0902972,0.0925183,0.0864169,0.0892007,1887707171.1210897,0
GRT.V,D,20221108,000000,0.0889367,0.0921176,0.067529,0.0743022,2650710455.701511,0
GRT.V,D,20221109,000000,0.0763411,0.0769513,0.0569294,0.0574139,2036408616.597037,0
GRT.V,D,20221110,000000,0.0580193,0.0777099,0.0576384,0.0698837,1457080198.366423,0
GRT.V,D,20221111,000000,0.0699395,0.0803894,0.0632163,0.0644608,1564558767.2080374,0
GRT.V,D,20221112,000000,0.0644351,0.0665805,0.0599918,0.062088,950455595.4527594,0
GRT.V,D,20221113,000000,0.062088,0.0644033,0.0602973,0.0618133,991828645.9949952,0
GRT.V,D,20221114,000000,0.0618157,0.0638169,0.057913,0.0629055,1294633440.2226024,0
GRT.V,D,20221115,000000,0.0628025,0.0668331,0.062606,0.0644355,1487608091.2311575,0
GRT.V,D,20221116,000000,0.0643314,0.0651526,0.0605894,0.0617525,1305033258.721205,0
GRT.V,D,20221117,000000,0.0617531,0.0621215,0.0595511,0.0606527,2052937991.5939577,0
GRT.V,D,20221118,000000,0.0606527,0.0617512,0.0596319,0.0600309,889978630.7787061,0
GRT.V,D,20221119,000000,0.0600309,0.0604347,0.0583234,0.0601368,1664497370.0187206,0
GRT.V,D,20221120,000000,0.0601458,0.0605342,0.0569356,0.0582014,2155028258.682421,0
GRT.V,D,20221121,000000,0.0571199,0.0574201,0.0521405,0.0537454,2103849970.2612543,0
GRT.V,D,20221122,000000,0.0537454,0.0552331,0.0517373,0.0544335,1703029374.5974994,0
GRT.V,D,20221123,000000,0.0544335,0.0708848,0.0543293,0.0619318,1902437971.2442324,0
GRT.V,D,20221124,000000,0.0619318,0.063336,0.0594429,0.0604492,1176070871.09589,0
GRT.V,D,20221125,000000,0.0604492,0.0646489,0.0598693,0.0618747,1633897431.5347111,0
GRT.V,D,20221126,000000,0.0618641,0.0658572,0.0617548,0.0631627,683308809.297159,0
GRT.V,D,20221127,000000,0.0632627,0.0664674,0.0620596,0.0648585,995058853.0646378,0
GRT.V,D,20221128,000000,0.0648585,0.0649816,0.0588676,0.0617765,1179846781.5753844,0
GRT.V,D,20221129,000000,0.0619746,0.0638064,0.061571,0.062177,1107972013.7819037,0
GRT.V,D,20221130,000000,0.062077,0.0645877,0.0613957,0.0637025,1082190323.9465015,0
GRT.V,D,20221201,000000,0.0637119,0.0652007,0.0630013,0.0645339,887424602.7376137,0
GRT.V,D,20221202,000000,0.0645339,0.0651124,0.0629063,0.0650039,1202471025.9504733,0
GRT.V,D,20221203,000000,0.0650039,0.0662079,0.0630063,0.0632063,1111650256.7415278,0
GRT.V,D,20221204,000000,0.0631063,0.0645429,0.0627,0.0634063,1527493470.7666094,0
GRT.V,D,20221205,000000,0.0634127,0.0656072,0.0631626,0.0648013,1603768157.987697,0
GRT.V,D,20221206,000000,0.0648065,0.0649019,0.0632981,0.0637987,2271740061.5382876,0
GRT.V,D,20221207,000000,0.0638,0.0643039,0.06079,0.0624,1186240028.6949532,0
GRT.V,D,20221208,000000,0.0624,0.0632132,0.0612988,0.0630044,1745791962.067659,0
GRT.V,D,20221209,000000,0.0630044,0.0706028,0.0629938,0.065402,1562792267.8194573,0
GRT.V,D,20221210,000000,0.0654026,0.0752908,0.0651007,0.0726985,2049023198.1480138,0
GRT.V,D,20221211,000000,0.0725985,0.07271,0.0686069,0.0693139,1466680434.760574,0
GRT.V,D,20221212,000000,0.0693139,0.070114,0.0657993,0.067106,1440319340.6795201,0
GRT.V,D,20221213,000000,0.0675068,0.0692069,0.0654807,0.066524,1507599218.6258743,0
GRT.V,D,20221214,000000,0.066514,0.0683945,0.06421,0.0658046,1206430846.1543593,0
GRT.V,D,20221215,000000,0.0658046,0.0670134,0.0639128,0.0642128,1380161068.8847065,0
GRT.V,D,20221216,000000,0.0642128,0.0647065,0.0566657,0.0566757,1229137425.2677915,0
GRT.V,D,20221217,000000,0.0555111,0.0580075,0.0550061,0.0571074,1201708199.2958808,0
GRT.V,D,20221218,000000,0.0571074,0.0580123,0.0567051,0.0569074,208211903.62283823,0
GRT.V,D,20221219,000000,0.0576092,0.0587006,0.0542022,0.05566,890877785.9529752,0
GRT.V,D,20221220,000000,0.0556689,0.0579929,0.0538,0.0576023,931381692.4369562,0
GRT.V,D,20221221,000000,0.0576029,0.0579994,0.0563039,0.0571029,1076327578.4800928,0
GRT.V,D,20221222,000000,0.0571029,0.0588,0.0563006,0.0569903,1116993357.1179392,0
GRT.V,D,20221223,000000,0.0569903,0.0590035,0.0569815,0.0578942,927539142.0369065,0
GRT.V,D,20221224,000000,0.0578942,0.0586953,0.0574654,0.057496,863146360.1854674,0
GRT.V,D,20221225,000000,0.057496,0.0581983,0.0555922,0.0560927,858877469.712074,0
GRT.V,D,20221226,000000,0.0560933,0.0609045,0.0560933,0.0595881,1133999982.2740903,0
GRT.V,D,20221227,000000,0.0595881,0.0604861,0.058186,0.0585871,1557909104.2847402,0
GRT.V,D,20221228,000000,0.0585871,0.059882,0.0564774,0.0572691,1293133117.8365684,0
GRT.V,D,20221229,000000,0.0572685,0.0572702,0.0541783,0.0546648,1447768983.5724218,0
GRT.V,D,20221230,000000,0.0546654,0.0555711,0.0537626,0.0550725,1953165597.6009119,0
GRT.V,D,20221231,000000,0.0550719,0.0561719,0.0547721,0.056072,736189082.2858943,0
GRT.V,D,20230101,000000,0.056072,0.0562747,0.0551685,0.055374,944588808.0997539,0
GRT.V,D,20230102,000000,0.055374,0.0596815,0.0551741,0.0594804,1117670124.9030814,0
GRT.V,D,20230103,000000,0.059381,0.0609656,0.0586759,0.058967,1235175794.6506264,0
GRT.V,D,20230104,000000,0.0589676,0.0619846,0.0585754,0.0614797,1315993638.9045289,0
GRT.V,D,20230105,000000,0.0614797,0.0621807,0.0597845,0.0604788,1270301567.4862163,0
GRT.V,D,20230106,000000,0.0604819,0.0625762,0.058078,0.0616809,1810520884.9683564,0
GRT.V,D,20230107,000000,0.0616809,0.0631742,0.0612622,0.0620751,1114088493.110322,0
GRT.V,D,20230108,000000,0.0620751,0.07109,0.0618913,0.0695916,2104152649.224448,0
GRT.V,D,20230109,000000,0.0696916,0.0736919,0.0687862,0.0720993,1934269828.8257382,0
GRT.V,D,20230110,000000,0.07197,0.0745082,0.0682952,0.0727502,1270699941.836259,0
GRT.V,D,20230111,000000,0.0726109,0.0732993,0.0680959,0.0706936,1696051977.0677886,0
GRT.V,D,20230112,000000,0.0707,0.074806,0.0687945,0.0737074,1305223181.9668672,0
GRT.V,D,20230113,000000,0.0736774,0.077897,0.0711907,0.0765969,1481820956.6338065,0
GRT.V,D,20230114,000000,0.0765969,0.0834925,0.073091,0.080594,1713204977.2270603,0
GRT.V,D,20230115,000000,0.080514,0.0892212,0.0777131,0.0851547,1103557994.4434798,0
GRT.V,D,20230116,000000,0.0852156,0.0881335,0.0793216,0.0814116,1019097400.9480499,0
GRT.V,D,20230117,000000,0.0817141,0.08561,0.0799272,0.081839,1426476253.0231109,0
GRT.V,D,20230118,000000,0.081839,0.0821982,0.0740993,0.0759762,1316196786.7322464,0
GRT.V,D,20230119,000000,0.0759054,0.0783924,0.0736912,0.0779069,1087340124.0272489,0
GRT.V,D,20230120,000000,0.0778077,0.0842026,0.0769092,0.0838251,1056528667.4759113,0
GRT.V,D,20230121,000000,0.0838251,0.0864397,0.0825722,0.0853071,1377165173.8811383,0
GRT.V,D,20230122,000000,0.0853062,0.0876075,0.0806245,0.0813263,1202884714.1031215,0
GRT.V,D,20230123,000000,0.082429,0.0928993,0.0822297,0.0892043,1371541842.1262777,0
GRT.V,D,20230124,000000,0.0893125,0.0967564,0.086923,0.0887918,1257511918.4687436,0
GRT.V,D,20230125,000000,0.0887927,0.0957091,0.0849027,0.0909245,1332335315.2424858,0
GRT.V,D,20230126,000000,0.0910055,0.0934031,0.0885118,0.0915173,1297119198.5755303,0
GRT.V,D,20230127,000000,0.0915173,0.0968155,0.0891251,0.0951666,1150242081.4106524,0
GRT.V,D,20230128,000000,0.0951333,0.0978135,0.0918302,0.0925085,819100236.3620254,0
GRT.V,D,20230129,000000,0.0925085,0.0967129,0.0912282,0.0963148,832613025.8031235,0
GRT.V,D,20230130,000000,0.0963139,0.0968148,0.0856286,0.086306,1145836900.4648874,0
GRT.V,D,20230131,000000,0.086306,0.0903945,0.0852068,0.0877179,994034668.2385229,0
GRT.V,D,20230201,000000,0.0877179,0.0937847,0.0832117,0.0930956,1197073396.146475,0
GRT.V,D,20230202,000000,0.0933156,0.1014891,0.0928193,0.0953091,1136899976.508595,0
GRT.V,D,20230203,000000,0.0954091,0.1017973,0.0934109,0.0980978,1180358198.2978582,0
GRT.V,D,20230204,000000,0.0980978,0.1160458,0.0974068,0.1124201,1574958009.4381547,0
GRT.V,D,20230205,000000,0.112319,0.1318043,0.1101287,0.1292523,2241953529.657933,0
GRT.V,D,20230206,000000,0.1291023,0.1382828,0.1265914,0.1310252,1759204217.0494957,0
GRT.V,D,20230207,000000,0.1310252,0.230952,0.1270889,0.205704,5073387571.224117,0
GRT.V,D,20230208,000000,0.205512,0.210971,0.175239,0.176744,2308126271.7474895,0
GRT.V,D,20230209,000000,0.176794,0.18656,0.145524,0.148523,1204778182.206678,0
GRT.V,D,20230210,000000,0.147233,0.174046,0.146016,0.164205,1000410251.2219384,0
GRT.V,D,20230211,000000,0.16424,0.168424,0.155712,0.161395,567091685.2521133,0
GRT.V,D,20230212,000000,0.161412,0.169142,0.151551,0.154395,568231972.1383191,0
GRT.V,D,20230213,000000,0.154545,0.156207,0.139523,0.145599,341841582.245446,0
GRT.V,D,20230214,000000,0.1456,0.174835,0.145173,0.168277,683234982.259097,0
GRT.V,D,20230215,000000,0.168287,0.186802,0.165191,0.184945,602694169.9362136,0
GRT.V,D,20230216,000000,0.184963,0.186292,0.165076,0.165076,647389586.6569998,0
GRT.V,D,20230217,000000,0.164976,0.173434,0.162738,0.168955,311907557.2160479,0
GRT.V,D,20230218,000000,0.169037,0.181905,0.166112,0.17576,389462467.1895643,0
GRT.V,D,20230219,000000,0.17582,0.184795,0.167889,0.170427,377967913.6523743,0
GRT.V,D,20230220,000000,0.170217,0.174836,0.163337,0.170407,268549950.18079543,0
GRT.V,D,20230221,000000,0.170587,0.180485,0.163411,0.16611,348096177.90551823,0
GRT.V,D,20230222,000000,0.16591,0.168417,0.154749,0.16406,179610702.70799518,0
GRT.V,D,20230223,000000,0.164127,0.172753,0.158724,0.161841,262405167.1269974,0
GRT.V,D,20230224,000000,0.160861,0.166005,0.150924,0.153078,195604424.1348858,0
GRT.V,D,20230225,000000,0.153247,0.15571,0.141524,0.14679,131012386.72700608,0
GRT.V,D,20230226,000000,0.14674,0.16335,0.146293,0.1591,178041776.54040623,0
GRT.V,D,20230227,000000,0.159108,0.163525,0.153292,0.156729,170493190.8302783,0
GRT.V,D,20230228,000000,0.156629,0.168028,0.152402,0.154629,277163003.29025275,0
GRT.V,D,20230301,000000,0.154651,0.162833,0.151301,0.160221,178711240.52981043,0
GRT.V,D,20230302,000000,0.160221,0.161094,0.150639,0.155204,120472200.50960477,0
GRT.V,D,20230303,000000,0.155204,0.155262,0.135018,0.1465,276383711.8407853,0
GRT.V,D,20230304,000000,0.146499,0.148679,0.135127,0.13883,121156615.95921281,0
GRT.V,D,20230305,000000,0.138891,0.146823,0.138571,0.140936,104631097.8095136,0
GRT.V,D,20230306,000000,0.140937,0.143913,0.136139,0.142801,135431405.42789966,0
GRT.V,D,20230307,000000,0.142771,0.14562,0.132876,0.134183,150005675.9076654,0
GRT.V,D,20230308,000000,0.134173,0.139272,0.121403,0.122473,151997165.6111392,0
GRT.V,D,20230309,000000,0.122478,0.128388,0.112385,0.113901,195605291.38103515,0
GRT.V,D,20230310,000000,0.113901,0.118115,0.105202,0.117003,267648332.52246097,0
GRT.V,D,20230311,000000,0.117083,0.123141,0.109112,0.113507,187234084.61585957,0
GRT.V,D,20230312,000000,0.113562,0.126465,0.111958,0.125374,157037690.12750822,0
GRT.V,D,20230313,000000,0.125474,0.148308,0.125394,0.147195,349874911.57414955,0
GRT.V,D,20230314,000000,0.147564,0.163352,0.139599,0.152245,421772683.6512117,0
GRT.V,D,20230315,000000,0.152525,0.158323,0.131703,0.139601,368846448.49331063,0
GRT.V,D,20230316,000000,0.139502,0.159922,0.13882,0.150754,429998808.4263232,0
GRT.V,D,20230317,000000,0.150952,0.15994,0.147433,0.159696,301638859.7043588,0
GRT.V,D,20230318,000000,0.159566,0.175493,0.151226,0.156085,473269836.6934707,0
GRT.V,D,20230319,000000,0.156047,0.168283,0.153098,0.159502,312313180.1361415,0
GRT.V,D,20230320,000000,0.159502,0.161172,0.145951,0.150126,293548160.4646246,0
GRT.V,D,20230321,000000,0.150066,0.155747,0.142034,0.150259,220472148.88750818,0
GRT.V,D,20230322,000000,0.150398,0.154069,0.137961,0.142489,237652091.3348712,0
GRT.V,D,20230323,000000,0.142509,0.158079,0.14158,0.151935,234008944.87601596,0
GRT.V,D,20230324,000000,0.151965,0.153499,0.138627,0.142437,174316437.4256467,0
GRT.V,D,20230325,000000,0.142638,0.143696,0.136074,0.137513,131265750.45553572,0
GRT.V,D,20230326,000000,0.137613,0.142678,0.136631,0.139968,72660377.18306695,0
GRT.V,D,20230327,000000,0.139794,0.142339,0.130239,0.132682,132403724.3393103,0
GRT.V,D,20230328,000000,0.132632,0.140165,0.129071,0.139134,127484102.98203646,0
GRT.V,D,20230329,000000,0.138514,0.149461,0.138254,0.146526,157026054.11990735,0
GRT.V,D,20230330,000000,0.146504,0.150845,0.139765,0.14432,153841586.86056897,0
GRT.V,D,20230331,000000,0.144409,0.147096,0.139951,0.146749,97418077.64746788,0
GRT.V,D,20230401,000000,0.146751,0.148082,0.141545,0.142851,79455049.79857902,0
GRT.V,D,20230402,000000,0.142993,0.14368,0.136273,0.137885,81404101.94043143,0
GRT.V,D,20230403,000000,0.138076,0.142984,0.133488,0.138574,147025902.2891732,0
GRT.V,D,20230404,000000,0.138575,0.143807,0.138067,0.142051,105146235.80291967,0
GRT.V,D,20230405,000000,0.142061,0.157334,0.142011,0.147993,224195299.49814305,0
GRT.V,D,20230406,000000,0.148033,0.14878,0.143493,0.146571,98471747.34847811,0
GRT.V,D,20230407,000000,0.146521,0.146523,0.140509,0.141585,95472237.73963594,0
GRT.V,D,20230408,000000,0.141585,0.145823,0.14105,0.141255,69892194.39527567,0
GRT.V,D,20230409,000000,0.141275,0.144235,0.138877,0.144177,69201428.96980844,0
GRT.V,D,20230410,000000,0.144177,0.14799,0.141717,0.147409,85193646.78080635,0
GRT.V,D,20230411,000000,0.147441,0.155416,0.147306,0.148135,164809933.1493306,0
GRT.V,D,20230412,000000,0.148127,0.150103,0.141937,0.148135,126332439.83410461,0
GRT.V,D,20230413,000000,0.147945,0.151802,0.145561,0.150334,120583360.79709505,0
GRT.V,D,20230414,000000,0.150384,0.16412,0.149736,0.163054,265476243.2444068,0
GRT.V,D,20230415,000000,0.163624,0.172346,0.159117,0.165549,251561879.9205339,0
GRT.V,D,20230416,000000,0.165627,0.170377,0.163018,0.167604,153069861.65279815,0
GRT.V,D,20230417,000000,0.167492,0.174009,0.161524,0.16752,294886104.19925654,0
GRT.V,D,20230418,000000,0.168049,0.175276,0.165446,0.169459,252551305.44862995,0
GRT.V,D,20230419,000000,0.169455,0.171224,0.151755,0.15396,236090746.29887393,0
