<TICKER>,<PER>,<DATE>,<TIME>,<OPEN>,<HIGH>,<LOW>,<CLOSE>,<VOL>,<OPENINT>
GST.V,D,20220522,000000,2.89853,2.95715,2.80793,2.86586,541600.3524240005,0
GST.V,D,20220523,000000,2.86316,2.92678,2.55203,2.60187,753663.9411767585,0
GST.V,D,20220524,000000,2.60691,2.76695,2.51084,2.57285,787155.2530044428,0
GST.V,D,20220525,000000,2.57705,2.7234,2.31911,2.36786,799710.661907521,0
GST.V,D,20220526,000000,2.37039,2.45819,1.55914,1.5942,1558295.6149853922,0
GST.V,D,20220527,000000,1.59544,2.13515,1.51418,1.88183,2109487.321504292,0
GST.V,D,20220528,000000,1.88004,2.02597,1.70822,1.86891,1119425.8689446643,0
GST.V,D,20220529,000000,1.86661,1.87772,1.23207,1.33863,2619138.888354876,0
GST.V,D,20220530,000000,1.33813,1.49826,1.29439,1.37644,1773296.401054264,0
GST.V,D,20220531,000000,1.38233,1.51099,1.08924,1.13919,3872290.230366741,0
GST.V,D,20220601,000000,1.14302,1.94756,0.76631,0.9947,13673247.592283813,0
GST.V,D,20220602,000000,0.9942,1.2188,0.86872,1.02807,5916137.574709956,0
GST.V,D,20220603,000000,1.02678,1.07921,0.92657,0.96136,3292599.014924001,0
GST.V,D,20220604,000000,0.96246,0.98084,0.85475,0.85475,2542116.437742602,0
GST.V,D,20220605,000000,0.85396,0.89398,0.72641,0.76838,3518396.5016009766,0
GST.V,D,20220606,000000,0.77277,0.78826,0.6366,0.7195,5740798.567702333,0
GST.V,D,20220607,000000,0.7169,1.00284,0.65527,0.70902,11923023.788928019,0
GST.V,D,20220608,000000,0.70863,0.8383,0.679,0.70024,16290148.620410353,0
GST.V,D,20220609,000000,0.70144,0.72542,0.5465,0.662443,9902127.745793456,0
GST.V,D,20220610,000000,0.663342,0.691798,0.52457,0.535314,16545216.043509582,0
GST.V,D,20220611,000000,0.535619,0.561998,0.430604,0.431212,14333665.211165361,0
GST.V,D,20220612,000000,0.430913,0.519229,0.309363,0.410095,24485152.34762948,0
GST.V,D,20220613,000000,0.409995,0.413487,0.234091,0.338729,68495606.77884905,0
GST.V,D,20220614,000000,0.339131,0.376058,0.224,0.326707,81807322.27380516,0
GST.V,D,20220615,000000,0.253493,0.338627,0.215633,0.262406,55156192.27008796,0
GST.V,D,20220616,000000,0.261008,0.286256,0.248002,0.252871,21991562.40021915,0
GST.V,D,20220617,000000,0.241868,0.270623,0.234597,0.247503,53479166.29197905,0
GST.V,D,20220618,000000,0.246,0.249,0.210985,0.217048,27426748.47916961,0
GST.V,D,20220619,000000,0.217046,0.232251,0.205171,0.220413,22893956.01605994,0
GST.V,D,20220620,000000,0.220335,0.2495,0.209727,0.231645,6669051.31331594,0
GST.V,D,20220621,000000,0.231745,0.244506,0.219536,0.226373,7112794.49005782,0
GST.V,D,20220622,000000,0.226174,0.228371,0.191308,0.192307,9028057.183395788,0
GST.V,D,20220623,000000,0.192307,0.199001,0.180719,0.184216,5785698.344978951,0
GST.V,D,20220624,000000,0.184715,0.185215,0.161866,0.165271,22582953.772366416,0
GST.V,D,20220625,000000,0.165235,0.216355,0.164236,0.18497,27264962.29086933,0
GST.V,D,20220626,000000,0.184371,0.203555,0.174593,0.176692,22014002.45481898,0
GST.V,D,20220627,000000,0.175793,0.181197,0.162863,0.165053,3742014.3585510044,0
GST.V,D,20220628,000000,0.164853,0.17283,0.151259,0.158405,11276659.085939711,0
GST.V,D,20220629,000000,0.158503,0.158904,0.131534,0.147922,19338520.399125714,0
GST.V,D,20220630,000000,0.148721,0.153316,0.121953,0.126248,27297144.996494655,0
GST.V,D,20220701,000000,0.126049,0.135337,0.117048,0.120567,26079341.36423859,0
GST.V,D,20220702,000000,0.104375,0.10857,0.103276,0.106572,3948731.485430807,0
GST.V,D,20220705,000000,0.109069,0.114973,0.104884,0.110279,6995549.148202929,0
GST.V,D,20220706,000000,0.109568,0.116572,0.104884,0.111877,10077494.700538894,0
GST.V,D,20220707,000000,0.111877,0.114274,0.107471,0.109534,6028332.630575989,0
GST.V,D,20220708,000000,0.109634,0.112233,0.104926,0.105936,5035587.823485695,0
GST.V,D,20220709,000000,0.105737,0.109035,0.10044,0.103738,4630061.101521728,0
GST.V,D,20220710,000000,0.103228,0.104237,0.093644,0.094943,4166794.2807795163,0
GST.V,D,20220711,000000,0.094843,0.100929,0.088238,0.092617,13586028.152042704,0
GST.V,D,20220712,000000,0.092635,0.093906,0.0855144,0.085914,5787866.232817301,0
GST.V,D,20220713,000000,0.0858167,0.0902115,0.0757242,0.0803276,22113225.69938975,0
GST.V,D,20220714,000000,0.0802277,0.0835331,0.0746402,0.0801519,14675038.103930011,0
GST.V,D,20220715,000000,0.0801519,0.0840495,0.0779454,0.0783765,5896612.032557051,0
GST.V,D,20220716,000000,0.0783765,0.0839748,0.0768846,0.0804839,6347469.325657188,0
GST.V,D,20220717,000000,0.0801791,0.0826859,0.075878,0.0766801,8084184.797856108,0
GST.V,D,20220718,000000,0.0766793,0.0782906,0.0726767,0.0748828,10986323.587882334,0
GST.V,D,20220719,000000,0.0747828,0.0750902,0.0662106,0.068811,16062490.182343833,0
GST.V,D,20220720,000000,0.0689,0.0710035,0.0577029,0.059403,17885015.995277517,0
GST.V,D,20220721,000000,0.059703,0.0615086,0.0531011,0.0553138,29671419.22869512,0
GST.V,D,20220722,000000,0.0553138,0.0564039,0.0453063,0.0463102,20079471.69730408,0
GST.V,D,20220723,000000,0.0464,0.1343987,0.033103,0.0928186,462425280.0803544,0
GST.V,D,20220724,000000,0.0933093,0.108113,0.0768954,0.0780148,147253717.47303334,0
GST.V,D,20220725,000000,0.0776147,0.0782149,0.057008,0.0612049,93442155.41386461,0
GST.V,D,20220726,000000,0.0613055,0.0647116,0.0550022,0.0554083,46479629.668519765,0
GST.V,D,20220727,000000,0.0554083,0.0567989,0.0491034,0.050212,51554645.239703186,0
GST.V,D,20220728,000000,0.0504121,0.0684007,0.050212,0.0610122,152158308.91045812,0
GST.V,D,20220729,000000,0.0613159,0.0622162,0.0555194,0.0574235,28240704.833577473,0
GST.V,D,20220730,000000,0.0576236,0.0646226,0.0555194,0.0603205,35526017.93746834,0
GST.V,D,20220731,000000,0.0598221,0.0656184,0.0598221,0.060714,26188031.684616923,0
GST.V,D,20220801,000000,0.0605157,0.06062,0.0545,0.057,35782872.298677795,0
GST.V,D,20220802,000000,0.057,0.0595,0.0545,0.056,13746093.578837516,0
GST.V,D,20220803,000000,0.0555111,0.05712,0.0526084,0.0563141,11523356.4072511,0
GST.V,D,20220804,000000,0.0563129,0.0571148,0.0541038,0.0548016,8168951.908533213,0
GST.V,D,20220805,000000,0.0548022,0.0550093,0.0539081,0.0548104,8889941.456804076,0
GST.V,D,20220806,000000,0.0548104,0.0567023,0.0545087,0.0548126,7735976.709200612,0
GST.V,D,20220807,000000,0.0548121,0.0558078,0.0545125,0.0548099,4317448.797765488,0
GST.V,D,20220808,000000,0.0548104,0.0644142,0.0546087,0.0575069,23843137.994276438,0
GST.V,D,20220809,000000,0.0575063,0.0618124,0.0557128,0.0593119,18888211.929955192,0
GST.V,D,20220810,000000,0.0593119,0.0662291,0.0581151,0.062218,29556925.587892078,0
GST.V,D,20220811,000000,0.0622187,0.0639185,0.0587258,0.0588276,13619022.81703186,0
GST.V,D,20220812,000000,0.0587276,0.0618309,0.0585257,0.0589271,9743341.149673758,0
GST.V,D,20220813,000000,0.058727,0.0640256,0.0587264,0.0608237,15550065.4305086,0
GST.V,D,20220814,000000,0.0606236,0.0610244,0.0586182,0.0589183,8658296.121403191,0
GST.V,D,20220815,000000,0.0589177,0.0609183,0.0587164,0.0593142,8147334.815400884,0
GST.V,D,20220816,000000,0.0592148,0.0625138,0.0590148,0.0616055,10041138.666449545,0
GST.V,D,20220817,000000,0.0616055,0.062205,0.0573057,0.057704,8236918.399709378,0
GST.V,D,20220818,000000,0.057604,0.0582047,0.0554017,0.0558017,4805370.797944096,0
GST.V,D,20220819,000000,0.0557056,0.0561056,0.0463046,0.0482048,22381955.395061113,0
GST.V,D,20220820,000000,0.0481024,0.0491975,0.0439881,0.0443,7978635.9337783,0
GST.V,D,20220821,000000,0.0443,0.049399,0.0424932,0.048899,15523274.179478895,0
GST.V,D,20220822,000000,0.048899,0.049901,0.0434935,0.044492,11614162.446318796,0
GST.V,D,20220823,000000,0.044392,0.0455932,0.0431996,0.0442009,6505746.593867701,0
GST.V,D,20220824,000000,0.0441956,0.0458023,0.0441,0.044404,3555313.222922995,0
GST.V,D,20220825,000000,0.044504,0.0449991,0.0432017,0.0444013,4282616.493200302,0
GST.V,D,20220826,000000,0.0444013,0.0446,0.0401,0.0402036,10238164.539173508,0
GST.V,D,20220827,000000,0.040204,0.0406996,0.0382,0.0392008,7327340.283472883,0
GST.V,D,20220828,000000,0.0393012,0.0394012,0.0373007,0.0383,11692832.74110101,0
GST.V,D,20220829,000000,0.0382996,0.0391,0.0369963,0.0385023,8725408.16518818,0
GST.V,D,20220830,000000,0.0383042,0.0394,0.0351046,0.0356036,17661293.520714063,0
GST.V,D,20220831,000000,0.0355032,0.0370011,0.0352018,0.0356,21264553.409970783,0
GST.V,D,20220901,000000,0.0355993,0.036,0.0343,0.0345986,5764421.865723187,0
GST.V,D,20220902,000000,0.0346986,0.0388988,0.0345993,0.0358054,27039467.82084154,0
GST.V,D,20220903,000000,0.0357057,0.039,0.0357036,0.0379,23976299.88282999,0
GST.V,D,20220904,000000,0.0378038,0.0386,0.0353,0.0365,17312689.25019734,0
GST.V,D,20220905,000000,0.0364,0.0368037,0.0352,0.0354,6818658.499696793,0
GST.V,D,20220906,000000,0.0354035,0.0367037,0.0344966,0.0346,11967301.64167098,0
GST.V,D,20220907,000000,0.0349,0.0349003,0.0321994,0.0337024,15471045.509915015,0
GST.V,D,20220908,000000,0.0336024,0.0346031,0.0323048,0.0328049,18473453.38718125,0
GST.V,D,20220909,000000,0.0328,0.0403157,0.0326039,0.0369125,38998277.86110021,0
GST.V,D,20220910,000000,0.036914,0.047318,0.0358104,0.0403077,122636257.79809946,0
GST.V,D,20220911,000000,0.040208,0.0412136,0.0373123,0.0378095,19306557.99000841,0
GST.V,D,20220912,000000,0.037709,0.0387074,0.0352106,0.0356071,13106123.752183808,0
GST.V,D,20220913,000000,0.0356064,0.0363102,0.033202,0.0335007,10127214.23560732,0
GST.V,D,20220914,000000,0.0335007,0.0354004,0.0329,0.0330089,12968431.202465339,0
GST.V,D,20220915,000000,0.0332106,0.0345083,0.0325912,0.0335966,11270960.673748506,0
GST.V,D,20220916,000000,0.0336976,0.0365963,0.0331934,0.0334967,18814460.474938456,0
GST.V,D,20220917,000000,0.0333967,0.0345035,0.0330967,0.0334033,12205371.548879478,0
GST.V,D,20220918,000000,0.0336,0.0354964,0.0332967,0.0335,14457344.43589511,0
GST.V,D,20220919,000000,0.0334967,0.0336,0.0292971,0.0314031,26735677.01174168,0
GST.V,D,20220920,000000,0.0312062,0.0315063,0.0291,0.0293029,21134607.28558494,0
GST.V,D,20220921,000000,0.0293,0.0306092,0.0284028,0.0292,14288421.554222262,0
GST.V,D,20220922,000000,0.029,0.0297,0.0281,0.0284,12814597.156010592,0
GST.V,D,20220923,000000,0.0285028,0.0296,0.0279972,0.0294971,19647899.50248046,0
GST.V,D,20220924,000000,0.0294971,0.0304033,0.0283983,0.0302027,14984226.501808865,0
GST.V,D,20220925,000000,0.0303,0.030403,0.0276,0.0278,37373543.13532204,0
GST.V,D,20220926,000000,0.0278,0.0314006,0.0273992,0.0284,41683982.826344736,0
GST.V,D,20220927,000000,0.0284,0.0348,0.0282,0.0326967,147700535.24784282,0
GST.V,D,20220928,000000,0.0324,0.0364,0.0313969,0.0316,150896401.07848087,0
GST.V,D,20220929,000000,0.032,0.0326967,0.0303,0.0313031,97986785.07632458,0
GST.V,D,20220930,000000,0.0313,0.0317032,0.019,0.0265,305568351.71324146,0
GST.V,D,20221001,000000,0.0265,0.0267,0.0252,0.0256,53030399.16819256,0
GST.V,D,20221002,000000,0.0255,0.0257,0.0243,0.0248,13629183.264555812,0
GST.V,D,20221003,000000,0.0249,0.0251,0.0218,0.0231023,30313114.219383392,0
GST.V,D,20221004,000000,0.0231023,0.0241048,0.0223045,0.023307,13613872.015807653,0
GST.V,D,20221005,000000,0.0232046,0.0251025,0.0228046,0.0240048,21255288.95692526,0
GST.V,D,20221006,000000,0.0240048,0.0254028,0.0238048,0.0244041,17398858.803281713,0
GST.V,D,20221007,000000,0.0243039,0.025004,0.0233012,0.0238033,12188633.841644121,0
GST.V,D,20221008,000000,0.0236028,0.0250035,0.023403,0.024106,9545535.845350806,0
GST.V,D,20221009,000000,0.0242058,0.025005,0.0239024,0.024805,13231248.539306594,0
GST.V,D,20221010,000000,0.0247025,0.0250025,0.0239976,0.0240976,18044555.1265043,0
GST.V,D,20221011,000000,0.0241,0.0242976,0.0221978,0.0233979,17308581.212530497,0
GST.V,D,20221012,000000,0.0234977,0.0269992,0.0229963,0.0267008,45712527.761092745,0
GST.V,D,20221013,000000,0.0263005,0.0270995,0.0229977,0.024702,25813126.454507414,0
GST.V,D,20221014,000000,0.0245017,0.0257021,0.0241002,0.024501,16043319.28672416,0
GST.V,D,20221015,000000,0.0246005,0.0267029,0.0244007,0.0261013,18421693.131454326,0
GST.V,D,20221016,000000,0.0261016,0.0265992,0.0250015,0.0259013,27847568.04877294,0
GST.V,D,20221017,000000,0.026001,0.0265997,0.0255003,0.0255005,14339528.373003207,0
GST.V,D,20221018,000000,0.0259008,0.0266019,0.0255005,0.0258013,27107629.713346682,0
GST.V,D,20221019,000000,0.0259026,0.0266,0.0256,0.0258003,21773312.145124067,0
GST.V,D,20221020,000000,0.0258,0.0266995,0.0250977,0.0255974,24939312.76321369,0
GST.V,D,20221021,000000,0.0256974,0.0260995,0.0235988,0.0241007,17354046.80837818,0
GST.V,D,20221022,000000,0.024201,0.0251008,0.0233012,0.0239022,20052014.87956282,0
GST.V,D,20221023,000000,0.0235021,0.0242036,0.0234988,0.0241031,975927.7684953001,0
GST.V,D,20221024,000000,0.0241019,0.0246025,0.0230007,0.0234012,2031755.7840057001,0
GST.V,D,20221025,000000,0.0235009,0.024007,0.0229993,0.0237076,2422009.708331198,0
GST.V,D,20221026,000000,0.023508,0.0248074,0.0234073,0.0243068,3375361.7776747993,0
GST.V,D,20221027,000000,0.0245069,0.0248074,0.0240048,0.0245015,2005266.3247706234,0
GST.V,D,20221028,000000,0.0244015,0.0248007,0.0240043,0.0241053,5889004.728091813,0
GST.V,D,20221029,000000,0.0242044,0.025009,0.0239048,0.0244059,4423286.205855393,0
GST.V,D,20221030,000000,0.0243058,0.0250058,0.0241041,0.0244051,3247336.7750463397,0
GST.V,D,20221031,000000,0.0245049,0.0248055,0.0241971,0.024398,1660598.712773,0
GST.V,D,20221101,000000,0.0242985,0.0244988,0.0232965,0.0234974,1812248.9008896013,0
GST.V,D,20221102,000000,0.0234977,0.0240005,0.022897,0.0230995,4103379.5733140945,0
GST.V,D,20221103,000000,0.0230986,0.023899,0.022897,0.0235998,3324623.5120594017,0
GST.V,D,20221104,000000,0.0235998,0.0243022,0.0230984,0.0241019,3195527.1050434983,0
GST.V,D,20221105,000000,0.0243017,0.0571023,0.0240017,0.0452023,540662692.0001707,0
GST.V,D,20221106,000000,0.0449022,0.0470024,0.0332027,0.0348024,263736565.4144094,0
GST.V,D,20221107,000000,0.0351025,0.0360043,0.0300036,0.0310037,36663140.548480675,0
GST.V,D,20221108,000000,0.0311093,0.0333433,0.0249722,0.0273819,59665707.578917205,0
GST.V,D,20221109,000000,0.0274822,0.0280311,0.0210526,0.0217039,36888582.83625142,0
GST.V,D,20221110,000000,0.0217638,0.0305521,0.0208039,0.0264105,25452231.873484626,0
GST.V,D,20221111,000000,0.0264052,0.0323857,0.0250071,0.0253278,29763367.474675957,0
GST.V,D,20221112,000000,0.0251025,0.0270345,0.0243561,0.024955,19891583.95693337,0
GST.V,D,20221113,000000,0.0250548,0.029897,0.0234671,0.0236668,121805191.72074576,0
GST.V,D,20221114,000000,0.0236716,0.0246704,0.0225661,0.0240663,73210431.74324076,0
GST.V,D,20221115,000000,0.023964,0.0278665,0.0238665,0.0241758,51185595.37527057,0
GST.V,D,20221116,000000,0.0241705,0.0278729,0.0232776,0.0242779,49060607.684695154,0
GST.V,D,20221117,000000,0.024378,0.0278777,0.023279,0.0247807,43413895.82567388,0
GST.V,D,20221118,000000,0.0247814,0.0247821,0.0234711,0.0236727,17336811.560398582,0
GST.V,D,20221119,000000,0.0235729,0.0241714,0.0233708,0.0235755,15404211.422871085,0
GST.V,D,20221120,000000,0.0236787,0.0239738,0.0221714,0.0225656,16763928.755586805,0
GST.V,D,20221121,000000,0.022366,0.0227708,0.0208735,0.0215739,23652768.32132018,0
GST.V,D,20221122,000000,0.0214742,0.0227751,0.0209742,0.022073,20959969.451909088,0
GST.V,D,20221123,000000,0.022073,0.0229731,0.0218715,0.0225751,13639774.99871811,0
GST.V,D,20221124,000000,0.0227754,0.0230787,0.0219806,0.0222813,10365403.47406203,0
GST.V,D,20221125,000000,0.0220812,0.0232851,0.0219824,0.0220874,16073909.856403893,0
GST.V,D,20221126,000000,0.0220845,0.0227863,0.0219872,0.0224867,10503167.674549524,0
GST.V,D,20221127,000000,0.0224867,0.0227875,0.0219853,0.0224856,12694399.715959853,0
GST.V,D,20221128,000000,0.0223861,0.0225885,0.0211886,0.0216918,10286813.49487598,0
GST.V,D,20221129,000000,0.0215918,0.0227881,0.0213917,0.0222913,11275406.68334323,0
GST.V,D,20221130,000000,0.0221918,0.0225912,0.0214983,0.0222011,9625074.430367209,0
GST.V,D,20221201,000000,0.0220015,0.0224036,0.0217002,0.0219013,9350020.363823486,0
GST.V,D,20221202,000000,0.0219013,0.022502,0.0218993,0.0220013,27606148.33975886,0
GST.V,D,20221203,000000,0.0222013,0.0275027,0.0219,0.0252025,61060395.125965625,0
GST.V,D,20221204,000000,0.0253025,0.0264053,0.0226,0.0234047,41079292.06470347,0
GST.V,D,20221205,000000,0.0233047,0.0260031,0.0226,0.0228007,21088627.487555463,0
GST.V,D,20221206,000000,0.0230005,0.0234002,0.0224025,0.0225995,8204694.812925199,0
GST.V,D,20221207,000000,0.0226,0.0245995,0.0224996,0.0232,35911712.365676135,0
GST.V,D,20221208,000000,0.0232002,0.0234002,0.0224029,0.0229016,13707545.578833055,0
GST.V,D,20221209,000000,0.0227023,0.0234014,0.0226007,0.0230007,5730984.427548074,0
GST.V,D,20221210,000000,0.0229009,0.0232005,0.0225995,0.0226998,4894587.200216802,0
GST.V,D,20221211,000000,0.0225995,0.0231007,0.0222022,0.0222022,4188186.2476262012,0
GST.V,D,20221212,000000,0.0222044,0.0224045,0.0209891,0.021702,4469150.222447013,0
GST.V,D,20221213,000000,0.0219018,0.0279989,0.0216013,0.0221947,2969781.6268652054,0
GST.V,D,20221214,000000,0.0221947,0.0224,0.0216941,0.0217015,2666221.9320393982,0
GST.V,D,20221215,000000,0.0217022,0.0222044,0.0216022,0.0219044,1618380.840313392,0
GST.V,D,20221216,000000,0.0219044,0.0219044,0.0192019,0.0195039,3663526.4221512065,0
GST.V,D,20221217,000000,0.019702,0.020004,0.0188024,0.0189025,3659910.391600798,0
GST.V,D,20221218,000000,0.0191025,0.0194023,0.0182016,0.0188023,2251957.711900299,0
GST.V,D,20221219,000000,0.0189023,0.0190027,0.0179993,0.0181,2175534.1309685023,0
GST.V,D,20221220,000000,0.0179998,0.0185002,0.0179984,0.0182007,2040075.1862248022,0
GST.V,D,20221221,000000,0.0183009,0.0184017,0.0172003,0.0176007,2099768.6495987033,0
GST.V,D,20221222,000000,0.0176009,0.0178002,0.0167982,0.0171971,2513796.561525998,0
GST.V,D,20221223,000000,0.0172974,0.0174983,0.0167975,0.0168981,3559470.5173168047,0
GST.V,D,20221224,000000,0.0170981,0.0170991,0.0155984,0.0160997,3080817.523596298,0
GST.V,D,20221225,000000,0.0160992,0.0172974,0.0153972,0.0166975,5791174.930784297,0
GST.V,D,20221226,000000,0.0167978,0.0171985,0.015597,0.0157968,4125045.6164636966,0
GST.V,D,20221227,000000,0.015797,0.0160971,0.0147947,0.015294,4693219.744203294,0
GST.V,D,20221228,000000,0.015294,0.015495,0.0143915,0.0144922,3245884.898366096,0
GST.V,D,20221229,000000,0.0145923,0.0145928,0.013894,0.0140938,3020560.384672501,0
GST.V,D,20221230,000000,0.0139937,0.016092,0.0138937,0.0144926,8124727.134655677,0
GST.V,D,20221231,000000,0.0144926,0.014593,0.0138926,0.0141929,2692666.3707597954,0
GST.V,D,20230101,000000,0.0140928,0.0141929,0.0137921,0.0139934,1547093.3719495013,0
GST.V,D,20230102,000000,0.0139936,0.0145956,0.0137935,0.0145955,2991006.0308128,0
GST.V,D,20230103,000000,0.0144952,0.0147953,0.0140941,0.0141945,3838577.7708195033,0
GST.V,D,20230104,000000,0.0141945,0.0147941,0.0141945,0.0145952,3726371.6846325058,0
GST.V,D,20230105,000000,0.0144951,0.0145961,0.0137943,0.0140949,4045085.4542232957,0
GST.V,D,20230106,000000,0.014195,0.0159954,0.0139919,0.0153952,9133092.274690904,0
GST.V,D,20230107,000000,0.0153951,0.0156953,0.0141956,0.0145964,5789689.563397213,0
GST.V,D,20230108,000000,0.0144957,0.0147979,0.0141972,0.0144978,2182630.4965953967,0
GST.V,D,20230109,000000,0.0144983,0.0158,0.0144972,0.0151998,6060482.338864189,0
GST.V,D,20230110,000000,0.015,0.0159022,0.0145972,0.0156022,4570027.320751309,0
GST.V,D,20230111,000000,0.0157024,0.0183027,0.0151985,0.0153997,15668012.194835914,0
GST.V,D,20230112,000000,0.0154986,0.0163984,0.0151974,0.0159016,5410411.134598401,0
GST.V,D,20230113,000000,0.0159016,0.017002,0.0157016,0.0164015,3795663.0592672983,0
GST.V,D,20230114,000000,0.0165013,0.0217024,0.0164011,0.020701,24291296.391134232,0
GST.V,D,20230115,000000,0.020701,0.0208021,0.0174019,0.0190055,12488466.076471401,0
GST.V,D,20230116,000000,0.0187056,0.0191057,0.0175063,0.0184004,5817171.222394706,0
GST.V,D,20230117,000000,0.0184004,0.0188028,0.0176998,0.0181018,6320587.8051662985,0
GST.V,D,20230118,000000,0.018002,0.0184022,0.0157976,0.0165992,15789787.435990678,0
GST.V,D,20230119,000000,0.0165992,0.0178995,0.0159994,0.0174995,7067754.868060025,0
GST.V,D,20230120,000000,0.0178011,0.0216996,0.0177011,0.0192935,30082576.106018826,0
GST.V,D,20230121,000000,0.0192835,0.0197834,0.0184052,0.0189628,14427541.651635367,0
GST.V,D,20230122,000000,0.0190038,0.0196045,0.0186017,0.0190036,13778634.650166018,0
GST.V,D,20230123,000000,0.0190038,0.0209023,0.0188038,0.0196031,18233898.939775713,0
GST.V,D,20230124,000000,0.0198028,0.0204033,0.0190023,0.0192004,10658425.499010406,0
GST.V,D,20230125,000000,0.0191006,0.0198014,0.0185013,0.0192031,5282980.367193102,0
GST.V,D,20230126,000000,0.0193033,0.0241017,0.0192029,0.0233019,10352248.8669764,0
GST.V,D,20230127,000000,0.0232021,0.0284023,0.0227098,0.0227098,47190925.90359838,0
GST.V,D,20230128,000000,0.022988,0.0240563,0.0220155,0.0222044,12104230.850755023,0
GST.V,D,20230129,000000,0.0224045,0.0235068,0.0216035,0.0227016,9457136.281488791,0
GST.V,D,20230130,000000,0.0228009,0.0233023,0.0204004,0.0212013,10029690.530422304,0
GST.V,D,20230131,000000,0.0211013,0.0226007,0.0210985,0.0216019,4915177.332528005,0
GST.V,D,20230201,000000,0.0216017,0.0225025,0.0207002,0.0224013,7768627.425812079,0
GST.V,D,20230202,000000,0.0222011,0.023805,0.0222011,0.0227045,7076855.604917699,0
GST.V,D,20230203,000000,0.0226045,0.0236042,0.0220004,0.0231018,6694196.689020511,0
GST.V,D,20230204,000000,0.0229018,0.0236017,0.0226018,0.0229021,5897705.1779114045,0
GST.V,D,20230205,000000,0.0229018,0.0232056,0.0214043,0.0219055,5012584.816016902,0
GST.V,D,20230206,000000,0.0218055,0.0225043,0.0214051,0.0222009,5691426.182404394,0
GST.V,D,20230207,000000,0.0221009,0.0226007,0.0214998,0.0224013,7527447.754870698,0
GST.V,D,20230208,000000,0.0224013,0.0239019,0.0217011,0.0222018,6868599.299034012,0
GST.V,D,20230209,000000,0.0221015,0.0224004,0.0199018,0.0200018,5237945.634443609,0
GST.V,D,20230210,000000,0.0199018,0.0206058,0.0194047,0.020103,4419533.536805095,0
GST.V,D,20230211,000000,0.020003,0.0208017,0.0195012,0.0204018,3632054.5140939085,0
GST.V,D,20230212,000000,0.0204018,0.0206033,0.0196014,0.0199016,3998833.0003757994,0
GST.V,D,20230213,000000,0.019902,0.0201082,0.0188137,0.0193106,3757688.2755291737,0
GST.V,D,20230214,000000,0.0192106,0.020008,0.0190049,0.0197057,2735384.6050707935,0
GST.V,D,20230215,000000,0.0198079,0.0213036,0.019407,0.021204,5498937.565118957,0
GST.V,D,20230216,000000,0.021204,0.0215067,0.0204039,0.020607,4562856.214490901,0
GST.V,D,20230217,000000,0.0204029,0.021303,0.019902,0.0205021,7287128.8167136125,0
GST.V,D,20230218,000000,0.0205021,0.0318064,0.020501,0.0248042,68076210.98029219,0
GST.V,D,20230219,000000,0.024864,0.0287737,0.0230939,0.0241556,33079159.515850067,0
GST.V,D,20230220,000000,0.0241053,0.0254056,0.0221024,0.0234009,7966365.575819094,0
GST.V,D,20230221,000000,0.0234007,0.0242022,0.0228036,0.0234042,6609712.018503817,0
GST.V,D,20230222,000000,0.0234042,0.023504,0.022102,0.023,8274277.309040503,0
GST.V,D,20230223,000000,0.0230012,0.0243024,0.0229995,0.023203,8462591.651319964,0
GST.V,D,20230224,000000,0.0232035,0.0250028,0.0228034,0.0231998,6009918.192194595,0
GST.V,D,20230225,000000,0.0233,0.0246005,0.0195021,0.0208015,9625263.69418339,0
GST.V,D,20230226,000000,0.0209015,0.0224018,0.0205014,0.0219013,7438250.029461808,0
GST.V,D,20230227,000000,0.0219011,0.0226016,0.0216004,0.0222013,5977288.851481194,0
GST.V,D,20230228,000000,0.0222013,0.0226063,0.0218015,0.0224047,3252258.860006702,0
GST.V,D,20230301,000000,0.0225043,0.0230032,0.0221027,0.022903,2613556.1176808015,0
GST.V,D,20230302,000000,0.022903,0.023704,0.0222984,0.0232019,5192030.887135593,0
GST.V,D,20230303,000000,0.0231021,0.0234023,0.0214004,0.0222016,4446370.569166788,0
GST.V,D,20230304,000000,0.0223013,0.0223033,0.0211011,0.0215015,2774151.857576696,0
GST.V,D,20230305,000000,0.0214015,0.0223022,0.0209019,0.0217024,3123509.806460904,0
GST.V,D,20230306,000000,0.0216026,0.0218998,0.0210989,0.0215987,1963580.4171409006,0
GST.V,D,20230307,000000,0.0215978,0.0225984,0.0206994,0.020999,4501037.60184429,0
GST.V,D,20230308,000000,0.020999,0.0212,0.0203955,0.0206992,2383735.2279838976,0
GST.V,D,20230309,000000,0.0204973,0.0206961,0.0186961,0.0189017,4489883.473602991,0
GST.V,D,20230310,000000,0.0189019,0.0198057,0.0185996,0.0195702,4528863.1040719915,0
GST.V,D,20230311,000000,0.01957,0.020171,0.017622,0.0191377,4967898.471107904,0
GST.V,D,20230312,000000,0.0190393,0.0228623,0.0190321,0.0218058,31571001.065721363,0
GST.V,D,20230313,000000,0.0217593,0.0220921,0.0206634,0.0214854,4987633.133668998,0
GST.V,D,20230314,000000,0.0214854,0.0223023,0.0208832,0.0210865,6786337.7721687015,0
GST.V,D,20230315,000000,0.0211901,0.0223168,0.0204514,0.0207865,7285459.671547984,0
GST.V,D,20230316,000000,0.0207869,0.0209869,0.0204388,0.0204502,4619464.659791608,0
GST.V,D,20230317,000000,0.0206505,0.0216227,0.020443,0.0210628,3652413.4791545025,0
GST.V,D,20230318,000000,0.0210628,0.0235637,0.0209508,0.0224732,8934388.63549043,0
GST.V,D,20230319,000000,0.0226678,0.0229623,0.0216626,0.022167,6497166.185398599,0
GST.V,D,20230320,000000,0.0219648,0.0226678,0.0213722,0.0218796,5223822.397563692,0
GST.V,D,20230321,000000,0.0218796,0.0222835,0.0211722,0.0215688,3770296.241361,0
GST.V,D,20230322,000000,0.0215686,0.0216693,0.0205576,0.0210582,2405057.1965229,0
GST.V,D,20230323,000000,0.0209614,0.0212515,0.0207111,0.0211031,395652.49728599994,0
GST.V,D,20230324,000000,0.021081,0.0211411,0.0202349,0.0205702,1764380.4741049993,0
GST.V,D,20230325,000000,0.0205766,0.0211069,0.0198534,0.0203675,2179652.4085529023,0
GST.V,D,20230326,000000,0.0203693,0.0207316,0.0202346,0.0204812,922734.4371280002,0
GST.V,D,20230327,000000,0.020554,0.0206714,0.019645,0.0199066,1526148.0358539997,0
GST.V,D,20230328,000000,0.0199274,0.0201852,0.0198168,0.0201306,1885890.010203,0
GST.V,D,20230329,000000,0.0201409,0.0207553,0.020097,0.0203676,1542234.2982279996,0
GST.V,D,20230330,000000,0.0203629,0.0213105,0.0203351,0.0207766,2099013.7552960003,0
GST.V,D,20230331,000000,0.0207418,0.0209045,0.0202424,0.0206033,2065178.146911,0
GST.V,D,20230401,000000,0.020606,0.0212098,0.0205064,0.0208207,2825755.055965,0
GST.V,D,20230402,000000,0.0208175,0.0209928,0.0201094,0.0205537,2348116.477317002,0
GST.V,D,20230403,000000,0.0205297,0.020743,0.0201376,0.0202715,1888939.5465919992,0
GST.V,D,20230404,000000,0.0202065,0.0206559,0.020106,0.0205525,1638228.3794599988,0
GST.V,D,20230405,000000,0.0205713,0.0212051,0.0200126,0.0205884,2743700.050851971,0
GST.V,D,20230406,000000,0.0203041,0.0205055,0.0200086,0.0203576,2615279.727598999,0
GST.V,D,20230407,000000,0.0202763,0.020416,0.0200594,0.0202492,1695797.6343300007,0
GST.V,D,20230408,000000,0.0202071,0.0246628,0.0202071,0.0209682,5451483.852600399,0
GST.V,D,20230409,000000,0.0209807,0.0221833,0.0209221,0.0217328,2388422.5465735565,0
GST.V,D,20230410,000000,0.0216662,0.0217852,0.020608,0.021039,2734269.344163,0
GST.V,D,20230411,000000,0.0211152,0.0212118,0.0204674,0.0210846,3455213.160977,0
GST.V,D,20230412,000000,0.0210722,0.0211273,0.0206534,0.0208907,1417555.0038540005,0
GST.V,D,20230413,000000,0.0209214,0.0216235,0.020827,0.0212204,1371343.3036439996,0
GST.V,D,20230414,000000,0.0214203,0.022024,0.0208227,0.0211205,3212025.936813998,0
GST.V,D,20230415,000000,0.0210884,0.0221559,0.0210308,0.0218637,2270443.3417649996,0
GST.V,D,20230416,000000,0.0217257,0.0219159,0.0210942,0.0211428,1600151.9591390002,0
GST.V,D,20230417,000000,0.0212171,0.0215608,0.0208156,0.0208688,1777732.5752220002,0
GST.V,D,20230418,000000,0.0208581,0.0211099,0.0207093,0.0209866,1251105.2226878868,0
GST.V,D,20230419,000000,0.0208412,0.0210387,0.0200242,0.0200242,1244335.7623480007,0
