<TICKER>,<PER>,<DATE>,<TIME>,<OPEN>,<HIGH>,<LOW>,<CLOSE>,<VOL>,<OPENINT>
HBAR.V,D,20190920,000000,0.05058,0.05638,0.04986,0.05159,0,0
HBAR.V,D,20190921,000000,0.05159,0.05484,0.04545,0.04814,0,0
HBAR.V,D,20190922,000000,0.04814,0.04858,0.03844,0.03924,0,0
HBAR.V,D,20190923,000000,0.03924,0.03924,0.03403,0.03791,0,0
HBAR.V,D,20190924,000000,0.03791,0.04041,0.0287,0.02947,0,0
HBAR.V,D,20190925,000000,0.02947,0.03075,0.02635,0.03024,0,0
HBAR.V,D,20190926,000000,0.03024,0.03024,0.02794,0.02899,0,0
HBAR.V,D,20190927,000000,0.02899,0.03805,0.0287,0.03764,0,0
HBAR.V,D,20190928,000000,0.03764,0.0426,0.03734,0.0398,0,0
HBAR.V,D,20190929,000000,0.0398,0.04154,0.03242,0.03565,0,0
HBAR.V,D,20190930,000000,0.03565,0.04465,0.03565,0.03808,0,0
HBAR.V,D,20191001,000000,0.03808,0.04005,0.03747,0.0388,0,0
HBAR.V,D,20191002,000000,0.0388,0.03986,0.03659,0.03759,0,0
HBAR.V,D,20191003,000000,0.03759,0.03909,0.03661,0.03769,0,0
HBAR.V,D,20191004,000000,0.03769,0.03929,0.03684,0.03872,0,0
HBAR.V,D,20191005,000000,0.03872,0.04282,0.03857,0.04209,0,0
HBAR.V,D,20191006,000000,0.04209,0.04209,0.03745,0.038,0,0
HBAR.V,D,20191007,000000,0.038,0.03968,0.03746,0.03828,0,0
HBAR.V,D,20191008,000000,0.03828,0.03924,0.03695,0.03891,0,0
HBAR.V,D,20191009,000000,0.03891,0.04185,0.03867,0.03918,0,0
HBAR.V,D,20191010,000000,0.03918,0.0392,0.03714,0.03843,0,0
HBAR.V,D,20191011,000000,0.03843,0.03843,0.03485,0.03584,0,0
HBAR.V,D,20191012,000000,0.03584,0.03634,0.03476,0.03518,0,0
HBAR.V,D,20191013,000000,0.03518,0.03534,0.0331,0.03319,0,0
HBAR.V,D,20191014,000000,0.03319,0.03839,0.0327,0.03705,0,0
HBAR.V,D,20191015,000000,0.03705,0.04079,0.03523,0.03801,0,0
HBAR.V,D,20191016,000000,0.03801,0.03801,0.03526,0.03751,0,0
HBAR.V,D,20191017,000000,0.03751,0.03783,0.03378,0.03516,0,0
HBAR.V,D,20191018,000000,0.03516,0.03596,0.03364,0.03396,0,0
HBAR.V,D,20191019,000000,0.03396,0.03429,0.03293,0.03365,0,0
HBAR.V,D,20191020,000000,0.03365,0.03513,0.03299,0.03324,0,0
HBAR.V,D,20191021,000000,0.03324,0.03437,0.03314,0.03339,0,0
HBAR.V,D,20191022,000000,0.03339,0.03339,0.03101,0.03158,0,0
HBAR.V,D,20191023,000000,0.03158,0.03158,0.02723,0.02805,0,0
HBAR.V,D,20191024,000000,0.02805,0.02978,0.02702,0.02866,0,0
HBAR.V,D,20191025,000000,0.02866,0.0352,0.02866,0.0307,0,0
HBAR.V,D,20191026,000000,0.0307,0.03463,0.02898,0.03055,0,0
HBAR.V,D,20191027,000000,0.03055,0.03219,0.0298,0.03199,0,0
HBAR.V,D,20191028,000000,0.03199,0.03274,0.02923,0.03172,0,0
HBAR.V,D,20191029,000000,0.03172,0.0349,0.03172,0.03415,0,0
HBAR.V,D,20191030,000000,0.03415,0.03415,0.03154,0.03283,0,0
HBAR.V,D,20191031,000000,0.03283,0.03342,0.03159,0.03324,0,0
HBAR.V,D,20191101,000000,0.03324,0.03547,0.03324,0.03491,0,0
HBAR.V,D,20191102,000000,0.03491,0.0352,0.03334,0.03445,0,0
HBAR.V,D,20191103,000000,0.03445,0.03726,0.03301,0.03698,0,0
HBAR.V,D,20191104,000000,0.03698,0.04023,0.03571,0.03656,0,0
HBAR.V,D,20191105,000000,0.03656,0.03711,0.03524,0.03618,0,0
HBAR.V,D,20191106,000000,0.03618,0.03636,0.03384,0.03421,0,0
HBAR.V,D,20191107,000000,0.03421,0.03421,0.03168,0.03269,0,0
HBAR.V,D,20191108,000000,0.03269,0.035,0.03114,0.03281,0,0
HBAR.V,D,20191109,000000,0.03281,0.03961,0.03281,0.03688,0,0
HBAR.V,D,20191110,000000,0.03688,0.0379,0.03465,0.03537,0,0
HBAR.V,D,20191111,000000,0.03537,0.03537,0.03316,0.03456,0,0
HBAR.V,D,20191112,000000,0.03456,0.03579,0.03438,0.03517,0,0
HBAR.V,D,20191113,000000,0.03517,0.03562,0.03317,0.03536,0,0
HBAR.V,D,20191114,000000,0.03536,0.03536,0.0337,0.03387,0,0
HBAR.V,D,20191115,000000,0.03387,0.03387,0.0293,0.03235,0,0
HBAR.V,D,20191116,000000,0.03235,0.03323,0.03196,0.03281,0,0
HBAR.V,D,20191117,000000,0.03281,0.03474,0.03236,0.0327,0,0
HBAR.V,D,20191118,000000,0.0327,0.0327,0.02998,0.03063,0,0
HBAR.V,D,20191119,000000,0.03063,0.03091,0.02863,0.03034,0,0
HBAR.V,D,20191120,000000,0.03034,0.03076,0.02873,0.0293,0,0
HBAR.V,D,20191121,000000,0.0293,0.0293,0.02633,0.0274,0,0
HBAR.V,D,20191122,000000,0.0274,0.02771,0.02618,0.0264,0,0
HBAR.V,D,20191123,000000,0.0264,0.0276,0.02466,0.02569,0,0
HBAR.V,D,20191124,000000,0.02569,0.02569,0.02363,0.02405,0,0
HBAR.V,D,20191125,000000,0.02405,0.02627,0.02327,0.02413,0,0
HBAR.V,D,20191126,000000,0.02413,0.02502,0.02395,0.02445,0,0
HBAR.V,D,20191127,000000,0.02445,0.02576,0.02395,0.02433,0,0
HBAR.V,D,20191128,000000,0.02433,0.02575,0.02382,0.02516,0,0
HBAR.V,D,20191129,000000,0.02516,0.02766,0.02516,0.02618,0,0
HBAR.V,D,20191130,000000,0.02618,0.02635,0.02431,0.02499,0,0
HBAR.V,D,20191201,000000,0.02499,0.02597,0.02404,0.02553,0,0
HBAR.V,D,20191202,000000,0.02553,0.02562,0.02409,0.02423,0,0
HBAR.V,D,20191203,000000,0.02423,0.02435,0.02362,0.02384,0,0
HBAR.V,D,20191204,000000,0.02384,0.024,0.02206,0.02278,0,0
HBAR.V,D,20191205,000000,0.02278,0.02348,0.0217,0.02259,0,0
HBAR.V,D,20191206,000000,0.02259,0.02426,0.02259,0.02366,0,0
HBAR.V,D,20191207,000000,0.02366,0.02555,0.02352,0.02465,0,0
HBAR.V,D,20191208,000000,0.02465,0.02646,0.0239,0.02631,0,0
HBAR.V,D,20191209,000000,0.02631,0.02808,0.0247,0.02529,0,0
HBAR.V,D,20191210,000000,0.02529,0.02529,0.02185,0.02337,0,0
HBAR.V,D,20191211,000000,0.02337,0.02524,0.02329,0.02474,0,0
HBAR.V,D,20191212,000000,0.02474,0.02498,0.02311,0.02333,0,0
HBAR.V,D,20191213,000000,0.02333,0.02447,0.02331,0.02346,0,0
HBAR.V,D,20191214,000000,0.02346,0.02464,0.0228,0.02329,0,0
HBAR.V,D,20191215,000000,0.02329,0.02354,0.02225,0.02282,0,0
HBAR.V,D,20191216,000000,0.02282,0.02282,0.0209,0.0209,0,0
HBAR.V,D,20191217,000000,0.0209,0.0209,0.01845,0.01851,0,0
HBAR.V,D,20191218,000000,0.01851,0.0221,0.01851,0.01948,0,0
HBAR.V,D,20191219,000000,0.01948,0.01948,0.01797,0.01818,0,0
HBAR.V,D,20191220,000000,0.01818,0.01945,0.01818,0.0188,0,0
HBAR.V,D,20191221,000000,0.0188,0.01919,0.01776,0.01833,0,0
HBAR.V,D,20191222,000000,0.01833,0.02097,0.01833,0.01857,0,0
HBAR.V,D,20191223,000000,0.01857,0.01857,0.01429,0.01561,0,0
HBAR.V,D,20191224,000000,0.01561,0.01576,0.01496,0.01518,0,0
HBAR.V,D,20191225,000000,0.01518,0.01577,0.01448,0.01469,0,0
HBAR.V,D,20191226,000000,0.01469,0.01514,0.01434,0.0147,0,0
HBAR.V,D,20191227,000000,0.0147,0.0148,0.014,0.01414,0,0
HBAR.V,D,20191228,000000,0.01414,0.01478,0.01414,0.01427,0,0
HBAR.V,D,20191229,000000,0.01427,0.0145,0.0128,0.0131,0,0
HBAR.V,D,20191230,000000,0.0131,0.0131,0.01085,0.01107,0,0
HBAR.V,D,20191231,000000,0.01107,0.01178,0.01013,0.01027,0,0
HBAR.V,D,20200101,000000,0.01027,0.01093,0.01014,0.01028,0,0
HBAR.V,D,20200102,000000,0.01028,0.01052,0.009822,0.0101,0,0
HBAR.V,D,20200103,000000,0.0101,0.01101,0.0101,0.01035,0,0
HBAR.V,D,20200104,000000,0.01035,0.01214,0.01008,0.01111,0,0
HBAR.V,D,20200105,000000,0.01111,0.01244,0.01089,0.01156,0,0
HBAR.V,D,20200106,000000,0.01156,0.01227,0.01087,0.0111,0,0
HBAR.V,D,20200107,000000,0.0111,0.01167,0.01053,0.01061,0,0
HBAR.V,D,20200108,000000,0.01061,0.01061,0.009735,0.01022,0,0
HBAR.V,D,20200109,000000,0.01022,0.01063,0.009772,0.01008,0,0
HBAR.V,D,20200110,000000,0.01008,0.01179,0.01008,0.01057,0,0
HBAR.V,D,20200111,000000,0.01057,0.01148,0.01027,0.01131,0,0
HBAR.V,D,20200112,000000,0.01131,0.0117,0.01088,0.01096,0,0
HBAR.V,D,20200113,000000,0.01096,0.01102,0.0103,0.01054,0,0
HBAR.V,D,20200114,000000,0.01054,0.01147,0.01014,0.01023,0,0
HBAR.V,D,20200115,000000,0.01023,0.01075,0.01014,0.0104,0,0
HBAR.V,D,20200116,000000,0.0104,0.01186,0.0102,0.01151,0,0
HBAR.V,D,20200117,000000,0.01151,0.01227,0.01085,0.01165,0,0
HBAR.V,D,20200118,000000,0.01165,0.01221,0.0114,0.01185,0,0
HBAR.V,D,20200119,000000,0.01185,0.01185,0.01053,0.01088,0,0
HBAR.V,D,20200120,000000,0.01088,0.01097,0.01045,0.01053,0,0
HBAR.V,D,20200121,000000,0.01053,0.01082,0.01021,0.01038,0,0
HBAR.V,D,20200122,000000,0.01038,0.01109,0.009967,0.01075,0,0
HBAR.V,D,20200123,000000,0.01075,0.01075,0.01007,0.01024,0,0
HBAR.V,D,20200124,000000,0.01024,0.01121,0.0102,0.01121,0,0
HBAR.V,D,20200125,000000,0.01121,0.0126,0.0106,0.0121,0,0
HBAR.V,D,20200126,000000,0.0121,0.01273,0.01161,0.0117,0,0
HBAR.V,D,20200127,000000,0.0117,0.01273,0.01121,0.01139,0,0
HBAR.V,D,20200128,000000,0.01139,0.01249,0.01139,0.01155,0,0
HBAR.V,D,20200129,000000,0.01155,0.01189,0.01105,0.01161,0,0
HBAR.V,D,20200130,000000,0.01161,0.01235,0.01161,0.01197,0,0
HBAR.V,D,20200131,000000,0.01197,0.01336,0.01168,0.01317,0,0
HBAR.V,D,20200201,000000,0.01317,0.0137,0.01286,0.01333,0,0
HBAR.V,D,20200202,000000,0.01333,0.01363,0.01279,0.01316,0,0
HBAR.V,D,20200203,000000,0.01316,0.01607,0.01263,0.01598,0,0
HBAR.V,D,20200204,000000,0.01598,0.01935,0.01486,0.01807,0,0
HBAR.V,D,20200205,000000,0.01807,0.02364,0.0174,0.02239,0,0
HBAR.V,D,20200206,000000,0.02239,0.0241,0.02019,0.02078,0,0
HBAR.V,D,20200207,000000,0.02078,0.02109,0.01981,0.0203,0,0
HBAR.V,D,20200208,000000,0.0203,0.02079,0.01792,0.01851,0,0
HBAR.V,D,20200209,000000,0.01851,0.02123,0.01808,0.01971,0,0
HBAR.V,D,20200210,000000,0.01971,0.01972,0.01863,0.01893,0,0
HBAR.V,D,20200211,000000,0.01893,0.03676,0.01893,0.0342,0,0
HBAR.V,D,20200212,000000,0.0342,0.0834,0.03373,0.06892,0,0
HBAR.V,D,20200213,000000,0.06892,0.07818,0.05147,0.05546,0,0
HBAR.V,D,20200214,000000,0.05546,0.06082,0.0488,0.05481,0,0
HBAR.V,D,20200215,000000,0.05481,0.05481,0.04685,0.04814,0,0
HBAR.V,D,20200216,000000,0.04814,0.05509,0.0402,0.05191,0,0
HBAR.V,D,20200217,000000,0.05191,0.05938,0.04667,0.05152,0,0
HBAR.V,D,20200218,000000,0.05152,0.05641,0.04928,0.05101,0,0
HBAR.V,D,20200219,000000,0.05101,0.05128,0.04542,0.04648,0,0
HBAR.V,D,20200220,000000,0.04648,0.04881,0.04372,0.04631,0,0
HBAR.V,D,20200221,000000,0.04631,0.04994,0.0449,0.04626,0,0
HBAR.V,D,20200222,000000,0.04626,0.04894,0.04488,0.04536,0,0
HBAR.V,D,20200223,000000,0.04536,0.04689,0.0425,0.0429,0,0
HBAR.V,D,20200224,000000,0.0429,0.0429,0.03634,0.03788,0,0
HBAR.V,D,20200225,000000,0.03788,0.03788,0.03345,0.0354,0,0
HBAR.V,D,20200226,000000,0.0354,0.03561,0.02955,0.03254,0,0
HBAR.V,D,20200227,000000,0.03254,0.03873,0.0314,0.03626,0,0
HBAR.V,D,20200228,000000,0.03626,0.03697,0.03287,0.0354,0,0
HBAR.V,D,20200229,000000,0.0354,0.037,0.03393,0.03401,0,0
HBAR.V,D,20200301,000000,0.03401,0.03574,0.03343,0.0342,0,0
HBAR.V,D,20200302,000000,0.0342,0.04103,0.0342,0.03853,0,0
HBAR.V,D,20200303,000000,0.03853,0.04155,0.03699,0.04146,0,0
HBAR.V,D,20200304,000000,0.04146,0.04562,0.04071,0.04141,0,0
HBAR.V,D,20200305,000000,0.04141,0.04828,0.04141,0.04583,0,0
HBAR.V,D,20200306,000000,0.04583,0.06302,0.04583,0.05918,0,0
HBAR.V,D,20200307,000000,0.05918,0.06322,0.05235,0.056,0,0
HBAR.V,D,20200308,000000,0.056,0.05842,0.04859,0.05068,0,0
HBAR.V,D,20200309,000000,0.05068,0.05498,0.04377,0.04528,0,0
HBAR.V,D,20200310,000000,0.04528,0.04824,0.04358,0.04476,0,0
HBAR.V,D,20200311,000000,0.04476,0.05419,0.04457,0.04815,0,0
HBAR.V,D,20200312,000000,0.04815,0.04815,0.02193,0.02616,0,0
HBAR.V,D,20200313,000000,0.02616,0.03605,0.02574,0.03537,0,0
HBAR.V,D,20200314,000000,0.03537,0.0441,0.03228,0.04006,0,0
HBAR.V,D,20200315,000000,0.04006,0.04618,0.03846,0.03964,0,0
HBAR.V,D,20200316,000000,0.03964,0.03964,0.03289,0.03597,0,0
HBAR.V,D,20200317,000000,0.03597,0.03923,0.0356,0.0371,0,0
HBAR.V,D,20200318,000000,0.0371,0.04011,0.03551,0.03686,0,0
HBAR.V,D,20200319,000000,0.03686,0.04688,0.03686,0.04088,0,0
HBAR.V,D,20200320,000000,0.04088,0.04233,0.03724,0.03811,0,0
HBAR.V,D,20200321,000000,0.03811,0.03841,0.03593,0.0373,0,0
HBAR.V,D,20200322,000000,0.0373,0.0373,0.03322,0.0334,0,0
HBAR.V,D,20200323,000000,0.0334,0.03759,0.0333,0.03447,0,0
HBAR.V,D,20200324,000000,0.03447,0.03702,0.03316,0.03363,0,0
HBAR.V,D,20200325,000000,0.03363,0.03535,0.0322,0.03273,0,0
HBAR.V,D,20200326,000000,0.03273,0.0346,0.03237,0.03392,0,0
HBAR.V,D,20200327,000000,0.03392,0.03392,0.03064,0.03179,0,0
HBAR.V,D,20200328,000000,0.03179,0.03264,0.03032,0.03101,0,0
HBAR.V,D,20200329,000000,0.03101,0.03182,0.02894,0.03047,0,0
HBAR.V,D,20200330,000000,0.03047,0.03368,0.03047,0.03176,0,0
HBAR.V,D,20200331,000000,0.03176,0.03237,0.03103,0.03193,0,0
HBAR.V,D,20200401,000000,0.03193,0.03492,0.03193,0.03265,0,0
HBAR.V,D,20200402,000000,0.03265,0.03484,0.03198,0.03341,0,0
HBAR.V,D,20200403,000000,0.03341,0.03426,0.03264,0.03399,0,0
HBAR.V,D,20200404,000000,0.03399,0.03465,0.03328,0.03355,0,0
HBAR.V,D,20200405,000000,0.03355,0.03355,0.03248,0.03289,0,0
HBAR.V,D,20200406,000000,0.03289,0.03563,0.03289,0.03512,0,0
HBAR.V,D,20200407,000000,0.03512,0.03512,0.03284,0.03363,0,0
HBAR.V,D,20200408,000000,0.03363,0.03492,0.03352,0.03396,0,0
HBAR.V,D,20200409,000000,0.03396,0.0352,0.03321,0.03491,0,0
HBAR.V,D,20200410,000000,0.03499,0.03806,0.03193,0.03287,0,0
HBAR.V,D,20200411,000000,0.03287,0.03348,0.03201,0.03272,0,0
HBAR.V,D,20200412,000000,0.03273,0.03459,0.03231,0.03451,0,0
HBAR.V,D,20200413,000000,0.03451,0.03493,0.03162,0.03237,0,0
HBAR.V,D,20200414,000000,0.03238,0.03336,0.03205,0.03307,0,0
HBAR.V,D,20200415,000000,0.03308,0.03347,0.03215,0.03237,0,0
HBAR.V,D,20200416,000000,0.03237,0.0335,0.03091,0.03293,0,0
HBAR.V,D,20200417,000000,0.03293,0.03346,0.03205,0.03251,0,0
HBAR.V,D,20200418,000000,0.03251,0.03445,0.03249,0.03384,0,0
HBAR.V,D,20200419,000000,0.03384,0.03454,0.03265,0.03322,0,0
HBAR.V,D,20200420,000000,0.0332,0.03368,0.03034,0.03129,0,0
HBAR.V,D,20200421,000000,0.03128,0.03159,0.03049,0.03106,0,0
HBAR.V,D,20200422,000000,0.03106,0.03368,0.03068,0.03303,0,0
HBAR.V,D,20200423,000000,0.03303,0.0339,0.03135,0.0333,0,0
HBAR.V,D,20200424,000000,0.03329,0.03392,0.03271,0.03322,0,0
HBAR.V,D,20200425,000000,0.03321,0.03406,0.03277,0.03337,0,0
HBAR.V,D,20200426,000000,0.03337,0.03503,0.033,0.03443,0,0
HBAR.V,D,20200427,000000,0.03451,0.03474,0.03336,0.03375,0,0
HBAR.V,D,20200428,000000,0.03374,0.0342,0.03338,0.03382,0,0
HBAR.V,D,20200429,000000,0.03374,0.03547,0.03349,0.03503,0,0
HBAR.V,D,20200430,000000,0.03512,0.03696,0.03399,0.03496,0,0
HBAR.V,D,20200501,000000,0.03496,0.04286,0.0349,0.04286,0,0
HBAR.V,D,20200502,000000,0.04286,0.04892,0.04169,0.044,0,0
HBAR.V,D,20200503,000000,0.044,0.045,0.03818,0.0387,0,0
HBAR.V,D,20200504,000000,0.0387,0.04199,0.036,0.03988,0,0
HBAR.V,D,20200505,000000,0.03988,0.04283,0.03851,0.03993,0,0
HBAR.V,D,20200506,000000,0.03993,0.04102,0.03897,0.04024,0,0
HBAR.V,D,20200507,000000,0.04024,0.04028,0.03762,0.03924,0,0
HBAR.V,D,20200508,000000,0.03923,0.04118,0.03837,0.04044,0,0
HBAR.V,D,20200509,000000,0.04045,0.04055,0.03879,0.03939,0,0
HBAR.V,D,20200510,000000,0.03939,0.03959,0.03271,0.03429,0,0
HBAR.V,D,20200511,000000,0.03429,0.03584,0.03157,0.0338,0,0
HBAR.V,D,20200512,000000,0.0338,0.03626,0.03321,0.03501,0,0
HBAR.V,D,20200513,000000,0.03501,0.036,0.03474,0.03577,0,0
HBAR.V,D,20200514,000000,0.03586,0.0388,0.03496,0.03776,0,0
HBAR.V,D,20200515,000000,0.03775,0.03861,0.03534,0.03615,0,0
HBAR.V,D,20200516,000000,0.03607,0.0371,0.03566,0.03603,0,0
HBAR.V,D,20200517,000000,0.03603,0.03657,0.03578,0.03622,0,0
HBAR.V,D,20200518,000000,0.03622,0.03709,0.03549,0.03554,0,0
HBAR.V,D,20200519,000000,0.03554,0.03657,0.03546,0.03612,0,0
HBAR.V,D,20200520,000000,0.03612,0.03944,0.03609,0.03772,0,0
HBAR.V,D,20200521,000000,0.03772,0.0387,0.03507,0.03595,0,0
HBAR.V,D,20200522,000000,0.03595,0.03816,0.03567,0.03747,0,0
HBAR.V,D,20200523,000000,0.03747,0.03856,0.03663,0.03728,0,0
HBAR.V,D,20200524,000000,0.03729,0.03854,0.03619,0.03831,0,0
HBAR.V,D,20200525,000000,0.03832,0.04079,0.03661,0.03988,0,0
HBAR.V,D,20200526,000000,0.03988,0.04794,0.03956,0.0455,0,0
HBAR.V,D,20200527,000000,0.0455,0.0456,0.04021,0.043,0,0
HBAR.V,D,20200528,000000,0.043,0.05099,0.043,0.04699,0,0
HBAR.V,D,20200529,000000,0.04699,0.04739,0.04333,0.0445,0,0
HBAR.V,D,20200530,000000,0.0445,0.04591,0.04412,0.04571,0,0
HBAR.V,D,20200531,000000,0.04571,0.04619,0.04434,0.04448,0,0
HBAR.V,D,20200601,000000,0.04448,0.04518,0.04324,0.04401,0,0
HBAR.V,D,20200602,000000,0.04402,0.04479,0.04037,0.04265,0,0
HBAR.V,D,20200603,000000,0.04265,0.04448,0.04143,0.04371,0,0
HBAR.V,D,20200604,000000,0.04371,0.04459,0.04225,0.04352,0,0
HBAR.V,D,20200605,000000,0.04352,0.04539,0.04346,0.04444,0,0
HBAR.V,D,20200606,000000,0.04445,0.04447,0.04317,0.04402,0,0
HBAR.V,D,20200607,000000,0.04402,0.0443,0.04179,0.0438,0,0
HBAR.V,D,20200608,000000,0.0438,0.04407,0.04309,0.0439,0,0
HBAR.V,D,20200609,000000,0.0439,0.0445,0.04295,0.04361,0,0
HBAR.V,D,20200610,000000,0.04361,0.04503,0.04314,0.04503,0,0
HBAR.V,D,20200611,000000,0.04504,0.04576,0.04084,0.04134,0,0
HBAR.V,D,20200612,000000,0.04134,0.04302,0.04,0.04191,0,0
HBAR.V,D,20200613,000000,0.04179,0.04264,0.04137,0.04213,0,0
HBAR.V,D,20200614,000000,0.04213,0.04307,0.0409,0.04109,0,0
HBAR.V,D,20200615,000000,0.0411,0.04141,0.03832,0.04077,0,0
HBAR.V,D,20200616,000000,0.04077,0.04318,0.04045,0.04145,0,0
HBAR.V,D,20200617,000000,0.04145,0.04284,0.04105,0.04281,0,0
HBAR.V,D,20200618,000000,0.04281,0.04996,0.04217,0.04542,0,0
HBAR.V,D,20200619,000000,0.04542,0.04632,0.04307,0.04379,0,0
HBAR.V,D,20200620,000000,0.04379,0.04473,0.04261,0.04393,0,0
HBAR.V,D,20200621,000000,0.04393,0.04433,0.0433,0.04394,0,0
HBAR.V,D,20200622,000000,0.04394,0.04418,0.04322,0.0439,0,0
HBAR.V,D,20200623,000000,0.04389,0.0441,0.04239,0.04269,0,0
HBAR.V,D,20200624,000000,0.04269,0.04286,0.04056,0.04122,0,0
HBAR.V,D,20200625,000000,0.04122,0.04169,0.03979,0.0405,0,0
HBAR.V,D,20200626,000000,0.0405,0.04075,0.03874,0.039,0,0
HBAR.V,D,20200627,000000,0.03902,0.0398,0.03691,0.03724,0,0
HBAR.V,D,20200628,000000,0.0373,0.03912,0.03648,0.03816,0,0
HBAR.V,D,20200629,000000,0.03816,0.03893,0.03718,0.0386,0,0
HBAR.V,D,20200630,000000,0.03859,0.03909,0.03771,0.0384,0,0
HBAR.V,D,20200701,000000,0.03839,0.03934,0.03805,0.03917,0,0
HBAR.V,D,20200702,000000,0.03917,0.03993,0.03716,0.03789,0,0
HBAR.V,D,20200703,000000,0.03789,0.04065,0.03766,0.03998,0,0
HBAR.V,D,20200704,000000,0.03998,0.04119,0.03932,0.04077,0,0
HBAR.V,D,20200705,000000,0.04076,0.04128,0.03873,0.03898,0,0
HBAR.V,D,20200706,000000,0.03898,0.04062,0.03898,0.0401,0,0
HBAR.V,D,20200707,000000,0.0401,0.04155,0.03969,0.04081,0,0
HBAR.V,D,20200708,000000,0.04081,0.04185,0.04003,0.04126,0,0
HBAR.V,D,20200709,000000,0.04126,0.0423,0.03973,0.04075,0,0
HBAR.V,D,20200710,000000,0.04075,0.04169,0.04011,0.0408,0,0
HBAR.V,D,20200711,000000,0.0408,0.04166,0.0408,0.04142,0,0
HBAR.V,D,20200712,000000,0.04142,0.04312,0.04052,0.043,0,0
HBAR.V,D,20200713,000000,0.043,0.04353,0.04079,0.04145,0,0
HBAR.V,D,20200714,000000,0.04145,0.04146,0.04016,0.04065,0,0
HBAR.V,D,20200715,000000,0.04065,0.04135,0.04005,0.0406,0,0
HBAR.V,D,20200716,000000,0.04041,0.04069,0.03808,0.03879,0,0
HBAR.V,D,20200717,000000,0.03879,0.03969,0.03846,0.03936,0,0
HBAR.V,D,20200718,000000,0.03935,0.04019,0.03906,0.03976,0,0
HBAR.V,D,20200719,000000,0.03984,0.04057,0.03933,0.04028,0,0
HBAR.V,D,20200720,000000,0.04028,0.04208,0.0399,0.04074,0,0
HBAR.V,D,20200721,000000,0.04074,0.04173,0.04051,0.04082,0,0
HBAR.V,D,20200722,000000,0.04072,0.04355,0.04072,0.0422,0,0
HBAR.V,D,20200723,000000,0.0422,0.04372,0.04186,0.04279,0,0
HBAR.V,D,20200724,000000,0.04279,0.0429,0.0416,0.04236,0,0
HBAR.V,D,20200725,000000,0.04236,0.0438,0.04223,0.04313,0,0
HBAR.V,D,20200726,000000,0.04313,0.04354,0.04064,0.04153,0,0
HBAR.V,D,20200727,000000,0.04153,0.04202,0.03909,0.04007,0,0
HBAR.V,D,20200728,000000,0.04007,0.04348,0.03972,0.04206,0,0
HBAR.V,D,20200729,000000,0.04206,0.04504,0.04205,0.04439,0,0
HBAR.V,D,20200730,000000,0.04439,0.04552,0.04259,0.04265,0,0
HBAR.V,D,20200731,000000,0.04265,0.04474,0.04235,0.0439,0,0
HBAR.V,D,20200801,000000,0.0439,0.04636,0.04379,0.0459,0,0
HBAR.V,D,20200802,000000,0.0459,0.04862,0.04262,0.0437,0,0
HBAR.V,D,20200803,000000,0.0437,0.04507,0.04353,0.04418,0,0
HBAR.V,D,20200804,000000,0.04404,0.04435,0.04225,0.04309,0,0
HBAR.V,D,20200805,000000,0.04309,0.04394,0.0425,0.04317,0,0
HBAR.V,D,20200806,000000,0.04317,0.04485,0.04265,0.04372,0,0
HBAR.V,D,20200807,000000,0.04372,0.046,0.04241,0.04375,0,0
HBAR.V,D,20200808,000000,0.04375,0.04489,0.04301,0.04486,0,0
HBAR.V,D,20200809,000000,0.04486,0.04513,0.04396,0.04488,0,0
HBAR.V,D,20200810,000000,0.04488,0.05346,0.04488,0.05161,0,0
HBAR.V,D,20200811,000000,0.05161,0.05927,0.04754,0.04843,0,0
HBAR.V,D,20200812,000000,0.04844,0.05166,0.04748,0.05116,0,0
HBAR.V,D,20200813,000000,0.05116,0.05235,0.04789,0.05109,0,0
HBAR.V,D,20200814,000000,0.05109,0.05566,0.0498,0.05365,0,0
HBAR.V,D,20200815,000000,0.05365,0.05472,0.05203,0.0523,0,0
HBAR.V,D,20200816,000000,0.0523,0.05475,0.05133,0.05317,0,0
HBAR.V,D,20200817,000000,0.05317,0.06184,0.05186,0.05839,0,0
HBAR.V,D,20200818,000000,0.05839,0.05963,0.05167,0.05411,0,0
HBAR.V,D,20200819,000000,0.05411,0.05738,0.04888,0.05015,0,0
HBAR.V,D,20200820,000000,0.05015,0.052,0.04891,0.0515,0,0
HBAR.V,D,20200821,000000,0.0515,0.05234,0.04865,0.04882,0,0
HBAR.V,D,20200822,000000,0.04882,0.05102,0.04723,0.05,0,0
HBAR.V,D,20200823,000000,0.05009,0.05073,0.04777,0.0489,0,0
HBAR.V,D,20200824,000000,0.0489,0.04991,0.04776,0.04974,0,0
HBAR.V,D,20200825,000000,0.04974,0.04998,0.04563,0.04659,0,0
HBAR.V,D,20200826,000000,0.04659,0.04719,0.04541,0.04648,0,0
HBAR.V,D,20200827,000000,0.04648,0.04683,0.04313,0.044,0,0
HBAR.V,D,20200828,000000,0.04381,0.04494,0.04373,0.04485,0,0
HBAR.V,D,20200829,000000,0.04484,0.04617,0.04447,0.04582,0,0
HBAR.V,D,20200830,000000,0.04582,0.04633,0.04522,0.04631,0,0
HBAR.V,D,20200831,000000,0.0462,0.04745,0.04522,0.04574,0,0
HBAR.V,D,20200901,000000,0.04574,0.04626,0.04496,0.04573,0,0
HBAR.V,D,20200902,000000,0.04573,0.04606,0.04219,0.0427,0,0
HBAR.V,D,20200903,000000,0.0427,0.04382,0.03901,0.04091,0,0
HBAR.V,D,20200904,000000,0.04091,0.04135,0.03768,0.03956,0,0
HBAR.V,D,20200905,000000,0.03956,0.03971,0.03494,0.03543,0,0
HBAR.V,D,20200906,000000,0.03543,0.03722,0.03472,0.03687,0,0
HBAR.V,D,20200907,000000,0.03688,0.03714,0.03378,0.03587,0,0
HBAR.V,D,20200908,000000,0.03587,0.03844,0.03543,0.03581,0,0
HBAR.V,D,20200909,000000,0.03581,0.03794,0.03523,0.03739,0,0
HBAR.V,D,20200910,000000,0.0374,0.03963,0.0369,0.03818,0,0
HBAR.V,D,20200911,000000,0.03818,0.03891,0.03718,0.0384,0,0
HBAR.V,D,20200912,000000,0.03829,0.03867,0.03786,0.03848,0,0
HBAR.V,D,20200913,000000,0.03848,0.03885,0.03597,0.03668,0,0
HBAR.V,D,20200914,000000,0.03668,0.03749,0.03606,0.03741,0,0
HBAR.V,D,20200915,000000,0.03741,0.03758,0.03605,0.03637,0,0
HBAR.V,D,20200916,000000,0.03639,0.03693,0.0344,0.03603,0,0
HBAR.V,D,20200917,000000,0.03604,0.03715,0.03365,0.03419,0,0
HBAR.V,D,20200918,000000,0.03419,0.03575,0.03401,0.03447,0,0
HBAR.V,D,20200919,000000,0.03447,0.03479,0.03413,0.0346,0,0
HBAR.V,D,20200920,000000,0.0346,0.03462,0.03324,0.03339,0,0
HBAR.V,D,20200921,000000,0.03339,0.03392,0.03004,0.03132,0,0
HBAR.V,D,20200922,000000,0.03132,0.03315,0.03076,0.03186,0,0
HBAR.V,D,20200923,000000,0.03187,0.03215,0.02984,0.03006,0,0
HBAR.V,D,20200924,000000,0.03005,0.03148,0.02946,0.03132,0,0
HBAR.V,D,20200925,000000,0.03132,0.03311,0.0312,0.03247,0,0
HBAR.V,D,20200926,000000,0.03249,0.0335,0.03208,0.03208,0,0
HBAR.V,D,20200927,000000,0.03208,0.03264,0.03104,0.03154,0,0
HBAR.V,D,20200928,000000,0.03156,0.03404,0.03145,0.03301,0,0
HBAR.V,D,20200929,000000,0.03295,0.03364,0.03137,0.03188,0,0
HBAR.V,D,20200930,000000,0.03189,0.03223,0.03106,0.03148,0,0
HBAR.V,D,20201001,000000,0.03148,0.0323,0.02991,0.03083,0,0
HBAR.V,D,20201002,000000,0.03083,0.03142,0.02908,0.03045,0,0
HBAR.V,D,20201003,000000,0.03045,0.03108,0.02997,0.03089,0,0
HBAR.V,D,20201004,000000,0.03091,0.03119,0.03018,0.031,0,0
HBAR.V,D,20201005,000000,0.031,0.0314,0.03009,0.031,0,0
HBAR.V,D,20201006,000000,0.031,0.03144,0.02949,0.02982,0,0
HBAR.V,D,20201007,000000,0.02982,0.03051,0.02952,0.03028,0,0
HBAR.V,D,20201008,000000,0.03028,0.03294,0.03012,0.032,0,0
HBAR.V,D,20201009,000000,0.032,0.03668,0.0317,0.03447,0,0
HBAR.V,D,20201010,000000,0.03447,0.03576,0.03411,0.03472,0,0
HBAR.V,D,20201011,000000,0.03472,0.0353,0.03365,0.03399,0,0
HBAR.V,D,20201012,000000,0.03409,0.03518,0.03308,0.03496,0,0
HBAR.V,D,20201013,000000,0.03496,0.03572,0.03359,0.03448,0,0
HBAR.V,D,20201014,000000,0.03425,0.03501,0.03375,0.03449,0,0
HBAR.V,D,20201015,000000,0.03449,0.03495,0.03321,0.03337,0,0
HBAR.V,D,20201016,000000,0.03335,0.0339,0.03097,0.0312,0,0
HBAR.V,D,20201017,000000,0.0312,0.03169,0.031,0.03166,0,0
HBAR.V,D,20201018,000000,0.03167,0.03169,0.03106,0.03152,0,0
HBAR.V,D,20201019,000000,0.03152,0.0319,0.03066,0.03174,0,0
HBAR.V,D,20201020,000000,0.03186,0.03186,0.02989,0.0303,0,0
HBAR.V,D,20201021,000000,0.03031,0.03186,0.03012,0.03183,0,0
HBAR.V,D,20201022,000000,0.03181,0.03507,0.03102,0.03276,0,0
HBAR.V,D,20201023,000000,0.03275,0.03341,0.03169,0.03333,0,0
HBAR.V,D,20201024,000000,0.03333,0.03369,0.03237,0.03257,0,0
HBAR.V,D,20201025,000000,0.03257,0.03354,0.03184,0.03203,0,0
HBAR.V,D,20201026,000000,0.03203,0.03251,0.03035,0.03107,0,0
HBAR.V,D,20201027,000000,0.03107,0.0314,0.03044,0.03105,0,0
HBAR.V,D,20201028,000000,0.03105,0.03131,0.02937,0.02985,0,0
HBAR.V,D,20201029,000000,0.02985,0.03083,0.02901,0.02937,0,0
HBAR.V,D,20201030,000000,0.02937,0.03065,0.02848,0.03,0,0
HBAR.V,D,20201031,000000,0.03,0.03011,0.02894,0.02942,0,0
HBAR.V,D,20201101,000000,0.02942,0.02959,0.02863,0.02918,0,0
HBAR.V,D,20201102,000000,0.02918,0.03112,0.02866,0.02961,0,0
HBAR.V,D,20201103,000000,0.02961,0.02996,0.0282,0.02863,0,0
HBAR.V,D,20201104,000000,0.02864,0.02895,0.02764,0.02867,0,0
HBAR.V,D,20201105,000000,0.02869,0.03063,0.02802,0.03003,0,0
HBAR.V,D,20201106,000000,0.03003,0.03124,0.0292,0.03122,0,0
HBAR.V,D,20201107,000000,0.03123,0.03206,0.0292,0.02998,0,0
HBAR.V,D,20201108,000000,0.02998,0.03099,0.02974,0.03043,0,0
HBAR.V,D,20201109,000000,0.03043,0.03092,0.02966,0.03058,0,0
HBAR.V,D,20201110,000000,0.03058,0.03281,0.03042,0.03174,0,0
HBAR.V,D,20201111,000000,0.0318,0.03527,0.0311,0.03296,0,0
HBAR.V,D,20201112,000000,0.03296,0.03333,0.03109,0.03114,0,0
HBAR.V,D,20201113,000000,0.03111,0.03272,0.03095,0.03241,0,0
HBAR.V,D,20201114,000000,0.03241,0.03362,0.03141,0.03216,0,0
HBAR.V,D,20201115,000000,0.03216,0.03229,0.03067,0.03089,0,0
HBAR.V,D,20201116,000000,0.03089,0.03224,0.03074,0.0318,0,0
HBAR.V,D,20201117,000000,0.0318,0.03239,0.03021,0.03084,0,0
HBAR.V,D,20201118,000000,0.03084,0.03133,0.0298,0.03017,0,0
HBAR.V,D,20201119,000000,0.03017,0.03177,0.02967,0.03032,0,0
HBAR.V,D,20201120,000000,0.03032,0.031,0.0301,0.03051,0,0
HBAR.V,D,20201121,000000,0.03051,0.03309,0.03051,0.03259,0,0
HBAR.V,D,20201122,000000,0.03259,0.03475,0.03153,0.03444,0,0
HBAR.V,D,20201123,000000,0.03433,0.03508,0.03284,0.03482,0,0
HBAR.V,D,20201124,000000,0.03489,0.03898,0.03378,0.03559,0,0
HBAR.V,D,20201125,000000,0.03559,0.03886,0.0346,0.03587,0,0
HBAR.V,D,20201126,000000,0.03593,0.03691,0.03076,0.0323,0,0
HBAR.V,D,20201127,000000,0.0323,0.03342,0.03106,0.03294,0,0
HBAR.V,D,20201128,000000,0.03294,0.03479,0.032,0.03421,0,0
HBAR.V,D,20201129,000000,0.03421,0.03439,0.03303,0.03389,0,0
HBAR.V,D,20201130,000000,0.03389,0.03512,0.03309,0.03436,0,0
HBAR.V,D,20201201,000000,0.03447,0.03611,0.03215,0.03398,0,0
HBAR.V,D,20201202,000000,0.03396,0.04086,0.03381,0.03803,0,0
HBAR.V,D,20201203,000000,0.038,0.03971,0.03671,0.03852,0,0
HBAR.V,D,20201204,000000,0.03852,0.03938,0.03478,0.03478,0,0
HBAR.V,D,20201205,000000,0.03478,0.0375,0.03466,0.03624,0,0
HBAR.V,D,20201206,000000,0.03624,0.03733,0.03407,0.03575,0,0
HBAR.V,D,20201207,000000,0.03604,0.041,0.03595,0.03975,0,0
HBAR.V,D,20201208,000000,0.03975,0.03975,0.03647,0.03647,0,0
HBAR.V,D,20201209,000000,0.03635,0.03652,0.03389,0.03605,0,0
HBAR.V,D,20201210,000000,0.03605,0.03688,0.03421,0.03529,0,0
HBAR.V,D,20201211,000000,0.03422,0.03586,0.03281,0.03346,0,0
HBAR.V,D,20201212,000000,0.03346,0.03536,0.0334,0.03495,0,0
HBAR.V,D,20201213,000000,0.03495,0.03528,0.0342,0.03485,0,0
HBAR.V,D,20201214,000000,0.03485,0.03498,0.03412,0.03491,0,0
HBAR.V,D,20201215,000000,0.03492,0.03506,0.03402,0.0344,0,0
HBAR.V,D,20201216,000000,0.0344,0.03565,0.03397,0.03553,0,0
HBAR.V,D,20201217,000000,0.03554,0.03625,0.03422,0.03471,0,0
HBAR.V,D,20201218,000000,0.03473,0.03602,0.03415,0.03554,0,0
HBAR.V,D,20201219,000000,0.03554,0.03746,0.03497,0.03563,0,0
HBAR.V,D,20201220,000000,0.0356,0.03773,0.03531,0.03691,0,0
HBAR.V,D,20201221,000000,0.03689,0.03809,0.03387,0.0369,0,0
HBAR.V,D,20201222,000000,0.0369,0.03789,0.03554,0.03635,0,0
HBAR.V,D,20201223,000000,0.03635,0.0369,0.02953,0.03056,0,0
HBAR.V,D,20201224,000000,0.03056,0.03263,0.02923,0.03223,0,0
HBAR.V,D,20201225,000000,0.03223,0.03403,0.03156,0.03229,0,0
HBAR.V,D,20201226,000000,0.03221,0.03775,0.03105,0.03298,0,0
HBAR.V,D,20201227,000000,0.03298,0.03333,0.03094,0.03155,0,0
HBAR.V,D,20201228,000000,0.03155,0.03521,0.03147,0.03345,0,0
HBAR.V,D,20201229,000000,0.03348,0.03397,0.03112,0.03241,0,0
HBAR.V,D,20201230,000000,0.03241,0.03326,0.03119,0.03262,0,0
HBAR.V,D,20201231,000000,0.03253,0.03266,0.03078,0.03175,0,0
HBAR.V,D,20210101,000000,0.03182,0.03353,0.03156,0.03273,0,0
HBAR.V,D,20210102,000000,0.03268,0.03488,0.03212,0.03343,0,0
HBAR.V,D,20210103,000000,0.0335,0.03388,0.03163,0.03356,0,0
HBAR.V,D,20210104,000000,0.03356,0.03484,0.02985,0.03233,0,0
HBAR.V,D,20210105,000000,0.03233,0.03982,0.03219,0.03666,0,0
HBAR.V,D,20210106,000000,0.03666,0.03951,0.0352,0.03814,0,0
HBAR.V,D,20210107,000000,0.03806,0.04156,0.0369,0.03949,0,0
HBAR.V,D,20210108,000000,0.03949,0.06648,0.03766,0.05742,0,0
HBAR.V,D,20210109,000000,0.05739,0.06391,0.0488,0.05075,0,0
HBAR.V,D,20210110,000000,0.05069,0.05268,0.04309,0.04755,0,0
HBAR.V,D,20210111,000000,0.04745,0.05011,0.03704,0.043,0,0
HBAR.V,D,20210112,000000,0.043,0.04833,0.0416,0.04654,0,0
HBAR.V,D,20210113,000000,0.04661,0.05469,0.04432,0.05201,0,0
HBAR.V,D,20210114,000000,0.05182,0.06144,0.05098,0.05794,0,0
HBAR.V,D,20210115,000000,0.05771,0.05771,0.04932,0.0551,0,0
HBAR.V,D,20210116,000000,0.05497,0.06468,0.05398,0.06009,0,0
HBAR.V,D,20210117,000000,0.06002,0.06714,0.05422,0.06185,0,0
HBAR.V,D,20210118,000000,0.06181,0.06411,0.05752,0.06411,0,0
HBAR.V,D,20210119,000000,0.0643,0.07225,0.06198,0.07221,0,0
HBAR.V,D,20210120,000000,0.07221,0.1158,0.06835,0.1015,0,0
HBAR.V,D,20210121,000000,0.1018,0.1241,0.09422,0.09616,0,0
HBAR.V,D,20210122,000000,0.09632,0.1042,0.08023,0.09774,0,0
HBAR.V,D,20210123,000000,0.09747,0.1016,0.09062,0.09318,0,0
HBAR.V,D,20210124,000000,0.09331,0.09703,0.09025,0.09396,0,0
HBAR.V,D,20210125,000000,0.09388,0.09617,0.09071,0.09137,0,0
HBAR.V,D,20210126,000000,0.09138,0.09455,0.0869,0.09065,0,0
HBAR.V,D,20210127,000000,0.09084,0.09173,0.0781,0.08056,0,0
HBAR.V,D,20210128,000000,0.08045,0.09514,0.07845,0.09228,0,0
HBAR.V,D,20210129,000000,0.0923,0.09524,0.08426,0.08698,0,0
HBAR.V,D,20210130,000000,0.08698,0.08807,0.08064,0.08393,0,0
HBAR.V,D,20210131,000000,0.08381,0.08717,0.07753,0.08324,0,0
HBAR.V,D,20210201,000000,0.08315,0.0909,0.0786,0.08758,0,0
HBAR.V,D,20210202,000000,0.08735,0.09968,0.08484,0.09465,0,0
HBAR.V,D,20210203,000000,0.09449,0.09715,0.09037,0.09526,0,0
HBAR.V,D,20210204,000000,0.09519,0.09712,0.08966,0.092,0,0
HBAR.V,D,20210205,000000,0.09205,0.09917,0.09082,0.09855,0,0
HBAR.V,D,20210206,000000,0.09872,0.1135,0.09775,0.1048,0,0
HBAR.V,D,20210207,000000,0.105,0.1054,0.09221,0.09707,0,0
HBAR.V,D,20210208,000000,0.09708,0.1021,0.0948,0.101,0,0
HBAR.V,D,20210209,000000,0.1009,0.1134,0.09804,0.1083,0,0
HBAR.V,D,20210210,000000,0.1082,0.1173,0.09968,0.1081,0,0
HBAR.V,D,20210211,000000,0.1081,0.1416,0.1039,0.1403,0,0
HBAR.V,D,20210212,000000,0.1404,0.143,0.126,0.1394,0,0
HBAR.V,D,20210213,000000,0.1394,0.1484,0.1275,0.1381,0,0
HBAR.V,D,20210214,000000,0.1377,0.14,0.1228,0.1283,0,0
HBAR.V,D,20210215,000000,0.1283,0.153,0.1115,0.1408,0,0
HBAR.V,D,20210216,000000,0.1416,0.1491,0.1313,0.138,0,0
HBAR.V,D,20210217,000000,0.1381,0.1417,0.1276,0.1386,0,0
HBAR.V,D,20210218,000000,0.1384,0.1499,0.1376,0.148,0,0
HBAR.V,D,20210219,000000,0.1478,0.1598,0.1379,0.1494,0,0
HBAR.V,D,20210220,000000,0.1492,0.1542,0.1409,0.1412,0,0
HBAR.V,D,20210221,000000,0.1415,0.1514,0.1396,0.1438,0,0
HBAR.V,D,20210222,000000,0.144,0.146,0.118,0.137,0,0
HBAR.V,D,20210223,000000,0.137,0.1389,0.09495,0.1165,0,0
HBAR.V,D,20210224,000000,0.1168,0.1433,0.1097,0.1268,0,0
HBAR.V,D,20210225,000000,0.1266,0.1416,0.1217,0.1233,0,0
HBAR.V,D,20210226,000000,0.1234,0.125,0.1096,0.115,0,0
HBAR.V,D,20210227,000000,0.1152,0.1243,0.115,0.1187,0,0
HBAR.V,D,20210228,000000,0.1187,0.1228,0.1034,0.1156,0,0
HBAR.V,D,20210301,000000,0.1156,0.1271,0.1141,0.1256,0,0
HBAR.V,D,20210302,000000,0.1261,0.1271,0.1164,0.1207,0,0
HBAR.V,D,20210303,000000,0.1207,0.1312,0.1202,0.1266,0,0
HBAR.V,D,20210304,000000,0.1266,0.1774,0.1263,0.1586,0,0
HBAR.V,D,20210305,000000,0.159,0.1627,0.1415,0.1513,0,0
HBAR.V,D,20210306,000000,0.1515,0.1536,0.137,0.1449,0,0
HBAR.V,D,20210307,000000,0.145,0.1559,0.1443,0.1513,0,0
HBAR.V,D,20210308,000000,0.1511,0.1841,0.1484,0.1737,0,0
HBAR.V,D,20210309,000000,0.174,0.2134,0.1683,0.2014,0,0
HBAR.V,D,20210310,000000,0.2014,0.2385,0.1851,0.2201,0,0
HBAR.V,D,20210311,000000,0.2201,0.2775,0.2082,0.2648,0,0
HBAR.V,D,20210312,000000,0.2651,0.278,0.2444,0.2691,0,0
HBAR.V,D,20210313,000000,0.2691,0.2743,0.2554,0.2698,0,0
HBAR.V,D,20210314,000000,0.2698,0.3936,0.2674,0.3706,0,0
HBAR.V,D,20210315,000000,0.3713,0.4538,0.3547,0.395,0,0
HBAR.V,D,20210316,000000,0.3952,0.4122,0.3275,0.343,0,0
HBAR.V,D,20210317,000000,0.3442,0.3799,0.2966,0.3611,0,0
HBAR.V,D,20210318,000000,0.3598,0.3726,0.3322,0.3458,0,0
HBAR.V,D,20210319,000000,0.3455,0.362,0.3325,0.3468,0,0
HBAR.V,D,20210320,000000,0.3468,0.3499,0.3201,0.3242,0,0
HBAR.V,D,20210321,000000,0.3238,0.3564,0.31,0.3437,0,0
HBAR.V,D,20210322,000000,0.3431,0.3547,0.3043,0.3176,0,0
HBAR.V,D,20210323,000000,0.3176,0.3361,0.3002,0.3232,0,0
HBAR.V,D,20210324,000000,0.3231,0.3397,0.2903,0.2978,0,0
HBAR.V,D,20210325,000000,0.2978,0.3138,0.2828,0.3025,0,0
HBAR.V,D,20210326,000000,0.3026,0.3365,0.2994,0.3302,0,0
HBAR.V,D,20210327,000000,0.3302,0.3551,0.3204,0.3442,0,0
HBAR.V,D,20210328,000000,0.3442,0.3447,0.3254,0.3321,0,0
HBAR.V,D,20210329,000000,0.3321,0.4372,0.3315,0.384,0,0
HBAR.V,D,20210330,000000,0.3842,0.4123,0.3619,0.3918,0,0
HBAR.V,D,20210331,000000,0.3919,0.3921,0.3435,0.3622,0,0
HBAR.V,D,20210401,000000,0.362,0.3654,0.3366,0.3438,0,0
HBAR.V,D,20210402,000000,0.3438,0.3503,0.3341,0.3424,0,0
HBAR.V,D,20210403,000000,0.3423,0.354,0.3086,0.3125,0,0
HBAR.V,D,20210404,000000,0.3128,0.3373,0.3068,0.3244,0,0
HBAR.V,D,20210405,000000,0.3244,0.3313,0.3045,0.3202,0,0
HBAR.V,D,20210406,000000,0.3203,0.337,0.3064,0.3227,0,0
HBAR.V,D,20210407,000000,0.3222,0.3304,0.2831,0.3008,0,0
HBAR.V,D,20210408,000000,0.3008,0.3261,0.2971,0.3214,0,0
HBAR.V,D,20210409,000000,0.3214,0.3662,0.3211,0.3421,0,0
HBAR.V,D,20210410,000000,0.3419,0.3455,0.3197,0.326,0,0
HBAR.V,D,20210411,000000,0.326,0.3819,0.3256,0.3513,0,0
HBAR.V,D,20210412,000000,0.3513,0.3515,0.33,0.3389,0,0
HBAR.V,D,20210413,000000,0.3389,0.3654,0.3351,0.3609,0,0
HBAR.V,D,20210414,000000,0.3616,0.4136,0.3599,0.3793,0,0
HBAR.V,D,20210415,000000,0.3793,0.3839,0.3635,0.3815,0,0
HBAR.V,D,20210416,000000,0.3815,0.3843,0.3306,0.3575,0,0
HBAR.V,D,20210417,000000,0.3575,0.3709,0.3402,0.3513,0,0
HBAR.V,D,20210418,000000,0.3512,0.353,0.2557,0.3166,0,0
HBAR.V,D,20210419,000000,0.3172,0.3227,0.2706,0.3023,0,0
HBAR.V,D,20210420,000000,0.3023,0.3462,0.265,0.3264,0,0
HBAR.V,D,20210421,000000,0.3255,0.3282,0.2899,0.3011,0,0
HBAR.V,D,20210422,000000,0.3012,0.3051,0.2559,0.2696,0,0
HBAR.V,D,20210423,000000,0.2696,0.2736,0.2031,0.2542,0,0
HBAR.V,D,20210424,000000,0.2542,0.2694,0.2385,0.2578,0,0
HBAR.V,D,20210425,000000,0.258,0.266,0.2331,0.2362,0,0
HBAR.V,D,20210426,000000,0.237,0.2913,0.2357,0.282,0,0
HBAR.V,D,20210427,000000,0.282,0.3149,0.2778,0.3058,0,0
HBAR.V,D,20210428,000000,0.3058,0.3099,0.2755,0.2869,0,0
HBAR.V,D,20210429,000000,0.2869,0.3134,0.2718,0.2841,0,0
HBAR.V,D,20210430,000000,0.2841,0.3047,0.2789,0.2974,0,0
HBAR.V,D,20210501,000000,0.2975,0.3357,0.2835,0.3182,0,0
HBAR.V,D,20210502,000000,0.3182,0.3455,0.2962,0.3344,0,0
HBAR.V,D,20210503,000000,0.3342,0.34,0.3175,0.3203,0,0
HBAR.V,D,20210504,000000,0.3204,0.3265,0.2781,0.2887,0,0
HBAR.V,D,20210505,000000,0.2891,0.3145,0.2747,0.3084,0,0
HBAR.V,D,20210506,000000,0.3084,0.3184,0.2907,0.3022,0,0
HBAR.V,D,20210507,000000,0.3021,0.3214,0.2881,0.3061,0,0
HBAR.V,D,20210508,000000,0.3061,0.3085,0.2911,0.2963,0,0
HBAR.V,D,20210509,000000,0.2963,0.3001,0.2761,0.2909,0,0
HBAR.V,D,20210510,000000,0.2909,0.3001,0.2535,0.2705,0,0
HBAR.V,D,20210511,000000,0.2705,0.2851,0.2621,0.2799,0,0
HBAR.V,D,20210512,000000,0.28,0.2862,0.2555,0.2662,0,0
HBAR.V,D,20210513,000000,0.2662,0.4079,0.228,0.3375,0,0
HBAR.V,D,20210514,000000,0.335,0.3915,0.3087,0.3229,0,0
HBAR.V,D,20210515,000000,0.3229,0.3393,0.2962,0.3197,0,0
HBAR.V,D,20210516,000000,0.3197,0.3621,0.3015,0.3185,0,0
HBAR.V,D,20210517,000000,0.3185,0.344,0.2856,0.2929,0,0
HBAR.V,D,20210518,000000,0.293,0.3426,0.2846,0.3146,0,0
HBAR.V,D,20210519,000000,0.3137,0.346,0.1774,0.2355,0,0
HBAR.V,D,20210520,000000,0.2364,0.2891,0.1906,0.2763,0,0
HBAR.V,D,20210521,000000,0.2763,0.2936,0.1947,0.2358,0,0
HBAR.V,D,20210522,000000,0.2349,0.2952,0.2053,0.273,0,0
HBAR.V,D,20210523,000000,0.273,0.2782,0.1889,0.2228,0,0
HBAR.V,D,20210524,000000,0.223,0.2703,0.2169,0.2533,0,0
HBAR.V,D,20210525,000000,0.2531,0.2656,0.2286,0.2493,0,0
HBAR.V,D,20210526,000000,0.2493,0.2762,0.2473,0.2697,0,0
HBAR.V,D,20210527,000000,0.2698,0.2754,0.2483,0.2579,0,0
HBAR.V,D,20210528,000000,0.2579,0.2599,0.2088,0.2113,0,0
HBAR.V,D,20210529,000000,0.2113,0.2241,0.1995,0.2086,0,0
HBAR.V,D,20210530,000000,0.2087,0.228,0.1994,0.2223,0,0
HBAR.V,D,20210531,000000,0.2223,0.2312,0.2058,0.2298,0,0
HBAR.V,D,20210601,000000,0.2298,0.2376,0.2169,0.2245,0,0
HBAR.V,D,20210602,000000,0.2245,0.2443,0.2176,0.2315,0,0
HBAR.V,D,20210603,000000,0.2314,0.2668,0.2284,0.2588,0,0
HBAR.V,D,20210604,000000,0.2587,0.2626,0.2205,0.2339,0,0
HBAR.V,D,20210605,000000,0.2338,0.2407,0.213,0.2158,0,0
HBAR.V,D,20210606,000000,0.2156,0.2312,0.2156,0.2306,0,0
HBAR.V,D,20210607,000000,0.2306,0.2345,0.2099,0.2122,0,0
HBAR.V,D,20210608,000000,0.2122,0.2233,0.1904,0.2213,0,0
HBAR.V,D,20210609,000000,0.2213,0.2225,0.2001,0.2133,0,0
HBAR.V,D,20210610,000000,0.2133,0.2196,0.2017,0.204,0,0
HBAR.V,D,20210611,000000,0.2039,0.2113,0.1951,0.1967,0,0
HBAR.V,D,20210612,000000,0.1963,0.2011,0.1788,0.1915,0,0
HBAR.V,D,20210613,000000,0.1916,0.1995,0.18,0.1978,0,0
HBAR.V,D,20210614,000000,0.1978,0.2099,0.1914,0.2053,0,0
HBAR.V,D,20210615,000000,0.2053,0.2184,0.2028,0.2075,0,0
HBAR.V,D,20210616,000000,0.2075,0.2135,0.1951,0.2059,0,0
HBAR.V,D,20210617,000000,0.2059,0.2165,0.1999,0.211,0,0
HBAR.V,D,20210618,000000,0.211,0.2299,0.1976,0.2024,0,0
HBAR.V,D,20210619,000000,0.2026,0.2116,0.1963,0.199,0,0
HBAR.V,D,20210620,000000,0.199,0.199,0.1797,0.1956,0,0
HBAR.V,D,20210621,000000,0.1958,0.1966,0.1615,0.1788,0,0
HBAR.V,D,20210622,000000,0.1781,0.1815,0.1384,0.1651,0,0
HBAR.V,D,20210623,000000,0.1653,0.1907,0.1616,0.1808,0,0
HBAR.V,D,20210624,000000,0.1807,0.195,0.1762,0.1908,0,0
HBAR.V,D,20210625,000000,0.1908,0.1949,0.1631,0.1685,0,0
HBAR.V,D,20210626,000000,0.1685,0.1949,0.1626,0.1742,0,0
HBAR.V,D,20210627,000000,0.174,0.1823,0.1716,0.1744,0,0
HBAR.V,D,20210628,000000,0.1744,0.1848,0.1742,0.1847,0,0
HBAR.V,D,20210629,000000,0.1845,0.1956,0.1793,0.1897,0,0
HBAR.V,D,20210630,000000,0.1897,0.1911,0.1754,0.1882,0,0
HBAR.V,D,20210701,000000,0.1882,0.2132,0.1818,0.2107,0,0
HBAR.V,D,20210702,000000,0.211,0.2137,0.1874,0.1936,0,0
HBAR.V,D,20210703,000000,0.1936,0.1955,0.1881,0.1919,0,0
HBAR.V,D,20210704,000000,0.1919,0.1973,0.1884,0.1968,0,0
HBAR.V,D,20210705,000000,0.1968,0.1969,0.1796,0.1847,0,0
HBAR.V,D,20210706,000000,0.1847,0.1901,0.181,0.1813,0,0
HBAR.V,D,20210707,000000,0.1813,0.1919,0.1811,0.1886,0,0
HBAR.V,D,20210708,000000,0.1886,0.189,0.1718,0.172,0,0
HBAR.V,D,20210709,000000,0.172,0.1776,0.1645,0.1748,0,0
HBAR.V,D,20210710,000000,0.1748,0.1775,0.166,0.1683,0,0
HBAR.V,D,20210711,000000,0.1683,0.173,0.1679,0.1726,0,0
HBAR.V,D,20210712,000000,0.1726,0.1735,0.1642,0.1663,0,0
HBAR.V,D,20210713,000000,0.1662,0.1842,0.1654,0.1773,0,0
HBAR.V,D,20210714,000000,0.1773,0.1773,0.1634,0.1708,0,0
HBAR.V,D,20210715,000000,0.1708,0.1855,0.1653,0.1726,0,0
HBAR.V,D,20210716,000000,0.1726,0.2001,0.1704,0.1893,0,0
HBAR.V,D,20210717,000000,0.1887,0.1938,0.178,0.1898,0,0
HBAR.V,D,20210718,000000,0.1898,0.1945,0.1793,0.1825,0,0
HBAR.V,D,20210719,000000,0.1825,0.183,0.1705,0.1721,0,0
HBAR.V,D,20210720,000000,0.1721,0.1758,0.1556,0.1604,0,0
HBAR.V,D,20210721,000000,0.1605,0.1718,0.1551,0.1675,0,0
HBAR.V,D,20210722,000000,0.1675,0.1712,0.1635,0.1701,0,0
HBAR.V,D,20210723,000000,0.1701,0.1765,0.1652,0.1692,0,0
HBAR.V,D,20210724,000000,0.1692,0.1819,0.1688,0.178,0,0
HBAR.V,D,20210725,000000,0.1781,0.1805,0.1709,0.174,0,0
HBAR.V,D,20210726,000000,0.174,0.2096,0.1736,0.186,0,0
HBAR.V,D,20210727,000000,0.1857,0.205,0.1799,0.1979,0,0
HBAR.V,D,20210728,000000,0.1981,0.2074,0.1931,0.1992,0,0
HBAR.V,D,20210729,000000,0.1992,0.2029,0.1948,0.1993,0,0
HBAR.V,D,20210730,000000,0.1993,0.2175,0.1993,0.2146,0,0
HBAR.V,D,20210731,000000,0.2146,0.2183,0.2077,0.2161,0,0
HBAR.V,D,20210801,000000,0.2161,0.2191,0.2062,0.2132,0,0
HBAR.V,D,20210802,000000,0.213,0.2139,0.2015,0.2085,0,0
HBAR.V,D,20210803,000000,0.2085,0.2273,0.205,0.2144,0,0
HBAR.V,D,20210804,000000,0.2144,0.2174,0.2069,0.2164,0,0
HBAR.V,D,20210805,000000,0.2164,0.2217,0.2083,0.2191,0,0
HBAR.V,D,20210806,000000,0.2191,0.2197,0.2128,0.2161,0,0
HBAR.V,D,20210807,000000,0.2161,0.2264,0.2156,0.2216,0,0
HBAR.V,D,20210808,000000,0.2211,0.2259,0.2095,0.2162,0,0
HBAR.V,D,20210809,000000,0.2164,0.2228,0.2068,0.2205,0,0
HBAR.V,D,20210810,000000,0.2205,0.2307,0.2165,0.2248,0,0
HBAR.V,D,20210811,000000,0.2248,0.2409,0.2227,0.2337,0,0
HBAR.V,D,20210812,000000,0.2337,0.2364,0.2125,0.2176,0,0
HBAR.V,D,20210813,000000,0.2176,0.2315,0.2149,0.23,0,0
HBAR.V,D,20210814,000000,0.23,0.2772,0.2273,0.2618,0,0
HBAR.V,D,20210815,000000,0.2619,0.2666,0.2408,0.2529,0,0
HBAR.V,D,20210816,000000,0.2529,0.2663,0.2416,0.2457,0,0
HBAR.V,D,20210817,000000,0.2457,0.2527,0.2248,0.2284,0,0
HBAR.V,D,20210818,000000,0.2282,0.2338,0.216,0.2212,0,0
HBAR.V,D,20210819,000000,0.2212,0.2371,0.2188,0.2356,0,0
HBAR.V,D,20210820,000000,0.2356,0.2504,0.2336,0.2486,0,0
HBAR.V,D,20210821,000000,0.2484,0.2506,0.2394,0.2444,0,0
HBAR.V,D,20210822,000000,0.2444,0.2491,0.2332,0.2398,0,0
HBAR.V,D,20210823,000000,0.2397,0.265,0.2393,0.2565,0,0
HBAR.V,D,20210824,000000,0.2565,0.2909,0.2525,0.2595,0,0
HBAR.V,D,20210825,000000,0.2596,0.2632,0.2411,0.2544,0,0
HBAR.V,D,20210826,000000,0.2544,0.2619,0.2318,0.2418,0,0
HBAR.V,D,20210827,000000,0.2418,0.2518,0.2291,0.2502,0,0
HBAR.V,D,20210828,000000,0.2502,0.2694,0.2484,0.2634,0,0
HBAR.V,D,20210829,000000,0.2628,0.2639,0.25,0.2551,0,0
HBAR.V,D,20210830,000000,0.2554,0.2569,0.242,0.2535,0,0
HBAR.V,D,20210831,000000,0.2535,0.2759,0.2404,0.2482,0,0
HBAR.V,D,20210901,000000,0.2482,0.265,0.2442,0.263,0,0
HBAR.V,D,20210902,000000,0.263,0.2748,0.2604,0.2705,0,0
HBAR.V,D,20210903,000000,0.2705,0.2859,0.2656,0.2855,0,0
HBAR.V,D,20210904,000000,0.2853,0.3029,0.2774,0.3021,0,0
HBAR.V,D,20210905,000000,0.3023,0.3194,0.2972,0.3122,0,0
HBAR.V,D,20210906,000000,0.3122,0.3188,0.2966,0.3149,0,0
HBAR.V,D,20210907,000000,0.3149,0.3442,0.2602,0.2633,0,0
HBAR.V,D,20210908,000000,0.2633,0.3145,0.2448,0.3145,0,0
HBAR.V,D,20210909,000000,0.3153,0.3604,0.3056,0.3341,0,0
HBAR.V,D,20210910,000000,0.334,0.339,0.2932,0.3,0,0
HBAR.V,D,20210911,000000,0.3,0.3895,0.2986,0.3814,0,0
HBAR.V,D,20210912,000000,0.3813,0.4038,0.3481,0.392,0,0
HBAR.V,D,20210913,000000,0.3925,0.4455,0.3684,0.4192,0,0
HBAR.V,D,20210914,000000,0.418,0.4865,0.4015,0.4713,0,0
HBAR.V,D,20210915,000000,0.4717,0.5675,0.4537,0.5218,0,0
HBAR.V,D,20210916,000000,0.522,0.5728,0.4607,0.4752,0,0
HBAR.V,D,20210917,000000,0.4752,0.4789,0.4151,0.4267,0,0
HBAR.V,D,20210918,000000,0.4273,0.4526,0.409,0.4152,0,0
HBAR.V,D,20210919,000000,0.4151,0.4305,0.3941,0.4036,0,0
HBAR.V,D,20210920,000000,0.4036,0.4051,0.3135,0.3488,0,0
HBAR.V,D,20210921,000000,0.3487,0.3594,0.2897,0.3119,0,0
HBAR.V,D,20210922,000000,0.3119,0.3807,0.2983,0.3763,0,0
HBAR.V,D,20210923,000000,0.3749,0.3933,0.3581,0.3831,0,0
HBAR.V,D,20210924,000000,0.3831,0.3849,0.3162,0.3545,0,0
HBAR.V,D,20210925,000000,0.3548,0.3577,0.3256,0.34,0,0
HBAR.V,D,20210926,000000,0.34,0.3458,0.3069,0.3405,0,0
HBAR.V,D,20210927,000000,0.3405,0.3523,0.3257,0.3314,0,0
HBAR.V,D,20210928,000000,0.3314,0.3343,0.3035,0.3119,0,0
HBAR.V,D,20210929,000000,0.3119,0.3264,0.3008,0.3106,0,0
HBAR.V,D,20210930,000000,0.3106,0.3433,0.3069,0.3344,0,0
HBAR.V,D,20211001,000000,0.3344,0.3699,0.3279,0.3663,0,0
HBAR.V,D,20211002,000000,0.3663,0.4177,0.3571,0.4022,0,0
HBAR.V,D,20211003,000000,0.4026,0.4199,0.376,0.389,0,0
HBAR.V,D,20211004,000000,0.389,0.4277,0.3782,0.4055,0,0
HBAR.V,D,20211005,000000,0.4055,0.4218,0.3864,0.4007,0,0
HBAR.V,D,20211006,000000,0.4007,0.4081,0.363,0.3776,0,0
HBAR.V,D,20211007,000000,0.3776,0.3939,0.3654,0.3806,0,0
HBAR.V,D,20211008,000000,0.3806,0.3907,0.3702,0.3717,0,0
HBAR.V,D,20211009,000000,0.3721,0.3776,0.3644,0.3683,0,0
HBAR.V,D,20211010,000000,0.3683,0.3728,0.3424,0.3452,0,0
HBAR.V,D,20211011,000000,0.3451,0.3625,0.3351,0.3406,0,0
HBAR.V,D,20211012,000000,0.3406,0.358,0.3212,0.3441,0,0
HBAR.V,D,20211013,000000,0.3441,0.3582,0.3391,0.353,0,0
HBAR.V,D,20211014,000000,0.3527,0.4,0.3527,0.3805,0,0
HBAR.V,D,20211015,000000,0.3805,0.3892,0.3577,0.3645,0,0
HBAR.V,D,20211016,000000,0.3645,0.3782,0.3634,0.3719,0,0
HBAR.V,D,20211017,000000,0.3719,0.3752,0.3424,0.3542,0,0
HBAR.V,D,20211018,000000,0.3542,0.3682,0.346,0.3517,0,0
HBAR.V,D,20211019,000000,0.3517,0.3791,0.3505,0.3791,0,0
HBAR.V,D,20211020,000000,0.3785,0.4084,0.3692,0.3978,0,0
HBAR.V,D,20211021,000000,0.3978,0.408,0.3725,0.3835,0,0
HBAR.V,D,20211022,000000,0.3833,0.3907,0.373,0.3764,0,0
HBAR.V,D,20211023,000000,0.3764,0.3814,0.3683,0.374,0,0
HBAR.V,D,20211024,000000,0.3739,0.3796,0.3595,0.367,0,0
HBAR.V,D,20211025,000000,0.367,0.3898,0.3649,0.3833,0,0
HBAR.V,D,20211026,000000,0.3833,0.4142,0.3813,0.3916,0,0
HBAR.V,D,20211027,000000,0.3916,0.3991,0.3401,0.3576,0,0
HBAR.V,D,20211028,000000,0.3576,0.3775,0.3496,0.3717,0,0
HBAR.V,D,20211029,000000,0.372,0.3977,0.3692,0.3856,0,0
HBAR.V,D,20211030,000000,0.3856,0.439,0.3853,0.414,0,0
HBAR.V,D,20211031,000000,0.4137,0.4631,0.39,0.4127,0,0
HBAR.V,D,20211101,000000,0.4111,0.4336,0.392,0.3976,0,0
HBAR.V,D,20211102,000000,0.3974,0.402,0.3912,0.3952,0,0
HBAR.V,D,20211103,000000,0.3952,0.3974,0.3774,0.3892,0,0
HBAR.V,D,20211104,000000,0.389,0.3961,0.379,0.3961,0,0
HBAR.V,D,20211105,000000,0.3962,0.4043,0.3859,0.3907,0,0
HBAR.V,D,20211106,000000,0.3907,0.3957,0.3724,0.3865,0,0
HBAR.V,D,20211107,000000,0.3866,0.3938,0.3839,0.3905,0,0
HBAR.V,D,20211108,000000,0.3905,0.4298,0.3902,0.4187,0,0
HBAR.V,D,20211109,000000,0.4187,0.4399,0.4078,0.4293,0,0
HBAR.V,D,20211110,000000,0.4293,0.4524,0.387,0.4097,0,0
HBAR.V,D,20211111,000000,0.4104,0.452,0.403,0.4343,0,0
HBAR.V,D,20211112,000000,0.4346,0.4766,0.4314,0.4477,0,0
HBAR.V,D,20211113,000000,0.4477,0.4713,0.4365,0.4378,0,0
HBAR.V,D,20211114,000000,0.4379,0.4458,0.4206,0.4309,0,0
HBAR.V,D,20211115,000000,0.4309,0.4409,0.4196,0.423,0,0
HBAR.V,D,20211116,000000,0.423,0.4277,0.3761,0.4041,0,0
HBAR.V,D,20211117,000000,0.4041,0.4203,0.3902,0.4031,0,0
HBAR.V,D,20211118,000000,0.4031,0.4145,0.3472,0.3583,0,0
HBAR.V,D,20211119,000000,0.3585,0.384,0.3506,0.3791,0,0
HBAR.V,D,20211120,000000,0.38,0.396,0.3723,0.3891,0,0
HBAR.V,D,20211121,000000,0.3891,0.3979,0.3795,0.3873,0,0
HBAR.V,D,20211122,000000,0.3873,0.392,0.3574,0.3673,0,0
HBAR.V,D,20211123,000000,0.3673,0.3711,0.3519,0.3702,0,0
HBAR.V,D,20211124,000000,0.3707,0.375,0.3437,0.3506,0,0
HBAR.V,D,20211125,000000,0.3506,0.3647,0.3452,0.3575,0,0
HBAR.V,D,20211126,000000,0.3575,0.3725,0.314,0.3288,0,0
HBAR.V,D,20211127,000000,0.3290,0.3403,0.3209,0.3332,0,0
HBAR.V,D,20211128,000000,0.3321,0.3326,0.3008,0.3234,0,0
HBAR.V,D,20211129,000000,0.3233,0.3418,0.3232,0.3370,0,0
HBAR.V,D,20211130,000000,0.3393,0.3701,0.3388,0.3483,0,0
HBAR.V,D,20211201,000000,0.3483,0.3631,0.3415,0.3461,0,0
HBAR.V,D,20211202,000000,0.3455,0.3523,0.3356,0.3415,0,0
HBAR.V,D,20211203,000000,0.3413,0.3499,0.3095,0.3122,0,0
HBAR.V,D,20211204,000000,0.3123,0.3168,0.2195,0.2910,0,0
HBAR.V,D,20211205,000000,0.2901,0.2907,0.2633,0.2731,0,0
HBAR.V,D,20211206,000000,0.2725,0.2833,0.2396,0.2803,0,0
HBAR.V,D,20211207,000000,0.2817,0.2917,0.268,0.2695,0,0
HBAR.V,D,20211208,000000,0.2695,0.2798,0.2597,0.2753,0,0
HBAR.V,D,20211209,000000,0.2768,0.2913,0.2537,0.2584,0,0
HBAR.V,D,20211210,000000,0.2583,0.2627,0.242,0.2424,0,0
HBAR.V,D,20211211,000000,0.2425,0.2557,0.2331,0.2506,0,0
HBAR.V,D,20211212,000000,0.2506,0.2588,0.2444,0.2560,0,0
HBAR.V,D,20211213,000000,0.2564,0.2584,0.2217,0.2310,0,0
HBAR.V,D,20211214,000000,0.2299,0.2346,0.2181,0.2337,0,0
HBAR.V,D,20211215,000000,0.2334,0.257655,0.226213,0.254553,0,0
HBAR.V,D,20211216,000000,0.254453,0.284785,0.254453,0.261078,0,0
HBAR.V,D,20211217,000000,0.261278,0.26808,0.241096,0.2502,0,0
HBAR.V,D,20211218,000000,0.251,0.312094,0.244698,0.30022,0,0
HBAR.V,D,20211219,000000,0.30042,0.334534,0.290245,0.328564,0,0
HBAR.V,D,20211220,000000,0.328731,0.332333,0.294988,0.305022,0,0
HBAR.V,D,20211221,000000,0.304922,0.316095,0.29949,0.309724,0,0
HBAR.V,D,20211222,000000,0.309624,0.343337,0.308023,0.326463,0,0
HBAR.V,D,20211223,000000,0.326531,0.333733,0.314163,0.329332,0,0
HBAR.V,D,20211224,000000,0.329332,0.330132,0.307954,0.309486,0,0
HBAR.V,D,20211225,000000,0.309586,0.320292,0.306253,0.315526,0,0
HBAR.V,D,20211226,000000,0.315626,0.322761,0.302751,0.319028,32256178,0
HBAR.V,D,20211227,000000,0.319159,0.32553,0.313794,0.316795,39849410,0
HBAR.V,D,20211228,000000,0.316295,0.316895,0.279128,0.293429,74497545,0
HBAR.V,D,20211229,000000,0.292959,0.296159,0.2752,0.285857,35416387,0
HBAR.V,D,20211230,000000,0.286229,0.308762,0.277656,0.296659,73224972,0
HBAR.V,D,20211231,000000,0.296859,0.308931,0.283328,0.289829,43132768.483599,0
HBAR.V,D,20220101,000000,0.290029,0.29993,0.289171,0.29956,28187760.278425,0
HBAR.V,D,20220102,000000,0.29953,0.319364,0.296959,0.313563,60519013.209664,0
HBAR.V,D,20220103,000000,0.313663,0.32,0.2975,0.30393,43699231.868487,0
HBAR.V,D,20220104,000000,0.30453,0.337366,0.3025,0.333067,147577633.02427,0
HBAR.V,D,20220105,000000,0.333067,0.341066,0.269873,0.285971,139547235.87674,0
HBAR.V,D,20220106,000000,0.286,0.29897,0.270673,0.29537,95064756.514244,0
HBAR.V,D,20220107,000000,0.295818,0.29934,0.266247,0.269273,97271338.49505,0
HBAR.V,D,20220108,000000,0.268973,0.277472,0.252475,0.2681,65338190.996228,0
HBAR.V,D,20220109,000000,0.2681,0.2761,0.261974,0.2707,35820399.81662,0
HBAR.V,D,20220110,000000,0.2709,0.2752,0.2497,0.261174,50810976.179534,0
HBAR.V,D,20220111,000000,0.2615,0.275028,0.2567,0.274627,53692633.791876,0
HBAR.V,D,20220112,000000,0.274682,0.298449,0.272755,0.294818,61416943.139272,0
HBAR.V,D,20220113,000000,0.295218,0.297119,0.276611,0.278912,52971304.361097,0
HBAR.V,D,20220114,000000,0.278539,0.285814,0.273509,0.281012,28693056.096566,0
HBAR.V,D,20220115,000000,0.281284,0.284742,0.277811,0.281541,22096177.244918,0
HBAR.V,D,20220116,000000,0.281441,0.282641,0.274237,0.279412,22622608.678976,0
HBAR.V,D,20220117,000000,0.279312,0.284085,0.26548,0.268607,39508047.456011,0
HBAR.V,D,20220118,000000,0.268807,0.272182,0.254676,0.268607,29492997.772899,0
HBAR.V,D,20220119,000000,0.26838,0.273082,0.252476,0.270481,42413427.230289,0
HBAR.V,D,20220120,000000,0.270081,0.281985,0.262653,0.263053,67543935.234449,0
HBAR.V,D,20220121,000000,0.263053,0.268254,0.228746,0.233947,79357266.43019,0
HBAR.V,D,20220122,000000,0.23427,0.239148,0.20224,0.220266,71726217.072712,0
HBAR.V,D,20220123,000000,0.219566,0.23357,0.213043,0.215443,58145994.441844,0
HBAR.V,D,20220124,000000,0.215643,0.222545,0.186037,0.206862,73186113.564708,0
HBAR.V,D,20220125,000000,0.206362,0.216908,0.197459,0.208404,42588423.068536,0
HBAR.V,D,20220126,000000,0.208867,0.223634,0.204323,0.209726,49485037.316803,0
HBAR.V,D,20220127,000000,0.209426,0.217909,0.19992,0.205682,39778853.927377,0
HBAR.V,D,20220128,000000,0.205782,0.217965,0.204441,0.214743,25577326.79366,0
HBAR.V,D,20220129,000000,0.214843,0.224567,0.214064,0.221666,26717115.461855,0
HBAR.V,D,20220130,000000,0.221566,0.227468,0.214286,0.218065,18893047.531476,0
HBAR.V,D,20220131,000000,0.218287,0.223312,0.208083,0.22101,46982702.591938,0
HBAR.V,D,20220201,000000,0.22103,0.234317,0.220132,0.229237,34533081.553405,0
HBAR.V,D,20220202,000000,0.228937,0.23414,0.218866,0.220698,21353269.987503,0
HBAR.V,D,20220203,000000,0.220698,0.246899,0.214186,0.236818,123157416.96489,0
HBAR.V,D,20220204,000000,0.236518,0.249149,0.234417,0.247298,62579735.906105,0
HBAR.V,D,20220205,000000,0.247173,0.263158,0.246372,0.260056,44717813.571788,0
HBAR.V,D,20220206,000000,0.259956,0.261331,0.249925,0.2507,27943345.795456,0
HBAR.V,D,20220207,000000,0.2505,0.269642,0.2503,0.263084,56289814.773835,0
HBAR.V,D,20220208,000000,0.26301,0.264285,0.242269,0.250425,63495053.019557,0
HBAR.V,D,20220209,000000,0.250325,0.260134,0.247073,0.258584,40499880.884173,0
HBAR.V,D,20220210,000000,0.258458,0.261461,0.241817,0.250875,43993382.650268,0
HBAR.V,D,20220211,000000,0.251276,0.254103,0.230592,0.23187,38462860.773856,0
HBAR.V,D,20220212,000000,0.231669,0.240844,0.224712,0.232416,40243392.635489,0
HBAR.V,D,20220213,000000,0.232539,0.234841,0.222111,0.227737,36411947.032277,0
HBAR.V,D,20220214,000000,0.227737,0.243346,0.221511,0.241845,64457749.552967,0
HBAR.V,D,20220215,000000,0.241645,0.265459,0.241145,0.257755,107721863.79324,0
HBAR.V,D,20220216,000000,0.258081,0.263458,0.248224,0.260856,55831970.901985,0
HBAR.V,D,20220217,000000,0.26083,0.267134,0.23344,0.238667,62224248.995522,0
HBAR.V,D,20220218,000000,0.238843,0.242269,0.226036,0.229137,37756420.901139,0
HBAR.V,D,20220219,000000,0.229438,0.234841,0.222311,0.231039,22627345.337939,0
HBAR.V,D,20220220,000000,0.230738,0.235841,0.213907,0.21951,39250339.147856,0
HBAR.V,D,20220221,000000,0.21921,0.225213,0.203681,0.204982,49529541.969654,0
HBAR.V,D,20220222,000000,0.204702,0.256654,0.195159,0.230715,216252579.62359,0
HBAR.V,D,20220223,000000,0.230715,0.239344,0.218431,0.223334,102856724.18345,0
HBAR.V,D,20220224,000000,0.223234,0.224112,0.187194,0.211685,111166060.14067,0
HBAR.V,D,20220225,000000,0.211864,0.228491,0.208383,0.226691,59178917.619779,0
HBAR.V,D,20220226,000000,0.226413,0.232316,0.219388,0.222611,31883366.521943,0
HBAR.V,D,20220227,000000,0.222589,0.225413,0.207183,0.211105,37824875.78153,0
HBAR.V,D,20220228,000000,0.210984,0.230615,0.206383,0.227191,43916223.218268,0
HBAR.V,D,20220301,000000,0.227391,0.235294,0.222067,0.225068,62896054.795297,0
HBAR.V,D,20220302,000000,0.224567,0.228346,0.217844,0.223545,37701750.161317,0
HBAR.V,D,20220303,000000,0.223367,0.229869,0.214464,0.221744,30381428.583751,0
HBAR.V,D,20220304,000000,0.221644,0.222467,0.203341,0.205262,28025708.126541,0
HBAR.V,D,20220305,000000,0.205362,0.212064,0.20204,0.210463,12737923.958011,0
HBAR.V,D,20220306,000000,0.210763,0.211864,0.20224,0.205962,15034100.20993,0
HBAR.V,D,20220307,000000,0.206262,0.213643,0.19804,0.206062,30380104.725441,0
HBAR.V,D,20220308,000000,0.205562,0.213921,0.20134,0.203041,31600101.159712,0
HBAR.V,D,20220309,000000,0.202841,0.215443,0.202541,0.212542,30040737.741343,0
HBAR.V,D,20220310,000000,0.212721,0.221489,0.20224,0.218187,62303630.180926,0
HBAR.V,D,20220311,000000,0.218687,0.218687,0.204882,0.207041,18934708.440368,0
HBAR.V,D,20220312,000000,0.206941,0.212221,0.204941,0.207021,14581627.262126,0
HBAR.V,D,20220313,000000,0.207262,0.209421,0.19926,0.19976,14629977.805482,0
HBAR.V,D,20220314,000000,0.19944,0.205741,0.19814,0.20214,25459434.532915,0
HBAR.V,D,20220315,000000,0.20244,0.204241,0.19572,0.20036,31544370.905402,0
HBAR.V,D,20220316,000000,0.20044,0.205562,0.194158,0.202261,54035865.805642,0
HBAR.V,D,20220317,000000,0.202561,0.209063,0.202161,0.206082,21694364.016051,0
HBAR.V,D,20220318,000000,0.206182,0.208225,0.1994,0.207003,18609346.660274,0
HBAR.V,D,20220319,000000,0.207066,0.213785,0.206903,0.209384,22212762.463526,0
HBAR.V,D,20220320,000000,0.209484,0.212606,0.205882,0.209484,20020829.413042,0
HBAR.V,D,20220321,000000,0.209605,0.216186,0.205102,0.211685,37856258.422729,0
HBAR.V,D,20220322,000000,0.211585,0.22011,0.209984,0.215508,34603090.711928,0
HBAR.V,D,20220323,000000,0.215508,0.218866,0.210805,0.217987,40414489.235422,0
HBAR.V,D,20220324,000000,0.218187,0.228314,0.217587,0.219988,55297155.933431,0
HBAR.V,D,20220325,000000,0.21991,0.230515,0.217008,0.221288,50898677.201822,0
HBAR.V,D,20220326,000000,0.221411,0.227591,0.22101,0.225012,21006891.396703,0
HBAR.V,D,20220327,000000,0.225112,0.247699,0.225112,0.246799,73088467.065697,0
HBAR.V,D,20220328,000000,0.246699,0.251776,0.235694,0.241797,89646107.872721,0
HBAR.V,D,20220329,000000,0.241797,0.269608,0.23427,0.250825,162844785.51907,0
HBAR.V,D,20220330,000000,0.250725,0.259704,0.244398,0.250375,58176595.951061,0
HBAR.V,D,20220331,000000,0.250275,0.261426,0.234847,0.234947,87646693.45759,0
HBAR.V,D,20220401,000000,0.23497,0.248924,0.230146,0.245774,64502350.347801,0
HBAR.V,D,20220402,000000,0.245998,0.252901,0.242673,0.247299,46391734.940387,0
HBAR.V,D,20220403,000000,0.247099,0.2494,0.240772,0.246799,24928725.113779,0
HBAR.V,D,20220404,000000,0.246999,0.2504,0.229146,0.238148,31991050.201122,0
HBAR.V,D,20220405,000000,0.238171,0.240472,0.229023,0.230323,21533552.026641,0
HBAR.V,D,20220406,000000,0.230546,0.231123,0.2083,0.2157,38457909.253125,0
HBAR.V,D,20220407,000000,0.215322,0.2304,0.2061,0.220422,103632511.1831,0
HBAR.V,D,20220408,000000,0.220022,0.225823,0.208884,0.208884,34989083.105178,0
HBAR.V,D,20220409,000000,0.208783,0.215565,0.206262,0.210642,28036372.198728,0
HBAR.V,D,20220410,000000,0.210863,0.218966,0.210563,0.213843,18735213.521215,0
HBAR.V,D,20220411,000000,0.213343,0.213743,0.192358,0.193058,43195713.934125,0
HBAR.V,D,20220412,000000,0.192758,0.203541,0.192058,0.196259,29017255.979779,0
HBAR.V,D,20220413,000000,0.196159,0.204182,0.194458,0.20166,38459941.668776,0
HBAR.V,D,20220414,000000,0.201761,0.205562,0.192639,0.195639,28854121.157715,0
HBAR.V,D,20220415,000000,0.195539,0.20154,0.194239,0.19912,23364562.163609,0
HBAR.V,D,20220416,000000,0.19912,0.204141,0.196539,0.19894,19012866.699775,0
HBAR.V,D,20220417,000000,0.19924,0.20004,0.19542,0.19774,14453292.982094,0
HBAR.V,D,20220418,000000,0.197899,0.19834,0.181518,0.193558,43321134.760528,0
HBAR.V,D,20220419,000000,0.193658,0.20034,0.192238,0.19832,21492927.555767,0
HBAR.V,D,20220420,000000,0.19854,0.203841,0.192639,0.19572,26716655.471054,0
HBAR.V,D,20220421,000000,0.195839,0.202541,0.190138,0.190838,23326453.881501,0
HBAR.V,D,20220422,000000,0.190519,0.194639,0.186237,0.189219,19526519.661083,0
HBAR.V,D,20220423,000000,0.189238,0.190938,0.186337,0.189238,13360343.76097,0
HBAR.V,D,20220424,000000,0.189319,0.189938,0.184037,0.186737,14241767.449045,0
HBAR.V,D,20220425,000000,0.186737,0.187037,0.171417,0.182236,48038151.548377,0
HBAR.V,D,20220426,000000,0.182036,0.183237,0.168017,0.1702,20120395.342488,0
HBAR.V,D,20220427,000000,0.170317,0.1742,0.164516,0.1684,32791267.384356,0
HBAR.V,D,20220428,000000,0.168417,0.173617,0.1663,0.1693,25329647.627805,0
HBAR.V,D,20220429,000000,0.169317,0.171617,0.155916,0.159116,40159435.595773,0
HBAR.V,D,20220430,000000,0.159216,0.162816,0.148215,0.149815,72351672.625974,0
HBAR.V,D,20220501,000000,0.1497,0.151515,0.1306,0.1443,93170648.555722,0
HBAR.V,D,20220502,000000,0.144314,0.148115,0.132913,0.1396,72337498.444562,0
HBAR.V,D,20220503,000000,0.139614,0.1469,0.136973,0.139886,41839947.62247,0
HBAR.V,D,20220504,000000,0.139886,0.1513,0.137273,0.1499,48642396.962881,0
HBAR.V,D,20220505,000000,0.1499,0.155169,0.133073,0.136173,72587069.64871,0
HBAR.V,D,20220506,000000,0.136173,0.136886,0.128587,0.132987,37779769.410718,0
HBAR.V,D,20220507,000000,0.133087,0.135886,0.129274,0.129287,22751936.170655,0
HBAR.V,D,20220508,000000,0.129487,0.131474,0.12445,0.130361,37464826.086983,0
HBAR.V,D,20220509,000000,0.130361,0.132174,0.106568,0.111478,65726764.752378,0
HBAR.V,D,20220510,000000,0.111578,0.121763,0.102969,0.108756,90542206.473925,0
HBAR.V,D,20220511,000000,0.108967,0.119852,0.083482,0.090953,270864503.39022,0
HBAR.V,D,20220512,000000,0.091062,0.0966922,0.0705535,0.0842719,373534046.15364,0
HBAR.V,D,20220513,000000,0.0842719,0.107093,0.0831748,0.09982,88779853.28487,0
HBAR.V,D,20220514,000000,0.099431,0.104732,0.091788,0.0987517,42565706.170133,0
HBAR.V,D,20220515,000000,0.0989513,0.1066718,0.0969641,0.1054627,22567943.507446,0
HBAR.V,D,20220516,000000,0.1055732,0.1093686,0.0977727,0.1042643,38441677.376065,0
HBAR.V,D,20220517,000000,0.104464,0.1085587,0.0996703,0.1059727,21609249.529081,0
HBAR.V,D,20220518,000000,0.1060726,0.1101676,0.0982721,0.1020671,36256680.10147,0
HBAR.V,D,20220519,000000,0.1022566,0.1067039,0.0961748,0.101898,33999219.412219,0
HBAR.V,D,20220520,000000,0.101898,0.1055155,0.0976729,0.0994805,27990996.259587,0
HBAR.V,D,20220521,000000,0.0994805,0.1030658,0.098182,0.0996703,19620999.953933,0
HBAR.V,D,20220522,000000,0.0996703,0.1050738,0.0988614,0.1030658,24771942.069211,0
HBAR.V,D,20220523,000000,0.103176,0.1081917,0.0993806,0.1013782,26492292.783068,0
HBAR.V,D,20220524,000000,0.1010786,0.1011784,0.0930975,0.0991709,65628218.769867,0
HBAR.V,D,20220525,000000,0.0992608,0.1008788,0.0955947,0.0979823,40676427.570853,0
HBAR.V,D,20220526,000000,0.0979823,0.0992807,0.0872951,0.0927978,58810104.66287,0
HBAR.V,D,20220527,000000,0.0928977,0.0934065,0.0856057,0.0880031,71854511.962549,0
HBAR.V,D,20220528,000000,0.0879987,0.0900836,0.0859932,0.0882975,35897925.571615,0
HBAR.V,D,20220529,000000,0.0885114,0.0902079,0.0863127,0.0895014,23274224.354321,0
HBAR.V,D,20220530,000000,0.0896013,0.0988308,0.0888075,0.0969321,33111726.531036,0
HBAR.V,D,20220531,000000,0.0969321,0.0990207,0.0927258,0.093725,37243826.357434,0
HBAR.V,D,20220601,000000,0.093625,0.0981332,0.0886024,0.08882,41716966.773267,0
HBAR.V,D,20220602,000000,0.0885114,0.0927165,0.0876123,0.0919172,47887974.449012,0
HBAR.V,D,20220603,000000,0.0919172,0.0929302,0.0876298,0.0898218,30094413.308225,0
HBAR.V,D,20220604,000000,0.0900216,0.0902214,0.0873082,0.0897318,38436349.959808,0
HBAR.V,D,20220605,000000,0.0897326,0.0960327,0.0893195,0.0936119,75214678.766626,0
HBAR.V,D,20220606,000000,0.0937118,0.0982204,0.0930088,0.0965189,103543057.7174,0
HBAR.V,D,20220607,000000,0.096418,0.0970165,0.0886264,0.0927248,67421056.257986,0
HBAR.V,D,20220608,000000,0.0928229,0.0929284,0.0868392,0.0886423,91528620.069766,0
HBAR.V,D,20220609,000000,0.0888422,0.0894203,0.086622,0.0871268,74944392.614601,0
HBAR.V,D,20220610,000000,0.0871259,0.0875255,0.0801118,0.081796,142854387.1237,0
HBAR.V,D,20220611,000000,0.0818959,0.083111,0.0748071,0.0788108,55631263.512897,0
HBAR.V,D,20220612,000000,0.0789107,0.0793087,0.0698014,0.0728103,93202783.918503,0
HBAR.V,D,20220613,000000,0.0728103,0.0728103,0.0605276,0.0652092,310601115.66392,0
HBAR.V,D,20220614,000000,0.0652092,0.067913,0.0607088,0.064123,457501575.05572,0
HBAR.V,D,20220615,000000,0.0641223,0.069923,0.0599918,0.0697952,450182791.67048,0
HBAR.V,D,20220616,000000,0.0697952,0.0712216,0.0645225,0.066094,239821896.22263,0
HBAR.V,D,20220617,000000,0.0650594,0.0699926,0.064411,0.0684777,198683996.82184,0
HBAR.V,D,20220618,000000,0.0683379,0.0691383,0.0582172,0.0612007,441029047.40612,0
HBAR.V,D,20220619,000000,0.0611009,0.0678185,0.0600105,0.0665134,128116241.73858,0
HBAR.V,D,20220620,000000,0.0665134,0.0738964,0.0652151,0.0694236,104592119.51785,0
HBAR.V,D,20220621,000000,0.0695165,0.0795124,0.0683179,0.0734192,126972703.7322,0
HBAR.V,D,20220622,000000,0.0734192,0.0768231,0.0701298,0.070929,137695753.3677,0
HBAR.V,D,20220623,000000,0.0708291,0.0735264,0.0695304,0.0719208,56716258.65074,0
HBAR.V,D,20220624,000000,0.0718281,0.0760361,0.0718281,0.0747417,134257897.52688,0
HBAR.V,D,20220625,000000,0.0748251,0.075924,0.070552,0.0738483,100997872.0323,0
HBAR.V,D,20220626,000000,0.0738483,0.0757485,0.0702578,0.0713564,66858536.792229,0
HBAR.V,D,20220627,000000,0.0713557,0.0721538,0.0682577,0.0696387,53190669.879881,0
HBAR.V,D,20220628,000000,0.0696387,0.0709333,0.0663177,0.0668177,38017006.793112,0
HBAR.V,D,20220629,000000,0.0667172,0.0668177,0.0639104,0.0651211,69872636.765635,0
HBAR.V,D,20220630,000000,0.0652216,0.0656205,0.0597223,0.0609268,72017455.536737,0
HBAR.V,D,20220701,000000,0.0609268,0.0650284,0.0606211,0.0622315,84404220.272397,0
HBAR.V,D,20220702,000000,0.0623314,0.0636935,0.0608269,0.0636236,66294713.902334,0
HBAR.V,D,20220703,000000,0.0635936,0.0637734,0.0608547,0.062239,58159708.845868,0
HBAR.V,D,20220704,000000,0.0623189,0.0635237,0.0602156,0.0631242,35238966.683613,0
HBAR.V,D,20220705,000000,0.0630243,0.0648221,0.0598341,0.0621316,93765382.823109,0
HBAR.V,D,20220706,000000,0.0621316,0.0625249,0.0606332,0.0620317,41062933.875641,0
HBAR.V,D,20220707,000000,0.0619318,0.0654607,0.061732,0.0648611,42341461.084496,0
HBAR.V,D,20220708,000000,0.064961,0.0665534,0.0628623,0.0640615,36478214.698539,0
HBAR.V,D,20220709,000000,0.0640615,0.0692584,0.0638617,0.0679592,46884602.712876,0
HBAR.V,D,20220710,000000,0.0679524,0.0698581,0.0633556,0.0647611,37507649.512937,0
HBAR.V,D,20220711,000000,0.0647611,0.0655606,0.0611449,0.0614446,37439467.743451,0
HBAR.V,D,20220712,000000,0.0614569,0.061938,0.0595344,0.05994,33856456.234762,0
HBAR.V,D,20220713,000000,0.0599424,0.0621378,0.0578363,0.0617444,60059350.181175,0
HBAR.V,D,20220714,000000,0.0618443,0.0643614,0.0607514,0.063262,53113636.329898,0
HBAR.V,D,20220715,000000,0.063262,0.0665667,0.0629559,0.0651804,54174866.784977,0
HBAR.V,D,20220716,000000,0.0653804,0.0674865,0.0635809,0.0658802,35491676.494406,0
HBAR.V,D,20220717,000000,0.0659868,0.0671839,0.064091,0.0655829,39051008.251394,0
HBAR.V,D,20220718,000000,0.0656869,0.0717957,0.0645787,0.0692841,104981155.18367,0
HBAR.V,D,20220719,000000,0.069384,0.0748127,0.0689807,0.0744119,96178796.745196,0
HBAR.V,D,20220720,000000,0.0744,0.0773062,0.0697014,0.0725036,112328347.41882,0
HBAR.V,D,20220721,000000,0.0724036,0.0725036,0.0679034,0.0711178,62807179.012001,0
HBAR.V,D,20220722,000000,0.0711171,0.0754204,0.0689131,0.0699154,72422558.212781,0
HBAR.V,D,20220723,000000,0.0698154,0.0718057,0.0667,0.0677129,60337481.071932,0
HBAR.V,D,20220724,000000,0.0677129,0.0742074,0.0676068,0.0726145,113286502.48161,0
HBAR.V,D,20220725,000000,0.0727145,0.073411,0.0659092,0.0670054,113054806.41119,0
HBAR.V,D,20220726,000000,0.0670054,0.0671067,0.0631994,0.064609,68518750.356839,0
HBAR.V,D,20220727,000000,0.064609,0.0696181,0.0641987,0.0695167,76569013.443965,0
HBAR.V,D,20220728,000000,0.0694167,0.0729226,0.0677095,0.0727145,105675968.35313,0
HBAR.V,D,20220729,000000,0.0727153,0.0740956,0.0693201,0.0716294,90015236.211261,0
HBAR.V,D,20220730,000000,0.0716286,0.0785275,0.0706247,0.073525,114090878.0087,0
HBAR.V,D,20220731,000000,0.073522,0.0815244,0.0719209,0.0769177,201862623.67578,0
HBAR.V,D,20220801,000000,0.0770177,0.078336,0.0745194,0.0759228,94622647.548677,0
HBAR.V,D,20220802,000000,0.0759228,0.0780304,0.0724109,0.0736125,149484849.32784,0
HBAR.V,D,20220803,000000,0.073514,0.0740207,0.0702161,0.0725181,105941956.1862,0
HBAR.V,D,20220804,000000,0.0724167,0.0733073,0.0703148,0.0714021,89577780.001961,0
HBAR.V,D,20220805,000000,0.0713021,0.0754151,0.0712043,0.0748142,62185868.059579,0
HBAR.V,D,20220806,000000,0.0748142,0.0790174,0.0745112,0.078118,80556638.744466,0
HBAR.V,D,20220807,000000,0.0780179,0.0786149,0.0757189,0.0780148,64793988.172282,0
HBAR.V,D,20220808,000000,0.0779148,0.0803209,0.076513,0.0795095,66198431.33505,0
HBAR.V,D,20220809,000000,0.0794095,0.0815171,0.0726145,0.0746149,125013824.66363,0
HBAR.V,D,20220810,000000,0.0746149,0.078837,0.0726203,0.0784227,57933678.991736,0
HBAR.V,D,20220811,000000,0.0784227,0.084538,0.0779234,0.080838,107477535.26931,0
HBAR.V,D,20220812,000000,0.080838,0.0832416,0.0791316,0.0818376,90607185.42365,0
HBAR.V,D,20220813,000000,0.0819377,0.0840403,0.0811251,0.0812317,60227982.604186,0
HBAR.V,D,20220814,000000,0.0812317,0.082533,0.0779179,0.0786244,51244866.05134,0
HBAR.V,D,20220815,000000,0.0787236,0.0809218,0.0768184,0.0778187,49437730.999706,0
HBAR.V,D,20220816,000000,0.0779195,0.0784157,0.0758053,0.0766069,51128662.907228,0
HBAR.V,D,20220817,000000,0.0766069,0.0791095,0.0728029,0.0734051,47970249.433987,0
HBAR.V,D,20220818,000000,0.0735051,0.0747045,0.0728015,0.0739007,47415244.602527,0
HBAR.V,D,20220819,000000,0.0739074,0.0740074,0.0639,0.0646,88986884.768979,0
HBAR.V,D,20220820,000000,0.0646032,0.0683109,0.0640058,0.0671993,58433282.564232,0
HBAR.V,D,20220821,000000,0.0670987,0.0702,0.0666933,0.0696979,34442054.043028,0
HBAR.V,D,20220822,000000,0.0695986,0.071,0.0637904,0.0648883,71411422.414764,0
HBAR.V,D,20220823,000000,0.0648896,0.0675993,0.0640994,0.0669013,29956580.455805,0
HBAR.V,D,20220824,000000,0.0669933,0.0704056,0.0650967,0.0686062,77413248.747422,0
HBAR.V,D,20220825,000000,0.0687055,0.0688959,0.0670987,0.068002,38383965.23459,0
HBAR.V,D,20220826,000000,0.068102,0.07,0.0632981,0.0639064,154406647.36414,0
HBAR.V,D,20220827,000000,0.0639064,0.0642058,0.0617037,0.0622019,47947687.408258,0
HBAR.V,D,20220828,000000,0.0622012,0.0652,0.0620012,0.0641,35506534.466286,0
HBAR.V,D,20220829,000000,0.0642994,0.0658046,0.0617944,0.0657039,49479017.680133,0
HBAR.V,D,20220830,000000,0.0657053,0.0663993,0.0623031,0.0632057,39944704.803872,0
HBAR.V,D,20220831,000000,0.0633057,0.0673,0.0631013,0.0638,59073561.022318,0
HBAR.V,D,20220901,000000,0.0637994,0.0641006,0.0612969,0.0631962,51256887.225146,0
HBAR.V,D,20220902,000000,0.0631968,0.0635994,0.060803,0.061808,55562827.027464,0
HBAR.V,D,20220903,000000,0.0619099,0.0622062,0.0605,0.0606,30806335.880827,0
HBAR.V,D,20220904,000000,0.0606,0.0616062,0.0603,0.0613,40075376.886087,0
HBAR.V,D,20220905,000000,0.0614,0.0631,0.0602,0.0618062,72391466.775133,0
HBAR.V,D,20220906,000000,0.0618062,0.0636064,0.0579,0.0582,96518987.525817,0
HBAR.V,D,20220907,000000,0.0582,0.0612006,0.0575983,0.0607042,63833472.112927,0
HBAR.V,D,20220908,000000,0.0607042,0.0615037,0.0592053,0.0609097,53702826.420505,0
HBAR.V,D,20220909,000000,0.0609073,0.0643116,0.0607097,0.0634216,57558111.993172,0
HBAR.V,D,20220910,000000,0.0634235,0.0649162,0.0628251,0.0637121,55836029.443784,0
HBAR.V,D,20220911,000000,0.0639134,0.0650214,0.0624243,0.0629157,49491209.149697,0
HBAR.V,D,20220912,000000,0.0629151,0.0734161,0.0629094,0.072213,399805385.18851,0
HBAR.V,D,20220913,000000,0.0721216,0.0743149,0.0642026,0.0654013,291672854.34865,0
HBAR.V,D,20220914,000000,0.0652013,0.0657105,0.0624166,0.0635399,88646194.554008,0
HBAR.V,D,20220915,000000,0.0635309,0.0647005,0.0602911,0.0613339,111302068.92993,0
HBAR.V,D,20220916,000000,0.0613455,0.0614308,0.0598856,0.060426,89356256.420974,0
HBAR.V,D,20220917,000000,0.060489,0.0623168,0.060265,0.061263,76974330.650786,0
HBAR.V,D,20220918,000000,0.061285,0.061874,0.0561324,0.057551,81816876.053373,0
HBAR.V,D,20220919,000000,0.0573733,0.0592198,0.0560844,0.0589588,86678663.355388,0
HBAR.V,D,20220920,000000,0.0589799,0.0593939,0.0565003,0.057507,83807396.983798,0
HBAR.V,D,20220921,000000,0.0573767,0.060622,0.055891,0.056504,96456201.785618,0
HBAR.V,D,20220922,000000,0.05641,0.059846,0.055695,0.059037,72710016.125124,0
HBAR.V,D,20220923,000000,0.05907,0.062357,0.059,0.0611309,119141171.16877,0
HBAR.V,D,20220924,000000,0.0611697,0.0637811,0.0608964,0.062023,121705797.80413,0
HBAR.V,D,20220925,000000,0.062011,0.062207,0.0590262,0.059058,63781458.847785,0
HBAR.V,D,20220926,000000,0.059058,0.0605171,0.0579068,0.058978,116123991.03357,0
HBAR.V,D,20220927,000000,0.058996,0.0616242,0.0576722,0.0581672,110981182.43945,0
HBAR.V,D,20220928,000000,0.0581532,0.058662,0.0562364,0.058233,89676573.16429,0
HBAR.V,D,20220929,000000,0.058258,0.0583962,0.056534,0.0576038,74474021.384936,0
HBAR.V,D,20220930,000000,0.057667,0.058405,0.05701,0.057161,87004868.976609,0
HBAR.V,D,20221001,000000,0.0571367,0.0578418,0.056917,0.057726,42746842.427355,0
HBAR.V,D,20221002,000000,0.05773,0.0579868,0.056159,0.057106,42649651.878529,0
HBAR.V,D,20221003,000000,0.057096,0.0580248,0.0557266,0.0577828,97075786.771768,0
HBAR.V,D,20221004,000000,0.0577708,0.0587116,0.0573735,0.0583825,85428358.967699,0
HBAR.V,D,20221005,000000,0.0583835,0.0585297,0.056545,0.0577415,88438235.553699,0
HBAR.V,D,20221006,000000,0.0577365,0.058884,0.0575692,0.0580729,106041957.73702,0
HBAR.V,D,20221007,000000,0.0580529,0.0610237,0.0577572,0.0601304,128041073.76903,0
HBAR.V,D,20221008,000000,0.0601364,0.0607373,0.0592581,0.059947,60704466.508639,0
HBAR.V,D,20221009,000000,0.0599546,0.0613093,0.0594539,0.060249,70766754.478622,0
HBAR.V,D,20221010,000000,0.060234,0.060689,0.058435,0.060005,90806963.080503,0
HBAR.V,D,20221011,000000,0.06001,0.0624301,0.057078,0.0613229,260799880.62155,0
HBAR.V,D,20221012,000000,0.0613225,0.067425,0.0605857,0.066186,482475408.89013,0
HBAR.V,D,20221013,000000,0.066183,0.0671,0.0582399,0.0657633,415892808.53238,0
HBAR.V,D,20221014,000000,0.0657483,0.065903,0.0610174,0.0610664,164710225.41313,0
HBAR.V,D,20221015,000000,0.0610684,0.0630507,0.0602412,0.060535,103516766.64169,0
HBAR.V,D,20221016,000000,0.060529,0.061603,0.059662,0.0606664,74000904.083211,0
HBAR.V,D,20221017,000000,0.060671,0.0627316,0.0602292,0.0620352,92147904.612314,0
HBAR.V,D,20221018,000000,0.0620732,0.0644874,0.0608516,0.0621165,133329815.30939,0
HBAR.V,D,20221019,000000,0.0621212,0.0628109,0.0598088,0.060261,80165039.477433,0
HBAR.V,D,20221020,000000,0.060285,0.0602986,0.0572683,0.0583979,117219170.93297,0
HBAR.V,D,20221021,000000,0.0583772,0.0598966,0.0564619,0.0595668,92797501.705051,0
HBAR.V,D,20221022,000000,0.0595722,0.0600542,0.0586451,0.0598058,47199417.837771,0
HBAR.V,D,20221023,000000,0.0598154,0.0603944,0.0584138,0.0600524,58437823.627242,0
HBAR.V,D,20221024,000000,0.0601664,0.0608316,0.0579251,0.0585849,98541137.96622,0
HBAR.V,D,20221025,000000,0.0586293,0.0610859,0.0583502,0.0601212,77071687.731748,0
HBAR.V,D,20221026,000000,0.0602309,0.0613056,0.0595255,0.0604189,102515387.9227,0
HBAR.V,D,20221027,000000,0.0603725,0.0619652,0.0580894,0.0588115,132535788.35359,0
HBAR.V,D,20221028,000000,0.0587705,0.0601444,0.0582257,0.059841,99658060.974523,0
HBAR.V,D,20221029,000000,0.059842,0.0618099,0.0597428,0.0614127,158624033.68253,0
HBAR.V,D,20221030,000000,0.0614187,0.0627853,0.059806,0.0606251,155896083.73369,0
HBAR.V,D,20221031,000000,0.0606131,0.0614248,0.0590722,0.0595592,112732830.69058,0
HBAR.V,D,20221101,000000,0.0595634,0.0600366,0.058188,0.0582482,49951094.499328,0
HBAR.V,D,20221102,000000,0.0582452,0.0600848,0.0571971,0.0583965,153906462.77709,0
HBAR.V,D,20221103,000000,0.0583745,0.061449,0.0581951,0.0598974,168422450.93373,0
HBAR.V,D,20221104,000000,0.0598584,0.063701,0.0591563,0.0634441,233299995.39996,0
HBAR.V,D,20221105,000000,0.0634604,0.0640364,0.0620506,0.0628881,157609937.82401824,0
HBAR.V,D,20221106,000000,0.0629275,0.0629275,0.0598432,0.0601038,116086106.44644883,0
HBAR.V,D,20221107,000000,0.0599712,0.0603072,0.0581752,0.0588541,120575068.43787876,0
HBAR.V,D,20221108,000000,0.0589507,0.0595659,0.0442655,0.0513656,280350140.97010624,0
HBAR.V,D,20221109,000000,0.0512403,0.052779,0.0430485,0.0441775,260776609.4933109,0
HBAR.V,D,20221110,000000,0.0441478,0.05545,0.043497,0.0507289,172269435.45727205,0
HBAR.V,D,20221111,000000,0.0507644,0.0573778,0.0463642,0.0478526,77095645.50021045,0
HBAR.V,D,20221112,000000,0.0478216,0.0486594,0.0456337,0.0468655,54064832.13833972,0
HBAR.V,D,20221113,000000,0.0468745,0.0491032,0.044955,0.0453444,87971173.44644418,0
HBAR.V,D,20221114,000000,0.0453314,0.0473514,0.043039,0.0462901,96992677.8238057,0
HBAR.V,D,20221115,000000,0.0463141,0.0502447,0.0463031,0.048905,56865610.21639922,0
HBAR.V,D,20221116,000000,0.0488201,0.0495044,0.0467546,0.0479014,47893010.89612315,0
HBAR.V,D,20221117,000000,0.0478809,0.0510537,0.0478009,0.0489448,101406055.38790464,0
HBAR.V,D,20221118,000000,0.0489463,0.0492506,0.0477841,0.048179,42587313.92417295,0
HBAR.V,D,20221119,000000,0.0481875,0.0492038,0.046707,0.0487777,29481677.575670213,0
HBAR.V,D,20221120,000000,0.048811,0.0499,0.0456544,0.0460269,44450559.5953779,0
HBAR.V,D,20221121,000000,0.0460394,0.0468031,0.0448135,0.0448721,58707307.12585993,0
HBAR.V,D,20221122,000000,0.0448951,0.0466652,0.0443706,0.0463504,65805650.292328335,0
HBAR.V,D,20221123,000000,0.0463434,0.0483218,0.0463434,0.0482828,48311013.85434515,0
HBAR.V,D,20221124,000000,0.0482848,0.0494949,0.0478539,0.0494934,42697778.563265964,0
HBAR.V,D,20221125,000000,0.0494764,0.0497731,0.0479686,0.0488911,40107507.94221039,0
HBAR.V,D,20221126,000000,0.0489031,0.0505941,0.0488282,0.0492749,30542713.497219894,0
HBAR.V,D,20221127,000000,0.0492739,0.0509359,0.0492434,0.0502068,24921406.305978566,0
HBAR.V,D,20221128,000000,0.0502479,0.0502479,0.0473594,0.048584,85837964.44354093,0
HBAR.V,D,20221129,000000,0.0486195,0.0495458,0.0479039,0.0492128,32653278.483956467,0
HBAR.V,D,20221130,000000,0.0492133,0.050742,0.048953,0.05072,33695191.10949948,0
HBAR.V,D,20221201,000000,0.0507025,0.0507431,0.0486625,0.0488859,51212090.8296684,0
HBAR.V,D,20221202,000000,0.0488939,0.049483,0.0481823,0.0487809,53508597.60668604,0
HBAR.V,D,20221203,000000,0.0487779,0.0491014,0.0473665,0.0475335,34545822.01377444,0
HBAR.V,D,20221204,000000,0.0475318,0.0481536,0.0473557,0.0478916,66895038.96498869,0
HBAR.V,D,20221205,000000,0.0479068,0.0491437,0.0478638,0.0485785,37840705.72938122,0
HBAR.V,D,20221206,000000,0.0485779,0.048784,0.0477926,0.0480965,28646118.146994874,0
HBAR.V,D,20221207,000000,0.048094,0.048354,0.0462098,0.046954,41679135.05521047,0
HBAR.V,D,20221208,000000,0.04697,0.0480972,0.046797,0.0479104,41136699.790906034,0
HBAR.V,D,20221209,000000,0.0479024,0.0483769,0.0477105,0.0480904,25271505.91515257,0
HBAR.V,D,20221210,000000,0.0480944,0.04887,0.048014,0.048405,43928723.952052124,0
HBAR.V,D,20221211,000000,0.048438,0.0489545,0.0479778,0.0480696,18416624.021105245,0
HBAR.V,D,20221212,000000,0.0480686,0.0481988,0.0465355,0.0472893,41258234.520333424,0
HBAR.V,D,20221213,000000,0.0472883,0.0482155,0.0460315,0.0476136,61022286.93707432,0
HBAR.V,D,20221214,000000,0.047691,0.0479064,0.0464397,0.0466943,43459667.20088523,0
HBAR.V,D,20221215,000000,0.046702,0.0467864,0.044999,0.0451085,42333830.18630726,0
HBAR.V,D,20221216,000000,0.045121,0.0460466,0.0414151,0.0420984,62168185.625035025,0
HBAR.V,D,20221217,000000,0.0421722,0.0429756,0.0409481,0.0427966,33454313.110176556,0
HBAR.V,D,20221218,000000,0.0428416,0.0443399,0.0427166,0.0439257,28269228.59714713,0
HBAR.V,D,20221219,000000,0.043907,0.0443295,0.0400014,0.0405246,33534878.833359793,0
HBAR.V,D,20221220,000000,0.040692,0.0428731,0.0405988,0.0427307,35249283.446475774,0
HBAR.V,D,20221221,000000,0.0427277,0.0433377,0.0420966,0.0426071,38561870.11222418,0
HBAR.V,D,20221222,000000,0.0426037,0.043478,0.0424263,0.0433446,31783086.323080815,0
HBAR.V,D,20221223,000000,0.0433406,0.0439012,0.0431948,0.0435772,21596489.77713512,0
HBAR.V,D,20221224,000000,0.0435806,0.0440809,0.0434855,0.0437939,20830255.228426967,0
HBAR.V,D,20221225,000000,0.0437929,0.0441207,0.0429656,0.0433914,13598754.248835944,0
HBAR.V,D,20221226,000000,0.0433917,0.0440188,0.0433848,0.0437422,20208047.443250272,0
HBAR.V,D,20221227,000000,0.0437447,0.0443357,0.0419316,0.0420836,57788845.05272921,0
HBAR.V,D,20221228,000000,0.0420836,0.0424936,0.0402263,0.0404186,66156670.15119292,0
HBAR.V,D,20221229,000000,0.0404136,0.0409125,0.0386718,0.0391584,91626127.07755461,0
HBAR.V,D,20221230,000000,0.0392283,0.0395818,0.0376542,0.0376602,111836608.37621966,0
HBAR.V,D,20221231,000000,0.0377527,0.0377527,0.0357011,0.0362759,142761287.16765338,0
HBAR.V,D,20230101,000000,0.0362785,0.0389035,0.0362059,0.0381361,68746648.13071202,0
HBAR.V,D,20230102,000000,0.0381591,0.0394976,0.0374676,0.0388526,58631728.11780515,0
HBAR.V,D,20230103,000000,0.0388886,0.0393916,0.0379056,0.0379726,40017981.91240266,0
HBAR.V,D,20230104,000000,0.0381361,0.0391,0.0378579,0.03824,90794137.61608292,0
HBAR.V,D,20230105,000000,0.0382514,0.0389409,0.0378521,0.0385245,71832160.19033425,0
HBAR.V,D,20230106,000000,0.0385274,0.0389099,0.0368287,0.0389009,61647602.85698935,0
HBAR.V,D,20230107,000000,0.0389225,0.0399516,0.03861,0.0395395,37185057.80847961,0
HBAR.V,D,20230108,000000,0.0395275,0.0420807,0.0390614,0.0419835,67235216.73774962,0
HBAR.V,D,20230109,000000,0.04199,0.0459722,0.0417047,0.044753,149606058.75591138,0
HBAR.V,D,20230110,000000,0.0447436,0.0453711,0.0433272,0.0445272,122763563.91451779,0
HBAR.V,D,20230111,000000,0.0445871,0.0454075,0.0435707,0.0450391,65706386.585231565,0
HBAR.V,D,20230112,000000,0.0451035,0.0482685,0.0449815,0.0474207,118407549.98342675,0
HBAR.V,D,20230113,000000,0.0474217,0.05055,0.046354,0.0498895,89339171.30092798,0
HBAR.V,D,20230114,000000,0.049983,0.0536607,0.049887,0.0524566,199438742.7250754,0
HBAR.V,D,20230115,000000,0.0524566,0.0533606,0.050177,0.0526393,100581338.13558555,0
HBAR.V,D,20230116,000000,0.0526398,0.0546137,0.050871,0.0533331,123120475.31664,0
HBAR.V,D,20230117,000000,0.0533335,0.054763,0.0526057,0.05441,101318151.22020905,0
HBAR.V,D,20230118,000000,0.054344,0.0602048,0.0538779,0.0549713,228546684.46805975,0
HBAR.V,D,20230119,000000,0.0549967,0.0620981,0.0530984,0.0611982,179759923.2660088,0
HBAR.V,D,20230120,000000,0.0610976,0.0805072,0.0592994,0.0737133,645794865.880173,0
HBAR.V,D,20230121,000000,0.0737133,0.0746149,0.0702161,0.0723145,294358523.5391986,0
HBAR.V,D,20230122,000000,0.0722108,0.0743119,0.0675149,0.0695139,164259997.5205944,0
HBAR.V,D,20230123,000000,0.0694139,0.0703098,0.0672054,0.0681102,96240583.69462289,0
HBAR.V,D,20230124,000000,0.0677325,0.0697002,0.0618093,0.0631013,103761099.3017186,0
HBAR.V,D,20230125,000000,0.0633019,0.0707078,0.0622062,0.0670107,226855883.05840197,0
HBAR.V,D,20230126,000000,0.0668114,0.070107,0.0653078,0.0665073,125972774.16458885,0
HBAR.V,D,20230127,000000,0.0668053,0.0711171,0.065015,0.0692298,120193958.13998023,0
HBAR.V,D,20230128,000000,0.0693243,0.0701252,0.0664006,0.0666493,52665557.67306273,0
HBAR.V,D,20230129,000000,0.0666383,0.0705932,0.0664686,0.0690665,69674656.07583977,0
HBAR.V,D,20230130,000000,0.0691095,0.0699355,0.0627031,0.0633044,99256529.14613196,0
HBAR.V,D,20230131,000000,0.0634044,0.066698,0.063005,0.0645058,81207678.25068589,0
HBAR.V,D,20230201,000000,0.0646512,0.0705085,0.0624146,0.0690041,184469955.93704027,0
HBAR.V,D,20230202,000000,0.0692035,0.0709078,0.066804,0.0676122,112491743.11691405,0
HBAR.V,D,20230203,000000,0.0675135,0.0736029,0.0667073,0.0727058,259934680.91252655,0
HBAR.V,D,20230204,000000,0.0727058,0.0778086,0.0702049,0.0740059,217121611.34595415,0
HBAR.V,D,20230205,000000,0.0740059,0.0747127,0.068017,0.0699182,166721426.95505476,0
HBAR.V,D,20230206,000000,0.0700175,0.0714164,0.0683,0.0683027,73375480.16073632,0
HBAR.V,D,20230207,000000,0.0683497,0.0785976,0.0669944,0.0747052,657789651.2944437,0
HBAR.V,D,20230208,000000,0.0748045,0.0792992,0.072408,0.074706,239955461.8296793,0
HBAR.V,D,20230209,000000,0.0742045,0.0761023,0.0680122,0.070107,131948750.70443475,0
HBAR.V,D,20230210,000000,0.0702063,0.0784102,0.0699084,0.0767115,329178981.5355772,0
HBAR.V,D,20230211,000000,0.0766,0.09061,0.0758083,0.0883079,720730821.6186901,0
HBAR.V,D,20230212,000000,0.0880176,0.0987089,0.086012,0.0878088,567954165.2657262,0
HBAR.V,D,20230213,000000,0.0878088,0.0889436,0.0789466,0.0840454,480564603.17856336,0
HBAR.V,D,20230214,000000,0.0841454,0.0909364,0.0839571,0.0864337,425494593.3384086,0
HBAR.V,D,20230215,000000,0.0865355,0.0925129,0.0841345,0.0917174,210239342.8865926,0
HBAR.V,D,20230216,000000,0.0917165,0.0927158,0.08331,0.0840286,294152594.2427474,0
HBAR.V,D,20230217,000000,0.0840286,0.087907,0.08331,0.0866087,161223344.17445606,0
HBAR.V,D,20230218,000000,0.0865086,0.0868252,0.0843169,0.0859137,80191122.74208376,0
HBAR.V,D,20230219,000000,0.0859137,0.0922175,0.0859137,0.0879193,199578974.08073425,0
HBAR.V,D,20230220,000000,0.0881194,0.0896179,0.0844245,0.0862034,151242730.1202941,0
HBAR.V,D,20230221,000000,0.0862034,0.0870104,0.0803137,0.0810138,135741049.35379484,0
HBAR.V,D,20230222,000000,0.0810138,0.0827157,0.0783008,0.0822041,112493009.17609528,0
HBAR.V,D,20230223,000000,0.0822142,0.083249,0.0795497,0.0800792,86079891.90936852,0
HBAR.V,D,20230224,000000,0.0800912,0.0822384,0.0754068,0.0763985,150997262.93983993,0
HBAR.V,D,20230225,000000,0.0764,0.078007,0.0722278,0.0745122,83003596.91120578,0
HBAR.V,D,20230226,000000,0.0743902,0.0761856,0.0736693,0.0744074,69497291.71135561,0
HBAR.V,D,20230227,000000,0.0745082,0.0751053,0.0705056,0.0721036,105947370.64457488,0
HBAR.V,D,20230228,000000,0.0722043,0.0725043,0.068346,0.0690712,124206245.59717457,0
HBAR.V,D,20230301,000000,0.0690898,0.0733005,0.0687156,0.0702901,188384106.74739698,0
HBAR.V,D,20230302,000000,0.0702934,0.0708982,0.0662133,0.0683672,92424033.60422051,0
HBAR.V,D,20230303,000000,0.0683832,0.0690788,0.062061,0.0640638,134622997.53924602,0
HBAR.V,D,20230304,000000,0.0640855,0.0660763,0.0619081,0.0635174,106274701.64737348,0
HBAR.V,D,20230305,000000,0.0635121,0.0659716,0.0634634,0.0644761,53638463.12589951,0
HBAR.V,D,20230306,000000,0.0644651,0.0649028,0.0628548,0.0641582,68350409.3844459,0
HBAR.V,D,20230307,000000,0.0641202,0.0646584,0.0613218,0.0621749,67322624.72297089,0
HBAR.V,D,20230308,000000,0.0621699,0.063033,0.0587965,0.0592894,70078620.28018984,0
HBAR.V,D,20230309,000000,0.0593094,0.0614404,0.054751,0.0562481,127189902.45102504,0
HBAR.V,D,20230310,000000,0.0562226,0.059821,0.0543677,0.0589133,127227938.51299712,0
HBAR.V,D,20230311,000000,0.0588215,0.0622538,0.0561373,0.0578,119082694.37965705,0
HBAR.V,D,20230312,000000,0.0577581,0.0608405,0.056444,0.0607135,89934794.18220218,0
HBAR.V,D,20230313,000000,0.060698,0.0652977,0.0589393,0.0652162,154661989.545766,0
HBAR.V,D,20230314,000000,0.0652302,0.0686043,0.0633677,0.0655459,194531063.0649635,0
HBAR.V,D,20230315,000000,0.0654635,0.0673446,0.0586967,0.060289,148633201.58805892,0
HBAR.V,D,20230316,000000,0.0602645,0.0626629,0.0591302,0.0606949,123497128.23808455,0
HBAR.V,D,20230317,000000,0.0607513,0.0647984,0.060139,0.0644117,160714798.98920727,0
HBAR.V,D,20230318,000000,0.06476,0.0665825,0.0619247,0.0631378,150509493.17120588,0
HBAR.V,D,20230319,000000,0.0632131,0.0665778,0.0621699,0.0652381,104366900.49208434,0
HBAR.V,D,20230320,000000,0.0652,0.0658851,0.0612814,0.0621159,131316381.80144984,0
HBAR.V,D,20230321,000000,0.0618369,0.0643051,0.059581,0.0637594,136539487.059312,0
HBAR.V,D,20230322,000000,0.0637908,0.0645261,0.0593906,0.0604588,151765969.5726331,0
HBAR.V,D,20230323,000000,0.0604355,0.0635392,0.0598941,0.0623705,82540303.45808944,0
HBAR.V,D,20230324,000000,0.0623705,0.0626528,0.0590457,0.0599232,92081595.91120501,0
HBAR.V,D,20230325,000000,0.0599315,0.060698,0.0588875,0.0597759,69358486.15326963,0
HBAR.V,D,20230326,000000,0.0597849,0.062522,0.0596958,0.0618899,89706325.59636748,0
HBAR.V,D,20230327,000000,0.061855,0.0623708,0.0570012,0.0588236,94835583.1452665,0
HBAR.V,D,20230328,000000,0.0587306,0.0604767,0.0579446,0.0593896,91720304.10231774,0
HBAR.V,D,20230329,000000,0.0594242,0.0653897,0.059356,0.0640035,172216711.28066826,0
HBAR.V,D,20230330,000000,0.0639291,0.0689421,0.0627976,0.0650062,378866923.7172154,0
HBAR.V,D,20230331,000000,0.0650176,0.0764214,0.0640077,0.0739148,702938436.3324151,0
HBAR.V,D,20230401,000000,0.0739148,0.07682,0.0697265,0.0703253,256547208.81894907,0
HBAR.V,D,20230402,000000,0.070326,0.0778381,0.0702288,0.0720446,381479083.9624225,0
HBAR.V,D,20230403,000000,0.0721447,0.073536,0.0668227,0.0678264,248186563.6266169,0
HBAR.V,D,20230404,000000,0.0679272,0.0688165,0.0662305,0.0671212,163144149.81054655,0
HBAR.V,D,20230405,000000,0.0671372,0.0684765,0.0654812,0.066686,175660641.98130786,0
HBAR.V,D,20230406,000000,0.066643,0.0672645,0.0647763,0.065697,97686513.0345875,0
HBAR.V,D,20230407,000000,0.065634,0.0661987,0.0644899,0.0647819,74545038.61146499,0
HBAR.V,D,20230408,000000,0.0648079,0.0656978,0.0645319,0.0648993,52723259.36596892,0
HBAR.V,D,20230409,000000,0.0649073,0.0651122,0.0633274,0.0648489,56290150.22503265,0
HBAR.V,D,20230410,000000,0.0648604,0.0664639,0.0642728,0.0656992,84781939.89378138,0
HBAR.V,D,20230411,000000,0.0656988,0.0665515,0.0652904,0.0654227,87504535.46759672,0
HBAR.V,D,20230412,000000,0.0654357,0.0656113,0.0628623,0.064177,159854629.3184407,0
HBAR.V,D,20230413,000000,0.064096,0.0669532,0.0634744,0.0665819,106588261.56679298,0
HBAR.V,D,20230414,000000,0.0666639,0.0684684,0.0649565,0.0667547,179948057.53729612,0
HBAR.V,D,20230415,000000,0.0668554,0.0698663,0.066754,0.0680715,150319686.31328192,0
HBAR.V,D,20230416,000000,0.0680035,0.0698209,0.0668484,0.0695212,102618699.94055128,0
HBAR.V,D,20230417,000000,0.0695202,0.0696377,0.0658329,0.0664392,119540109.97355913,0
HBAR.V,D,20230418,000000,0.0665392,0.0688261,0.0656282,0.0682116,130977863.95717727,0
HBAR.V,D,20230419,000000,0.0682779,0.0683801,0.0617241,0.062859,168413754.23112854,0
