<TICKER>,<PER>,<DATE>,<TIME>,<OPEN>,<HIGH>,<LOW>,<CLOSE>,<VOL>,<OPENINT>
HEX.V,D,20220514,000000,0.131276,0.131276,0.131276,0.131276,2356.6062,0
HEX.V,D,20220515,000000,0.137152,0.14582,0.119537,0.143827,3158.9492230575297,0
HEX.V,D,20220516,000000,0.143866,0.143866,0.110956,0.110956,145565.88358145521,0
HEX.V,D,20220517,000000,0.110957,0.128645,0.110957,0.122253,813942.5767345454,0
HEX.V,D,20220518,000000,0.122241,0.138719,0.106362,0.111755,644028.7393979592,0
HEX.V,D,20220519,000000,0.112254,0.126473,0.1003,0.113997,583251.4598477528,0
HEX.V,D,20220520,000000,0.109302,0.126648,0.09998,0.10807,660026.5493115452,0
HEX.V,D,20220521,000000,0.10827,0.111655,0.107139,0.110256,901004.1701969404,0
HEX.V,D,20220522,000000,0.110456,0.113622,0.090482,0.09139,690270.8818949249,0
HEX.V,D,20220523,000000,0.092289,0.116687,0.08292,0.085298,633499.4068034654,0
HEX.V,D,20220524,000000,0.085098,0.109879,0.063031,0.082185,687128.0273428014,0
HEX.V,D,20220525,000000,0.082184,0.086887,0.073419,0.079704,589561.8054192568,0
HEX.V,D,20220526,000000,0.078705,0.0841074,0.0653281,0.0682249,438232.2920230539,0
HEX.V,D,20220527,000000,0.0682317,0.0892936,0.0396563,0.0651387,123313.62442879064,0
HEX.V,D,20220528,000000,0.0799016,0.0804106,0.0648351,0.080409,4887.950453474598,0
HEX.V,D,20220529,000000,0.0799088,0.0799216,0.0534473,0.0719244,3202.650901052579,0
HEX.V,D,20220530,000000,0.0680317,0.0879384,0.0680256,0.0764378,2127.550330334797,0
HEX.V,D,20220531,000000,0.0806627,0.087639,0.0782195,0.0787769,10.310456697800003,0
HEX.V,D,20220601,000000,0.0798461,0.079924,0.0644091,0.0664202,160097.36224862747,0
HEX.V,D,20220602,000000,0.064422,0.0696672,0.064422,0.0696672,96295.66025685416,0
HEX.V,D,20220603,000000,0.0605104,0.060514,0.0598667,0.0598769,702.2605665962197,0
HEX.V,D,20220604,000000,0.0694079,0.0694134,0.0499485,0.0566169,103797.16384232738,0
HEX.V,D,20220605,000000,0.0570786,0.0572484,0.0473802,0.0506229,47645.46264936377,0
HEX.V,D,20220606,000000,0.0505245,0.0603111,0.0478788,0.0548533,438108.64343190286,0
HEX.V,D,20220607,000000,0.0552136,0.0589076,0.0505346,0.0549849,141902.89772464926,0
HEX.V,D,20220608,000000,0.0582021,0.0605742,0.0546016,0.0558637,1931824.2409825828,0
HEX.V,D,20220609,000000,0.0558642,0.0558642,0.0514647,0.0517705,1591552.1519671397,0
HEX.V,D,20220610,000000,0.05177,0.0533511,0.0454558,0.0490696,305837.0852198355,0
HEX.V,D,20220611,000000,0.0490696,0.0500104,0.0399532,0.0421265,731433.9046511629,0
HEX.V,D,20220612,000000,0.0419242,0.0421152,0.0324303,0.0392123,155237.5072240643,0
HEX.V,D,20220613,000000,0.0392123,0.0392123,0.0324274,0.0334464,155264.46499823077,0
HEX.V,D,20220614,000000,0.0334464,0.0349512,0.030577,0.0331691,168812.70386658312,0
HEX.V,D,20220615,000000,0.0331695,0.039931,0.0308544,0.0390403,521371.95761567017,0
HEX.V,D,20220616,000000,0.0390364,0.0390442,0.0316386,0.0316386,483658.7644723069,0
HEX.V,D,20220617,000000,0.0319132,0.0338216,0.0305959,0.0313334,3712712.141323742,0
HEX.V,D,20220618,000000,0.0310627,0.0329012,0.0281294,0.0314417,223691.86060685903,0
HEX.V,D,20220619,000000,0.0309508,0.0339382,0.0295526,0.0331901,171016.76051003003,0
HEX.V,D,20220620,000000,0.0331868,0.0397223,0.0328892,0.0393916,69675.34747061,0
HEX.V,D,20220621,000000,0.0393916,0.048701,0.0358275,0.0421948,132969.4528926531,0
HEX.V,D,20220622,000000,0.0421696,0.04294,0.037962,0.0398731,1141591.6516462346,0
HEX.V,D,20220623,000000,0.0404525,0.0450549,0.0398062,0.0431248,122040.75013196605,0
HEX.V,D,20220624,000000,0.0429937,0.0494219,0.0429937,0.0494214,112291.24755078355,0
HEX.V,D,20220625,000000,0.0494105,0.052874,0.0470852,0.0518432,196792.152670472,0
HEX.V,D,20220626,000000,0.0518427,0.0565194,0.0448259,0.0478153,254360.91708625492,0
HEX.V,D,20220627,000000,0.0478168,0.0478211,0.0420013,0.0424486,146914.9609090537,0
HEX.V,D,20220628,000000,0.0424452,0.0428316,0.0359735,0.0375862,137903.2038146041,0
HEX.V,D,20220629,000000,0.0374961,0.0392526,0.0344381,0.0374435,67801.07004378796,0
HEX.V,D,20220630,000000,0.037448,0.037448,0.0339561,0.0357341,723670.2638416663,0
HEX.V,D,20220701,000000,0.0357181,0.0392948,0.0354479,0.0375199,1054242.4456886419,0
HEX.V,D,20220702,000000,0.0375237,0.039957,0.0364482,0.0368298,544181.4655779396,0
HEX.V,D,20220703,000000,0.0368298,0.0381743,0.0329411,0.0348027,2850167.5318754595,0
HEX.V,D,20220704,000000,0.0348137,0.037438,0.0320243,0.0371264,320066.69746220787,0
HEX.V,D,20220705,000000,0.0371534,0.0392548,0.0348596,0.0360893,112422.45658377802,0
HEX.V,D,20220706,000000,0.0360893,0.0388632,0.034987,0.0368165,130870.46096820998,0
HEX.V,D,20220707,000000,0.0371261,0.0404647,0.0371261,0.0390576,149797.02741920986,0
HEX.V,D,20220708,000000,0.0391765,0.0426092,0.037049,0.0371647,236391.90653552013,0
HEX.V,D,20220709,000000,0.0371657,0.0390645,0.035698,0.0379452,382407.73558450997,0
HEX.V,D,20220710,000000,0.0379572,0.03833,0.0362676,0.0373736,107293.54368796002,0
HEX.V,D,20220711,000000,0.0373736,0.037476,0.0362324,0.0364002,68686.85339327,0
HEX.V,D,20220712,000000,0.0364002,0.0364002,0.0344585,0.0348471,298816.6990653348,0
HEX.V,D,20220713,000000,0.0343945,0.0384265,0.0343921,0.035555,545440.5288419699,0
HEX.V,D,20220714,000000,0.035567,0.0378933,0.035567,0.0365124,1448615.876855859,0
HEX.V,D,20220715,000000,0.0365124,0.0388607,0.0365124,0.0381186,615267.5929141269,0
HEX.V,D,20220716,000000,0.0381186,0.0397031,0.0371821,0.0387532,415519.85526368994,0
HEX.V,D,20220717,000000,0.0401436,0.0402873,0.0387837,0.0391664,206005.19795733457,0
HEX.V,D,20220718,000000,0.0391668,0.0407072,0.0376479,0.0393719,357781.83708308905,0
HEX.V,D,20220719,000000,0.0393995,0.04575,0.0391783,0.0440761,817089.6354297829,0
HEX.V,D,20220720,000000,0.04424,0.0458361,0.0411342,0.0414151,979009.3355751314,0
HEX.V,D,20220721,000000,0.0414151,0.043011,0.0394612,0.0420813,307391.475996296,0
HEX.V,D,20220722,000000,0.0420825,0.0436007,0.0410347,0.0412662,187949.99861627995,0
HEX.V,D,20220723,000000,0.0414415,0.0424012,0.0405708,0.041292,254309.77370499994,0
HEX.V,D,20220724,000000,0.0411952,0.042864,0.0411175,0.0419774,189951.6526173291,0
HEX.V,D,20220725,000000,0.041977,0.04355,0.0411794,0.0435125,546784.1638183901,0
HEX.V,D,20220726,000000,0.0435134,0.0462445,0.0421191,0.0439263,874511.8931757581,0
HEX.V,D,20220727,000000,0.0439271,0.0493299,0.0439271,0.0489353,44467.612554699,0
HEX.V,D,20220728,000000,0.0489297,0.0509515,0.0469625,0.0477065,371992.6745745203,0
HEX.V,D,20220729,000000,0.0478294,0.0497939,0.0473392,0.0489255,285937.2401221901,0
HEX.V,D,20220730,000000,0.0489246,0.0548763,0.0488947,0.0529299,305295.2975596401,0
HEX.V,D,20220731,000000,0.0520713,0.0539625,0.0507176,0.0514468,327118.6369867961,0
HEX.V,D,20220801,000000,0.0514239,0.051426,0.0472973,0.0475793,153697.94454659004,0
HEX.V,D,20220802,000000,0.0475793,0.0484409,0.0443872,0.0447421,75338.1749795413,0
HEX.V,D,20220803,000000,0.0447429,0.0486936,0.0447004,0.0483446,255115.90029727994,0
HEX.V,D,20220804,000000,0.0485031,0.0485031,0.0469359,0.0471278,682269.137808354,0
HEX.V,D,20220805,000000,0.0471269,0.0496979,0.0468366,0.0494244,1021217.3714861511,0
HEX.V,D,20220806,000000,0.0494249,0.0521409,0.0488838,0.052028,812048.2658679598,0
HEX.V,D,20220807,000000,0.0520975,0.0524311,0.0493058,0.0508397,701629.4019996999,0
HEX.V,D,20220808,000000,0.0508917,0.0559816,0.0506426,0.053207,1168134.9346483003,0
HEX.V,D,20220809,000000,0.0529185,0.0580122,0.0527426,0.0537898,950433.9726876364,0
HEX.V,D,20220810,000000,0.0537903,0.0601891,0.0528909,0.0601891,628053.7189852544,0
HEX.V,D,20220811,000000,0.0598504,0.0637187,0.0592711,0.0596943,1388128.2727747988,0
HEX.V,D,20220812,000000,0.0627632,0.0630384,0.0627076,0.0630371,2.7404557800000005,0
HEX.V,D,20220813,000000,0.0628101,0.0686406,0.0628095,0.0686406,475129.27786740416,0
HEX.V,D,20220814,000000,0.0671555,0.0737221,0.0656771,0.0658704,103893.68723029301,0
HEX.V,D,20220815,000000,0.0673368,0.069931,0.0625906,0.0630939,96861.30344182102,0
HEX.V,D,20220816,000000,0.0647723,0.0647723,0.0585223,0.0585241,181648.69081806796,0
HEX.V,D,20220817,000000,0.059996,0.0625556,0.0574111,0.0597254,222084.81344165796,0
HEX.V,D,20220818,000000,0.0593747,0.0596348,0.0544327,0.0563117,195478.53272748468,0
HEX.V,D,20220819,000000,0.05637,0.0563756,0.0453045,0.0453045,134649.13068876305,0
HEX.V,D,20220820,000000,0.0444278,0.0461574,0.0401188,0.0412604,191921.68498497998,0
HEX.V,D,20220821,000000,0.0423579,0.0525605,0.0423575,0.0525584,204080.30188054,0
HEX.V,D,20220822,000000,0.0506335,0.0506335,0.0480142,0.0486973,291336.2301961917,0
HEX.V,D,20220823,000000,0.0488176,0.0514321,0.0473538,0.0502795,134652.25798236995,0
HEX.V,D,20220824,000000,0.050282,0.0528653,0.0493565,0.0528653,496629.93138465,0
HEX.V,D,20220825,000000,0.0524537,0.0534843,0.0510069,0.0526816,289965.598562047,0
HEX.V,D,20220826,000000,0.052331,0.052331,0.0460063,0.0474047,39774.384568860005,0
HEX.V,D,20220827,000000,0.0472262,0.0472262,0.0415904,0.0425613,206637.70780486008,0
HEX.V,D,20220828,000000,0.04201,0.042493,0.0403096,0.0409196,214816.44839982604,0
HEX.V,D,20220829,000000,0.0403396,0.0426926,0.0393333,0.0418217,231056.8549692501,0
HEX.V,D,20220830,000000,0.0417183,0.043017,0.0405415,0.0407961,290847.1873670499,0
HEX.V,D,20220831,000000,0.041295,0.041295,0.0390512,0.0397396,590040.1967543497,0
HEX.V,D,20220901,000000,0.0399276,0.0406072,0.0390864,0.0401776,512339.5866499201,0
HEX.V,D,20220902,000000,0.0404196,0.0434052,0.0399484,0.0422863,264961.38658326,0
HEX.V,D,20220903,000000,0.0425472,0.0429143,0.04214,0.04248,447027.04128893977,0
HEX.V,D,20220904,000000,0.0426143,0.04307,0.0421442,0.04301,315034.52355416,0
HEX.V,D,20220905,000000,0.04129,0.04129,0.04129,0.04129,199245.57,0
HEX.V,D,20220907,000000,0.0404712,0.0407461,0.0391496,0.0401348,211150.63677075002,0
HEX.V,D,20220908,000000,0.0406704,0.0406708,0.0392771,0.0392771,0.9136790900000001,0
HEX.V,D,20220909,000000,0.0397264,0.0403169,0.0396259,0.0403133,13.213133779999998,0
HEX.V,D,20220910,000000,0.0402669,0.0402669,0.0392267,0.0392267,23.843711910000003,0
HEX.V,D,20220911,000000,0.0398632,0.0398647,0.039089,0.0395307,43476.44674115999,0
HEX.V,D,20220912,000000,0.03994,0.0408518,0.039938,0.0403581,225687.0797922922,0
HEX.V,D,20220913,000000,0.0403009,0.0405318,0.0386569,0.0386608,32386.903426020006,0
HEX.V,D,20220914,000000,0.0374485,0.0376438,0.0372593,0.0372667,9.30515919,0
HEX.V,D,20220915,000000,0.0369089,0.0371841,0.03456,0.0345635,15809.061602582997,0
HEX.V,D,20220916,000000,0.0347869,0.0349586,0.0333755,0.0333755,21152.067625649997,0
HEX.V,D,20220917,000000,0.03437,0.03501,0.0343666,0.0349535,59.20227405999999,0
HEX.V,D,20220918,000000,0.03465,0.03521,0.0328267,0.03283,25016.2938696715,0
HEX.V,D,20220919,000000,0.03167,0.0316732,0.0316332,0.0316363,3.4188222946999995,0
HEX.V,D,20220920,000000,0.0321632,0.0321664,0.0309831,0.0309831,10.424373775000001,0
HEX.V,D,20220921,000000,0.0308331,0.0327233,0.029833,0.0327233,6.306435395379997,0
HEX.V,D,20220922,000000,0.03107,0.0315132,0.029687,0.03148,2.6676365436000005,0
HEX.V,D,20220923,000000,0.03192,0.03213,0.0311669,0.03117,59222.94601846465,0
HEX.V,D,20220924,000000,0.0317778,0.033415,0.0317752,0.0334133,5.48258679,0
HEX.V,D,20220925,000000,0.03321,0.0342745,0.03321,0.0342697,7.695012174000002,0
HEX.V,D,20220926,000000,0.03395,0.0341734,0.0328767,0.0329,298462.179697928,0
HEX.V,D,20220927,000000,0.0337566,0.03469,0.0334067,0.03341,5.537068974,0
HEX.V,D,20220928,000000,0.0334467,0.03412,0.0328267,0.03412,6.818077319999999,0
HEX.V,D,20220929,000000,0.03397,0.03399,0.03362,0.03362,271929.67424151406,0
HEX.V,D,20220930,000000,0.03365,0.0347125,0.0332612,0.03447,4.85862072,0
HEX.V,D,20221001,000000,0.03441,0.0344334,0.0330567,0.0332133,342057.96221923997,0
HEX.V,D,20221002,000000,0.03302,0.0330933,0.03242,0.03242,6.842154895560003,0
HEX.V,D,20221003,000000,0.03279,0.03332,0.0320568,0.0333133,154974.8943117235,0
HEX.V,D,20221004,000000,0.0335567,0.0348905,0.0333633,0.0348905,8.094251419789995,0
HEX.V,D,20221005,000000,0.0348104,0.034914,0.0337434,0.0339168,81586.65429652862,0
HEX.V,D,20221006,000000,0.0334957,0.0340271,0.033322,0.0340248,7.853664624059999,0
HEX.V,D,20221007,000000,0.0337944,0.0337961,0.03294,0.0333453,4.934270672590001,0
HEX.V,D,20221008,000000,0.0333827,0.0337354,0.033352,0.0333573,297916.1240888172,0
HEX.V,D,20221009,000000,0.0329933,0.0340568,0.03299,0.0336367,60228.06156021705,0
HEX.V,D,20221010,000000,0.0337134,0.0340968,0.0332367,0.03324,258675.70551186835,0
HEX.V,D,20221011,000000,0.0329267,0.033148,0.0327444,0.0327474,6.138039032749998,0
HEX.V,D,20221012,000000,0.0325864,0.0329903,0.0325845,0.0329903,7.220644728090002,0
HEX.V,D,20221013,000000,0.032769,0.03277,0.0322877,0.0326829,3.308187770019999,0
HEX.V,D,20221014,000000,0.032783,0.0333927,0.0317464,0.0320613,5.909692047359999,0
HEX.V,D,20221015,000000,0.032061,0.0320632,0.0313713,0.0316322,5.120404369000001,0
HEX.V,D,20221016,000000,0.0315513,0.0321026,0.0315484,0.0321016,6.44837586,0
HEX.V,D,20221017,000000,0.0321516,0.0323839,0.0321103,0.0323306,6.611855734179998,0
HEX.V,D,20221018,000000,0.0329907,0.0333343,0.0328707,0.0328826,188594.5774392429,0
HEX.V,D,20221019,000000,0.0330607,0.0330607,0.032568,0.0325697,172252.34355693,0
HEX.V,D,20221020,000000,0.0324371,0.0327397,0.0322465,0.0322465,4.836309765210003,0
HEX.V,D,20221021,000000,0.032568,0.0325703,0.0318894,0.032291,4.433908653660002,0
HEX.V,D,20221022,000000,0.0323232,0.0337124,0.0323219,0.033712,3.71632284,0
HEX.V,D,20221023,000000,0.0345524,0.0347524,0.033803,0.0347524,0.253349539,0
HEX.V,D,20221024,000000,0.0353857,0.0401616,0.0353857,0.0401612,87454.155129367,0
HEX.V,D,20221025,000000,0.0402,0.0411644,0.0385535,0.0411644,194783.98665848,0
HEX.V,D,20221026,000000,0.0425002,0.0485626,0.0425002,0.0465435,44506.97263328132,0
HEX.V,D,20221027,000000,0.0480535,0.0480559,0.0437665,0.0439226,161920.9439797,0
HEX.V,D,20221028,000000,0.0432813,0.0464849,0.0419425,0.0462506,108130.41362970497,0
HEX.V,D,20221029,000000,0.0449594,0.0472489,0.044959,0.0463711,83.41373875900011,0
HEX.V,D,20221030,000000,0.0461815,0.0461834,0.0443889,0.0443889,8.574468596400004,0
HEX.V,D,20221031,000000,0.0440597,0.0453359,0.0427957,0.0427966,204378.98487846507,0
HEX.V,D,20221101,000000,0.0431118,0.043949,0.0431118,0.0431622,0.32045878860000004,0
HEX.V,D,20221102,000000,0.0441356,0.0441356,0.0402404,0.0402404,1.8029849390000001,0
HEX.V,D,20221103,000000,0.0401584,0.0401584,0.0388477,0.0388481,9961.966364885699,0
HEX.V,D,20221104,000000,0.0405268,0.0420113,0.0405268,0.0418038,0.322970821,0
HEX.V,D,20221105,000000,0.042055,0.042055,0.0409308,0.0410012,60071.99246969,0
HEX.V,D,20221106,000000,0.039578,0.0395784,0.0379746,0.0379746,0.27402593000000003,0
HEX.V,D,20221107,000000,0.0360432,0.0360432,0.0348628,0.0348907,17011.451240796003,0
HEX.V,D,20221108,000000,0.0325765,0.03445,0.0300891,0.0310467,28131.04734994,0
HEX.V,D,20221109,000000,0.0314822,0.0345634,0.0311145,0.0313982,21580.075673864896,0
HEX.V,D,20221110,000000,0.0327437,0.0359988,0.0315813,0.0359988,20172.65954709394,0
HEX.V,D,20221111,000000,0.0344343,0.0367187,0.0332939,0.0332939,4.3699209220699995,0
HEX.V,D,20221112,000000,0.0336194,0.0336194,0.0336194,0.0336194,0.008026177,0
HEX.V,D,20221113,000000,0.0340954,0.0340954,0.0328338,0.0329105,0.590972995,0
HEX.V,D,20221114,000000,0.032844,0.0329537,0.0320882,0.0326909,40265.2400973,0
HEX.V,D,20221115,000000,0.033503,0.033503,0.0334665,0.0334665,0.17086678,0
HEX.V,D,20221116,000000,0.0324743,0.0324743,0.0324743,0.0324743,0.00017796218,0
HEX.V,D,20221117,000000,0.0317501,0.0317501,0.0305664,0.0305664,0.38839405,0
HEX.V,D,20221118,000000,0.0313945,0.0313945,0.0313945,0.0313945,159.77214,0
HEX.V,D,20221119,000000,0.0307842,0.0311463,0.0307842,0.0311463,15470.163072000001,0
HEX.V,D,20221120,000000,0.0313342,0.0313342,0.0304004,0.0304004,57438.973399999995,0
HEX.V,D,20221121,000000,0.0293092,0.0293092,0.0283811,0.0283811,2595.289960291,0
HEX.V,D,20221122,000000,0.0270772,0.0277752,0.0264955,0.0277752,6865.16037165,0
HEX.V,D,20221123,000000,0.0270869,0.027897,0.0270869,0.0271301,31105.626475900004,0
HEX.V,D,20221124,000000,0.0284569,0.0284569,0.0284569,0.0284569,7030.3846,0
HEX.V,D,20221125,000000,0.0291475,0.0291475,0.0271037,0.0271037,33846.225299419995,0
HEX.V,D,20221126,000000,0.0277325,0.0278033,0.0272933,0.0272933,43677.7096,0
HEX.V,D,20221127,000000,0.0268528,0.0273225,0.0268528,0.0273225,27033.29451164,0
HEX.V,D,20221128,000000,0.026215,0.026215,0.0249503,0.0249503,9457.826819599999,0
HEX.V,D,20221129,000000,0.0252853,0.0267312,0.0252853,0.0267312,35573.70467937,0
HEX.V,D,20221130,000000,0.0277478,0.0286789,0.0273481,0.0274111,28105.447106547002,0
HEX.V,D,20221201,000000,0.0291691,0.0292812,0.0280208,0.0292812,29145.431058329996,0
HEX.V,D,20221202,000000,0.0326329,0.0326333,0.0306297,0.0306297,32763.4306382879,0
HEX.V,D,20221203,000000,0.0306725,0.0306725,0.0304303,0.0304303,15754.9012,0
HEX.V,D,20221204,000000,0.0288629,0.0296789,0.02846,0.0296789,49881.701499999996,0
HEX.V,D,20221205,000000,0.029933,0.0304061,0.0298727,0.0298727,50535.1974,0
HEX.V,D,20221206,000000,0.0287712,0.0287712,0.0283497,0.0283497,19986.604200790003,0
HEX.V,D,20221207,000000,0.0279794,0.0282283,0.0275208,0.0282283,30829.980948980003,0
HEX.V,D,20221208,000000,0.0280297,0.0293435,0.0275628,0.0293435,66655.849754,0
HEX.V,D,20221209,000000,0.0292115,0.0292115,0.0279497,0.0279497,38999.25,0
HEX.V,D,20221210,000000,0.0283297,0.0287706,0.0283297,0.0283703,22759.377800000002,0
HEX.V,D,20221211,000000,0.02937,0.02937,0.0279203,0.0279203,60183.88605800006,0
HEX.V,D,20221212,000000,0.028,0.0281908,0.0276808,0.027713,50453.30805098,0
HEX.V,D,20221213,000000,0.0275525,0.0287865,0.0274422,0.0287865,59931.349700000006,0
HEX.V,D,20221214,000000,0.0278206,0.0278225,0.0275122,0.0278225,16477.6183,0
HEX.V,D,20221215,000000,0.0272927,0.0272927,0.0260152,0.0261426,50082.071290379994,0
HEX.V,D,20221216,000000,0.0261652,0.0261652,0.02397,0.02397,0.10278353999999999,0
HEX.V,D,20221217,000000,0.0252325,0.0252325,0.0247225,0.0247225,54460.621766364144,0
HEX.V,D,20221218,000000,0.025191,0.0255908,0.025191,0.0255628,18493.58420941,0
HEX.V,D,20221219,000000,0.0255331,0.0255926,0.0255305,0.0255305,5992.73950193505,0
HEX.V,D,20221220,000000,0.0244902,0.0244902,0.02441,0.02441,4466.12,0
HEX.V,D,20221221,000000,0.024231,0.0247898,0.024231,0.0242805,30000.548259600004,0
HEX.V,D,20221222,000000,0.0233477,0.0233477,0.0233477,0.0233477,16330.043,0
HEX.V,D,20221223,000000,0.0239569,0.0239569,0.0227011,0.0227011,33552.314501295,0
HEX.V,D,20221224,000000,0.022418,0.022418,0.022418,0.022418,8193.1873,0
HEX.V,D,20221225,000000,0.0223193,0.0225895,0.0223193,0.0225082,19713.348181742,0
HEX.V,D,20221226,000000,0.0220078,0.022318,0.0217654,0.0217654,35376.268517,0
HEX.V,D,20221227,000000,0.0215038,0.0215038,0.0215038,0.0215038,37874.233,0
HEX.V,D,20221228,000000,0.0195628,0.019954,0.0195628,0.019954,56.379222821,0
HEX.V,D,20221229,000000,0.0180006,0.0192104,0.0180006,0.0192104,20755.7422,0
HEX.V,D,20221230,000000,0.0185507,0.0185507,0.0185507,0.0185507,20335.04,0
HEX.V,D,20221231,000000,0.019041,0.019041,0.019041,0.019041,0.1088097,0
HEX.V,D,20230101,000000,0.0186407,0.0189215,0.0186407,0.0189215,27873.3442,0
HEX.V,D,20230102,000000,0.0184719,0.0190124,0.0181729,0.0181729,12747.18857579,0
HEX.V,D,20230103,000000,0.0179741,0.0179741,0.0174428,0.0174428,29390.286799999998,0
HEX.V,D,20230104,000000,0.0181827,0.0188038,0.0181827,0.0188038,43794.102100000004,0
HEX.V,D,20230105,000000,0.0191246,0.0191246,0.0191246,0.0191246,15631.116,0
HEX.V,D,20230106,000000,0.0213423,0.0240311,0.0213423,0.0240311,63000.413,0
HEX.V,D,20230107,000000,0.0238148,0.0251225,0.0238148,0.0251225,95681.02441077,0
HEX.V,D,20230108,000000,0.0232167,0.0233556,0.0226471,0.0233556,43959.164000000004,0
HEX.V,D,20230109,000000,0.024805,0.0256492,0.024728,0.024728,35870.9548,0
HEX.V,D,20230110,000000,0.0245098,0.0248485,0.0210094,0.0210094,20324.6169693,0
HEX.V,D,20230111,000000,0.0213502,0.0213504,0.0205994,0.0206298,3311.8351518070003,0
HEX.V,D,20230112,000000,0.0227673,0.0237698,0.0212785,0.0237698,54450.239435482006,0
HEX.V,D,20230113,000000,0.0241919,0.0242878,0.0241919,0.0242876,680.8209810459599,0
HEX.V,D,20230114,000000,0.0262481,0.0270224,0.025252,0.025252,162370.97310589836,0
HEX.V,D,20230115,000000,0.0255143,0.026831,0.0241334,0.0261371,113311.8478477,0
HEX.V,D,20230116,000000,0.026668,0.0284005,0.0266003,0.0273105,38030.70263025696,0
HEX.V,D,20230117,000000,0.0259513,0.0272784,0.0259513,0.0268827,14272.638589999999,0
HEX.V,D,20230118,000000,0.0271133,0.0271424,0.0254397,0.0254397,15541.123186739998,0
HEX.V,D,20230119,000000,0.0201894,0.0240876,0.0201894,0.0234791,54310.412796128396,0
HEX.V,D,20230120,000000,0.0238302,0.0243198,0.0229323,0.0229323,76021.86947100001,0
HEX.V,D,20230121,000000,0.0248365,0.0262439,0.0248365,0.0262439,135720.892031891,0
HEX.V,D,20230122,000000,0.0239626,0.0239626,0.0227841,0.0227841,90201.526,0
HEX.V,D,20230123,000000,0.0225232,0.0257626,0.0225232,0.0257626,30379.105640323003,0
HEX.V,D,20230124,000000,0.0245417,0.0247105,0.0245417,0.0247105,74140.063,0
HEX.V,D,20230125,000000,0.0240743,0.0240743,0.0240743,0.0240743,0.1482846,0
HEX.V,D,20230126,000000,0.0265148,0.0268938,0.026131,0.026131,85454.52573822699,0
HEX.V,D,20230127,000000,0.0261021,0.0262552,0.0261021,0.0262552,75720.015,0
HEX.V,D,20230128,000000,0.0286955,0.0286955,0.0272265,0.0272265,64097.026415539,0
HEX.V,D,20230129,000000,0.0260347,0.0260347,0.0260347,0.0260347,39748.885,0
HEX.V,D,20230130,000000,0.0265321,0.0273595,0.0265321,0.0271227,73836.292,0
HEX.V,D,20230131,000000,0.0246978,0.0261395,0.0246978,0.0261395,95985.02799999999,0
HEX.V,D,20230201,000000,0.0262408,0.0287517,0.0262408,0.0287517,62091.652148616995,0
HEX.V,D,20230202,000000,0.0317444,0.0326746,0.0317441,0.0326746,52993.3903360971,0
HEX.V,D,20230203,000000,0.0304415,0.0399316,0.0304415,0.0399316,56502.704748528,0
HEX.V,D,20230204,000000,0.0425421,0.0518942,0.0425421,0.0470152,52616.95570439617,0
HEX.V,D,20230205,000000,0.0417771,0.0428724,0.0369992,0.0369992,43836.08396975117,0
HEX.V,D,20230206,000000,0.0377294,0.0422004,0.0377294,0.0422004,16277.293689374499,0
HEX.V,D,20230207,000000,0.0399416,0.043397,0.0399416,0.0418687,137694.19958646953,0
HEX.V,D,20230208,000000,0.0469219,0.0501195,0.0469214,0.0501185,14918.902575436277,0
HEX.V,D,20230209,000000,0.0522821,0.0536362,0.049867,0.0522247,28296.905965441005,0
HEX.V,D,20230210,000000,0.0475871,0.0481448,0.0410937,0.0481448,20143.833716044697,0
HEX.V,D,20230213,000000,0.0454927,0.0454927,0.0444856,0.0447074,100441.8979244,0
HEX.V,D,20230214,000000,0.0471312,0.0481788,0.0471312,0.0481788,47461.49,0
HEX.V,D,20230215,000000,0.0483935,0.0508571,0.0482082,0.0508531,66177.231490705,0
HEX.V,D,20230216,000000,0.0507591,0.0507591,0.0501095,0.0501095,0.254654241,0
HEX.V,D,20230217,000000,0.0556517,0.0556517,0.0556517,0.0556517,0.2626892,0
HEX.V,D,20230218,000000,0.0555194,0.0555194,0.0534307,0.0537229,61279.63793327509,0
HEX.V,D,20230219,000000,0.0548877,0.0613498,0.0548877,0.0613498,104168.38274797902,0
HEX.V,D,20230220,000000,0.0654159,0.0657525,0.0645558,0.0645558,16749.979990879998,0
HEX.V,D,20230221,000000,0.0635064,0.0635064,0.0631757,0.0631757,17099.959348236203,0
HEX.V,D,20230222,000000,0.061241,0.061241,0.0590577,0.0608561,0.21973271575,0
HEX.V,D,20230223,000000,0.0607255,0.0627475,0.0607255,0.0627475,41241.673,0
HEX.V,D,20230224,000000,0.0632126,0.0632126,0.0629826,0.0629826,57521.48299999999,0
HEX.V,D,20230225,000000,0.0560634,0.0560634,0.0560634,0.0560634,13135.561,0
HEX.V,D,20230226,000000,0.0588553,0.060166,0.055075,0.0588753,68116.49397233929,0
HEX.V,D,20230227,000000,0.0588806,0.0675128,0.0588806,0.0628713,30599.47117383632,0
HEX.V,D,20230228,000000,0.06278,0.0691183,0.0626313,0.0691176,4.0429037354299995,0
HEX.V,D,20230301,000000,0.067056,0.0751598,0.067056,0.0751598,130263.1629222424,0
HEX.V,D,20230302,000000,0.0756053,0.0756053,0.07143,0.0732515,29947.727801632853,0
HEX.V,D,20230303,000000,0.0707969,0.0717536,0.0707969,0.0717536,26712.614999999998,0
HEX.V,D,20230304,000000,0.0725273,0.0725273,0.0666133,0.0666133,25715.10839452,0
HEX.V,D,20230305,000000,0.0650252,0.0682741,0.0650252,0.0682741,34120.34065597132,0
HEX.V,D,20230306,000000,0.0678695,0.0701958,0.06767,0.0698179,19429.02064623968,0
HEX.V,D,20230307,000000,0.0703465,0.0703465,0.0630062,0.0641519,37184.49560516156,0
HEX.V,D,20230308,000000,0.06471,0.0651641,0.0581271,0.0598158,46605.30293461892,0
HEX.V,D,20230309,000000,0.0585536,0.0585536,0.0574594,0.0574594,12450.5690475179,0
HEX.V,D,20230310,000000,0.0557017,0.0557017,0.0537057,0.0539248,20331.72512866793,0
HEX.V,D,20230311,000000,0.0552489,0.0678126,0.0552219,0.0678126,104737.2920633039,0
HEX.V,D,20230312,000000,0.0660108,0.0753677,0.0660108,0.0747009,19346.772327380542,0
HEX.V,D,20230313,000000,0.077183,0.0836255,0.0755626,0.0836255,34950.83252897476,0
HEX.V,D,20230314,000000,0.0817359,0.0894941,0.0801108,0.0811891,17910.89338687856,0
HEX.V,D,20230315,000000,0.0842447,0.0842447,0.0771854,0.0771861,24873.275077257458,0
HEX.V,D,20230316,000000,0.079224,0.0792248,0.0767785,0.0767785,23222.524379755512,0
HEX.V,D,20230317,000000,0.0808067,0.0880409,0.0808067,0.0867105,75109.64450252482,0
HEX.V,D,20230318,000000,0.0907809,0.0907809,0.0872201,0.087493,38982.12534713001,0
HEX.V,D,20230319,000000,0.0851562,0.0863127,0.0838207,0.0840405,62495.5280280496,0
HEX.V,D,20230320,000000,0.0857763,0.0877071,0.0845832,0.086529,21031.400915970004,0
HEX.V,D,20230321,000000,0.0932094,0.0996883,0.0932094,0.0961859,43076.357281461,0
HEX.V,D,20230322,000000,0.097511,0.105259,0.097511,0.1015225,5981.91596352828,0
HEX.V,D,20230323,000000,0.1182295,0.1258414,0.1028551,0.1065575,6.22919177373,0
HEX.V,D,20230324,000000,0.1074745,0.1074745,0.0845329,0.0925791,101411.81519386898,0
HEX.V,D,20230325,000000,0.0894399,0.092705,0.0832999,0.0832999,49778.88752724992,0
HEX.V,D,20230326,000000,0.0807975,0.0879991,0.0807975,0.0825307,120915.57636699101,0
HEX.V,D,20230327,000000,0.0900037,0.090595,0.0748659,0.0748659,34993.978799177,0
HEX.V,D,20230328,000000,0.0766922,0.0767415,0.0698575,0.0723375,25211.08348971,0
HEX.V,D,20230329,000000,0.0746824,0.0838985,0.0746824,0.0838985,22465.802897730406,0
HEX.V,D,20230330,000000,0.0852871,0.0857489,0.085126,0.085748,29558.4248413584,0
HEX.V,D,20230331,000000,0.0896661,0.0897832,0.086482,0.0891412,47701.60746276001,0
HEX.V,D,20230401,000000,0.0891603,0.0891603,0.0766322,0.0766322,17622.9352096,0
HEX.V,D,20230402,000000,0.0787923,0.0798115,0.0770308,0.0798115,33571.595692740004,0
HEX.V,D,20230403,000000,0.079144,0.079144,0.0771408,0.0780412,61099.13433761511,0
HEX.V,D,20230404,000000,0.0768269,0.0793641,0.0760857,0.0769131,33790.813561551586,0
HEX.V,D,20230405,000000,0.0790284,0.0802813,0.0786075,0.0802813,0.57703057,0
HEX.V,D,20230406,000000,0.0807762,0.0807762,0.0713199,0.0713199,46829.1427172,0
HEX.V,D,20230407,000000,0.0677539,0.0680053,0.065816,0.0679021,19703.345360077998,0
HEX.V,D,20230408,000000,0.0703157,0.0704651,0.0684583,0.0686857,46742.80029803,0
HEX.V,D,20230409,000000,0.0684859,0.0686161,0.0684103,0.0686161,18916.410735642778,0
HEX.V,D,20230410,000000,0.0731453,0.0731556,0.0731439,0.0731439,0.14099724000000002,0
HEX.V,D,20230411,000000,0.0759277,0.0792062,0.0759277,0.0762392,12540.184992859,0
HEX.V,D,20230412,000000,0.0697262,0.0697262,0.0693479,0.0694334,48562.14704963,0
HEX.V,D,20230413,000000,0.071648,0.076648,0.071648,0.0758133,33004.05117909,0
HEX.V,D,20230414,000000,0.0746946,0.0766319,0.0733628,0.0733628,86023.36522054,0
HEX.V,D,20230415,000000,0.0737548,0.0737548,0.0710804,0.072804,63820.2700486441,0
HEX.V,D,20230416,000000,0.0759691,0.0761416,0.0755287,0.0761416,31600.737604410802,0
HEX.V,D,20230417,000000,0.075719,0.075719,0.0689451,0.0691725,106498.2017912569,0
HEX.V,D,20230418,000000,0.0690034,0.0693926,0.0685447,0.0685447,48270.631996317,0
HEX.V,D,20230419,000000,0.0655032,0.0657689,0.0628358,0.0628358,42061.958985860205,0
