<TICKER>,<PER>,<DATE>,<TIME>,<OPEN>,<HIGH>,<LOW>,<CLOSE>,<VOL>,<OPENINT>
HNT.V,D,20200402,000000,0.4554,0.4599,0.4551,0.4598,0,0
HNT.V,D,20200403,000000,0.4598,0.4599,0.455,0.4567,0,0
HNT.V,D,20200404,000000,0.4567,0.4599,0.4551,0.4552,0,0
HNT.V,D,20200405,000000,0.4552,0.4599,0.455,0.4579,0,0
HNT.V,D,20200406,000000,0.4579,0.4599,0.455,0.4595,0,0
HNT.V,D,20200407,000000,0.4595,0.4599,0.455,0.4561,0,0
HNT.V,D,20200408,000000,0.4561,0.4599,0.455,0.4563,0,0
HNT.V,D,20200409,000000,0.4563,0.4598,0.3657,0.3683,0,0
HNT.V,D,20200410,000000,0.3683,0.3736,0.3349,0.3418,0,0
HNT.V,D,20200411,000000,0.3418,0.3474,0.3255,0.3388,0,0
HNT.V,D,20200412,000000,0.3388,0.4583,0.326,0.3429,0,0
HNT.V,D,20200413,000000,0.3429,0.4599,0.3296,0.4564,0,0
HNT.V,D,20200414,000000,0.4564,0.4599,0.4478,0.4579,0,0
HNT.V,D,20200415,000000,0.4579,0.4597,0.313,0.313,0,0
HNT.V,D,20200416,000000,0.313,0.3196,0.3079,0.3179,0,0
HNT.V,D,20200417,000000,0.3179,0.3198,0.3102,0.3174,0,0
HNT.V,D,20200418,000000,0.3174,0.3198,0.3102,0.3134,0,0
HNT.V,D,20200419,000000,0.3134,0.3198,0.31,0.3166,0,0
HNT.V,D,20200420,000000,0.3166,0.3195,0.2764,0.2795,0,0
HNT.V,D,20200421,000000,0.2795,0.2877,0.2753,0.2819,0,0
HNT.V,D,20200422,000000,0.2819,0.2925,0.27,0.2761,0,0
HNT.V,D,20200423,000000,0.2761,0.2798,0.27,0.276,0,0
HNT.V,D,20200424,000000,0.276,0.2798,0.2701,0.2717,0,0
HNT.V,D,20200425,000000,0.2717,0.2798,0.27,0.2761,0,0
HNT.V,D,20200426,000000,0.2761,0.2798,0.27,0.2712,0,0
HNT.V,D,20200427,000000,0.2712,0.2798,0.27,0.2794,0,0
HNT.V,D,20200428,000000,0.2794,0.2798,0.27,0.2709,0,0
HNT.V,D,20200429,000000,0.2709,0.2798,0.27,0.2708,0,0
HNT.V,D,20200430,000000,0.2708,0.2798,0.2589,0.2706,0,0
HNT.V,D,20200501,000000,0.2706,0.2761,0.2593,0.2697,0,0
HNT.V,D,20200502,000000,0.2697,0.2744,0.2405,0.2421,0,0
HNT.V,D,20200503,000000,0.2421,0.2497,0.24,0.2411,0,0
HNT.V,D,20200504,000000,0.2411,0.2792,0.2384,0.2767,0,0
HNT.V,D,20200505,000000,0.2767,0.3566,0.2666,0.3449,0,0
HNT.V,D,20200506,000000,0.3449,0.3681,0.3417,0.3641,0,0
HNT.V,D,20200507,000000,0.3641,0.3907,0.3495,0.3829,0,0
HNT.V,D,20200508,000000,0.3829,0.3928,0.3458,0.3804,0,0
HNT.V,D,20200509,000000,0.3804,0.3921,0.37,0.3705,0,0
HNT.V,D,20200510,000000,0.3705,0.3762,0.3203,0.3392,0,0
HNT.V,D,20200511,000000,0.3392,0.3531,0.3296,0.3319,0,0
HNT.V,D,20200512,000000,0.3319,0.4581,0.3264,0.3373,0,0
HNT.V,D,20200513,000000,0.3373,0.3594,0.3341,0.3534,0,0
HNT.V,D,20200514,000000,0.3534,0.3676,0.3448,0.3616,0,0
HNT.V,D,20200515,000000,0.3616,0.55,0.3461,0.3544,0,0
HNT.V,D,20200516,000000,0.3544,0.55,0.3477,0.3507,0,0
HNT.V,D,20200517,000000,0.3507,0.3738,0.3507,0.3661,0,0
HNT.V,D,20200518,000000,0.3661,0.3773,0.2964,0.3067,0,0
HNT.V,D,20200519,000000,0.3067,0.3113,0.2952,0.3022,0,0
HNT.V,D,20200520,000000,0.3022,0.4595,0.2171,0.4567,0,0
HNT.V,D,20200521,000000,0.4567,0.4599,0.455,0.4564,0,0
HNT.V,D,20200522,000000,0.4564,0.4599,0.4426,0.4495,0,0
HNT.V,D,20200523,000000,0.4495,0.4573,0.2178,0.4451,0,0
HNT.V,D,20200524,000000,0.4451,0.4566,0.4303,0.4303,0,0
HNT.V,D,20200525,000000,0.4303,0.4414,0.4199,0.4357,0,0
HNT.V,D,20200526,000000,0.4357,0.4581,0.4238,0.4308,0,0
HNT.V,D,20200527,000000,0.4308,0.4539,0.4268,0.4504,0,0
HNT.V,D,20200528,000000,0.4504,0.4599,0.4405,0.4591,0,0
HNT.V,D,20200529,000000,0.4591,0.4598,0.44,0.4583,0,0
HNT.V,D,20200530,000000,0.4583,0.4599,0.455,0.4592,0,0
HNT.V,D,20200531,000000,0.4592,0.4599,0.2171,0.2313,0,0
HNT.V,D,20200601,000000,0.2313,0.3193,0.2093,0.2622,0,0
HNT.V,D,20200602,000000,0.2622,0.3442,0.2227,0.2627,0,0
HNT.V,D,20200603,000000,0.2627,0.2663,0.2091,0.2112,0,0
HNT.V,D,20200604,000000,0.2112,0.3393,0.2112,0.2477,0,0
HNT.V,D,20200605,000000,0.2477,0.3408,0.2246,0.287,0,0
HNT.V,D,20200606,000000,0.287,0.4442,0.2845,0.2917,0,0
HNT.V,D,20200607,000000,0.2917,0.2991,0.2808,0.2901,0,0
HNT.V,D,20200608,000000,0.2901,0.4456,0.278,0.2786,0,0
HNT.V,D,20200609,000000,0.2786,0.4444,0.2771,0.2871,0,0
HNT.V,D,20200610,000000,0.2871,0.2928,0.2787,0.2877,0,0
HNT.V,D,20200611,000000,0.2877,0.2934,0.2658,0.269,0,0
HNT.V,D,20200612,000000,0.269,0.4439,0.2663,0.273,0,0
HNT.V,D,20200613,000000,0.273,0.2803,0.2699,0.2786,0,0
HNT.V,D,20200614,000000,0.2786,0.2797,0.2671,0.2713,0,0
HNT.V,D,20200615,000000,0.2713,0.2785,0.2588,0.2767,0,0
HNT.V,D,20200616,000000,0.2767,0.2826,0.2694,0.2725,0,0
HNT.V,D,20200617,000000,0.2725,0.2787,0.2644,0.273,0,0
HNT.V,D,20200618,000000,0.273,0.2745,0.2488,0.2499,0,0
HNT.V,D,20200619,000000,0.2499,0.254,0.2197,0.2284,0,0
HNT.V,D,20200620,000000,0.2284,0.4435,0.2148,0.2226,0,0
HNT.V,D,20200621,000000,0.2226,0.4452,0.2149,0.2233,0,0
HNT.V,D,20200622,000000,0.2233,0.4334,0.2156,0.2235,0,0
HNT.V,D,20200623,000000,0.2235,0.3984,0.2204,0.271,0,0
HNT.V,D,20200624,000000,0.271,0.3978,0.2539,0.2601,0,0
HNT.V,D,20200625,000000,0.2601,0.2631,0.2485,0.259,0,0
HNT.V,D,20200626,000000,0.259,0.2648,0.2427,0.2516,0,0
HNT.V,D,20200627,000000,0.2516,0.2531,0.2395,0.2483,0,0
HNT.V,D,20200628,000000,0.2483,0.4485,0.24,0.245,0,0
HNT.V,D,20200629,000000,0.245,0.2534,0.2401,0.2446,0,0
HNT.V,D,20200630,000000,0.2446,0.2528,0.2423,0.2502,0,0
HNT.V,D,20200701,000000,0.2502,0.4594,0.2421,0.2455,0,0
HNT.V,D,20200702,000000,0.2455,0.2457,0.2128,0.2161,0,0
HNT.V,D,20200703,000000,0.2161,0.2241,0.2137,0.2205,0,0
HNT.V,D,20200704,000000,0.2205,0.2271,0.2149,0.2175,0,0
HNT.V,D,20200705,000000,0.2175,0.2244,0.2003,0.2031,0,0
HNT.V,D,20200706,000000,0.2031,0.2098,0.2,0.2089,0,0
HNT.V,D,20200707,000000,0.2089,0.2098,0.2,0.2079,0,0
HNT.V,D,20200708,000000,0.2079,0.2098,0.2,0.203,0,0
HNT.V,D,20200709,000000,0.203,0.2168,0.2001,0.2045,0,0
HNT.V,D,20200710,000000,0.2045,0.2098,0.2,0.2087,0,0
HNT.V,D,20200711,000000,0.2087,0.2098,0.2001,0.2053,0,0
HNT.V,D,20200712,000000,0.2053,0.2098,0.2,0.2089,0,0
HNT.V,D,20200713,000000,0.2089,0.2198,0.2,0.2089,0,0
HNT.V,D,20200714,000000,0.2089,0.2175,0.2069,0.2069,0,0
HNT.V,D,20200715,000000,0.2069,0.2069,0.2069,0.2069,0,0
HNT.V,D,20200716,000000,0.2069,0.2069,0.2069,0.2069,0,0
HNT.V,D,20200717,000000,0.2069,0.2069,0.2069,0.2069,0,0
HNT.V,D,20200718,000000,0.2069,0.2069,0.2069,0.2069,0,0
HNT.V,D,20200719,000000,0.2069,0.2069,0.2069,0.2069,0,0
HNT.V,D,20200720,000000,0.2069,0.2069,0.2069,0.2069,0,0
HNT.V,D,20200721,000000,0.2069,0.2069,0.2069,0.2069,0,0
HNT.V,D,20200722,000000,0.2069,0.2069,0.2069,0.2069,0,0
HNT.V,D,20200723,000000,0.2069,0.2069,0.2069,0.2069,0,0
HNT.V,D,20200724,000000,0.2069,0.2069,0.2069,0.2069,0,0
HNT.V,D,20200725,000000,0.2069,0.2069,0.2069,0.2069,0,0
HNT.V,D,20200726,000000,0.2069,0.2069,0.2069,0.2069,0,0
HNT.V,D,20200727,000000,0.2069,0.2069,0.2069,0.2069,0,0
HNT.V,D,20200728,000000,0.2069,0.2069,0.2069,0.2069,0,0
HNT.V,D,20200729,000000,0.2069,0.2069,0.2069,0.2069,0,0
HNT.V,D,20200730,000000,0.2069,0.2069,0.2069,0.2069,0,0
HNT.V,D,20200731,000000,0.2069,0.2069,0.2069,0.2069,0,0
HNT.V,D,20200801,000000,0.2069,0.2069,0.2069,0.2069,0,0
HNT.V,D,20200802,000000,0.2069,0.2069,0.2069,0.2069,0,0
HNT.V,D,20200803,000000,0.2069,0.2069,0.2069,0.2069,0,0
HNT.V,D,20200804,000000,0.2069,0.2069,0.2069,0.2069,0,0
HNT.V,D,20200805,000000,0.2069,0.2069,0.2069,0.2069,0,0
HNT.V,D,20200806,000000,0.2069,0.2069,0.2069,0.2069,0,0
HNT.V,D,20200807,000000,0.2069,0.2069,0.2069,0.2069,0,0
HNT.V,D,20200808,000000,0.2069,0.2069,0.2069,0.2069,0,0
HNT.V,D,20200809,000000,0.2069,0.2069,0.2069,0.2069,0,0
HNT.V,D,20200810,000000,0.2664,0.2713,0.2379,0.2379,0,0
HNT.V,D,20200811,000000,0.2069,0.2069,0.2069,0.2069,0,0
HNT.V,D,20200812,000000,0.2278,0.2603,0.2278,0.2522,0,0
HNT.V,D,20200813,000000,0.2522,0.257,0.2522,0.257,0,0
HNT.V,D,20200814,000000,0.257,0.257,0.1177,0.1177,0,0
HNT.V,D,20200815,000000,0.1177,0.2574,0.1177,0.2574,0,0
HNT.V,D,20200816,000000,0.224,0.224,0.224,0.224,0,0
HNT.V,D,20200817,000000,0.224,0.224,0.224,0.224,0,0
HNT.V,D,20200818,000000,0.224,0.224,0.224,0.224,0,0
HNT.V,D,20200819,000000,0.2595,0.2595,0.254,0.254,0,0
HNT.V,D,20200820,000000,0.254,0.2563,0.254,0.2563,0,0
HNT.V,D,20200821,000000,0.224,0.224,0.224,0.224,0,0
HNT.V,D,20200822,000000,0.224,0.224,0.224,0.224,0,0
HNT.V,D,20200823,000000,0.224,0.224,0.224,0.224,0,0
HNT.V,D,20200824,000000,0.224,0.224,0.224,0.224,0,0
HNT.V,D,20200825,000000,0.224,0.224,0.224,0.224,0,0
HNT.V,D,20200826,000000,0.224,0.2454,0.224,0.2454,0,0
HNT.V,D,20200827,000000,0.2454,0.2454,0.024,0.0241,0,0
HNT.V,D,20200828,000000,0.0241,0.0241,0.0241,0.0241,0,0
HNT.V,D,20200829,000000,0.0241,0.0241,0.0241,0.0241,0,0
HNT.V,D,20200830,000000,0.0241,0.0241,0.0241,0.0241,0,0
HNT.V,D,20200831,000000,0.0241,0.0241,0.0241,0.0241,0,0
HNT.V,D,20200901,000000,0.0241,0.0241,0.0241,0.0241,0,0
HNT.V,D,20200902,000000,0.0241,0.0241,0.0241,0.0241,0,0
HNT.V,D,20200903,000000,0.0241,0.0241,0.0241,0.0241,0,0
HNT.V,D,20200904,000000,0.0241,0.0241,0.0241,0.0241,0,0
HNT.V,D,20200905,000000,0.0241,0.0241,0.0241,0.0241,0,0
HNT.V,D,20200906,000000,0.0241,0.0241,0.0241,0.0241,0,0
HNT.V,D,20200907,000000,0.0241,0.0241,0.0241,0.0241,0,0
HNT.V,D,20200908,000000,0.0241,0.0241,0.0241,0.0241,0,0
HNT.V,D,20200909,000000,0.0241,0.0241,0.0241,0.0241,0,0
HNT.V,D,20200910,000000,0.0241,0.0241,0.0241,0.0241,0,0
HNT.V,D,20200911,000000,0.0241,0.0241,0.0241,0.0241,0,0
HNT.V,D,20200912,000000,0.0241,0.0241,0.0241,0.0241,0,0
HNT.V,D,20200913,000000,0.0241,0.0241,0.0241,0.0241,0,0
HNT.V,D,20200914,000000,0.0241,0.0241,0.0241,0.0241,0,0
HNT.V,D,20200915,000000,0.0241,0.0241,0.0241,0.0241,0,0
HNT.V,D,20200916,000000,0.0241,0.0241,0.0241,0.0241,0,0
HNT.V,D,20200917,000000,0.0241,0.0241,0.0241,0.0241,0,0
HNT.V,D,20200918,000000,0.0241,0.0241,0.0241,0.0241,0,0
HNT.V,D,20200919,000000,0.0241,0.0241,0.0241,0.0241,0,0
HNT.V,D,20200920,000000,0.0241,0.0241,0.0241,0.0241,0,0
HNT.V,D,20200921,000000,0.0241,0.0241,0.0241,0.0241,0,0
HNT.V,D,20200922,000000,0.0241,0.0241,0.0241,0.0241,0,0
HNT.V,D,20200923,000000,0.0241,0.0241,0.0241,0.0241,0,0
HNT.V,D,20200924,000000,3.387,3.503,1.998,2.292,0,0
HNT.V,D,20200925,000000,2.292,2.34,1.852,1.874,0,0
HNT.V,D,20200926,000000,1.874,1.94,1.741,1.777,0,0
HNT.V,D,20200927,000000,1.777,1.801,1.514,1.53,0,0
HNT.V,D,20200928,000000,1.53,1.987,1.527,1.655,0,0
HNT.V,D,20200929,000000,1.655,1.726,1.501,1.642,0,0
HNT.V,D,20200930,000000,1.642,1.644,1.526,1.571,0,0
HNT.V,D,20201001,000000,1.571,1.746,1.472,1.541,0,0
HNT.V,D,20201002,000000,1.541,1.574,1.457,1.529,0,0
HNT.V,D,20201003,000000,1.529,1.601,1.446,1.45,0,0
HNT.V,D,20201004,000000,1.45,1.466,1.327,1.358,0,0
HNT.V,D,20201005,000000,1.358,1.382,1.214,1.241,0,0
HNT.V,D,20201006,000000,1.241,1.295,0.962,0.98,0,0
HNT.V,D,20201007,000000,0.98,1.257,0.977,1.213,0,0
HNT.V,D,20201008,000000,1.213,1.313,1.088,1.305,0,0
HNT.V,D,20201009,000000,1.305,1.441,1.254,1.288,0,0
HNT.V,D,20201010,000000,1.288,1.54,1.28,1.473,0,0
HNT.V,D,20201011,000000,1.473,1.476,1.341,1.373,0,0
HNT.V,D,20201012,000000,1.373,1.431,1.303,1.36,0,0
HNT.V,D,20201013,000000,1.36,1.374,1.289,1.34,0,0
HNT.V,D,20201014,000000,1.34,1.363,1.272,1.342,0,0
HNT.V,D,20201015,000000,1.342,1.375,1.31,1.33,0,0
HNT.V,D,20201016,000000,1.33,1.33,1.152,1.167,0,0
HNT.V,D,20201017,000000,1.167,1.219,1.149,1.183,0,0
HNT.V,D,20201018,000000,1.183,1.271,1.179,1.251,0,0
HNT.V,D,20201019,000000,1.251,1.251,1.159,1.159,0,0
HNT.V,D,20201020,000000,1.159,1.166,1.066,1.082,0,0
HNT.V,D,20201021,000000,1.082,1.152,1.082,1.107,0,0
HNT.V,D,20201022,000000,1.107,1.166,1.087,1.131,0,0
HNT.V,D,20201023,000000,1.131,1.139,1.032,1.056,0,0
HNT.V,D,20201024,000000,1.056,1.071,1.021,1.035,0,0
HNT.V,D,20201025,000000,1.035,1.063,0.998,1.042,0,0
HNT.V,D,20201026,000000,1.042,1.15,1.03,1.052,0,0
HNT.V,D,20201027,000000,1.052,1.12,1.039,1.077,0,0
HNT.V,D,20201028,000000,1.077,1.095,0.965,0.983,0,0
HNT.V,D,20201029,000000,0.983,0.995,0.859,0.88,0,0
HNT.V,D,20201030,000000,0.88,0.8969,0.8198,0.8348,0,0
HNT.V,D,20201031,000000,0.8348,0.849,0.803,0.834,0,0
HNT.V,D,20201101,000000,0.834,0.876,0.781,0.799,0,0
HNT.V,D,20201102,000000,0.799,0.8398,0.7708,0.7748,0,0
HNT.V,D,20201103,000000,0.7748,0.7748,0.7177,0.7327,0,0
HNT.V,D,20201104,000000,0.7327,0.7808,0.6877,0.7728,0,0
HNT.V,D,20201105,000000,0.7728,0.91,0.769,0.886,0,0
HNT.V,D,20201106,000000,0.886,1.07,0.886,1.06,0,0
HNT.V,D,20201107,000000,1.06,1.249,0.9699,1.013,0,0
HNT.V,D,20201108,000000,1.013,1.254,0.978,1.194,0,0
HNT.V,D,20201109,000000,1.194,1.219,1.047,1.085,0,0
HNT.V,D,20201110,000000,1.085,1.17,1.074,1.149,0,0
HNT.V,D,20201111,000000,1.149,1.201,1.053,1.071,0,0
HNT.V,D,20201112,000000,1.071,1.088,0.994,1.051,0,0
HNT.V,D,20201113,000000,1.051,1.153,1.046,1.15,0,0
HNT.V,D,20201114,000000,1.15,1.231,1.048,1.156,0,0
HNT.V,D,20201115,000000,1.156,1.297,1.124,1.167,0,0
HNT.V,D,20201116,000000,1.167,1.324,1.143,1.265,0,0
HNT.V,D,20201117,000000,1.265,1.48,1.265,1.427,0,0
HNT.V,D,20201118,000000,1.427,1.527,1.275,1.469,0,0
HNT.V,D,20201119,000000,1.469,1.712,1.451,1.656,0,0
HNT.V,D,20201120,000000,1.656,1.832,1.573,1.717,0,0
HNT.V,D,20201121,000000,1.717,1.931,1.661,1.813,0,0
HNT.V,D,20201122,000000,1.813,1.835,1.52,1.665,0,0
HNT.V,D,20201123,000000,1.665,1.895,1.622,1.766,0,0
HNT.V,D,20201124,000000,1.766,1.8,1.556,1.639,0,0
HNT.V,D,20201125,000000,1.639,1.656,1.46,1.505,0,0
HNT.V,D,20201126,000000,1.505,1.52,1.121,1.383,0,0
HNT.V,D,20201127,000000,1.383,1.491,1.258,1.325,0,0
HNT.V,D,20201128,000000,1.325,1.433,1.281,1.363,0,0
HNT.V,D,20201129,000000,1.363,1.411,1.235,1.402,0,0
HNT.V,D,20201130,000000,1.402,1.559,1.36,1.427,0,0
HNT.V,D,20201201,000000,1.427,1.523,1.335,1.363,0,0
HNT.V,D,20201202,000000,1.363,1.45,1.301,1.444,0,0
HNT.V,D,20201203,000000,1.444,1.533,1.416,1.492,0,0
HNT.V,D,20201204,000000,1.492,1.619,1.471,1.543,0,0
HNT.V,D,20201205,000000,1.543,1.656,1.501,1.578,0,0
HNT.V,D,20201206,000000,1.578,1.652,1.481,1.499,0,0
HNT.V,D,20201207,000000,1.499,1.51,1.344,1.418,0,0
HNT.V,D,20201208,000000,1.418,1.442,1.3,1.331,0,0
HNT.V,D,20201209,000000,1.331,1.406,1.28,1.363,0,0
HNT.V,D,20201210,000000,1.363,1.369,1.255,1.259,0,0
HNT.V,D,20201211,000000,1.259,1.262,1.156,1.157,0,0
HNT.V,D,20201212,000000,1.157,1.232,1.157,1.193,0,0
HNT.V,D,20201213,000000,1.193,1.265,1.17,1.258,0,0
HNT.V,D,20201214,000000,1.258,1.294,1.226,1.259,0,0
HNT.V,D,20201215,000000,1.259,1.333,1.254,1.298,0,0
HNT.V,D,20201216,000000,1.298,1.324,1.232,1.316,0,0
HNT.V,D,20201217,000000,1.316,1.336,1.254,1.291,0,0
HNT.V,D,20201218,000000,1.291,1.501,1.266,1.471,0,0
HNT.V,D,20201219,000000,1.471,1.517,1.392,1.443,0,0
HNT.V,D,20201220,000000,1.443,1.474,1.392,1.424,0,0
HNT.V,D,20201221,000000,1.424,1.449,1.35,1.421,0,0
HNT.V,D,20201222,000000,1.421,1.868,1.41,1.568,0,0
HNT.V,D,20201223,000000,1.568,1.577,1.109,1.228,0,0
HNT.V,D,20201224,000000,1.228,1.426,1.2,1.377,0,0
HNT.V,D,20201225,000000,1.377,1.403,1.251,1.279,0,0
HNT.V,D,20201226,000000,1.279,1.456,1.255,1.448,0,0
HNT.V,D,20201227,000000,1.448,1.658,1.292,1.338,0,0
HNT.V,D,20201228,000000,1.338,1.498,1.313,1.427,0,0
HNT.V,D,20201229,000000,1.427,1.462,1.218,1.279,0,0
HNT.V,D,20201230,000000,1.279,1.336,1.235,1.265,0,0
HNT.V,D,20201231,000000,1.265,1.351,1.233,1.296,0,0
HNT.V,D,20210101,000000,1.296,1.438,1.288,1.362,0,0
HNT.V,D,20210102,000000,1.362,1.397,1.26,1.292,0,0
HNT.V,D,20210103,000000,1.292,1.359,1.22,1.311,0,0
HNT.V,D,20210104,000000,1.311,1.455,1.274,1.362,0,0
HNT.V,D,20210105,000000,1.362,1.573,1.321,1.484,0,0
HNT.V,D,20210106,000000,1.484,1.643,1.351,1.505,0,0
HNT.V,D,20210107,000000,1.505,1.521,1.336,1.401,0,0
HNT.V,D,20210108,000000,1.401,1.453,1.278,1.43,0,0
HNT.V,D,20210109,000000,1.43,1.633,1.408,1.541,0,0
HNT.V,D,20210110,000000,1.541,1.62,1.328,1.456,0,0
HNT.V,D,20210111,000000,1.456,1.46,1.182,1.269,0,0
HNT.V,D,20210112,000000,1.269,1.399,1.232,1.308,0,0
HNT.V,D,20210113,000000,1.308,1.44,1.261,1.413,0,0
HNT.V,D,20210114,000000,1.413,1.448,1.335,1.433,0,0
HNT.V,D,20210115,000000,1.433,1.604,1.385,1.568,0,0
HNT.V,D,20210116,000000,1.568,1.78,1.508,1.536,0,0
HNT.V,D,20210117,000000,1.536,1.78,1.385,1.716,0,0
HNT.V,D,20210118,000000,1.716,1.849,1.632,1.73,0,0
HNT.V,D,20210119,000000,1.73,1.98,1.675,1.825,0,0
HNT.V,D,20210120,000000,1.825,1.932,1.606,1.753,0,0
HNT.V,D,20210121,000000,1.753,1.764,1.45,1.469,0,0
HNT.V,D,20210122,000000,1.469,1.702,1.395,1.613,0,0
HNT.V,D,20210123,000000,1.613,1.838,1.6,1.827,0,0
HNT.V,D,20210124,000000,1.827,1.842,1.66,1.781,0,0
HNT.V,D,20210125,000000,1.781,2.222,1.77,2.107,0,0
HNT.V,D,20210126,000000,2.107,2.3,1.841,2.04,0,0
HNT.V,D,20210127,000000,2.04,2.157,1.837,2.081,0,0
HNT.V,D,20210128,000000,2.081,2.615,2.033,2.488,0,0
HNT.V,D,20210129,000000,2.488,2.507,2.032,2.305,0,0
HNT.V,D,20210130,000000,2.305,2.39,2.161,2.338,0,0
HNT.V,D,20210131,000000,2.338,2.613,2.218,2.265,0,0
HNT.V,D,20210201,000000,2.265,2.607,2.162,2.375,0,0
HNT.V,D,20210202,000000,2.375,2.491,2.296,2.368,0,0
HNT.V,D,20210203,000000,2.368,2.75,2.335,2.642,0,0
HNT.V,D,20210204,000000,2.642,2.934,2.468,2.807,0,0
HNT.V,D,20210205,000000,2.807,3.194,2.775,3.144,0,0
HNT.V,D,20210206,000000,3.144,3.996,2.773,3.664,0,0
HNT.V,D,20210207,000000,3.664,3.994,3.148,3.417,0,0
HNT.V,D,20210208,000000,3.417,3.984,3.203,3.724,0,0
HNT.V,D,20210209,000000,3.724,4.2,3.599,3.955,0,0
HNT.V,D,20210210,000000,3.955,4.203,3.343,3.704,0,0
HNT.V,D,20210211,000000,3.704,4.38,3.575,4.08,0,0
HNT.V,D,20210212,000000,4.08,4.93,3.862,4.611,0,0
HNT.V,D,20210213,000000,4.611,4.855,4.093,4.392,0,0
HNT.V,D,20210214,000000,4.392,5.185,4.104,4.596,0,0
HNT.V,D,20210215,000000,4.596,5,3.703,3.969,0,0
HNT.V,D,20210216,000000,3.969,4.751,3.772,4.168,0,0
HNT.V,D,20210217,000000,4.168,4.305,3.813,4.093,0,0
HNT.V,D,20210218,000000,4.093,4.346,3.941,4.196,0,0
HNT.V,D,20210219,000000,4.196,4.73,4.034,4.577,0,0
HNT.V,D,20210220,000000,4.577,4.599,3.838,4.11,0,0
HNT.V,D,20210221,000000,4.11,4.349,3.982,4.21,0,0
HNT.V,D,20210222,000000,4.21,4.21,2.834,3.633,0,0
HNT.V,D,20210223,000000,3.633,3.7,2.412,3.283,0,0
HNT.V,D,20210224,000000,3.283,3.668,3.059,3.64,0,0
HNT.V,D,20210225,000000,3.64,4.249,3.585,3.677,0,0
HNT.V,D,20210226,000000,3.677,4.249,3.399,3.952,0,0
HNT.V,D,20210227,000000,3.952,4.143,3.779,3.861,0,0
HNT.V,D,20210228,000000,3.861,4.359,3.517,4.207,0,0
HNT.V,D,20210301,000000,4.207,4.42,4.08,4.219,0,0
HNT.V,D,20210302,000000,4.219,4.284,3.904,4.062,0,0
HNT.V,D,20210303,000000,4.062,4.32,3.946,4.176,0,0
HNT.V,D,20210304,000000,4.176,4.499,4.044,4.234,0,0
HNT.V,D,20210305,000000,4.234,4.301,3.7,4.015,0,0
HNT.V,D,20210306,000000,4.015,4.129,3.902,4.08,0,0
HNT.V,D,20210307,000000,4.08,4.389,4.08,4.291,0,0
HNT.V,D,20210308,000000,4.291,4.76,4.222,4.569,0,0
HNT.V,D,20210309,000000,4.569,5.003,4.503,4.796,0,0
HNT.V,D,20210310,000000,4.796,6.718,4.428,6.523,0,0
HNT.V,D,20210311,000000,6.523,8.008,6.335,6.348,0,0
HNT.V,D,20210312,000000,6.348,6.537,5.791,5.964,0,0
HNT.V,D,20210313,000000,5.964,7.234,5.663,6.96,0,0
HNT.V,D,20210314,000000,6.96,7.647,6.489,6.522,0,0
HNT.V,D,20210315,000000,6.522,6.813,6.025,6.428,0,0
HNT.V,D,20210316,000000,6.428,7.99,6.428,7.109,0,0
HNT.V,D,20210317,000000,7.109,7.786,6.622,7.612,0,0
HNT.V,D,20210318,000000,7.612,8.196,7.018,7.51,0,0
HNT.V,D,20210319,000000,7.51,9.32,7.124,8.913,0,0
HNT.V,D,20210320,000000,8.913,9.695,8.282,8.318,0,0
HNT.V,D,20210321,000000,8.318,9.766,8.12,9.565,0,0
HNT.V,D,20210322,000000,9.565,10,8.73,8.861,0,0
HNT.V,D,20210323,000000,8.861,9.266,7.882,8.025,0,0
HNT.V,D,20210324,000000,8.025,8.65,6.794,7.05,0,0
HNT.V,D,20210325,000000,7.05,7.36,6.545,7.099,0,0
HNT.V,D,20210326,000000,7.099,8.7,7.084,8.273,0,0
HNT.V,D,20210327,000000,8.273,11.85,8.003,10.59,0,0
HNT.V,D,20210328,000000,10.59,12.09,9.819,10.2,0,0
HNT.V,D,20210329,000000,10.2,10.83,9.807,10.29,0,0
HNT.V,D,20210330,000000,10.29,10.72,9.91,10.04,0,0
HNT.V,D,20210331,000000,10.04,10.82,9.011,10.51,0,0
HNT.V,D,20210401,000000,10.51,13.38,10.28,13.17,0,0
HNT.V,D,20210402,000000,13.17,15.2,12.58,13.52,0,0
HNT.V,D,20210403,000000,13.52,17.48,13.36,15.24,0,0
HNT.V,D,20210404,000000,15.24,18.8,14.87,16.6,0,0
HNT.V,D,20210405,000000,16.6,17,15.26,15.56,0,0
HNT.V,D,20210406,000000,15.56,20.9,15,18.5,0,0
HNT.V,D,20210407,000000,18.5,21.5,16.53,16.54,0,0
HNT.V,D,20210408,000000,16.54,18.38,16.39,16.88,0,0
HNT.V,D,20210409,000000,16.88,17.87,16.09,16.2,0,0
HNT.V,D,20210410,000000,16.2,19.56,15.29,17.22,0,0
HNT.V,D,20210411,000000,17.22,17.5,16.08,17.06,0,0
HNT.V,D,20210412,000000,17.06,18.02,15.96,16.23,0,0
HNT.V,D,20210413,000000,16.23,16.53,15.52,16.09,0,0
HNT.V,D,20210414,000000,16.09,16.27,13.5,15.31,0,0
HNT.V,D,20210415,000000,15.31,15.97,14.68,15.34,0,0
HNT.V,D,20210416,000000,15.34,15.68,13.81,14.81,0,0
HNT.V,D,20210417,000000,14.81,15.5,14.3,15.36,0,0
HNT.V,D,20210418,000000,15.36,17.02,9.009,16.17,0,0
HNT.V,D,20210419,000000,16.17,16.82,12.55,12.85,0,0
HNT.V,D,20210420,000000,12.85,13.95,11.37,13.07,0,0
HNT.V,D,20210421,000000,13.07,13.57,11.74,12.56,0,0
HNT.V,D,20210422,000000,12.56,13.99,11.76,12.1,0,0
HNT.V,D,20210423,000000,12.1,14.81,11.01,14.23,0,0
HNT.V,D,20210424,000000,14.23,14.44,12.48,12.84,0,0
HNT.V,D,20210425,000000,12.84,13.9,12.6,13.49,0,0
HNT.V,D,20210426,000000,13.49,15.21,13.31,15.1,0,0
HNT.V,D,20210427,000000,15.1,17.97,15.06,17.79,0,0
HNT.V,D,20210428,000000,17.79,18.82,16.89,17.22,0,0
HNT.V,D,20210429,000000,17.22,17.48,15.89,16.48,0,0
HNT.V,D,20210430,000000,16.48,17.63,16.21,16.98,0,0
HNT.V,D,20210501,000000,16.98,17.35,16.3,17.05,0,0
HNT.V,D,20210502,000000,17.05,19.95,16.5,18.48,0,0
HNT.V,D,20210503,000000,18.48,19.51,18.03,18.26,0,0
HNT.V,D,20210504,000000,18.26,19.22,16.5,16.68,0,0
HNT.V,D,20210505,000000,16.68,18.6,16.55,18.32,0,0
HNT.V,D,20210506,000000,18.32,19.22,17.25,17.42,0,0
HNT.V,D,20210507,000000,17.42,18.47,16.83,17.56,0,0
HNT.V,D,20210508,000000,17.56,18.52,17.2,17.23,0,0
HNT.V,D,20210509,000000,17.23,18.34,16.27,16.82,0,0
HNT.V,D,20210510,000000,16.82,18.91,15.69,16.19,0,0
HNT.V,D,20210511,000000,16.19,17.52,15.74,17.05,0,0
HNT.V,D,20210512,000000,17.05,17.35,14.49,14.78,0,0
HNT.V,D,20210513,000000,14.78,17,13.65,15.04,0,0
HNT.V,D,20210514,000000,15.04,16.05,14.63,15.59,0,0
HNT.V,D,20210515,000000,15.59,15.71,14.36,14.44,0,0
HNT.V,D,20210516,000000,14.44,15.48,13.41,13.9,0,0
HNT.V,D,20210517,000000,13.9,14.93,12.33,14.35,0,0
HNT.V,D,20210518,000000,14.35,17.68,14.22,16.67,0,0
HNT.V,D,20210519,000000,16.67,19.29,8.317,12.3,0,0
HNT.V,D,20210520,000000,12.3,13.73,10.53,13.42,0,0
HNT.V,D,20210521,000000,13.42,16.64,12.13,13.98,0,0
HNT.V,D,20210522,000000,13.98,14.08,11.72,12.09,0,0
HNT.V,D,20210523,000000,12.09,12.68,8.427,11.33,0,0
HNT.V,D,20210524,000000,11.33,15.18,11.32,13.53,0,0
HNT.V,D,20210525,000000,13.53,14.99,12.55,14.04,0,0
HNT.V,D,20210526,000000,14.04,15.77,13.83,15.52,0,0
HNT.V,D,20210527,000000,15.52,18.02,13.9,17.99,0,0
HNT.V,D,20210528,000000,17.99,23.9,15,19.59,0,0
HNT.V,D,20210529,000000,19.59,20.8,15.12,16.2,0,0
HNT.V,D,20210530,000000,16.2,17.39,14.68,15.69,0,0
HNT.V,D,20210531,000000,15.69,16.63,14.92,16.25,0,0
HNT.V,D,20210601,000000,16.25,16.7,15.07,15.24,0,0
HNT.V,D,20210602,000000,15.24,16.35,14.7,15.58,0,0
HNT.V,D,20210603,000000,15.58,16.1,15.06,15.65,0,0
HNT.V,D,20210604,000000,15.65,15.68,14.1,14.88,0,0
HNT.V,D,20210605,000000,14.88,15.12,13.71,14.13,0,0
HNT.V,D,20210606,000000,14.13,14.9,13.93,14.68,0,0
HNT.V,D,20210607,000000,14.68,14.69,12.69,12.88,0,0
HNT.V,D,20210608,000000,12.88,14.73,11.33,13.89,0,0
HNT.V,D,20210609,000000,13.89,15.3,13.13,13.88,0,0
HNT.V,D,20210610,000000,13.88,14.26,12.83,13.16,0,0
HNT.V,D,20210611,000000,13.16,14,12.68,13.48,0,0
HNT.V,D,20210612,000000,13.48,13.56,12.05,12.34,0,0
HNT.V,D,20210613,000000,12.34,13.37,12.24,13.31,0,0
HNT.V,D,20210614,000000,13.31,13.89,13.07,13.38,0,0
HNT.V,D,20210615,000000,13.38,14.06,13.19,13.44,0,0
HNT.V,D,20210616,000000,13.44,13.79,12.8,13.21,0,0
HNT.V,D,20210617,000000,13.21,14.3,13.04,14.03,0,0
HNT.V,D,20210618,000000,14.03,14.1,12.51,12.79,0,0
HNT.V,D,20210619,000000,12.79,13.01,12.54,12.56,0,0
HNT.V,D,20210620,000000,12.56,13.31,12.17,12.62,0,0
HNT.V,D,20210621,000000,12.62,13.05,10.44,10.58,0,0
HNT.V,D,20210622,000000,10.58,11.75,8.809,10.09,0,0
HNT.V,D,20210623,000000,10.09,12.66,9.62,11.96,0,0
HNT.V,D,20210624,000000,11.96,12.5,11.33,12.37,0,0
HNT.V,D,20210625,000000,12.37,12.5,10.88,11.44,0,0
HNT.V,D,20210626,000000,11.44,11.66,10.38,11.12,0,0
HNT.V,D,20210627,000000,11.12,12.01,10.58,11.56,0,0
HNT.V,D,20210628,000000,11.56,12.57,11.26,12.17,0,0
HNT.V,D,20210629,000000,12.17,13.45,12.1,12.8,0,0
HNT.V,D,20210630,000000,12.8,13.03,12.08,12.76,0,0
HNT.V,D,20210701,000000,12.76,13.45,12.26,12.87,0,0
HNT.V,D,20210702,000000,12.87,13.02,11.87,12.79,0,0
HNT.V,D,20210703,000000,12.79,13.4,12.2,13.35,0,0
HNT.V,D,20210704,000000,13.35,14,12.77,13.42,0,0
HNT.V,D,20210705,000000,13.42,13.7,12.23,12.85,0,0
HNT.V,D,20210706,000000,12.85,13.45,12.77,13.07,0,0
HNT.V,D,20210707,000000,13.07,13.19,12.5,12.73,0,0
HNT.V,D,20210708,000000,12.73,12.96,11.9,12.16,0,0
HNT.V,D,20210709,000000,12.16,12.64,11.62,12.51,0,0
HNT.V,D,20210710,000000,12.51,13.4,12.35,12.86,0,0
HNT.V,D,20210711,000000,12.86,13,12.5,12.81,0,0
HNT.V,D,20210712,000000,12.81,13.03,12.12,12.59,0,0
HNT.V,D,20210713,000000,12.59,12.59,11.86,12.03,0,0
HNT.V,D,20210714,000000,12.03,12.07,11,11.72,0,0
HNT.V,D,20210715,000000,11.72,12.25,10.9,11.05,0,0
HNT.V,D,20210716,000000,11.05,11.34,10.32,10.38,0,0
HNT.V,D,20210717,000000,10.38,11.11,10.22,10.72,0,0
HNT.V,D,20210718,000000,10.72,11.93,10.7,11,0,0
HNT.V,D,20210719,000000,11,11.08,9.891,9.93,0,0
HNT.V,D,20210720,000000,9.93,10.18,9.305,9.707,0,0
HNT.V,D,20210721,000000,9.707,11.2,9.5,10.76,0,0
HNT.V,D,20210722,000000,10.76,11.5,10.66,10.99,0,0
HNT.V,D,20210723,000000,10.99,12,10.82,11.15,0,0
HNT.V,D,20210724,000000,11.15,11.75,10.91,11.28,0,0
HNT.V,D,20210725,000000,11.28,12.64,11.19,11.98,0,0
HNT.V,D,20210726,000000,11.98,12.79,11.24,11.36,0,0
HNT.V,D,20210727,000000,11.36,12.01,10.96,11.53,0,0
HNT.V,D,20210728,000000,11.53,13,11.2,12.87,0,0
HNT.V,D,20210729,000000,12.87,13.2,12.1,12.37,0,0
HNT.V,D,20210730,000000,12.37,14.5,11.83,14.22,0,0
HNT.V,D,20210731,000000,14.22,15.14,13.59,13.79,0,0
HNT.V,D,20210801,000000,13.79,14.44,13.01,13.09,0,0
HNT.V,D,20210802,000000,13.09,13.55,12.9,13.51,0,0
HNT.V,D,20210803,000000,13.51,13.76,12.71,13.14,0,0
HNT.V,D,20210804,000000,13.14,13.59,12.85,13.26,0,0
HNT.V,D,20210805,000000,13.26,13.74,12.7,13.2,0,0
HNT.V,D,20210806,000000,13.2,14.12,13.13,13.76,0,0
HNT.V,D,20210807,000000,13.76,14.36,13.31,13.81,0,0
HNT.V,D,20210808,000000,13.81,14.95,13.52,14.33,0,0
HNT.V,D,20210809,000000,14.33,15.76,13.84,14.47,0,0
HNT.V,D,20210810,000000,14.47,18.53,14.04,18.4,0,0
HNT.V,D,20210811,000000,18.4,19.79,16,16.42,0,0
HNT.V,D,20210812,000000,16.47,16.48,15.16,15.95,0,0
HNT.V,D,20210813,000000,15.95,17.32,15.87,17.05,0,0
HNT.V,D,20210814,000000,17.05,17.37,15.98,16.57,0,0
HNT.V,D,20210815,000000,16.57,18.67,16.4,18.04,0,0
HNT.V,D,20210816,000000,18.04,19.44,17.89,17.94,0,0
HNT.V,D,20210817,000000,17.94,23.56,17.32,19.98,0,0
HNT.V,D,20210818,000000,19.98,21.09,18.31,19.57,0,0
HNT.V,D,20210819,000000,19.57,22.3,19.11,21.14,0,0
HNT.V,D,20210820,000000,21.14,25.5,20.47,24.27,0,0
HNT.V,D,20210821,000000,24.27,24.29,22.63,23.02,0,0
HNT.V,D,20210822,000000,23.02,25.22,22.34,23.7,0,0
HNT.V,D,20210823,000000,23.7,26.72,23.28,26.37,0,0
HNT.V,D,20210824,000000,26.37,26.44,22.36,22.74,0,0
HNT.V,D,20210825,000000,22.74,23.71,21.11,23.28,0,0
HNT.V,D,20210826,000000,23.28,23.5,19.75,20.58,0,0
HNT.V,D,20210827,000000,20.58,23.13,19.52,22.81,0,0
HNT.V,D,20210828,000000,22.81,24.63,21.93,23.6,0,0
HNT.V,D,20210829,000000,23.6,23.76,22.07,22.65,0,0
HNT.V,D,20210830,000000,22.65,22.79,20.47,20.63,0,0
HNT.V,D,20210831,000000,20.63,25.2,20.37,24.82,0,0
HNT.V,D,20210901,000000,24.82,24.96,22.39,23.29,0,0
HNT.V,D,20210902,000000,23.29,23.66,22.24,22.67,0,0
HNT.V,D,20210903,000000,22.67,23.8,22.3,22.9,0,0
HNT.V,D,20210904,000000,22.9,24.17,22.82,23.05,0,0
HNT.V,D,20210905,000000,23.05,24.19,22.66,23.79,0,0
HNT.V,D,20210906,000000,23.79,25.28,23,24.27,0,0
HNT.V,D,20210907,000000,24.27,24.53,17.02,20.45,0,0
HNT.V,D,20210908,000000,20.45,21.09,18.03,20.72,0,0
HNT.V,D,20210909,000000,20.72,22.44,20.05,21.15,0,0
HNT.V,D,20210910,000000,21.15,21.44,19.01,19.88,0,0
HNT.V,D,20210911,000000,19.88,21.4,19.77,20.15,0,0
HNT.V,D,20210912,000000,20.15,22.31,19.72,21.41,0,0
HNT.V,D,20210913,000000,21.41,21.54,18.84,19.62,0,0
HNT.V,D,20210914,000000,19.72,20.67,19.43,20.65,0,0
HNT.V,D,20210915,000000,20.57,20.9,19.94,20.46,0,0
HNT.V,D,20210916,000000,20.46,20.81,19.67,20.27,0,0
HNT.V,D,20210917,000000,20.27,20.4,19.12,19.58,0,0
HNT.V,D,20210918,000000,19.58,20.57,19.4,20.54,0,0
HNT.V,D,20210919,000000,20.54,20.57,19.4,19.76,0,0
HNT.V,D,20210920,000000,19.76,19.8,16.51,18.18,0,0
HNT.V,D,20210921,000000,18.18,19.7,16.5,16.79,0,0
HNT.V,D,20210922,000000,16.79,19.08,16.53,18.82,0,0
HNT.V,D,20210923,000000,18.82,19.3,18.13,18.66,0,0
HNT.V,D,20210924,000000,18.66,18.74,16.25,17.62,0,0
HNT.V,D,20210925,000000,17.62,18.02,17.2,17.56,0,0
HNT.V,D,20210926,000000,17.56,18.46,16.66,18.08,0,0
HNT.V,D,20210927,000000,18.08,18.83,17.47,17.53,0,0
HNT.V,D,20210928,000000,17.53,17.89,16.74,16.94,0,0
HNT.V,D,20210929,000000,16.94,17.91,16.51,16.97,0,0
HNT.V,D,20210930,000000,16.97,17.67,16.81,17.29,0,0
HNT.V,D,20211001,000000,17.29,18.61,17.05,18.58,0,0
HNT.V,D,20211002,000000,18.58,19.32,18.31,18.69,0,0
HNT.V,D,20211003,000000,18.69,22.14,18.31,21.52,0,0
HNT.V,D,20211004,000000,21.52,21.8,19.62,20.83,0,0
HNT.V,D,20211005,000000,20.83,22.88,20.3,21.72,0,0
HNT.V,D,20211006,000000,21.72,22.07,20.06,21.58,0,0
HNT.V,D,20211007,000000,21.58,21.72,20.28,20.44,0,0
HNT.V,D,20211008,000000,20.44,20.94,19.98,20.08,0,0
HNT.V,D,20211009,000000,20.08,20.35,19.78,20.08,0,0
HNT.V,D,20211010,000000,20.08,20.09,19.02,19.13,0,0
HNT.V,D,20211011,000000,19.13,20.2,18.6,19.05,0,0
HNT.V,D,20211012,000000,19.05,19.37,18.01,19.16,0,0
HNT.V,D,20211013,000000,19.16,19.47,18.7,19.41,0,0
HNT.V,D,20211014,000000,19.41,20.3,19.26,20.08,0,0
HNT.V,D,20211015,000000,20.08,22.7,20,21.09,0,0
HNT.V,D,20211016,000000,21.09,21.93,20.68,21.8,0,0
HNT.V,D,20211017,000000,21.8,22.4,21.07,21.72,0,0
HNT.V,D,20211018,000000,21.72,23.08,20.99,21.18,0,0
HNT.V,D,20211019,000000,21.24,22.29,21.11,22.2,0,0
HNT.V,D,20211020,000000,22.12,22.96,21.99,22.57,0,0
HNT.V,D,20211021,000000,22.57,22.87,21.45,21.74,0,0
HNT.V,D,20211022,000000,21.74,22.09,20.7,21.42,0,0
HNT.V,D,20211023,000000,21.42,21.49,20.87,21.33,0,0
HNT.V,D,20211024,000000,21.33,21.64,20.52,20.96,0,0
HNT.V,D,20211025,000000,20.96,21.84,20.86,21.41,0,0
HNT.V,D,20211026,000000,21.41,25.56,21.3,24.17,0,0
HNT.V,D,20211027,000000,24.17,26.18,22.05,25.54,0,0
HNT.V,D,20211028,000000,25.54,28.18,23.88,26.59,0,0
HNT.V,D,20211029,000000,26.59,29.64,25.96,27.85,0,0
HNT.V,D,20211030,000000,27.85,31.89,27.72,30.4,0,0
HNT.V,D,20211031,000000,30.4,31.09,28.13,29.04,0,0
HNT.V,D,20211101,000000,29.04,29.68,27.33,28.3,0,0
HNT.V,D,20211102,000000,28.3,29.53,28.06,28.64,0,0
HNT.V,D,20211103,000000,28.64,28.83,26.56,28.79,0,0
HNT.V,D,20211104,000000,28.79,30.37,28.51,29.92,0,0
HNT.V,D,20211105,000000,29.92,34.85,29.06,33.62,0,0
HNT.V,D,20211106,000000,33.62,38.94,32.85,37.42,0,0
HNT.V,D,20211107,000000,37.42,58.63,36.97,44.85,0,0
HNT.V,D,20211108,000000,44.85,44.85,41.26,42.68,0,0
HNT.V,D,20211109,000000,42.68,53.45,42.41,47.04,0,0
HNT.V,D,20211110,000000,47.04,50.9,40.82,50.57,0,0
HNT.V,D,20211111,000000,50.57,54.89,47.72,48.61,0,0
HNT.V,D,20211112,000000,48.61,55.42,45.88,51.16,0,0
HNT.V,D,20211113,000000,51.16,52.47,49.56,50.73,0,0
HNT.V,D,20211114,000000,50.73,54.87,50.66,52.7,0,0
HNT.V,D,20211115,000000,52.7,53.08,47.05,47.34,0,0
HNT.V,D,20211116,000000,47.34,48.38,42.73,44.32,0,0
HNT.V,D,20211117,000000,44.32,48.07,42.33,45.54,0,0
HNT.V,D,20211118,000000,45.54,46.61,38.43,39.46,0,0
HNT.V,D,20211119,000000,39.46,46.63,38.18,45.79,0,0
HNT.V,D,20211120,000000,45.79,47.74,44.04,46.67,0,0
HNT.V,D,20211121,000000,46.67,47.93,44.21,44.32,0,0
HNT.V,D,20211122,000000,44.32,44.45,41.33,41.89,0,0
HNT.V,D,20211123,000000,41.89,45.78,41.51,45.75,0,0
HNT.V,D,20211124,000000,45.74,45.9,41.82,43.9174,0,0
HNT.V,D,20211125,000000,43.7632,47.9831,43.1026,47.0949,0,0
HNT.V,D,20211126,000000,47.06,47.06,39.6418,40.8205,0,0
HNT.V,D,20211127,000000,40.8205,42.863,39.2727,40.1586,0,0
HNT.V,D,20211128,000000,40.1756,40.1756,36.245,39.2196,0,0
HNT.V,D,20211129,000000,39.1280,41.4732,39.128,40.4939,0,0
HNT.V,D,20211130,000000,40.4556,42.5455,38.4316,39.6928,0,0
HNT.V,D,20211201,000000,39.666,39.8142,38.0906,38.3141,0,0
HNT.V,D,20211202,000000,38.2854,40.5875,37.8895,38.7852,0,0
HNT.V,D,20211203,000000,38.7145,39.6141,34.5064,34.9431,0,0
HNT.V,D,20211204,000000,34.9338,35.2929,25.0003,34.3292,0,0
HNT.V,D,20211205,000000,34.3292,36.5576,30,31.2121,0,0
HNT.V,D,20211206,000000,31.2331,31.8512,28.2516,31.4921,0,0
HNT.V,D,20211207,000000,31.5234,34.9494,31.1492,32.603,0,0
HNT.V,D,20211208,000000,32.444,32.9292,29.718,30.1372,0,0
HNT.V,D,20211209,000000,30.147,30.909,27.971,29.253,0,0
HNT.V,D,20211210,000000,29.246,30.6538,28.2201,28.7242,0,0
HNT.V,D,20211211,000000,28.7242,30,27.5327,29.6767,0,0
HNT.V,D,20211212,000000,29.6767,30.4125,28.5914,29.9623,0,0
HNT.V,D,20211213,000000,29.9623,30.1327,25.5309,26.4207,0,0
HNT.V,D,20211214,000000,26.3484,28.5815,25.8797,27.788,0,0
HNT.V,D,20211215,000000,27.7621,32.12606,26.66066,31.25874,0,0
HNT.V,D,20211216,000000,31.23873,34.8274,31.09554,32.42973,0,0
HNT.V,D,20211217,000000,32.31969,35.70428,31.30252,34.2537,0,0
HNT.V,D,20211218,000000,34.22368,35.07402,32.89315,32.89315,0,0
HNT.V,D,20211219,000000,32.89644,32.96989,31.85956,32.33293,0,0
HNT.V,D,20211220,000000,32.32292,34.82044,29.96599,34.41032,0,0
HNT.V,D,20211221,000000,34.41376,37.54501,33.93018,36.08443,0,0
HNT.V,D,20211222,000000,36.0208,42.12263,36.0208,41.16057,0,0
HNT.V,D,20211223,000000,40.95638,43.36867,37.85135,39.0295,0,0
HNT.V,D,20211224,000000,39.0056,39.46973,36.69834,36.92214,0,0
HNT.V,D,20211225,000000,36.89844,39.4297,36.58194,38.21528,0,0
HNT.V,D,20211226,000000,38.16526,38.69934,36.20809,37.71508,36009,0
HNT.V,D,20211227,000000,37.69884,42.08683,37.38868,39.81194,254429,0
HNT.V,D,20211228,000000,39.85195,39.99199,35.84358,37.09742,212706,0
HNT.V,D,20211229,000000,37.09742,39.50395,36.38728,38.39768,197366,0
HNT.V,D,20211230,000000,38.41768,38.59772,36.39364,37.40748,113588,0
HNT.V,D,20211231,000000,37.40748,39.0039,36.24725,38.0438,128520.17842573,0
HNT.V,D,20220101,000000,38.0338,40.46,37.68377,39.50395,174145.69018382,0
HNT.V,D,20220102,000000,39.44789,42.40424,38.21382,41.4983,165361.56998596,0
HNT.V,D,20220103,000000,41.54831,42.85857,39.08,39.88399,234479.50603084,0
HNT.V,D,20220104,000000,39.95,43.53693,38.58,42.25,321589.37106026,0
HNT.V,D,20220105,000000,42.16735,45.14451,36.9963,39.06609,497391.33073369,0
HNT.V,D,20220106,000000,39.01,40.75185,36.5,40.67593,243430.79271558,0
HNT.V,D,20220107,000000,40.75,40.88,35.30294,35.53645,225960.02878586,0
HNT.V,D,20220108,000000,35.46645,36.48635,30.82383,32.79,224478.77604364,0
HNT.V,D,20220109,000000,32.81,33.98,31.67,33.41,129668.88178811,0
HNT.V,D,20220110,000000,33.37,34.12,29.47,31.40686,160372.63520392,0
HNT.V,D,20220111,000000,31.37,33.16663,31.11,32.9633,127659.7353542,0
HNT.V,D,20220112,000000,33.0333,36.0044,32.4865,35.78431,173610.73295368,0
HNT.V,D,20220113,000000,35.78431,35.96438,32.28614,32.43297,192603.95011211,0
HNT.V,D,20220114,000000,32.40619,33.22328,31.17558,33.0032,150596.20779006,0
HNT.V,D,20220115,000000,33.0199,35.17758,32.80312,34.05702,106647.18818375,0
HNT.V,D,20220116,000000,34.05362,34.40376,33.26662,33.78351,113926.8920675,0
HNT.V,D,20220117,000000,33.7635,33.7635,31.40256,31.93277,108885.58563504,0
HNT.V,D,20220118,000000,31.89275,33.58007,29.69891,31.23937,365589.54619846,0
HNT.V,D,20220119,000000,31.23937,31.23937,28.3285,28.71861,208118.35555762,0
HNT.V,D,20220120,000000,28.6786,31.39314,28.07842,28.84577,202240.4531024,0
HNT.V,D,20220121,000000,28.78576,29.0058,23.97479,24.36487,387272.37259253,0
HNT.V,D,20220122,000000,24.42733,24.78743,19.75592,22.27668,480288.98084881,0
HNT.V,D,20220123,000000,22.25667,23.90717,21.94439,22.47449,215295.13023613,0
HNT.V,D,20220124,000000,22.4845,24.41488,19.78396,22.81684,255883.37196924,0
HNT.V,D,20220125,000000,22.78683,25.66026,22.24667,25.28263,281197.07989921,0
HNT.V,D,20220126,000000,25.29264,30.84541,25.05753,28.53426,480390.55743445,0
HNT.V,D,20220127,000000,28.41704,29.8579,26.78606,27.68383,554753.42713018,0
HNT.V,D,20220128,000000,27.84113,28.89867,26.22787,26.98809,323749.0179896,0
HNT.V,D,20220129,000000,26.98809,28.14844,26.47794,27.17815,244335.51770391,0
HNT.V,D,20220130,000000,27.16815,28.90156,26.62799,28.80864,156069.81131837,0
HNT.V,D,20220131,000000,28.85154,29.55477,26.71068,27.82669,213533.61446733,0
HNT.V,D,20220201,000000,27.84113,28.33416,26.71602,27.33366,119841.79044734,0
HNT.V,D,20220202,000000,27.3464,27.75664,25.05002,25.24018,149497.69722362,0
HNT.V,D,20220203,000000,25.29022,26.34053,24.48223,25.68284,171526.21182586,0
HNT.V,D,20220204,000000,25.65026,27.11355,25.50274,26.97156,105588.51121662,0
HNT.V,D,20220205,000000,27.00158,31.90913,26.96155,30.26815,443756.333986,0
HNT.V,D,20220206,000000,30.27816,30.56138,28.61716,29.40176,173229.77923196,0
HNT.V,D,20220207,000000,29.47473,32.0192,29.39175,30.50134,216271.65919714,0
HNT.V,D,20220208,000000,30.48437,31.14178,27.7394,28.8059,160416.34361001,0
HNT.V,D,20220209,000000,28.79589,31.48831,28.33265,30.36033,178785.05567942,0
HNT.V,D,20220210,000000,30.34334,30.72763,28.40554,29.12037,93671.592897899,0
HNT.V,D,20220211,000000,29.1775,30.25116,26.70068,26.75802,126064.07662761,0
HNT.V,D,20220212,000000,26.76872,28.42705,26.23573,27.47648,69930.247036014,0
HNT.V,D,20220213,000000,27.45646,27.81668,25.04251,25.41524,177844.49293274,0
HNT.V,D,20220214,000000,25.39523,27.26635,24.10204,25.72285,408310.12818858,0
HNT.V,D,20220215,000000,25.64538,27.92675,25.64538,27.19631,171559.52749127,0
HNT.V,D,20220216,000000,27.21632,27.69661,25.98558,27.02621,132318.81672974,0
HNT.V,D,20220217,000000,27.02621,28.54712,24.46467,25.04752,375348.75148579,0
HNT.V,D,20220218,000000,25.015,27.41918,24.46467,24.48468,253609.512327,0
HNT.V,D,20220219,000000,24.53471,25.62537,23.65418,23.96197,200627.77878405,0
HNT.V,D,20220220,000000,23.95197,24.06443,22.20888,23.39169,193175.64625458,0
HNT.V,D,20220221,000000,23.4217,24.18209,21.65866,21.88094,148119.92072207,0
HNT.V,D,20220222,000000,21.83091,23.30397,20.86834,22.6213,211819.14558546,0
HNT.V,D,20220223,000000,22.65132,24.27456,22.09325,22.45346,165467.42792236,0
HNT.V,D,20220224,000000,22.46347,22.98919,19.50975,21.91876,371957.96357316,0
HNT.V,D,20220225,000000,21.96878,24.14206,21.88656,24.11964,217889.22283238,0
HNT.V,D,20220226,000000,24.08203,25.6128,23.59944,24.95998,182757.7948797,0
HNT.V,D,20220227,000000,24.96998,24.98248,22.37118,22.97919,124883.97538543,0
HNT.V,D,20220228,000000,22.95147,25.60279,22.29892,25.2601,171714.21688058,0
HNT.V,D,20220301,000000,25.30012,26.05302,24.15724,24.51735,224938.60081311,0
HNT.V,D,20220302,000000,24.47734,24.92748,23.26465,24.09723,231701.16172368,0
HNT.V,D,20220303,000000,24.02721,25.08752,22.30446,22.89687,274553.14247904,0
HNT.V,D,20220304,000000,22.89458,23.09693,21.0042,21.26638,185547.35493056,0
HNT.V,D,20220305,000000,21.30639,22.31669,20.72622,22.0166,124554.98312427,0
HNT.V,D,20220306,000000,21.95658,22.12664,21.03421,21.60648,53386.084935486,0
HNT.V,D,20220307,000000,21.56647,22.03441,19.97599,21.14423,253679.05502703,0
HNT.V,D,20220308,000000,21.16635,22.35447,20.47409,20.88209,164160.54274004,0
HNT.V,D,20220309,000000,20.83417,22.64453,20.80416,21.5143,202930.23315209,0
HNT.V,D,20220310,000000,21.51215,21.80436,20.38408,21.2685,124449.46118087,0
HNT.V,D,20220311,000000,21.28851,21.9966,20.34814,21.05211,154172.50390412,0
HNT.V,D,20220312,000000,21.07421,21.66217,20.88209,21.34,69938.483449883,0
HNT.V,D,20220313,000000,21.34427,21.88219,20.24405,20.26608,92148.506738502,0
HNT.V,D,20220314,000000,20.2581,21.34427,19.74197,20.78416,182764.78695223,0
HNT.V,D,20220315,000000,20.81208,21.29639,20.06201,21.22637,156415.1654055,0
HNT.V,D,20220316,000000,21.25637,22.20666,20.97629,22.0166,294054.58113656,0
HNT.V,D,20220317,000000,22.0066,23.08923,21.9844,22.72135,247458.29060505,0
HNT.V,D,20220318,000000,22.72909,24.5147,22.40896,23.90956,465778.69286461,0
HNT.V,D,20220319,000000,23.93196,24.86491,23.8543,24.17967,260837.04946383,0
HNT.V,D,20220320,000000,24.15966,24.31215,21.79307,22.40896,263418.06039801,0
HNT.V,D,20220321,000000,22.39119,22.73136,21.22849,22.66132,252643.13990145,0
HNT.V,D,20220322,000000,22.58903,25.32265,22.45898,24.96247,690463.61753777,0
HNT.V,D,20220323,000000,24.98248,25.8129,24.41732,25.28263,322937.08935891,0
HNT.V,D,20220324,000000,25.29264,25.90294,23.80952,25.2226,393841.18801418,0
HNT.V,D,20220325,000000,25.24262,26.18047,22.32115,23.21928,960027.52551326,0
HNT.V,D,20220326,000000,23.23161,24.06962,23.04922,23.89956,183207.11521333,0
HNT.V,D,20220327,000000,23.91195,24.8124,23.5094,24.35974,190829.23501805,0
HNT.V,D,20220328,000000,24.37731,25.59023,23.78951,24.16966,390175.88096503,0
HNT.V,D,20220329,000000,24.16207,24.7699,23.11693,23.74187,414535.33885192,0
HNT.V,D,20220330,000000,23.72185,27.50825,23.02151,24.14724,1189461.2951196,0
HNT.V,D,20220331,000000,24.12724,25.9852,23.48704,24.38731,766412.77552941,0
HNT.V,D,20220401,000000,24.35731,24.68987,22.30446,24.55737,430598.35758007,0
HNT.V,D,20220402,000000,24.55982,25.29011,23.84477,24.60984,363614.16024247,0
HNT.V,D,20220403,000000,24.59984,27.7711,23.92718,26.30052,1164524.7137948,0
HNT.V,D,20220404,000000,26.28051,27.95838,23.59708,24.74495,997801.52887574,0
HNT.V,D,20220405,000000,24.75742,25.3576,24.08482,24.31243,217284.16052774,0
HNT.V,D,20220406,000000,24.30486,24.5049,21.72217,22.44224,301192.0573551,0
HNT.V,D,20220407,000000,22.43,22.9623,21.66217,22.65226,175757.07196834,0
HNT.V,D,20220408,000000,22.63226,23.42468,22.10663,22.17665,230887.79206986,0
HNT.V,D,20220409,000000,22.12885,22.77683,21.62649,22.54676,108430.68323444,0
HNT.V,D,20220410,000000,22.55451,22.81684,21.96659,22.12664,73653.810874871,0
HNT.V,D,20220411,000000,22.13443,22.16443,20.014,20.05601,179991.60055406,0
HNT.V,D,20220412,000000,20.05601,21.25425,20.016,20.47614,183376.04253315,0
HNT.V,D,20220413,000000,20.44613,21.13634,20.20606,20.96629,85252.654374797,0
HNT.V,D,20220414,000000,20.96629,21.53646,19.91398,20.25405,136696.97086815,0
HNT.V,D,20220415,000000,20.23405,20.71414,20.12201,20.36407,62059.283433805,0
HNT.V,D,20220416,000000,20.36407,20.82416,20.21202,20.29406,46110.530096725,0
HNT.V,D,20220417,000000,20.29406,20.65413,20.13201,20.45409,49154.579463453,0
HNT.V,D,20220418,000000,20.47205,20.5141,18.20546,19.08572,434305.28901445,0
HNT.V,D,20220419,000000,19.10382,19.68394,18.91189,19.37194,140947.1253337,0
HNT.V,D,20220420,000000,19.40388,19.74395,18.54185,18.95379,181994.81013765,0
HNT.V,D,20220421,000000,18.95379,19.5039,18.25183,18.35367,163730.50638661,0
HNT.V,D,20220422,000000,18.33183,18.38368,17.76355,18.06361,133717.43960718,0
HNT.V,D,20220423,000000,18.08362,18.32183,17.82356,17.87179,85919.992180037,0
HNT.V,D,20220424,000000,17.87357,18.0236,17.09342,17.89358,114004.90016039,0
HNT.V,D,20220425,000000,17.86357,17.92358,16.10322,17.21344,156557.90491492,0
HNT.V,D,20220426,000000,17.21344,17.61352,15.88159,16.23,131750.49775537,0
HNT.V,D,20220427,000000,16.23162,16.99,15.79,16.39164,109082.03805188,0
HNT.V,D,20220428,000000,16.46165,16.62166,15.62,15.74,215706.0657588,0
HNT.V,D,20220429,000000,15.75,16.0016,14.06,14.53145,253506.04110852,0
HNT.V,D,20220430,000000,14.53145,14.94149,13.0013,13.0113,237403.32445988,0
HNT.V,D,20220501,000000,13,13.9614,11.64,13.35133,463709.4847512,0
HNT.V,D,20220502,000000,13.34,14.28143,13.06131,14.22142,297437.07799034,0
HNT.V,D,20220503,000000,14.22142,15.7,14.13,14.73853,642502.4244572,0
HNT.V,D,20220504,000000,14.70853,16.42,14.56709,16.19,398675.87303046,0
HNT.V,D,20220505,000000,16.19676,16.67666,14.02719,14.55709,418487.83859531,0
HNT.V,D,20220506,000000,14.54855,15.06849,14.09718,14.60854,237043.40045683,0
HNT.V,D,20220507,000000,14.60854,14.90851,14.18858,14.25715,169652.66291742,0
HNT.V,D,20220508,000000,14.24715,14.26715,13.35466,13.81585,147301.93809628,0
HNT.V,D,20220509,000000,13.81585,14.0172,11.24662,11.62767,337984.62359416,0
HNT.V,D,20220510,000000,11.63767,13.13737,10.69572,11.09556,392924.65061531,0
HNT.V,D,20220511,000000,11.07557,12.04398,8.0178,8.51837,3486439.4792007,0
HNT.V,D,20220512,000000,8.47851,9.90319,6.251,8.94488,3204982.1536322,0
HNT.V,D,20220513,000000,8.92583,11.34978,8.78709,10.08283,763864.63454297,0
HNT.V,D,20220514,000000,10.0429,10.41331,9.031,9.6265,483119.36363939,0
HNT.V,D,20220515,000000,9.63553,9.9161,8.96013,9.5685,240215.34595784,0
HNT.V,D,20220516,000000,9.57849,9.77825,8.67783,8.85847,285289.45217611,0
HNT.V,D,20220517,000000,8.91839,9.2598,8.44985,8.9892,236391.71047615,0
HNT.V,D,20220518,000000,8.9883,9.33784,7.79907,7.87895,353704.68784491,0
HNT.V,D,20220519,000000,7.90891,8.48236,7.27126,8.16183,423987.90827569,0
HNT.V,D,20220520,000000,8.12268,8.51063,7.64082,7.82981,260746.07352938,0
HNT.V,D,20220521,000000,7.83059,8.20931,7.7599,8.00957,212465.5790483,0
HNT.V,D,20220522,000000,7.99959,8.30918,7.92968,8.01038,172252.93905362,0
HNT.V,D,20220523,000000,8.02036,8.4915,7.86056,7.9904,302311.14175129,0
HNT.V,D,20220524,000000,7.97961,7.98041,7.45105,7.67002,248390.19871706,0
HNT.V,D,20220525,000000,7.68,7.84058,7.44181,7.58089,165580.79953053,0
HNT.V,D,20220526,000000,7.59088,7.71151,6.90171,7.25274,288884.48143815,0
HNT.V,D,20220527,000000,7.22205,7.33266,6.76255,6.88242,356176.78066954,0
HNT.V,D,20220528,000000,6.87216,7.14085,6.84199,7.03183,138703.61621237,0
HNT.V,D,20220529,000000,7.0516,7.33244,6.86279,7.23233,154982.69020601,0
HNT.V,D,20220530,000000,7.24181,10.20285,7.20221,9.48241,1362518.3292103,0
HNT.V,D,20220531,000000,9.49335,9.69224,8.82294,9.3625,511407.83802981,0
HNT.V,D,20220601,000000,9.44272,9.75122,8.52062,8.71215,342524.87853447,0
HNT.V,D,20220602,000000,8.71215,8.86113,8.30252,8.53231,300216.57351791,0
HNT.V,D,20220603,000000,8.54231,8.71241,8.06354,8.70242,228585.20115904,0
HNT.V,D,20220604,000000,8.7224,9.49249,8.30127,9.43292,927165.79223979,0
HNT.V,D,20220605,000000,9.44282,9.65227,9.15185,9.2513,778684.12473855,0
HNT.V,D,20220606,000000,9.27128,11.0607,9.08155,10.57111,1124465.6224385,0
HNT.V,D,20220607,000000,10.57111,11.1192,9.67187,10.30165,904916.5976116,0
HNT.V,D,20220608,000000,10.32174,11.04215,9.82361,10.68305,586173.56029358,0
HNT.V,D,20220609,000000,10.68305,12.32051,10.5322,11.91998,1102017.9906683,0
HNT.V,D,20220610,000000,11.97981,12.48987,11.18768,11.3954,682011.48654932,0
HNT.V,D,20220611,000000,11.38552,11.7674,9.18914,9.31946,723753.37424236,0
HNT.V,D,20220612,000000,9.31946,9.58694,8.46898,9.00882,1089679.0561335,0
HNT.V,D,20220613,000000,8.98893,9.03896,7.33814,8.05878,2049855.4765256,0
HNT.V,D,20220614,000000,8.07884,10.28507,7.38897,9.11904,3011067.6087652,0
HNT.V,D,20220615,000000,9.13902,10.75708,8.73425,10.61406,2549447.5720623,0
HNT.V,D,20220616,000000,10.756,11.66715,9.79921,10.37649,544214.46473958,0
HNT.V,D,20220617,000000,10.17584,11.4761,9.92618,11.29654,543332.69192651,0
HNT.V,D,20220618,000000,11.27656,11.74554,9.27625,9.69427,1508603.0059692,0
HNT.V,D,20220619,000000,9.68419,11.50618,9.6143,11.2154,1204386.0753757,0
HNT.V,D,20220620,000000,11.25535,11.48505,10.3486,10.40854,384750.84374797,0
HNT.V,D,20220621,000000,10.36858,11.33865,10.14984,10.40854,512807.07485286,0
HNT.V,D,20220622,000000,10.42852,10.61937,9.79921,10.13985,338625.6305609,0
HNT.V,D,20220623,000000,10.14882,10.65933,10.01997,10.33965,190918.99040204,0
HNT.V,D,20220624,000000,10.32966,11.48035,10.32863,11.44107,459727.14572591,0
HNT.V,D,20220625,000000,11.41857,12.11152,11.07891,11.73178,387170.12148817,0
HNT.V,D,20220626,000000,11.72179,11.72202,10.76354,11.1432,257623.98753973,0
HNT.V,D,20220627,000000,11.15319,11.16307,10.41104,10.63064,169834.09748521,0
HNT.V,D,20220628,000000,10.63999,11.03928,9.95754,10.24738,228800.8864908,0
HNT.V,D,20220629,000000,10.23729,10.23729,9.44751,9.6583,494172.47193261,0
HNT.V,D,20220630,000000,9.64841,9.7383,8.80862,8.93926,481996.37863954,0
HNT.V,D,20220701,000000,8.93926,9.64035,8.9093,9.05842,188283.04173006,0
HNT.V,D,20220702,000000,9.14192,9.19695,8.89252,9.16369,100024.26862726,0
HNT.V,D,20220703,000000,9.16898,9.19803,8.8476,9.12812,109023.01244599,0
HNT.V,D,20220704,000000,9.12812,9.49859,9.02825,9.33878,114207.39147822,0
HNT.V,D,20220705,000000,9.33878,9.52855,8.9892,9.21985,91394.712903041,0
HNT.V,D,20220706,000000,9.21985,9.23982,8.98011,9.14992,73033.790964484,0
HNT.V,D,20220707,000000,9.1699,9.48336,9.159,9.40435,77175.217248116,0
HNT.V,D,20220708,000000,9.42434,9.63229,9.15359,9.30441,118031.43464952,0
HNT.V,D,20220709,000000,9.29442,9.72416,9.18357,9.58425,109879.33797014,0
HNT.V,D,20220710,000000,9.58329,9.69418,9.20447,9.35438,134008.01056041,0
HNT.V,D,20220711,000000,9.34439,9.35438,8.85203,8.87201,83940.246540604,0
HNT.V,D,20220712,000000,8.882,8.882,8.56057,8.62137,117067.41461402,0
HNT.V,D,20220713,000000,8.59174,8.86113,8.20179,8.67132,165352.97638072,0
HNT.V,D,20220714,000000,8.68218,9.04457,8.50319,8.86468,191095.04141152,0
HNT.V,D,20220715,000000,8.86468,9.15359,8.75387,8.83735,229116.88902778,0
HNT.V,D,20220716,000000,8.85734,9.02819,8.55658,8.91732,138934.66595811,0
HNT.V,D,20220717,000000,8.91768,9.06791,8.74676,8.95758,174524.66081311,0
HNT.V,D,20220718,000000,8.97758,9.53876,8.8469,9.15789,343911.54894914,0
HNT.V,D,20220719,000000,9.14726,9.89,9.12927,9.81157,310423.93681006,0
HNT.V,D,20220720,000000,9.81,10.63074,9.32981,9.58048,787766.22809877,0
HNT.V,D,20220721,000000,9.59058,9.61163,9.051,9.50238,214379.42689195,0
HNT.V,D,20220722,000000,9.51238,9.88069,9.14101,9.31205,256637.28448975,0
HNT.V,D,20220723,000000,9.32,9.52076,9.05918,9.22175,127610.26682344,0
HNT.V,D,20220724,000000,9.22184,9.45,9.21175,9.37178,132422.14689684,0
HNT.V,D,20220725,000000,9.37178,9.45189,8.76105,8.96072,286908.69568908,0
HNT.V,D,20220726,000000,8.96081,8.9609,8.44034,8.50128,181165.79135285,0
HNT.V,D,20220727,000000,8.51128,9.12192,8.4021,9.04217,333554.10289592,0
HNT.V,D,20220728,000000,9.03217,9.50228,8.79097,9.26185,718650.05086838,0
HNT.V,D,20220729,000000,9.26241,9.50114,8.93277,9.20377,368002.67730361,0
HNT.V,D,20220730,000000,9.19368,9.79343,9.06317,9.37319,620121.72508644,0
HNT.V,D,20220731,000000,9.37281,9.76195,9.22313,9.32214,420001.95989813,0
HNT.V,D,20220801,000000,9.31372,9.46237,8.77246,8.84256,305993.54383316,0
HNT.V,D,20220802,000000,8.84265,8.9918,8.53256,8.8115,256868.05196699,0
HNT.V,D,20220803,000000,8.82176,8.95152,8.51162,8.77219,208740.22715312,0
HNT.V,D,20220804,000000,8.77202,8.83194,8.47008,8.52026,187825.72614252,0
HNT.V,D,20220805,000000,8.51034,8.89133,8.51034,8.84168,191637.51538202,0
HNT.V,D,20220806,000000,8.83168,9.20184,8.81123,8.94197,333449.30829764,0
HNT.V,D,20220807,000000,8.94206,8.9818,8.67208,8.92161,111374.84706731,0
HNT.V,D,20220808,000000,8.92169,9.37244,8.85142,9.26111,381349.96048009,0
HNT.V,D,20220809,000000,9.25111,9.4217,8.26182,8.5117,662831.37275459,0
HNT.V,D,20220810,000000,8.5217,8.79431,8.27198,8.69252,238928.42751915,0
HNT.V,D,20220811,000000,8.70261,8.96421,8.61379,8.67407,428917.59171899,0
HNT.V,D,20220812,000000,8.67407,8.74437,8.40336,8.58395,241368.39707377,0
HNT.V,D,20220813,000000,8.58395,8.78448,8.53299,8.58335,228722.49733084,0
HNT.V,D,20220814,000000,8.59335,8.7134,8.18229,8.27256,254087.40991292,0
HNT.V,D,20220815,000000,8.26248,8.47229,7.96207,8.10186,217373.30677081,0
HNT.V,D,20220816,000000,8.09186,8.26165,7.98056,8.04072,309001.4256514,0
HNT.V,D,20220817,000000,8.05064,8.29116,7.53992,7.56053,344859.50015689,0
HNT.V,D,20220818,000000,7.5606,7.73031,7.43022,7.59023,388375.56814589,0
HNT.V,D,20220819,000000,7.58076,7.59076,6.63,6.88069,646670.53445927,0
HNT.V,D,20220820,000000,6.89034,7.10043,6.58822,6.74,232240.70037454,0
HNT.V,D,20220821,000000,6.75,6.94979,6.69953,6.87986,193550.86226771,0
HNT.V,D,20220822,000000,6.87986,6.91014,6.30874,6.38891,297258.24923394,0
HNT.V,D,20220823,000000,6.38904,6.69993,6.36994,6.66013,248596.00723917,0
HNT.V,D,20220824,000000,6.65933,7.68023,6.55954,7.09057,2216027.25767,0
HNT.V,D,20220825,000000,7.10064,7.1105,6.67027,6.7502,563222.70499151,0
HNT.V,D,20220826,000000,6.7502,6.76993,6.04982,6.12061,531492.26007526,0
HNT.V,D,20220827,000000,6.13061,6.13061,5.85,5.85018,296182.60443867,0
HNT.V,D,20220828,000000,5.85012,6.20025,5.82012,5.95994,376920.10934697,0
HNT.V,D,20220829,000000,5.96,6.29113,5.68949,6.17043,392915.63162105,0
HNT.V,D,20220830,000000,6.16049,6.23994,5.45011,5.5805,1032783.0280552,0
HNT.V,D,20220831,000000,5.5805,5.6808,5.27979,5.4,671590.12172018,0
HNT.V,D,20220901,000000,5.40995,5.42011,4.62005,4.84971,1000662.8451453,0
HNT.V,D,20220902,000000,4.83971,4.93005,4.44027,4.53068,979427.01705318,0
HNT.V,D,20220903,000000,4.53072,4.64,4.13,4.18,1747310.5301501,0
HNT.V,D,20220904,000000,4.18042,4.39044,4.09,4.34,1711139.8523647,0
HNT.V,D,20220905,000000,4.35,4.36044,3.83,3.92039,2153812.3386901,0
HNT.V,D,20220906,000000,3.91039,4.0404,3.19968,3.41,2531745.6709824,0
HNT.V,D,20220907,000000,3.41,5.27995,3.3701,5.16036,13595948.505705,0
HNT.V,D,20220908,000000,5.16036,5.64051,4.72094,4.78072,11198331.933642,0
HNT.V,D,20220909,000000,4.78,5.03121,4.56114,4.68154,3796420.3153828,0
HNT.V,D,20220910,000000,4.68173,5.9924,4.62185,5.60106,9259392.1265163,0
HNT.V,D,20220911,000000,5.60106,5.66181,5.05126,5.11123,2895182.3088565,0
HNT.V,D,20220912,000000,5.12128,5.56106,4.96084,5.12102,2587762.9798833,0
HNT.V,D,20220913,000000,5.12154,5.45082,4.59028,4.61009,3054707.7379507,0
HNT.V,D,20220914,000000,4.62005,4.65991,4.12008,4.22105,2515915.3221209,0
HNT.V,D,20220915,000000,4.2311,4.27098,3.91918,4.17962,1508043.6225557,0
HNT.V,D,20220916,000000,4.15963,4.25987,3.92961,4.15958,1101547.8435539,0
HNT.V,D,20220917,000000,4.17,4.56046,4.14959,4.36044,2095610.4501282,0
HNT.V,D,20220918,000000,4.35,4.54045,3.70963,4.01,1682741.7489236,0
HNT.V,D,20220919,000000,4,4.79096,3.94961,4.65093,3863054.3838843,0
HNT.V,D,20220920,000000,4.65047,5.44,4.36044,4.99,8201033.4396528,0
HNT.V,D,20220921,000000,4.98005,5.06051,4.3,4.38,3231012.8161504,0
HNT.V,D,20220922,000000,4.38,4.9,4.33,4.62,2229351.7806077,0
HNT.V,D,20220923,000000,4.61,4.85,4.38956,4.82952,1327726.4590135,0
HNT.V,D,20220924,000000,4.82966,5.15948,4.5004,4.52036,2146858.8599769,0
HNT.V,D,20220925,000000,4.51045,4.65047,4.4,4.47,1233746.5502044,0
HNT.V,D,20220926,000000,4.46,4.74047,4.39996,4.67,1685632.5827253,0
HNT.V,D,20220927,000000,4.66,4.82048,4.45955,4.72953,1970241.8917945,0
HNT.V,D,20220928,000000,4.73953,5.41,4.46955,5.28,3604498.206632,0
HNT.V,D,20220929,000000,5.29,5.37054,4.91,5.0405,2875057.2595697,0
HNT.V,D,20220930,000000,5.04,5.45054,4.96,5.31,1800077.1682681,0
HNT.V,D,20221001,000000,5.32053,5.4,4.95,4.98,1270258.3119309,0
HNT.V,D,20221002,000000,4.98,5.11,4.8,4.87,1061597.2434699,0
HNT.V,D,20221003,000000,4.86,5.05,4.76,4.90049,817321.30556497,0
HNT.V,D,20221004,000000,4.89049,5.32106,4.82096,5.24157,995109.50413768,0
HNT.V,D,20221005,000000,5.26105,5.8,5.22104,5.65057,3661876.8516287,0
HNT.V,D,20221006,000000,5.67113,5.72103,5.04066,5.10087,2569085.8220173,0
HNT.V,D,20221007,000000,5.10087,5.14098,4.81029,4.87068,1337337.8529448,0
HNT.V,D,20221008,000000,4.88063,4.91044,4.48031,4.51117,1029492.7797658,0
HNT.V,D,20221009,000000,4.50117,4.68094,4.48085,4.59092,644806.03634683,0
HNT.V,D,20221010,000000,4.61092,4.68,4.5,4.61954,1012753.0147804,0
HNT.V,D,20221011,000000,4.62,4.84981,4.13,4.52959,2022238.8539688,0
HNT.V,D,20221012,000000,4.52959,4.64991,4.42965,4.55014,1379906.9081305,0
HNT.V,D,20221013,000000,4.55014,4.76971,4.33,4.65037,1138051.822563,0
HNT.V,D,20221014,000000,4.65037,4.70038,4.23413,4.23808,414281.07887594,0
HNT.V,D,20221015,000000,4.23213,4.61514,4.23017,4.53223,147877.72044683,0
HNT.V,D,20221016,000000,4.52423,4.56018,4.41913,4.50409,94651.410196563,0
HNT.V,D,20221018,000000,4.55827,4.56737,4.38304,4.42618,44415.231325599,0
HNT.V,D,20221019,000000,4.42822,4.44136,4.25704,4.286,160355.98609446,0
HNT.V,D,20221020,000000,4.285,4.28604,4.04972,4.11871,89660.136576605,0
HNT.V,D,20221021,000000,4.11659,4.16717,3.90588,4.13329,93162.131245231,0
HNT.V,D,20221022,000000,4.12929,4.19721,4.09437,4.17438,72921.096440891,0
HNT.V,D,20221023,000000,4.17033,4.28151,4.09841,4.21755,81382.408947595,0
HNT.V,D,20221024,000000,4.23355,4.27834,4.05232,4.08116,86424.619173705,0
HNT.V,D,20221025,000000,4.07312,4.19138,4.00496,4.12244,161279.09418924,0
HNT.V,D,20221026,000000,4.1184,4.24615,4.08427,4.1462,180501.03563234,0
HNT.V,D,20221027,000000,4.13416,4.30499,4.04904,4.06024,123020.17255669,0
HNT.V,D,20221028,000000,4.07429,4.10882,3.9462,4.08186,120772.66349703,0
HNT.V,D,20221029,000000,4.07381,4.1863,4.00528,4.05793,138115.4897503,0
HNT.V,D,20221030,000000,4.05297,4.1492,3.96603,4.0178,53220.152182106,0
HNT.V,D,20221031,000000,4.01684,4.04736,3.9169,3.98668,115124.7376386,0
HNT.V,D,20221101,000000,3.98176,4.54227,3.97976,4.42851,61130.441859383,0
HNT.V,D,20221102,000000,4.43351,4.59309,4.08139,4.42682,179809.03880915,0
HNT.V,D,20221103,000000,4.44573,4.55154,3.93257,4.00996,240980.08165061,0
HNT.V,D,20221104,000000,3.99596,4.21417,3.958,4.20334,165653.8138284,0
HNT.V,D,20221105,000000,4.20429,4.49909,4.15129,4.18825,265121.4738882415,0
HNT.V,D,20221106,000000,4.18817,4.26821,3.96316,3.98224,137121.72351740312,0
HNT.V,D,20221107,000000,3.96132,4.11433,3.82231,3.8835,155727.76695560056,0
HNT.V,D,20221108,000000,3.89778,3.946,3.19661,3.24069,380180.5269841887,0
HNT.V,D,20221109,000000,3.25273,3.32724,2.57274,2.63736,402861.98358518566,0
HNT.V,D,20221110,000000,2.6301,3.28529,2.58542,3.07687,236297.5936245634,0
HNT.V,D,20221111,000000,3.08451,3.4793,2.61057,2.69354,138381.87108700597,0
HNT.V,D,20221112,000000,2.691,2.74904,2.51846,2.52245,167725.67300089594,0
HNT.V,D,20221113,000000,2.52844,2.66719,2.43159,2.45456,159232.9850704193,0
HNT.V,D,20221114,000000,2.40621,3.0763,2.27427,2.44233,422008.25838714215,0
HNT.V,D,20221115,000000,2.45931,2.84373,2.40959,2.42857,249115.89250927125,0
HNT.V,D,20221116,000000,2.42957,2.46346,2.30959,2.38763,241190.19919249715,0
HNT.V,D,20221117,000000,2.39102,3.08468,2.35402,2.70319,304405.2098151998,0
HNT.V,D,20221118,000000,2.70797,2.96801,2.41509,2.51401,113346.94720610621,0
HNT.V,D,20221119,000000,2.51478,2.5157,2.39734,2.44875,107593.80314106205,0
HNT.V,D,20221120,000000,2.45202,2.51243,2.33139,2.47563,292135.2358641048,0
HNT.V,D,20221121,000000,2.49518,2.49777,2.07396,2.14622,249899.45217890225,0
HNT.V,D,20221122,000000,2.14602,2.37471,2.12003,2.37471,133320.85735077033,0
HNT.V,D,20221123,000000,2.38692,2.51795,2.31683,2.51795,162909.09710061154,0
HNT.V,D,20221124,000000,2.50656,2.52654,2.39806,2.44454,92198.92260926,0
HNT.V,D,20221125,000000,2.44232,2.45885,2.33806,2.42274,90758.25262704394,0
HNT.V,D,20221126,000000,2.4205,2.51541,2.39909,2.4101,72455.63112318281,0
HNT.V,D,20221127,000000,2.4039,2.55047,2.4039,2.52089,142196.64716257981,0
HNT.V,D,20221128,000000,2.51781,2.54448,2.31041,2.46536,224955.4395403492,0
HNT.V,D,20221129,000000,2.47056,2.54922,2.43206,2.50257,134839.84572807793,0
HNT.V,D,20221130,000000,2.50835,2.5625,2.32745,2.41,224878.00876170804,0
HNT.V,D,20221201,000000,2.40557,2.44094,2.2698,2.29594,221896.68218279188,0
HNT.V,D,20221202,000000,2.30524,2.34691,2.27117,2.32114,155444.04113599713,0
HNT.V,D,20221203,000000,2.32694,3.31333,2.22122,2.23122,234229.55565148403,0
HNT.V,D,20221204,000000,2.22822,2.31523,2.22522,2.29046,105527.71127834727,0
HNT.V,D,20221205,000000,2.26975,2.30026,2.18092,2.21237,72032.93338540569,0
HNT.V,D,20221206,000000,2.21364,2.27743,2.15664,2.17428,61891.55752552941,0
HNT.V,D,20221207,000000,2.1776,2.2034,2.08052,2.08982,82002.87598339962,0
HNT.V,D,20221208,000000,2.091,2.12001,2.03261,2.11445,57555.36455329367,0
HNT.V,D,20221209,000000,2.11405,2.15462,2.0769,2.08613,68087.79766816788,0
HNT.V,D,20221210,000000,2.0875,2.13756,2.05998,2.11398,47215.89566298167,0
HNT.V,D,20221211,000000,2.11536,2.19357,2.10421,2.11221,50785.78816194352,0
HNT.V,D,20221212,000000,2.11251,2.12571,2.00798,2.07299,78690.91203019625,0
HNT.V,D,20221213,000000,2.06969,2.07371,1.91997,1.97071,108843.57139319308,0
HNT.V,D,20221214,000000,1.95483,1.98444,1.90402,1.94544,102377.35997037971,0
HNT.V,D,20221215,000000,1.9442,1.9841,1.89158,1.94719,109911.13338201065,0
HNT.V,D,20221216,000000,1.94939,1.9641,1.67987,1.71204,90027.96592881184,0
HNT.V,D,20221217,000000,1.70307,1.77454,1.6026,1.74513,86340.51330155348,0
HNT.V,D,20221218,000000,1.74023,1.77778,1.65118,1.73973,27947.353101135934,0
HNT.V,D,20221219,000000,1.75025,1.79613,1.59225,1.6066,118781.05848991388,0
HNT.V,D,20221220,000000,1.6185,1.68898,1.57202,1.60136,71381.30022249934,0
HNT.V,D,20221221,000000,1.59456,2.73133,1.54006,2.13669,641611.8423463058,0
HNT.V,D,20221222,000000,2.12411,2.33,1.83985,1.8508,588511.1866360494,0
HNT.V,D,20221223,000000,1.8616,1.9642,1.82273,1.91441,104367.68804324135,0
HNT.V,D,20221224,000000,1.89277,1.96642,1.86573,1.90909,53315.114579098474,0
HNT.V,D,20221225,000000,1.90757,1.94092,1.83976,1.86376,34866.15632785615,0
HNT.V,D,20221226,000000,1.86368,1.93139,1.84103,1.88022,58879.09921219458,0
HNT.V,D,20221227,000000,1.87752,1.90194,1.77817,1.79118,77281.85543260892,0
HNT.V,D,20221228,000000,1.79558,1.82199,1.70757,1.75755,81412.92909721783,0
HNT.V,D,20221229,000000,1.75867,1.77967,1.61987,1.65037,73402.2980241563,0
HNT.V,D,20221230,000000,1.65052,1.67491,1.5692,1.5737,161393.56313972847,0
HNT.V,D,20221231,000000,1.576,1.58351,1.4991,1.51074,93720.76049777363,0
HNT.V,D,20230101,000000,1.50903,1.53114,1.47941,1.51859,88270.26263566334,0
HNT.V,D,20230102,000000,1.51549,1.70194,1.50667,1.6171,125718.10703653909,0
HNT.V,D,20230103,000000,1.61738,1.63734,1.55836,1.61177,84606.44968581025,0
HNT.V,D,20230104,000000,1.61918,1.69899,1.61012,1.68494,75015.60977125898,0
HNT.V,D,20230105,000000,1.67965,2.06322,1.65874,1.75029,231980.1652325213,0
HNT.V,D,20230106,000000,1.74808,2.06013,1.74319,1.83945,191826.05622164186,0
HNT.V,D,20230107,000000,1.84231,1.85668,1.79701,1.82096,54418.628141792826,0
HNT.V,D,20230108,000000,1.81896,1.85149,1.76947,1.79688,71811.24926330289,0
HNT.V,D,20230109,000000,1.81124,2.01214,1.81124,1.9388,98043.35938710452,0
HNT.V,D,20230110,000000,1.94188,2.03826,1.91002,2.00308,79071.93594235512,0
HNT.V,D,20230111,000000,2.003,2.05218,1.9296,2.02228,77790.65109142997,0
HNT.V,D,20230112,000000,2.02386,2.20116,2.02382,2.18184,91152.10593745863,0
HNT.V,D,20230113,000000,2.1844,2.42909,2.1725,2.35941,201640.2200629707,0
HNT.V,D,20230114,000000,2.36321,3.16938,2.36321,2.76814,452182.2932282658,0
HNT.V,D,20230115,000000,2.77028,3.30803,2.66851,3.0009,237294.32018266764,0
HNT.V,D,20230116,000000,3.0129,3.23423,2.91623,3.04706,135304.28108151734,0
HNT.V,D,20230117,000000,3.04603,3.47052,2.98433,3.26533,180486.6426902618,0
HNT.V,D,20230118,000000,3.26933,3.33,3.05473,3.12684,184006.9406739627,0
HNT.V,D,20230119,000000,3.12781,3.13587,2.83672,2.94291,202056.7060117661,0
HNT.V,D,20230120,000000,2.94551,3.1326,2.85144,3.12053,102783.76410666054,0
HNT.V,D,20230121,000000,3.12066,3.24002,3.03449,3.106,126343.08480661156,0
HNT.V,D,20230122,000000,3.09016,3.16938,2.91064,2.95399,115400.94647800231,0
HNT.V,D,20230123,000000,2.94349,3.05496,2.86487,2.94654,108478.35326004164,0
HNT.V,D,20230124,000000,2.93901,2.99878,2.71033,2.73498,87743.44981823834,0
HNT.V,D,20230125,000000,2.72407,2.89542,2.66361,2.76074,100127.58790118463,0
HNT.V,D,20230126,000000,2.7702,2.99111,2.76501,2.84826,99196.98287393004,0
HNT.V,D,20230127,000000,2.85526,3.00127,2.75022,2.9154,124937.86603680075,0
HNT.V,D,20230128,000000,2.91839,3.00462,2.84918,2.89108,78410.65844093208,0
HNT.V,D,20230129,000000,2.89181,2.97162,2.86289,2.95412,85595.73967480262,0
HNT.V,D,20230130,000000,2.95749,2.97215,2.5931,2.65809,142795.58391175725,0
HNT.V,D,20230131,000000,2.65726,2.70138,2.61924,2.66994,83745.66920607332,0
HNT.V,D,20230201,000000,2.66989,2.94038,2.5579,2.94038,130044.56765799706,0
HNT.V,D,20230202,000000,2.94908,3.04918,2.83623,2.86552,132066.8427295442,0
HNT.V,D,20230203,000000,2.8666,3.21422,2.86043,3.06925,175698.21626993737,0
HNT.V,D,20230204,000000,3.08325,3.26339,2.93248,3.10925,80876.76070451015,0
HNT.V,D,20230205,000000,3.11725,3.11956,2.75725,2.86272,86660.31169641535,0
HNT.V,D,20230206,000000,2.86975,2.993,2.86352,2.89312,80579.07537730866,0
HNT.V,D,20230207,000000,2.89314,3.13784,2.81623,3.05721,169350.84033132155,0
HNT.V,D,20230208,000000,3.05818,3.25216,2.93315,3.23326,149954.6025723646,0
HNT.V,D,20230209,000000,3.23326,3.29033,2.56905,2.61126,161594.0001942487,0
HNT.V,D,20230210,000000,2.5023,2.55761,2.34049,2.46337,110237.47170660229,0
HNT.V,D,20230211,000000,2.45942,2.53115,2.40926,2.52165,87274.29520480528,0
HNT.V,D,20230212,000000,2.52675,2.58608,2.43874,2.48807,94024.89306938594,0
HNT.V,D,20230213,000000,2.48785,2.52741,2.3246,2.41353,112146.75143937473,0
HNT.V,D,20230214,000000,2.41303,2.50953,2.37356,2.46249,135440.75172143086,0
HNT.V,D,20230215,000000,2.46571,2.69896,2.45448,2.68801,83452.62528533046,0
HNT.V,D,20230216,000000,2.6929,2.77628,2.54026,2.54026,118567.10833557433,0
HNT.V,D,20230217,000000,2.53643,2.82011,2.51078,2.74727,176032.49607441926,0
HNT.V,D,20230218,000000,2.75128,2.9575,2.74925,2.81748,135259.21596387058,0
HNT.V,D,20230219,000000,2.82645,3.06361,2.79253,2.95368,151457.11768766868,0
HNT.V,D,20230220,000000,2.92867,3.33243,2.85783,3.19913,292725.22888985346,0
HNT.V,D,20230221,000000,3.20313,3.40034,2.9593,3.07055,306367.41268131946,0
HNT.V,D,20230222,000000,3.07552,3.12738,2.74744,2.916,198725.09085942793,0
HNT.V,D,20230223,000000,2.91855,3.07161,2.83761,2.89628,148392.73780202595,0
HNT.V,D,20230224,000000,2.90687,2.93402,2.68019,2.70167,95141.71069460791,0
HNT.V,D,20230225,000000,2.7047,2.76949,2.60629,2.68539,68114.07515485412,0
HNT.V,D,20230226,000000,2.68486,2.76589,2.67839,2.71302,42952.39357506864,0
HNT.V,D,20230227,000000,2.71804,2.79917,2.67131,2.73244,46256.84969510557,0
HNT.V,D,20230228,000000,2.73316,2.75097,2.61791,2.62525,56933.78254858272,0
HNT.V,D,20230301,000000,2.62645,2.7497,2.60574,2.73813,37742.20413721123,0
HNT.V,D,20230302,000000,2.73921,2.78601,2.61103,2.67661,45420.55825593337,0
HNT.V,D,20230303,000000,2.67271,2.68531,2.38627,2.48167,72180.22062423365,0
HNT.V,D,20230304,000000,2.4863,2.51883,2.35012,2.38637,67112.79675363867,0
HNT.V,D,20230305,000000,2.39607,2.4634,2.39102,2.41497,24248.544132498675,0
HNT.V,D,20230306,000000,2.41917,2.43162,2.35059,2.41116,32802.00180515119,0
HNT.V,D,20230307,000000,2.40898,2.4395,2.26385,2.29055,76463.10041184015,0
HNT.V,D,20230308,000000,2.29241,2.32914,2.10667,2.11239,78135.71274168383,0
HNT.V,D,20230309,000000,2.12799,2.23408,1.9941,2.01128,73951.52924549456,0
HNT.V,D,20230310,000000,2.00748,2.05403,1.90685,2.05229,48185.00376682565,0
HNT.V,D,20230311,000000,2.05455,2.11839,1.94806,2.03575,106555.54284545631,0
HNT.V,D,20230312,000000,2.03531,2.21758,2.02598,2.20011,43312.769677196746,0
HNT.V,D,20230313,000000,2.20461,2.41609,2.1937,2.40176,81408.86188861256,0
HNT.V,D,20230314,000000,2.40547,2.53359,2.19596,2.2415,567173.7037790675,0
HNT.V,D,20230315,000000,2.24384,2.30976,1.9271,1.93596,204467.6828082662,0
HNT.V,D,20230316,000000,1.94058,1.98612,1.86272,1.89717,113175.62622828408,0
HNT.V,D,20230317,000000,1.90235,1.9972,1.50294,1.63718,905367.852715034,0
HNT.V,D,20230318,000000,1.64919,1.67387,1.54396,1.55256,396292.42319452786,0
HNT.V,D,20230319,000000,1.55303,1.62704,1.53048,1.57185,208589.20528102774,0
HNT.V,D,20230320,000000,1.57215,1.59942,1.26032,1.43,1085051.5900506338,0
HNT.V,D,20230321,000000,1.41635,1.55102,1.28404,1.2882,531129.6653416778,0
HNT.V,D,20230322,000000,1.28711,1.31007,1.15986,1.22382,325436.4024888593,0
HNT.V,D,20230323,000000,1.22532,1.26479,1.15885,1.23015,230365.10903693602,0
HNT.V,D,20230324,000000,1.23187,1.35929,1.18677,1.35327,476848.6910050892,0
HNT.V,D,20230325,000000,1.35756,1.53804,1.33771,1.4399,481333.25521523366,0
HNT.V,D,20230326,000000,1.43878,1.48694,1.39731,1.4209,131933.94326888412,0
HNT.V,D,20230327,000000,1.41916,1.45525,1.32075,1.32382,170917.99660809993,0
HNT.V,D,20230328,000000,1.32302,1.40629,1.29868,1.34172,125493.66541788031,0
HNT.V,D,20230329,000000,1.34131,1.4393,1.33981,1.42886,198660.94860881715,0
HNT.V,D,20230330,000000,1.42937,1.43357,1.31031,1.33327,95217.65439354058,0
HNT.V,D,20230331,000000,1.33576,1.37188,1.31986,1.36697,107840.65437698267,0
HNT.V,D,20230401,000000,1.37129,1.3864,1.34055,1.3485,60257.84723062587,0
HNT.V,D,20230402,000000,1.35055,1.38318,1.31113,1.31113,103376.9790459378,0
HNT.V,D,20230403,000000,1.31141,1.32523,1.23544,1.2795,179392.71296189117,0
HNT.V,D,20230404,000000,1.2845,1.39457,1.27557,1.38571,107191.5393027354,0
HNT.V,D,20230405,000000,1.38568,1.41752,1.35734,1.3795,94441.06023486525,0
HNT.V,D,20230406,000000,1.38365,1.39759,1.35453,1.39759,64156.72994552213,0
HNT.V,D,20230407,000000,1.3938,1.41045,1.29513,1.35401,189771.26276577328,0
HNT.V,D,20230408,000000,1.36101,1.54482,1.35203,1.43256,670579.4281129955,0
HNT.V,D,20230409,000000,1.42857,1.47987,1.40894,1.44584,330192.7198569951,0
HNT.V,D,20230410,000000,1.44601,1.47502,1.41617,1.43317,72865.25840859364,0
HNT.V,D,20230411,000000,1.4291,1.46545,1.42708,1.43941,67144.3634965285,0
HNT.V,D,20230412,000000,1.43626,1.65536,1.39781,1.54921,556256.0361444737,0
HNT.V,D,20230413,000000,1.54921,1.72881,1.54416,1.71064,383832.24050356314,0
HNT.V,D,20230414,000000,1.70262,1.97165,1.70262,1.89557,451041.24277849053,0
HNT.V,D,20230415,000000,1.89257,1.90286,1.76355,1.79561,147182.2480946241,0
HNT.V,D,20230416,000000,1.79259,1.87748,1.74659,1.81023,108405.57987111225,0
HNT.V,D,20230417,000000,1.80921,1.88522,1.78339,1.87182,130670.16279281136,0
HNT.V,D,20230418,000000,1.88013,1.94011,1.82206,1.87836,202644.57858447937,0
HNT.V,D,20230419,000000,1.87434,1.89987,1.68947,1.79293,204672.6508929412,0
