<TICKER>,<PER>,<DATE>,<TIME>,<OPEN>,<HIGH>,<LOW>,<CLOSE>,<VOL>,<OPENINT>
KOK.V,D,20220514,000000,1.67315,1.67315,1.67315,1.67315,77.145146,0
KOK.V,D,20220515,000000,1.14839,2.66776,0.90464,2.13533,4321911.433402932,0
KOK.V,D,20220516,000000,2.00509,2.39678,1.74772,2.11804,1335763.025542381,0
KOK.V,D,20220517,000000,2.06531,2.16518,1.95745,2.09587,457718.32083560014,0
KOK.V,D,20220518,000000,2.09728,2.09967,1.97743,2.01747,591031.0001190496,0
KOK.V,D,20220519,000000,2.00848,2.12587,1.87793,2.0003,449075.5012310001,0
KOK.V,D,20220520,000000,1.9955,2.03337,1.94975,1.99311,218261.0291137999,0
KOK.V,D,20220521,000000,1.9937,1.9998,1.95705,1.95705,295432.51639699994,0
KOK.V,D,20220522,000000,1.95965,1.96434,1.54913,1.67699,711195.9515945005,0
KOK.V,D,20220523,000000,1.71594,1.7502,1.50699,1.58919,667084.3343581525,0
KOK.V,D,20220524,000000,1.59249,1.59472,1.48557,1.51168,517330.84156125446,0
KOK.V,D,20220525,000000,1.49725,1.5481,1.14381,1.39672,787956.7211265286,0
KOK.V,D,20220526,000000,1.38534,1.53486,1.3577,1.5028,494741.53241730045,0
KOK.V,D,20220527,000000,1.50819,1.98262,1.4989,1.95175,897880.7501083507,0
KOK.V,D,20220528,000000,1.95607,1.96805,1.55352,1.70662,778123.9185606593,0
KOK.V,D,20220529,000000,1.69378,1.77583,1.63835,1.75726,218378.7437114002,0
KOK.V,D,20220530,000000,1.75412,1.76736,1.62883,1.69261,373116.71054600005,0
KOK.V,D,20220531,000000,1.68182,1.71752,1.64229,1.68795,320500.88389079977,0
KOK.V,D,20220601,000000,1.6959,1.73164,1.66443,1.72415,188651.07131908758,0
KOK.V,D,20220602,000000,1.71426,1.72844,1.69038,1.70207,97268.70935920005,0
KOK.V,D,20220603,000000,1.70976,1.71653,1.66433,1.69772,269681.55164910003,0
KOK.V,D,20220604,000000,1.69776,1.70622,1.6488,1.68412,114380.67282229992,0
KOK.V,D,20220605,000000,1.68643,1.69235,1.62861,1.63423,146561.53641488202,0
KOK.V,D,20220606,000000,1.63618,1.66332,1.51012,1.55421,163032.460340978,0
KOK.V,D,20220607,000000,1.55118,1.55609,1.29909,1.42486,472646.1565390209,0
KOK.V,D,20220608,000000,1.44293,1.499,1.3841,1.49873,1040009.2313322774,0
KOK.V,D,20220609,000000,1.49053,1.64856,1.45085,1.57538,657006.528589501,0
KOK.V,D,20220610,000000,1.57076,1.58362,1.4983,1.50424,4016707.973707002,0
KOK.V,D,20220611,000000,1.50967,1.53196,1.4132,1.43824,371217.0772749805,0
KOK.V,D,20220612,000000,1.43428,1.44863,1.29451,1.29451,655528.5399064643,0
KOK.V,D,20220613,000000,1.30768,1.36566,1.18272,1.25615,2508570.7436381094,0
KOK.V,D,20220614,000000,1.2635,1.2635,0.91656,1.05803,4182762.7430164996,0
KOK.V,D,20220615,000000,1.09799,1.1367,0.96836,1.04643,3240531.9555619946,0
KOK.V,D,20220616,000000,1.04732,1.16382,1.00989,1.05033,2854065.803083697,0
KOK.V,D,20220617,000000,1.01342,1.05443,1.00559,1.03426,2054629.7568574818,0
KOK.V,D,20220618,000000,1.03406,1.04082,0.91903,0.93588,5743933.833167425,0
KOK.V,D,20220619,000000,0.92615,0.97963,0.88185,0.97833,4125169.774854801,0
KOK.V,D,20220620,000000,0.94367,0.95345,0.84022,0.85136,2208444.9249394964,0
KOK.V,D,20220621,000000,0.85377,1.15882,0.80172,0.94226,1877726.0473502495,0
KOK.V,D,20220622,000000,0.94076,1.01868,0.94036,0.96084,535287.8864074,0
KOK.V,D,20220623,000000,0.96144,0.9962,0.94096,0.96184,817298.3963419,0
KOK.V,D,20220624,000000,0.96344,0.97852,0.92658,0.95086,4671290.162873086,0
KOK.V,D,20220625,000000,0.95215,0.96144,0.91805,0.92525,935899.7008437938,0
KOK.V,D,20220626,000000,0.92315,0.93943,0.90737,0.92514,766499.020649001,0
KOK.V,D,20220627,000000,0.92197,0.92197,0.80937,0.82415,1267938.493718675,0
KOK.V,D,20220628,000000,0.83139,0.8642,0.83129,0.84319,2084866.3059243008,0
KOK.V,D,20220629,000000,0.84446,0.84546,0.72147,0.74701,747141.2501653666,0
KOK.V,D,20220630,000000,0.74909,0.798624,0.604658,0.648221,1233893.5477592717,0
KOK.V,D,20220701,000000,0.647922,0.686606,0.607309,0.621216,1810741.0724826064,0
KOK.V,D,20220702,000000,0.629607,0.632104,0.403855,0.53246,2246420.991166968,0
KOK.V,D,20220703,000000,0.533559,0.742434,0.520175,0.633975,494856.70259930776,0
KOK.V,D,20220704,000000,0.635772,0.689103,0.559472,0.607171,1523448.3015904455,0
KOK.V,D,20220705,000000,0.604174,0.648686,0.571214,0.629407,1019521.9404135632,0
KOK.V,D,20220706,000000,0.629307,0.656577,0.598741,0.65398,598467.0181563953,0
KOK.V,D,20220707,000000,0.65398,0.769053,0.651383,0.740056,1447573.156304927,0
KOK.V,D,20220708,000000,0.743154,1.067759,0.730815,0.866893,1890528.4631874985,0
KOK.V,D,20220709,000000,0.871877,1.089346,0.871877,0.897261,2173545.416590917,0
KOK.V,D,20220710,000000,0.897261,0.929442,0.759644,0.809514,808721.1040301005,0
KOK.V,D,20220711,000000,0.813711,0.846392,0.69971,0.726845,910391.8138793999,0
KOK.V,D,20220712,000000,0.726773,0.74925,0.614385,0.65984,2095617.045602999,0
KOK.V,D,20220713,000000,0.656942,0.683316,0.637749,0.679888,1856999.7640156082,0
KOK.V,D,20220714,000000,0.679888,0.711688,0.655475,0.679924,1515164.2740119793,0
KOK.V,D,20220715,000000,0.679592,0.684289,0.613632,0.672598,1602252.5125710987,0
KOK.V,D,20220716,000000,0.6669,0.679296,0.647406,0.668666,1516061.8265624004,0
KOK.V,D,20220717,000000,0.673518,0.678119,0.649844,0.657922,1293863.732055599,0
KOK.V,D,20220718,000000,0.659722,0.669059,0.629767,0.639846,1677740.7229231005,0
KOK.V,D,20220719,000000,0.649344,0.649929,0.594887,0.619299,1407394.5842093003,0
KOK.V,D,20220720,000000,0.6192,0.620087,0.602281,0.610831,1476345.4954830986,0
KOK.V,D,20220721,000000,0.608497,0.618756,0.605782,0.61381,2822055.5031146016,0
KOK.V,D,20220722,000000,0.615154,0.616386,0.60016,0.606685,1489735.5123578007,0
KOK.V,D,20220723,000000,0.606633,0.615431,0.605109,0.608873,1117987.6052821006,0
KOK.V,D,20220724,000000,0.608916,0.609843,0.542049,0.581216,1927090.5982799002,0
KOK.V,D,20220725,000000,0.585111,0.585117,0.464791,0.509841,2624015.6064598993,0
KOK.V,D,20220726,000000,0.509551,0.526147,0.410633,0.424064,3081135.112815704,0
KOK.V,D,20220727,000000,0.424064,0.484148,0.410262,0.450108,2796377.421200781,0
KOK.V,D,20220728,000000,0.453218,0.455514,0.4,0.427081,3061042.1695926017,0
KOK.V,D,20220729,000000,0.427107,0.534907,0.399072,0.449284,3580537.464125895,0
KOK.V,D,20220730,000000,0.446783,0.459361,0.414845,0.421435,1959559.6396379396,0
KOK.V,D,20220731,000000,0.424549,0.424549,0.363294,0.389089,3558321.007663713,0
KOK.V,D,20220801,000000,0.386697,0.398916,0.307655,0.326098,4368191.244191099,0
KOK.V,D,20220802,000000,0.324097,0.376879,0.271879,0.307955,9190034.152433919,0
KOK.V,D,20220803,000000,0.307962,0.393967,0.307758,0.364291,3699618.790914801,0
KOK.V,D,20220804,000000,0.366184,0.417429,0.319835,0.400812,7198761.869186409,0
KOK.V,D,20220805,000000,0.400812,0.420042,0.385804,0.405677,7002768.120134758,0
KOK.V,D,20220806,000000,0.403877,0.4369,0.391851,0.431999,5290894.143966687,0
KOK.V,D,20220807,000000,0.431895,0.495504,0.427398,0.470585,3456799.273905453,0
KOK.V,D,20220808,000000,0.47219,0.480562,0.415483,0.432452,3908712.9409364318,0
KOK.V,D,20220809,000000,0.432452,0.445076,0.405622,0.409482,3036762.901229602,0
KOK.V,D,20220810,000000,0.409782,0.421707,0.402192,0.421022,5348927.385812406,0
KOK.V,D,20220811,000000,0.421126,0.429302,0.402269,0.402685,4039429.0306987506,0
KOK.V,D,20220812,000000,0.40429,0.407904,0.382991,0.394477,3319897.3913687887,0
KOK.V,D,20220813,000000,0.394577,0.405334,0.382803,0.391857,1625296.655058804,0
KOK.V,D,20220814,000000,0.391853,0.395727,0.380222,0.384315,1928491.840395499,0
KOK.V,D,20220815,000000,0.384323,0.405514,0.351498,0.354582,4691688.668787611,0
KOK.V,D,20220816,000000,0.354585,0.354589,0.33606,0.339534,2584315.353270002,0
KOK.V,D,20220817,000000,0.339527,0.353728,0.3224,0.333623,4102034.1777083986,0
KOK.V,D,20220818,000000,0.333623,0.375923,0.302879,0.310703,3316499.365777054,0
KOK.V,D,20220819,000000,0.310731,0.311931,0.285229,0.2877,3378379.38601785,0
KOK.V,D,20220820,000000,0.287709,0.32822,0.286586,0.299697,6177595.3407303,0
KOK.V,D,20220821,000000,0.299791,0.3114,0.294309,0.300794,3641912.5574618964,0
KOK.V,D,20220822,000000,0.300794,0.303906,0.289997,0.29255,3293984.591838502,0
KOK.V,D,20220823,000000,0.292547,0.299179,0.2784,0.298209,3036399.1913875,0
KOK.V,D,20220824,000000,0.29827,0.31759,0.293382,0.29803,2927690.2772303065,0
KOK.V,D,20220825,000000,0.298427,0.310316,0.294415,0.299909,2897166.852953999,0
KOK.V,D,20220826,000000,0.299903,0.3132,0.296912,0.300127,5915025.492818275,0
KOK.V,D,20220827,000000,0.300327,0.305637,0.29733,0.301312,4314549.657232495,0
KOK.V,D,20220828,000000,0.301109,0.3098,0.3,0.3065,3225586.8963601156,0
KOK.V,D,20220829,000000,0.306497,0.312478,0.298376,0.304121,6754706.85134821,0
KOK.V,D,20220830,000000,0.304124,0.329743,0.302279,0.327229,4186479.0740729584,0
KOK.V,D,20220831,000000,0.327029,0.353311,0.321929,0.347497,3675932.3033222053,0
KOK.V,D,20220901,000000,0.347893,0.379904,0.34789,0.370478,2842864.8544183853,0
KOK.V,D,20220902,000000,0.370485,0.379004,0.349831,0.352446,6622316.899149479,0
KOK.V,D,20220903,000000,0.352456,0.364951,0.3514,0.3551,4205929.1214731885,0
KOK.V,D,20220904,000000,0.3554,0.358736,0.3331,0.3331,3214622.538886008,0
KOK.V,D,20220905,000000,0.3331,0.3402,0.3114,0.330633,4167633.5186699876,0
KOK.V,D,20220906,000000,0.331133,0.336334,0.3127,0.3161,3804130.2354777,0
KOK.V,D,20220907,000000,0.3161,0.3227,0.292718,0.309419,5482512.018885108,0
KOK.V,D,20220908,000000,0.309822,0.312934,0.299103,0.307149,3421943.7901546946,0
KOK.V,D,20220909,000000,0.306946,0.308365,0.301145,0.303903,3571378.7563824686,0
KOK.V,D,20220910,000000,0.303906,0.307132,0.30052,0.305158,3046800.257251994,0
KOK.V,D,20220911,000000,0.305161,0.305279,0.298007,0.301275,3774544.045342907,0
KOK.V,D,20220912,000000,0.301272,0.304637,0.296271,0.297359,3820087.919839204,0
KOK.V,D,20220913,000000,0.297289,0.299442,0.284994,0.289306,3016526.8687334014,0
KOK.V,D,20220914,000000,0.289106,0.290426,0.274403,0.286572,3431178.307187296,0
KOK.V,D,20220915,000000,0.286675,0.291467,0.281403,0.283974,7107996.598485502,0
KOK.V,D,20220916,000000,0.283974,0.284277,0.268873,0.2721,3889406.228667493,0
KOK.V,D,20220917,000000,0.2722,0.2736,0.263,0.266827,4014301.008087805,0
KOK.V,D,20220918,000000,0.2668,0.267627,0.2463,0.2463,3620622.652801717,0
KOK.V,D,20220919,000000,0.2462,0.256674,0.22,0.228446,3967050.9643430025,0
KOK.V,D,20220920,000000,0.228923,0.233423,0.216543,0.225323,5131531.4832309,0
KOK.V,D,20220921,000000,0.2254,0.226023,0.20052,0.2023,6241867.902330214,0
KOK.V,D,20220922,000000,0.2024,0.209521,0.2006,0.2071,6413192.274673087,0
KOK.V,D,20220923,000000,0.207121,0.2237,0.190381,0.1918,5045480.7015731,0
KOK.V,D,20220924,000000,0.191385,0.232686,0.170393,0.191417,4900598.381277404,0
KOK.V,D,20220925,000000,0.1912,0.2047,0.1901,0.1908,5609879.432164836,0
KOK.V,D,20220926,000000,0.190704,0.196198,0.1804,0.184,4725438.657103907,0
KOK.V,D,20220927,000000,0.184,0.1889,0.181382,0.185281,3865335.590947006,0
KOK.V,D,20220928,000000,0.1854,0.185481,0.180382,0.1832,3853031.7354109907,0
KOK.V,D,20220929,000000,0.183082,0.185581,0.176,0.179818,9514312.716408912,0
KOK.V,D,20220930,000000,0.179818,0.183,0.1574,0.1633,4374557.404892439,0
KOK.V,D,20221001,000000,0.1633,0.1652,0.146685,0.1514,2301474.813133,0
KOK.V,D,20221002,000000,0.1513,0.185019,0.1502,0.1708,2057342.922242,0
KOK.V,D,20221003,000000,0.1708,0.2119,0.1707,0.186319,2818025.9780445495,0
KOK.V,D,20221004,000000,0.186319,0.194258,0.183737,0.191958,1207922.5353188107,0
KOK.V,D,20221005,000000,0.191838,0.195459,0.190457,0.191138,816697.4394209994,0
KOK.V,D,20221006,000000,0.191129,0.296033,0.191129,0.250445,5634149.038983494,0
KOK.V,D,20221007,000000,0.250343,0.293906,0.250043,0.275339,3810510.452567066,0
KOK.V,D,20221008,000000,0.275128,0.479162,0.270124,0.396003,5743116.91797549,0
KOK.V,D,20221009,000000,0.396003,0.39894,0.290558,0.314563,2938295.017885305,0
KOK.V,D,20221010,000000,0.314331,0.3927,0.311931,0.363364,2532434.4775934163,0
KOK.V,D,20221011,000000,0.3632,0.369963,0.330867,0.342566,1877238.1727633055,0
KOK.V,D,20221012,000000,0.343359,0.345352,0.309291,0.32021,2187719.4827627963,0
KOK.V,D,20221013,000000,0.32021,0.321403,0.291177,0.304424,1880291.3928494002,0
KOK.V,D,20221014,000000,0.304527,0.339607,0.299009,0.313113,1955470.4601033034,0
KOK.V,D,20221015,000000,0.313109,0.316916,0.300606,0.304015,1206195.7474903513,0
KOK.V,D,20221016,000000,0.304015,0.320006,0.273305,0.284614,3295091.546704978,0
KOK.V,D,20221017,000000,0.284614,0.296312,0.270708,0.274105,1993973.6709524004,0
KOK.V,D,20221018,000000,0.274008,0.282011,0.224009,0.25421,3405220.6358908294,0
KOK.V,D,20221019,000000,0.254215,0.263718,0.2284,0.230502,1596688.6221469792,0
KOK.V,D,20221020,000000,0.229398,0.234409,0.208685,0.213177,1786155.1977682014,0
KOK.V,D,20221021,000000,0.213085,0.219215,0.200586,0.219215,1097432.2980866989,0
KOK.V,D,20221022,000000,0.219318,0.241119,0.204212,0.205416,1865668.1328324,0
KOK.V,D,20221023,000000,0.205716,0.211006,0.20299,0.207627,766390.1976688025,0
KOK.V,D,20221024,000000,0.206319,0.211304,0.200006,0.20591,816299.8675692015,0
KOK.V,D,20221025,000000,0.205908,0.206408,0.19375,0.199778,1471788.2977541978,0
KOK.V,D,20221026,000000,0.200562,0.206456,0.197343,0.203759,835771.7439004007,0
KOK.V,D,20221027,000000,0.203759,0.228553,0.202749,0.204112,1400245.1636726288,0
KOK.V,D,20221028,000000,0.204114,0.213117,0.201708,0.207744,1091052.6096865004,0
KOK.V,D,20221029,000000,0.207637,0.210346,0.202871,0.207248,1071317.1004351978,0
KOK.V,D,20221030,000000,0.206952,0.20846,0.194949,0.19874,1046883.7379114999,0
KOK.V,D,20221031,000000,0.19874,0.20024,0.185587,0.190485,1037936.3977202994,0
KOK.V,D,20221101,000000,0.190289,0.19179,0.173453,0.181682,1270954.4956200032,0
KOK.V,D,20221102,000000,0.181682,0.190171,0.177989,0.179493,841075.0597425003,0
KOK.V,D,20221103,000000,0.179189,0.18298,0.175182,0.18,577390.656045644,0
KOK.V,D,20221104,000000,0.180298,0.183887,0.179104,0.181315,574504.2711433,0
KOK.V,D,20221105,000000,0.181113,0.182926,0.180111,0.181009,544776.6483742,0
KOK.V,D,20221106,000000,0.180607,0.182193,0.177988,0.179514,388265.4907640077,0
KOK.V,D,20221107,000000,0.179513,0.181216,0.172317,0.172422,453269.2407077195,0
KOK.V,D,20221108,000000,0.172452,0.172452,0.152644,0.157571,1120048.0601987995,0
KOK.V,D,20221109,000000,0.157872,0.158553,0.120874,0.131064,2854204.8230766463,0
KOK.V,D,20221110,000000,0.131585,0.135144,0.114692,0.124973,1891031.213506199,0
KOK.V,D,20221111,000000,0.124986,0.170842,0.113184,0.123836,1915872.577537502,0
KOK.V,D,20221112,000000,0.125188,0.142144,0.123425,0.13286,1202703.1215191036,0
KOK.V,D,20221113,000000,0.132661,0.136454,0.117765,0.12103,1623253.0693371193,0
KOK.V,D,20221114,000000,0.121055,0.12324,0.115215,0.11982,1017460.0810620015,0
KOK.V,D,20221115,000000,0.120213,0.122129,0.116936,0.11988,747994.8326079744,0
KOK.V,D,20221116,000000,0.11988,0.124249,0.117288,0.11829,1345520.0060087682,0
KOK.V,D,20221117,000000,0.118192,0.118697,0.108915,0.114511,1948681.1439118031,0
KOK.V,D,20221118,000000,0.114509,0.127397,0.114411,0.120561,957410.8922849984,0
KOK.V,D,20221119,000000,0.120259,0.124359,0.117652,0.120774,689301.2195534997,0
KOK.V,D,20221120,000000,0.120772,0.123058,0.118541,0.119019,615411.3784914997,0
KOK.V,D,20221121,000000,0.118619,0.118835,0.108242,0.110567,1075591.0531299997,0
KOK.V,D,20221122,000000,0.110567,0.11766,0.106772,0.110664,1086326.7959289989,0
KOK.V,D,20221123,000000,0.110857,0.113051,0.10717,0.10928,802611.9317092011,0
KOK.V,D,20221124,000000,0.11078,0.11657,0.102121,0.105311,1151340.1228510004,0
KOK.V,D,20221125,000000,0.105811,0.109419,0.100532,0.103537,1141036.7039640013,0
KOK.V,D,20221126,000000,0.10364,0.104233,0.09244,0.096443,1015120.0624892015,0
KOK.V,D,20221127,000000,0.096344,0.099436,0.082152,0.09664,1399657.9882119994,0
KOK.V,D,20221128,000000,0.096841,0.099249,0.090352,0.093464,1029286.7917179996,0
KOK.V,D,20221129,000000,0.093563,0.1035627,0.0927647,0.1015624,1137730.2627750007,0
KOK.V,D,20221130,000000,0.1014624,0.1202952,0.0900757,0.1083065,3079764.916884901,0
KOK.V,D,20221201,000000,0.1083043,0.119206,0.1081097,0.1092066,841475.0004973527,0
KOK.V,D,20221202,000000,0.1102055,0.1106088,0.10001,0.1014061,924162.8509737202,0
KOK.V,D,20221203,000000,0.1013061,0.1035093,0.0973,0.0988198,591668.8339689999,0
KOK.V,D,20221204,000000,0.0988198,0.1022102,0.0986099,0.0995099,206711.11692000018,0
KOK.V,D,20221205,000000,0.0995199,0.1011303,0.0920982,0.0922018,611722.1036300003,0
KOK.V,D,20221206,000000,0.0921018,0.096399,0.0921018,0.0932981,267262.1504198002,0
KOK.V,D,20221207,000000,0.0932,0.096899,0.0879018,0.0917,451268.5285270007,0
KOK.V,D,20221208,000000,0.0919,0.0920184,0.0881,0.0886062,464333.250242,0
KOK.V,D,20221209,000000,0.0885071,0.0887089,0.0825,0.0836042,718853.5475140008,0
KOK.V,D,20221210,000000,0.0836025,0.0917009,0.0820008,0.0898982,992930.8003345995,0
KOK.V,D,20221211,000000,0.0899982,0.1033031,0.0882991,0.0925093,1847960.7391889996,0
KOK.V,D,20221212,000000,0.0926093,0.0932093,0.0845059,0.0883079,1287017.6421839988,0
KOK.V,D,20221213,000000,0.087907,0.0895045,0.0845076,0.0866783,834045.2018910003,0
KOK.V,D,20221214,000000,0.0867722,0.1440885,0.0856846,0.1118078,3469855.109716818,0
KOK.V,D,20221215,000000,0.1118078,0.144929,0.1112,0.1331133,3161721.682108259,0
KOK.V,D,20221216,000000,0.1337267,0.147815,0.114311,0.127413,2861098.7004667036,0
KOK.V,D,20221217,000000,0.125525,0.138128,0.125213,0.134617,1410222.400536501,0
KOK.V,D,20221218,000000,0.134517,0.136408,0.127113,0.132416,821774.9855943989,0
KOK.V,D,20221219,000000,0.1323,0.14102,0.112197,0.1131,886898.369021402,0
KOK.V,D,20221220,000000,0.113099,0.120301,0.100099,0.106904,1587132.871144734,0
KOK.V,D,20221221,000000,0.107004,0.112101,0.102699,0.106405,843379.8920844009,0
KOK.V,D,20221222,000000,0.106304,0.113692,0.1024,0.106084,817304.1335250011,0
KOK.V,D,20221223,000000,0.106182,0.106586,0.093189,0.09509,1171381.6137610017,0
KOK.V,D,20221224,000000,0.095692,0.096791,0.093491,0.096293,414141.7518110007,0
KOK.V,D,20221225,000000,0.096393,0.097498,0.092386,0.092486,781286.0851459999,0
KOK.V,D,20221226,000000,0.092489,0.095689,0.090782,0.091382,904621.8689190113,0
KOK.V,D,20221227,000000,0.091582,0.115555,0.091382,0.111057,1559163.1682762993,0
KOK.V,D,20221228,000000,0.110657,0.116149,0.098149,0.100547,1307660.8770879987,0
KOK.V,D,20221229,000000,0.100547,0.105254,0.098939,0.105254,364038.68300709984,0
KOK.V,D,20221230,000000,0.100955,0.1016451,0.095756,0.0996492,932083.0562970028,0
KOK.V,D,20221231,000000,0.1002488,0.1076451,0.096248,0.0968516,766524.4234299998,0
KOK.V,D,20230101,000000,0.0971514,0.0984498,0.0928526,0.0944556,751025.0840139998,0
KOK.V,D,20230102,000000,0.0946432,0.0995691,0.0940558,0.0976687,961811.6790040013,0
KOK.V,D,20230103,000000,0.0978677,0.1023693,0.0944631,0.0993612,898877.2043658029,0
KOK.V,D,20230104,000000,0.0992623,0.109755,0.0992623,0.1035648,931851.181975002,0
KOK.V,D,20230105,000000,0.1032659,0.1137647,0.1021663,0.1062628,1041259.2829759984,0
KOK.V,D,20230106,000000,0.1061681,0.1089575,0.1015604,0.1033679,822807.3086355025,0
KOK.V,D,20230107,000000,0.1037668,0.1042677,0.0993692,0.1029753,491402.67618600087,0
KOK.V,D,20230108,000000,0.1029691,0.1048853,0.100379,0.102985,524582.2536160984,0
KOK.V,D,20230109,000000,0.103379,0.105288,0.100189,0.104601,678923.6734809001,0
KOK.V,D,20230110,000000,0.1045,0.105686,0.103577,0.104715,718710.4086729998,0
KOK.V,D,20230111,000000,0.104816,0.10571,0.102197,0.1037,894353.3576120044,0
KOK.V,D,20230112,000000,0.10369,0.104591,0.102006,0.103711,655966.8913290006,0
KOK.V,D,20230113,000000,0.10361,0.104886,0.102109,0.103313,646187.6762390003,0
KOK.V,D,20230114,000000,0.103711,0.110413,0.102012,0.106104,896107.8833287987,0
KOK.V,D,20230115,000000,0.106105,0.107416,0.103032,0.104231,810480.1755431872,0
KOK.V,D,20230116,000000,0.10483,0.105241,0.102233,0.103402,775232.7013510008,0
KOK.V,D,20230117,000000,0.103403,0.104398,0.100905,0.103211,748926.1565249991,0
KOK.V,D,20230118,000000,0.103211,0.103417,0.097696,0.099695,755465.5296340005,0
KOK.V,D,20230119,000000,0.099595,0.100399,0.09589,0.098997,636908.5521389982,0
KOK.V,D,20230120,000000,0.099004,0.09971,0.094298,0.098117,1017308.4839110003,0
KOK.V,D,20230121,000000,0.098218,0.100723,0.096719,0.099715,718917.2043710004,0
KOK.V,D,20230122,000000,0.099515,0.103921,0.098016,0.10252,619937.6813799998,0
KOK.V,D,20230123,000000,0.101919,0.104018,0.100205,0.100617,608348.790674002,0
KOK.V,D,20230124,000000,0.100515,0.101514,0.097814,0.097905,669440.0338420011,0
KOK.V,D,20230125,000000,0.098002,0.0983157,0.0931037,0.0948161,775853.9671259997,0
KOK.V,D,20230126,000000,0.0949161,0.0995139,0.0949161,0.0979098,709809.0290079983,0
KOK.V,D,20230127,000000,0.0980088,0.0985266,0.0932224,0.0975478,633441.2126180017,0
KOK.V,D,20230128,000000,0.0975341,0.0991218,0.0963241,0.0974195,624433.6191460035,0
KOK.V,D,20230129,000000,0.0974214,0.1013172,0.0971214,0.100903,863417.3890020016,0
KOK.V,D,20230130,000000,0.101003,0.1070086,0.0977049,0.0978068,1260491.3156492808,0
KOK.V,D,20230131,000000,0.0977068,0.099811,0.0952952,0.0994099,726697.4250789995,0
KOK.V,D,20230201,000000,0.099003,0.099901,0.0939009,0.0970058,847144.114814859,0
KOK.V,D,20230202,000000,0.0969048,0.1028154,0.0961135,0.0974185,986611.238864001,0
KOK.V,D,20230203,000000,0.0975195,0.0995109,0.0958125,0.0974078,877226.8455129993,0
KOK.V,D,20230204,000000,0.0972078,0.0990059,0.0958057,0.0976078,908865.2109979978,0
KOK.V,D,20230205,000000,0.0974078,0.1019224,0.0961183,0.0969242,1196229.0339109986,0
KOK.V,D,20230206,000000,0.0970252,0.0990267,0.0970252,0.0974039,745167.3299819969,0
KOK.V,D,20230207,000000,0.0975039,0.0978029,0.0928981,0.0961067,1307331.438605697,0
KOK.V,D,20230208,000000,0.0959058,0.099403,0.095901,0.0960058,1088501.195831997,0
KOK.V,D,20230209,000000,0.0962058,0.0962058,0.0924917,0.0943085,620139.412164999,0
KOK.V,D,20230210,000000,0.0944085,0.0980098,0.0838226,0.0931121,1153584.1877430002,0
KOK.V,D,20230211,000000,0.0950114,0.0950114,0.0870052,0.088408,270716.80519800016,0
KOK.V,D,20230212,000000,0.0892125,0.0905136,0.088908,0.0892062,160525.869902,0
KOK.V,D,20230213,000000,0.0883079,0.0894438,0.0858283,0.0882459,538885.2129834996,0
KOK.V,D,20230214,000000,0.0878483,0.0886629,0.085223,0.0873253,538077.0660779994,0
KOK.V,D,20230215,000000,0.0872349,0.088029,0.0812162,0.0849153,1160380.481686634,0
KOK.V,D,20230216,000000,0.0850153,0.0900162,0.0823091,0.0852264,1457062.863969998,0
KOK.V,D,20230217,000000,0.0845101,0.087414,0.079604,0.0826116,715975.5178284558,0
KOK.V,D,20230218,000000,0.0790119,0.0848212,0.0790119,0.0837151,246827.19941300005,0
KOK.V,D,20230219,000000,0.0837117,0.0856163,0.0827182,0.0827198,91602.452773,0
KOK.V,D,20230220,000000,0.0831208,0.0874122,0.0823123,0.0838034,979297.3546220007,0
KOK.V,D,20230221,000000,0.0839034,0.0839101,0.0776349,0.0810146,876662.8476078673,0
KOK.V,D,20230222,000000,0.0810138,0.0814122,0.074906,0.0777023,1370361.8792500012,0
KOK.V,D,20230223,000000,0.0776992,0.0790071,0.067504,0.0677041,2156987.458812997,0
KOK.V,D,20230224,000000,0.0681102,0.0754083,0.0681102,0.0714993,2069594.477346995,0
KOK.V,D,20230225,000000,0.0714993,0.0736066,0.0687062,0.072105,1424923.6684770044,0
KOK.V,D,20230226,000000,0.072105,0.0733073,0.0704063,0.0728058,1171475.1664810036,0
KOK.V,D,20230227,000000,0.0728036,0.0742067,0.070307,0.0709035,1194441.763129003,0
KOK.V,D,20230228,000000,0.0708035,0.0739007,0.0694132,0.070214,1035054.4778841002,0
KOK.V,D,20230301,000000,0.0702147,0.0724065,0.0684973,0.0699084,1685384.174985001,0
KOK.V,D,20230302,000000,0.0699091,0.0724029,0.0683082,0.0703063,1031992.6714649985,0
KOK.V,D,20230303,000000,0.0703056,0.0706042,0.0643032,0.0702049,1936990.2689067572,0
KOK.V,D,20230304,000000,0.0695056,0.075206,0.0683068,0.070805,1352662.4275790034,0
KOK.V,D,20230305,000000,0.0707049,0.0836067,0.0707028,0.0787087,1762001.4530759954,0
KOK.V,D,20230306,000000,0.0791087,0.0791087,0.0717,0.0745955,1495694.3141390015,0
KOK.V,D,20230307,000000,0.0745918,0.0747993,0.0684911,0.0699965,1203582.5385870019,0
KOK.V,D,20230308,000000,0.07,0.0817918,0.0683938,0.0739963,2190885.892902403,0
KOK.V,D,20230309,000000,0.0752917,0.0790937,0.0715036,0.0728066,1142793.223264,0
KOK.V,D,20230310,000000,0.0727073,0.0745022,0.0694021,0.0730664,1164843.691452003,0
KOK.V,D,20230311,000000,0.0735639,0.0781301,0.0729928,0.0756445,1062393.262438702,0
KOK.V,D,20230312,000000,0.0755543,0.0775367,0.0748514,0.0754111,845580.6265928504,0
KOK.V,D,20230313,000000,0.0755128,0.0773522,0.0741122,0.076412,1260373.6232300014,0
KOK.V,D,20230314,000000,0.0759967,0.0785991,0.0742835,0.0766911,1526930.1300029992,0
KOK.V,D,20230315,000000,0.07632,0.0881619,0.0662137,0.0734114,1563884.3186108025,0
KOK.V,D,20230316,000000,0.0735052,0.0739977,0.0703187,0.071678,1307863.2139389978,0
KOK.V,D,20230317,000000,0.0711725,0.0728381,0.0703699,0.0711127,1278808.7231420004,0
KOK.V,D,20230318,000000,0.0710117,0.0781989,0.0702703,0.071213,1258503.6650340043,0
KOK.V,D,20230319,000000,0.0712123,0.0725386,0.0708923,0.0718155,1311507.7282781089,0
KOK.V,D,20230320,000000,0.0717145,0.0725191,0.0708909,0.0711588,1080985.8756130002,0
KOK.V,D,20230321,000000,0.0711595,0.0772618,0.0695128,0.0709213,817464.5386030008,0
KOK.V,D,20230322,000000,0.0709277,0.0730648,0.0704232,0.0714093,1267615.6611609992,0
KOK.V,D,20230323,000000,0.0711967,0.0715225,0.0647899,0.0696508,894352.6375445994,0
KOK.V,D,20230324,000000,0.0699494,0.0707756,0.0672961,0.0698712,1301366.2712310033,0
KOK.V,D,20230325,000000,0.0701806,0.074901,0.0684677,0.0696654,1373994.842713,0
KOK.V,D,20230326,000000,0.0695688,0.0737708,0.0673653,0.0711803,888962.1630639998,0
KOK.V,D,20230327,000000,0.0710781,0.0718675,0.0697676,0.0712335,825186.9569079994,0
KOK.V,D,20230328,000000,0.0713335,0.0735206,0.0709234,0.0715279,1949232.5785970003,0
KOK.V,D,20230329,000000,0.0715279,0.0723123,0.0692187,0.0703127,1334017.6696350016,0
KOK.V,D,20230330,000000,0.0702211,0.0717136,0.0699147,0.0706198,1063005.4905830035,0
KOK.V,D,20230331,000000,0.0707191,0.0723282,0.0702112,0.0707148,1262577.8245939969,0
KOK.V,D,20230401,000000,0.0708142,0.0711242,0.0704218,0.0708255,1084628.8002990002,0
KOK.V,D,20230402,000000,0.0708255,0.0710291,0.066632,0.0698433,1130578.315787999,0
KOK.V,D,20230403,000000,0.0699433,0.0701442,0.066628,0.0684267,1898041.493315998,0
KOK.V,D,20230404,000000,0.0683273,0.0690124,0.0645271,0.064833,1788242.1089120035,0
KOK.V,D,20230405,000000,0.0646323,0.0712256,0.0645277,0.0707255,1978440.9482619967,0
KOK.V,D,20230406,000000,0.0708255,0.07132,0.0689207,0.0699238,1734100.5086859982,0
KOK.V,D,20230407,000000,0.0699252,0.0766467,0.0696285,0.0761563,1980606.7541989975,0
KOK.V,D,20230408,000000,0.0759569,0.0779436,0.0731556,0.0774302,1975347.218763003,0
KOK.V,D,20230409,000000,0.0774302,0.0896582,0.076439,0.0812487,2399676.2000209996,0
KOK.V,D,20230410,000000,0.0812536,0.094872,0.0812495,0.0874717,2652920.5673093977,0
KOK.V,D,20230411,000000,0.0871645,0.0879686,0.0759584,0.0764756,2282652.2433172963,0
KOK.V,D,20230412,000000,0.076876,0.0839931,0.0734661,0.0761594,2658785.8264278914,0
KOK.V,D,20230413,000000,0.075759,0.0835952,0.0738598,0.0786755,1803405.7089822027,0
KOK.V,D,20230414,000000,0.0784745,0.0804828,0.0769738,0.0785691,1814443.9436672025,0
KOK.V,D,20230415,000000,0.0785652,0.0827819,0.0783767,0.0791712,2159526.5234579965,0
KOK.V,D,20230416,000000,0.0790703,0.0799711,0.073862,0.0749524,1238132.0927219982,0
KOK.V,D,20230417,000000,0.0749509,0.0753595,0.0690455,0.071643,1184829.8595766993,0
KOK.V,D,20230418,000000,0.071242,0.0716458,0.0693416,0.0699119,754531.3177190002,0
KOK.V,D,20230419,000000,0.0696125,0.0702147,0.0662391,0.0672349,1183343.266652,0
