<TICKER>,<PER>,<DATE>,<TIME>,<OPEN>,<HIGH>,<LOW>,<CLOSE>,<VOL>,<OPENINT>
LEO.V,D,20190619,000000,1.842,1.855,1.83,1.848,0,0
LEO.V,D,20190620,000000,1.848,1.915,1.846,1.902,0,0
LEO.V,D,20190621,000000,1.902,1.91,1.8,1.849,0,0
LEO.V,D,20190622,000000,1.849,1.892,1.725,1.855,0,0
LEO.V,D,20190623,000000,1.855,1.939,1.832,1.875,0,0
LEO.V,D,20190624,000000,1.875,1.902,1.84,1.88,0,0
LEO.V,D,20190625,000000,1.88,1.916,1.865,1.9,0,0
LEO.V,D,20190626,000000,1.9,2.062,1.859,1.883,0,0
LEO.V,D,20190627,000000,1.884,1.937,1.71,1.748,0,0
LEO.V,D,20190628,000000,1.748,1.905,1.72,1.815,0,0
LEO.V,D,20190629,000000,1.814,1.92,1.791,1.904,0,0
LEO.V,D,20190630,000000,1.902,1.92,1.75,1.768,0,0
LEO.V,D,20190701,000000,1.768,1.806,1.744,1.789,0,0
LEO.V,D,20190702,000000,1.789,1.79,1.66,1.71,0,0
LEO.V,D,20190703,000000,1.711,1.756,1.661,1.703,0,0
LEO.V,D,20190704,000000,1.703,1.806,1.69,1.784,0,0
LEO.V,D,20190705,000000,1.79,1.8,1.68,1.756,0,0
LEO.V,D,20190706,000000,1.756,1.77,1.71,1.714,0,0
LEO.V,D,20190707,000000,1.714,1.73,1.689,1.7,0,0
LEO.V,D,20190708,000000,1.7,1.704,1.63,1.667,0,0
LEO.V,D,20190709,000000,1.667,1.667,1.457,1.575,0,0
LEO.V,D,20190710,000000,1.575,1.59,1.49,1.522,0,0
LEO.V,D,20190711,000000,1.522,1.57,1.463,1.554,0,0
LEO.V,D,20190712,000000,1.554,1.565,1.423,1.495,0,0
LEO.V,D,20190713,000000,1.495,1.5,1.43,1.435,0,0
LEO.V,D,20190714,000000,1.435,1.44,1.39,1.415,0,0
LEO.V,D,20190715,000000,1.415,1.466,1.367,1.438,0,0
LEO.V,D,20190716,000000,1.438,1.46,1.344,1.369,0,0
LEO.V,D,20190717,000000,1.369,1.38,1.26,1.339,0,0
LEO.V,D,20190718,000000,1.339,1.36,1.23,1.297,0,0
LEO.V,D,20190719,000000,1.297,1.332,1.205,1.242,0,0
LEO.V,D,20190720,000000,1.242,1.386,1.21,1.384,0,0
LEO.V,D,20190721,000000,1.384,1.386,1.229,1.269,0,0
LEO.V,D,20190722,000000,1.27,1.345,1.267,1.28,0,0
LEO.V,D,20190723,000000,1.28,1.34,1.26,1.31,0,0
LEO.V,D,20190724,000000,1.31,1.328,1.272,1.328,0,0
LEO.V,D,20190725,000000,1.328,1.328,1.28,1.29,0,0
LEO.V,D,20190726,000000,1.29,1.32,1.27,1.282,0,0
LEO.V,D,20190727,000000,1.282,1.291,1.26,1.287,0,0
LEO.V,D,20190728,000000,1.287,1.291,1.26,1.268,0,0
LEO.V,D,20190729,000000,1.268,1.344,1.246,1.343,0,0
LEO.V,D,20190730,000000,1.343,1.359,1.29,1.335,0,0
LEO.V,D,20190731,000000,1.335,1.339,1.291,1.302,0,0
LEO.V,D,20190801,000000,1.302,1.316,1.28,1.315,0,0
LEO.V,D,20190802,000000,1.315,1.317,1.27,1.285,0,0
LEO.V,D,20190803,000000,1.285,1.321,1.28,1.321,0,0
LEO.V,D,20190804,000000,1.321,1.325,1.27,1.315,0,0
LEO.V,D,20190805,000000,1.315,1.324,1.286,1.313,0,0
LEO.V,D,20190806,000000,1.313,1.346,1.237,1.254,0,0
LEO.V,D,20190807,000000,1.254,1.268,1.244,1.267,0,0
LEO.V,D,20190808,000000,1.267,1.272,1.244,1.254,0,0
LEO.V,D,20190809,000000,1.254,1.255,1.215,1.23,0,0
LEO.V,D,20190810,000000,1.23,1.236,1.21,1.231,0,0
LEO.V,D,20190811,000000,1.231,1.353,1.225,1.32,0,0
LEO.V,D,20190812,000000,1.32,1.32,1.247,1.266,0,0
LEO.V,D,20190813,000000,1.266,1.266,1.23,1.235,0,0
LEO.V,D,20190814,000000,1.235,1.31,1.225,1.26,0,0
LEO.V,D,20190815,000000,1.26,1.26,1.212,1.22,0,0
LEO.V,D,20190816,000000,1.219,1.228,1.17,1.17,0,0
LEO.V,D,20190817,000000,1.17,1.286,1.164,1.209,0,0
LEO.V,D,20190818,000000,1.209,1.315,1.205,1.29,0,0
LEO.V,D,20190819,000000,1.29,1.32,1.277,1.319,0,0
LEO.V,D,20190820,000000,1.319,1.35,1.291,1.31,0,0
LEO.V,D,20190821,000000,1.31,1.318,1.18,1.205,0,0
LEO.V,D,20190822,000000,1.205,1.216,1.179,1.215,0,0
LEO.V,D,20190823,000000,1.214,1.222,1.185,1.205,0,0
LEO.V,D,20190824,000000,1.205,1.21,1.169,1.18,0,0
LEO.V,D,20190825,000000,1.18,1.2,1.16,1.177,0,0
LEO.V,D,20190826,000000,1.177,1.215,1.16,1.188,0,0
LEO.V,D,20190827,000000,1.188,1.2,1.172,1.194,0,0
LEO.V,D,20190828,000000,1.195,1.198,1.15,1.155,0,0
LEO.V,D,20190829,000000,1.155,1.158,1.135,1.139,0,0
LEO.V,D,20190830,000000,1.139,1.145,1.131,1.142,0,0
LEO.V,D,20190831,000000,1.138,1.143,1.116,1.138,0,0
LEO.V,D,20190901,000000,1.139,1.147,1.11,1.139,0,0
LEO.V,D,20190902,000000,1.139,1.153,0.0219,1.145,0,0
LEO.V,D,20190903,000000,1.145,1.145,1.12,1.129,0,0
LEO.V,D,20190904,000000,1.129,1.135,1.106,1.112,0,0
LEO.V,D,20190905,000000,1.112,1.112,1.07,1.071,0,0
LEO.V,D,20190906,000000,1.071,1.073,1.057,1.062,0,0
LEO.V,D,20190907,000000,1.062,1.072,1.057,1.065,0,0
LEO.V,D,20190908,000000,1.065,1.075,1.058,1.07,0,0
LEO.V,D,20190909,000000,1.07,1.072,0.02044,1.054,0,0
LEO.V,D,20190910,000000,1.054,1.059,1.047,1.058,0,0
LEO.V,D,20190911,000000,1.058,1.07,1.055,1.069,0,0
LEO.V,D,20190912,000000,1.069,1.075,1.066,1.075,0,0
LEO.V,D,20190913,000000,1.075,1.076,1.05,1.054,0,0
LEO.V,D,20190914,000000,1.054,1.06,1.046,1.059,0,0
LEO.V,D,20190915,000000,1.059,1.075,1.057,1.073,0,0
LEO.V,D,20190916,000000,1.073,1.088,1.061,1.082,0,0
LEO.V,D,20190917,000000,1.082,1.117,1.082,1.111,0,0
LEO.V,D,20190918,000000,1.112,1.122,1.104,1.109,0,0
LEO.V,D,20190919,000000,1.109,1.109,1.091,1.093,0,0
LEO.V,D,20190920,000000,1.093,1.096,1.075,1.085,0,0
LEO.V,D,20190921,000000,1.085,1.087,1.072,1.08,0,0
LEO.V,D,20190922,000000,1.08,1.085,0.007979,1.084,0,0
LEO.V,D,20190923,000000,1.084,1.086,1.06,1.063,0,0
LEO.V,D,20190924,000000,1.063,1.076,1.045,1.052,0,0
LEO.V,D,20190925,000000,1.052,1.06,1.045,1.051,0,0
LEO.V,D,20190926,000000,1.051,1.052,1.044,1.048,0,0
LEO.V,D,20190927,000000,1.048,1.053,1.041,1.053,0,0
LEO.V,D,20190928,000000,1.053,1.054,1.043,1.05,0,0
LEO.V,D,20190929,000000,1.05,1.055,1.041,1.044,0,0
LEO.V,D,20190930,000000,1.044,1.046,1.041,1.044,0,0
LEO.V,D,20191001,000000,1.044,1.045,1.04,1.041,0,0
LEO.V,D,20191002,000000,1.041,1.054,1.04,1.049,0,0
LEO.V,D,20191003,000000,1.049,1.05,1.039,1.041,0,0
LEO.V,D,20191004,000000,1.041,1.046,1.031,1.035,0,0
LEO.V,D,20191005,000000,1.035,1.046,1.031,1.039,0,0
LEO.V,D,20191006,000000,1.039,1.04,0.9576,0.9673,0,0
LEO.V,D,20191007,000000,0.9673,0.969,0.9502,0.9574,0,0
LEO.V,D,20191008,000000,0.9574,0.9653,0.9462,0.9636,0,0
LEO.V,D,20191009,000000,0.9636,1.015,0.941,0.968,0,0
LEO.V,D,20191010,000000,0.967,1.014,0.9576,1.01,0,0
LEO.V,D,20191011,000000,1.01,1.014,0.9767,1.004,0,0
LEO.V,D,20191012,000000,1.004,1.006,0.9982,0.9998,0,0
LEO.V,D,20191013,000000,0.9998,1.008,0.9789,1.002,0,0
LEO.V,D,20191014,000000,0.967,0.9982,0.9625,0.9797,0,0
LEO.V,D,20191015,000000,0.9797,1.009,0.9784,0.9983,0,0
LEO.V,D,20191016,000000,0.9983,1.007,0.9347,0.9972,0,0
LEO.V,D,20191017,000000,0.9972,1.025,0.9882,1.023,0,0
LEO.V,D,20191018,000000,1.023,1.023,1,1.012,0,0
LEO.V,D,20191019,000000,1.012,1.023,0.9979,1.019,0,0
LEO.V,D,20191020,000000,1.019,1.025,1.013,1.023,0,0
LEO.V,D,20191021,000000,1.023,1.026,1.007,1.013,0,0
LEO.V,D,20191022,000000,1.012,1.015,0.9696,0.9852,0,0
LEO.V,D,20191023,000000,0.9853,0.9919,0.9535,0.9609,0,0
LEO.V,D,20191024,000000,0.9609,0.9706,0.948,0.9601,0,0
LEO.V,D,20191025,000000,0.9601,0.9786,0.9512,0.9786,0,0
LEO.V,D,20191026,000000,0.9786,1.007,0.9751,1.003,0,0
LEO.V,D,20191027,000000,1.003,1.012,0.9903,1,0,0
LEO.V,D,20191028,000000,1.001,1.008,0.9609,0.9628,0,0
LEO.V,D,20191029,000000,0.9628,0.9659,0.9505,0.9534,0,0
LEO.V,D,20191030,000000,0.9533,0.96,0.95,0.959,0,0
LEO.V,D,20191031,000000,0.959,1.005,0.9538,1.002,0,0
LEO.V,D,20191101,000000,1.002,1.006,0.9822,1.001,0,0
LEO.V,D,20191102,000000,1.001,1.015,0.9997,1.008,0,0
LEO.V,D,20191103,000000,1.008,1.017,1.007,1.014,0,0
LEO.V,D,20191104,000000,1.014,1.024,1.006,1.008,0,0
LEO.V,D,20191105,000000,1.007,1.018,0.9945,0.9999,0,0
LEO.V,D,20191106,000000,0.9999,1.009,0.9777,0.985,0,0
LEO.V,D,20191107,000000,0.985,0.995,0.9757,0.995,0,0
LEO.V,D,20191108,000000,0.995,0.995,0.9806,0.995,0,0
LEO.V,D,20191109,000000,0.995,0.9986,0.9781,0.9798,0,0
LEO.V,D,20191110,000000,0.9767,1.004,0.9707,1.001,0,0
LEO.V,D,20191111,000000,1.001,1.004,0.006208,0.9799,0,0
LEO.V,D,20191112,000000,0.9799,0.9881,0.006222,0.9848,0,0
LEO.V,D,20191113,000000,0.9868,0.9897,0.9606,0.9615,0,0
LEO.V,D,20191114,000000,0.9615,0.9635,0.9571,0.9579,0,0
LEO.V,D,20191115,000000,0.9579,0.9798,0.005901,0.967,0,0
LEO.V,D,20191116,000000,0.9682,0.9759,0.9643,0.9684,0,0
LEO.V,D,20191117,000000,0.9684,0.9782,0.9683,0.9752,0,0
LEO.V,D,20191118,000000,0.9752,0.98,0.9615,0.9695,0,0
LEO.V,D,20191119,000000,0.9695,0.9728,0.9545,0.9656,0,0
LEO.V,D,20191120,000000,0.9655,0.967,0.9456,0.9599,0,0
LEO.V,D,20191121,000000,0.9599,0.9624,0.949,0.9555,0,0
LEO.V,D,20191122,000000,0.9555,0.9632,0.9284,0.9565,0,0
LEO.V,D,20191123,000000,0.9565,0.9632,0.9284,0.9476,0,0
LEO.V,D,20191124,000000,0.9476,0.97,0.923,0.9395,0,0
LEO.V,D,20191125,000000,0.9395,0.9705,0.9201,0.9201,0,0
LEO.V,D,20191126,000000,0.9201,0.93,0.9194,0.9229,0,0
LEO.V,D,20191127,000000,0.9229,0.9262,0.9182,0.9246,0,0
LEO.V,D,20191128,000000,0.9246,0.9938,0.9183,0.9212,0,0
LEO.V,D,20191129,000000,0.9212,0.9289,0.919,0.9197,0,0
LEO.V,D,20191130,000000,0.9197,0.9249,0.9125,0.9216,0,0
LEO.V,D,20191201,000000,0.9216,0.9363,0.008519,0.9253,0,0
LEO.V,D,20191202,000000,0.9253,0.9288,0.005,0.922,0,0
LEO.V,D,20191203,000000,0.922,0.9285,0.9176,0.9228,0,0
LEO.V,D,20191204,000000,0.9228,0.9538,0.9056,0.9264,0,0
LEO.V,D,20191205,000000,0.9264,0.934,0.004061,0.9278,0,0
LEO.V,D,20191206,000000,0.9278,0.9309,0.9211,0.926,0,0
LEO.V,D,20191207,000000,0.926,0.926,0.9103,0.9159,0,0
LEO.V,D,20191208,000000,0.9159,0.9249,0.9088,0.9242,0,0
LEO.V,D,20191209,000000,0.9242,0.9247,0.9081,0.9196,0,0
LEO.V,D,20191210,000000,0.9196,0.9196,0.9,0.9069,0,0
LEO.V,D,20191211,000000,0.9069,0.9081,0.8924,0.9002,0,0
LEO.V,D,20191212,000000,0.9002,0.9002,0.8858,0.886,0,0
LEO.V,D,20191213,000000,0.886,0.8915,0.8854,0.891,0,0
LEO.V,D,20191214,000000,0.891,0.8941,0.88,0.881,0,0
LEO.V,D,20191215,000000,0.881,0.8831,0.871,0.876,0,0
LEO.V,D,20191216,000000,0.876,1.613,0.8685,0.8714,0,0
LEO.V,D,20191217,000000,0.8714,0.878,0.8477,0.8531,0,0
LEO.V,D,20191218,000000,0.8531,0.898,0.8477,0.8858,0,0
LEO.V,D,20191219,000000,0.8858,0.8877,0.8389,0.854,0,0
LEO.V,D,20191220,000000,0.8551,0.8819,0.8371,0.8589,0,0
LEO.V,D,20191221,000000,0.8589,0.8628,0.8427,0.8628,0,0
LEO.V,D,20191222,000000,0.8628,0.8851,0.8409,0.8815,0,0
LEO.V,D,20191223,000000,0.8815,0.8851,0.8209,0.8303,0,0
LEO.V,D,20191224,000000,0.8303,0.8328,0.8089,0.8102,0,0
LEO.V,D,20191225,000000,0.8102,0.8233,0.8099,0.8233,0,0
LEO.V,D,20191226,000000,0.8233,0.839,0.7838,0.839,0,0
LEO.V,D,20191227,000000,0.839,0.8429,0.8146,0.8256,0,0
LEO.V,D,20191228,000000,0.8256,0.8386,0.809,0.817,0,0
LEO.V,D,20191229,000000,0.817,0.8276,0.81,0.8254,0,0
LEO.V,D,20191230,000000,0.8254,0.8281,0.8019,0.8198,0,0
LEO.V,D,20191231,000000,0.8198,0.8266,0.8088,0.819,0,0
LEO.V,D,20200101,000000,0.819,0.8244,0.8131,0.8236,0,0
LEO.V,D,20200102,000000,0.8236,0.8346,0.8105,0.8315,0,0
LEO.V,D,20200103,000000,0.8315,0.8906,0.8188,0.8546,0,0
LEO.V,D,20200104,000000,0.8546,0.8943,0.6916,0.8449,0,0
LEO.V,D,20200105,000000,0.845,0.8582,0.841,0.8518,0,0
LEO.V,D,20200106,000000,0.8518,0.87,0.828,0.87,0,0
LEO.V,D,20200107,000000,0.87,0.8851,0.8604,0.8851,0,0
LEO.V,D,20200108,000000,0.8851,0.9022,0.882,0.9,0,0
LEO.V,D,20200109,000000,0.9,0.9,0.8607,0.8654,0,0
LEO.V,D,20200110,000000,0.8654,0.9,0.8594,0.8772,0,0
LEO.V,D,20200111,000000,0.8772,0.881,0.8583,0.8658,0,0
LEO.V,D,20200112,000000,0.8658,3.582,0.8524,0.869,0,0
LEO.V,D,20200113,000000,0.869,1.158,0.8433,0.845,0,0
LEO.V,D,20200114,000000,0.845,0.8926,0.8435,0.8926,0,0
LEO.V,D,20200115,000000,0.8926,0.9133,0.8747,0.9092,0,0
LEO.V,D,20200116,000000,0.9092,0.91,0.861,0.8646,0,0
LEO.V,D,20200117,000000,0.8646,0.91,0.8612,0.8999,0,0
LEO.V,D,20200118,000000,0.8999,0.915,0.8772,0.9088,0,0
LEO.V,D,20200119,000000,0.9088,0.911,0.8733,0.881,0,0
LEO.V,D,20200120,000000,0.881,0.8999,0.8686,0.8734,0,0
LEO.V,D,20200121,000000,0.8734,0.9018,0.8598,0.9009,0,0
LEO.V,D,20200122,000000,0.9009,1.115,0.8782,0.8869,0,0
LEO.V,D,20200123,000000,0.8923,0.9061,0.86,0.9061,0,0
LEO.V,D,20200124,000000,0.9061,0.9115,0.8964,0.91,0,0
LEO.V,D,20200125,000000,0.91,0.91,0.895,0.8982,0,0
LEO.V,D,20200126,000000,0.8982,0.9026,0.8884,0.8911,0,0
LEO.V,D,20200127,000000,0.8911,0.9045,0.001911,0.9018,0,0
LEO.V,D,20200128,000000,0.9018,0.905,0.8831,0.905,0,0
LEO.V,D,20200129,000000,0.905,0.9099,0.00142,0.9045,0,0
LEO.V,D,20200130,000000,0.9045,0.908,0.00132,0.8851,0,0
LEO.V,D,20200131,000000,0.8851,0.8938,0.87,0.8752,0,0
LEO.V,D,20200201,000000,0.8752,0.884,0.853,0.8747,0,0
LEO.V,D,20200202,000000,0.8747,0.8938,0.874,0.8922,0,0
LEO.V,D,20200203,000000,0.8922,0.8932,0.88,0.8903,0,0
LEO.V,D,20200204,000000,0.8903,0.9116,0.8836,0.8999,0,0
LEO.V,D,20200205,000000,0.8999,0.9075,0.8917,0.9014,0,0
LEO.V,D,20200206,000000,0.9014,0.9115,0.8992,0.9005,0,0
LEO.V,D,20200207,000000,0.9005,0.932,0.9003,0.9319,0,0
LEO.V,D,20200208,000000,0.9319,0.9525,0.9017,0.94,0,0
LEO.V,D,20200209,000000,0.94,0.969,0.9256,0.969,0,0
LEO.V,D,20200210,000000,0.969,0.997,0.9671,0.996,0,0
LEO.V,D,20200211,000000,0.996,1.057,0.996,1.037,0,0
LEO.V,D,20200212,000000,1.037,1.04,0.9931,1.015,0,0
LEO.V,D,20200213,000000,1.015,1.029,0.9762,1.002,0,0
LEO.V,D,20200214,000000,1.002,1.003,0.9651,0.9846,0,0
LEO.V,D,20200215,000000,0.9846,0.9973,0.9689,0.9703,0,0
LEO.V,D,20200216,000000,0.9703,0.975,0.8675,0.975,0,0
LEO.V,D,20200217,000000,0.975,0.9929,0.9478,0.9929,0,0
LEO.V,D,20200218,000000,0.9929,0.995,0.9722,0.9929,0,0
LEO.V,D,20200219,000000,0.9929,0.994,0.9755,0.994,0,0
LEO.V,D,20200220,000000,0.994,0.994,0.94,0.9916,0,0
LEO.V,D,20200221,000000,0.9916,0.9917,0.95,0.9515,0,0
LEO.V,D,20200222,000000,0.9515,0.9902,0.95,0.9522,0,0
LEO.V,D,20200223,000000,0.9522,0.9873,0.00165,0.9538,0,0
LEO.V,D,20200224,000000,0.9538,0.973,0.9538,0.9631,0,0
LEO.V,D,20200225,000000,0.9631,0.9886,0.91,0.9241,0,0
LEO.V,D,20200226,000000,0.9241,0.9667,0.00141,0.964,0,0
LEO.V,D,20200227,000000,0.964,0.97,0.8274,0.9529,0,0
LEO.V,D,20200228,000000,0.9529,0.9704,0.9003,0.9609,0,0
LEO.V,D,20200229,000000,0.9609,0.9648,0.9287,0.96,0,0
LEO.V,D,20200301,000000,0.96,0.9737,0.001168,0.9613,0,0
LEO.V,D,20200302,000000,0.9613,0.988,0.0011,0.968,0,0
LEO.V,D,20200303,000000,0.968,0.969,0.00111,0.959,0,0
LEO.V,D,20200304,000000,0.959,0.964,0.954,0.964,0,0
LEO.V,D,20200305,000000,0.964,0.975,0.9632,0.975,0,0
LEO.V,D,20200306,000000,0.9749,0.978,0.00145,0.978,0,0
LEO.V,D,20200307,000000,0.978,0.978,0.00128,0.978,0,0
LEO.V,D,20200308,000000,0.978,0.995,0.9721,0.9949,0,0
LEO.V,D,20200309,000000,0.9949,1.015,0.9797,0.9848,0,0
LEO.V,D,20200310,000000,0.9848,0.998,0.9779,0.9946,0,0
LEO.V,D,20200311,000000,0.9946,1.004,0.9374,1,0,0
LEO.V,D,20200312,000000,1,1.015,0.9107,0.9754,0,0
LEO.V,D,20200313,000000,0.9754,1,0.9292,0.97,0,0
LEO.V,D,20200314,000000,0.97,0.97,0.7925,0.9537,0,0
LEO.V,D,20200315,000000,0.9537,0.96,0.9282,0.959,0,0
LEO.V,D,20200316,000000,0.959,0.96,0.9236,0.9333,0,0
LEO.V,D,20200317,000000,0.9332,0.9681,0.8946,0.9681,0,0
LEO.V,D,20200318,000000,0.9681,2.313,0.8519,0.9739,0,0
LEO.V,D,20200319,000000,0.9739,1.019,0.9679,0.9996,0,0
LEO.V,D,20200320,000000,0.9996,1.01,0.9846,0.998,0,0
LEO.V,D,20200321,000000,0.998,1.058,0.9929,1.01,0,0
LEO.V,D,20200322,000000,1.01,1.051,0.9758,1.029,0,0
LEO.V,D,20200323,000000,1.029,1.111,0.9845,1.022,0,0
LEO.V,D,20200324,000000,1.022,1.277,0.9578,1.023,0,0
LEO.V,D,20200325,000000,0.9829,1.197,0.9502,1.021,0,0
LEO.V,D,20200326,000000,1.021,1.203,0.99,1.023,0,0
LEO.V,D,20200327,000000,1.023,1.133,1.001,1.019,0,0
LEO.V,D,20200328,000000,1.019,1.03,0.9709,1.018,0,0
LEO.V,D,20200329,000000,1.018,1.076,0.9802,1.03,0,0
LEO.V,D,20200330,000000,1.03,1.073,1.004,1.054,0,0
LEO.V,D,20200331,000000,1.054,1.068,1.043,1.058,0,0
LEO.V,D,20200401,000000,1.058,1.135,1.015,1.057,0,0
LEO.V,D,20200402,000000,1.057,1.143,1.011,1.049,0,0
LEO.V,D,20200403,000000,1.049,1.15,0.9662,0.9993,0,0
LEO.V,D,20200404,000000,0.9995,1.206,0.9754,1.043,0,0
LEO.V,D,20200405,000000,1.043,1.044,1.011,1.043,0,0
LEO.V,D,20200406,000000,1.043,1.111,0.9884,1.046,0,0
LEO.V,D,20200407,000000,1.046,1.047,0.9912,1.019,0,0
LEO.V,D,20200408,000000,1.019,1.025,0.9937,1.021,0,0
LEO.V,D,20200409,000000,1.021,1.026,1.013,1.023,0,0
LEO.V,D,20200410,000000,1.023,1.444,0.9699,1.034,0,0
LEO.V,D,20200411,000000,1.023,1.091,1,1.023,0,0
LEO.V,D,20200412,000000,1.023,1.466,0.9702,1.017,0,0
LEO.V,D,20200413,000000,1.017,3.104,0.9319,0.9978,0,0
LEO.V,D,20200414,000000,0.998,1.12,0.9915,0.993,0,0
LEO.V,D,20200415,000000,0.993,1.127,0.9915,1.033,0,0
LEO.V,D,20200416,000000,1.033,1.111,1.002,1.044,0,0
LEO.V,D,20200417,000000,1.044,1.183,1.022,1.058,0,0
LEO.V,D,20200418,000000,1.058,1.094,1.007,1.04,0,0
LEO.V,D,20200419,000000,1.04,1.091,0.984,1.036,0,0
LEO.V,D,20200420,000000,1.036,1.129,1.003,1.017,0,0
LEO.V,D,20200421,000000,1.017,1.084,1.002,1.05,0,0
LEO.V,D,20200422,000000,1.05,1.115,0.9715,1.046,0,0
LEO.V,D,20200423,000000,1.046,1.226,1.024,1.05,0,0
LEO.V,D,20200424,000000,1.05,1.095,1.03,1.076,0,0
LEO.V,D,20200425,000000,1.075,1.095,1.035,1.076,0,0
LEO.V,D,20200426,000000,1.076,1.332,1.035,1.041,0,0
LEO.V,D,20200427,000000,1.041,1.086,1.035,1.078,0,0
LEO.V,D,20200428,000000,1.078,1.081,1.035,1.048,0,0
LEO.V,D,20200429,000000,1.048,1.114,1.021,1.052,0,0
LEO.V,D,20200430,000000,1.052,1.124,1.033,1.068,0,0
LEO.V,D,20200501,000000,1.067,1.1,1.013,1.072,0,0
LEO.V,D,20200502,000000,1.073,1.106,1.039,1.097,0,0
LEO.V,D,20200503,000000,1.097,1.11,1.027,1.061,0,0
LEO.V,D,20200504,000000,1.061,1.1,1.027,1.085,0,0
LEO.V,D,20200505,000000,1.085,1.086,1.034,1.082,0,0
LEO.V,D,20200506,000000,1.082,1.363,0.9493,1.059,0,0
LEO.V,D,20200507,000000,1.059,1.115,1.016,1.058,0,0
LEO.V,D,20200508,000000,1.057,1.165,1.032,1.079,0,0
LEO.V,D,20200509,000000,1.079,1.103,1.032,1.051,0,0
LEO.V,D,20200510,000000,1.051,1.092,0.9999,1.083,0,0
LEO.V,D,20200511,000000,1.083,1.262,1.057,1.085,0,0
LEO.V,D,20200512,000000,1.085,1.268,1.057,1.066,0,0
LEO.V,D,20200513,000000,1.066,1.306,1.025,1.096,0,0
LEO.V,D,20200514,000000,1.096,1.113,1.059,1.099,0,0
LEO.V,D,20200515,000000,1.099,1.111,1.066,1.095,0,0
LEO.V,D,20200516,000000,1.095,1.104,1.073,1.083,0,0
LEO.V,D,20200517,000000,1.083,1.12,1.079,1.084,0,0
LEO.V,D,20200518,000000,1.084,1.151,1.072,1.092,0,0
LEO.V,D,20200519,000000,1.092,1.159,1.081,1.087,0,0
LEO.V,D,20200520,000000,1.087,1.157,1.08,1.118,0,0
LEO.V,D,20200521,000000,1.118,1.145,1.104,1.13,0,0
LEO.V,D,20200522,000000,1.13,1.149,1.119,1.147,0,0
LEO.V,D,20200523,000000,1.147,1.154,1.129,1.152,0,0
LEO.V,D,20200524,000000,1.152,1.431,1.13,1.151,0,0
LEO.V,D,20200525,000000,1.151,1.188,1.121,1.148,0,0
LEO.V,D,20200526,000000,1.148,1.16,1.126,1.149,0,0
LEO.V,D,20200527,000000,1.149,1.164,1.131,1.146,0,0
LEO.V,D,20200528,000000,1.146,1.172,1.135,1.168,0,0
LEO.V,D,20200529,000000,1.167,1.185,1.135,1.172,0,0
LEO.V,D,20200530,000000,1.172,1.205,1.166,1.184,0,0
LEO.V,D,20200531,000000,1.184,1.249,1.177,1.194,0,0
LEO.V,D,20200601,000000,1.194,1.205,1.144,1.191,0,0
LEO.V,D,20200602,000000,1.191,1.221,1.108,1.184,0,0
LEO.V,D,20200603,000000,1.184,1.224,1.177,1.201,0,0
LEO.V,D,20200604,000000,1.201,1.274,1.194,1.227,0,0
LEO.V,D,20200605,000000,1.227,1.245,1.217,1.235,0,0
LEO.V,D,20200606,000000,1.235,1.264,1.22,1.254,0,0
LEO.V,D,20200607,000000,1.254,1.261,1.228,1.235,0,0
LEO.V,D,20200608,000000,1.235,1.293,1.23,1.241,0,0
LEO.V,D,20200609,000000,1.241,1.251,1.22,1.25,0,0
LEO.V,D,20200610,000000,1.25,1.261,1.233,1.251,0,0
LEO.V,D,20200611,000000,1.252,1.265,1.221,1.251,0,0
LEO.V,D,20200612,000000,1.251,1.332,1.231,1.239,0,0
LEO.V,D,20200613,000000,1.24,1.252,1.225,1.239,0,0
LEO.V,D,20200614,000000,1.239,1.24,1.156,1.179,0,0
LEO.V,D,20200615,000000,1.179,1.208,1.122,1.17,0,0
LEO.V,D,20200616,000000,1.17,1.197,1.111,1.128,0,0
LEO.V,D,20200617,000000,1.127,1.15,1.106,1.134,0,0
LEO.V,D,20200618,000000,1.134,1.163,1.121,1.154,0,0
LEO.V,D,20200619,000000,1.154,1.199,1.129,1.149,0,0
LEO.V,D,20200620,000000,1.149,1.205,1.148,1.162,0,0
LEO.V,D,20200621,000000,1.162,1.21,1.157,1.169,0,0
LEO.V,D,20200622,000000,1.169,1.222,1.139,1.153,0,0
LEO.V,D,20200623,000000,1.153,1.195,1.137,1.155,0,0
LEO.V,D,20200624,000000,1.155,1.205,1.142,1.2,0,0
LEO.V,D,20200625,000000,1.2,1.229,1.16,1.225,0,0
LEO.V,D,20200626,000000,1.225,3.012,1.168,1.238,0,0
LEO.V,D,20200627,000000,1.238,1.265,1.209,1.257,0,0
LEO.V,D,20200628,000000,1.257,1.287,1.222,1.254,0,0
LEO.V,D,20200629,000000,1.254,1.284,1.242,1.254,0,0
LEO.V,D,20200630,000000,1.254,1.361,1.243,1.28,0,0
LEO.V,D,20200701,000000,1.28,1.315,1.239,1.242,0,0
LEO.V,D,20200702,000000,1.242,1.284,1.23,1.251,0,0
LEO.V,D,20200703,000000,1.25,1.34,1.222,1.231,0,0
LEO.V,D,20200704,000000,1.231,1.264,1.215,1.226,0,0
LEO.V,D,20200705,000000,1.226,1.24,1.177,1.186,0,0
LEO.V,D,20200706,000000,1.186,1.228,1.179,1.209,0,0
LEO.V,D,20200707,000000,1.208,1.27,1.206,1.23,0,0
LEO.V,D,20200708,000000,1.23,1.27,1.203,1.234,0,0
LEO.V,D,20200709,000000,1.234,1.24,1.2,1.226,0,0
LEO.V,D,20200710,000000,1.226,1.236,1.202,1.216,0,0
LEO.V,D,20200711,000000,1.216,1.238,1.198,1.211,0,0
LEO.V,D,20200712,000000,1.211,1.212,1.109,1.121,0,0
LEO.V,D,20200713,000000,1.121,1.137,1.116,1.127,0,0
LEO.V,D,20200714,000000,1.128,1.23,1.103,1.139,0,0
LEO.V,D,20200715,000000,1.139,1.398,1.129,1.166,0,0
LEO.V,D,20200716,000000,1.16,1.197,1.152,1.196,0,0
LEO.V,D,20200717,000000,1.196,1.202,1.158,1.197,0,0
LEO.V,D,20200718,000000,1.199,1.199,1.154,1.165,0,0
LEO.V,D,20200719,000000,1.165,1.167,1.124,1.157,0,0
LEO.V,D,20200720,000000,1.157,1.186,1.141,1.173,0,0
LEO.V,D,20200721,000000,1.173,1.199,1.168,1.18,0,0
LEO.V,D,20200722,000000,1.18,1.195,1.18,1.185,0,0
LEO.V,D,20200723,000000,1.185,1.258,1.155,1.189,0,0
LEO.V,D,20200724,000000,1.188,1.21,1.182,1.198,0,0
LEO.V,D,20200725,000000,1.197,1.233,1.188,1.215,0,0
LEO.V,D,20200726,000000,1.215,1.27,1.172,1.218,0,0
LEO.V,D,20200727,000000,1.218,1.256,1.204,1.256,0,0
LEO.V,D,20200728,000000,1.256,1.333,1.235,1.264,0,0
LEO.V,D,20200729,000000,1.264,1.264,1.252,1.261,0,0
LEO.V,D,20200730,000000,1.261,1.278,1.243,1.265,0,0
LEO.V,D,20200731,000000,1.265,1.291,1.241,1.26,0,0
LEO.V,D,20200801,000000,1.261,1.301,1.248,1.283,0,0
LEO.V,D,20200802,000000,1.283,1.299,1.163,1.268,0,0
LEO.V,D,20200803,000000,1.268,1.302,1.243,1.274,0,0
LEO.V,D,20200804,000000,1.264,1.295,1.25,1.285,0,0
LEO.V,D,20200805,000000,1.285,1.295,1.258,1.284,0,0
LEO.V,D,20200806,000000,1.284,1.298,1.245,1.283,0,0
LEO.V,D,20200807,000000,1.283,1.306,1.243,1.28,0,0
LEO.V,D,20200808,000000,1.28,1.294,1.268,1.28,0,0
LEO.V,D,20200809,000000,1.28,1.29,1.261,1.27,0,0
LEO.V,D,20200810,000000,1.27,1.291,1.237,1.277,0,0
LEO.V,D,20200811,000000,1.277,1.286,1.249,1.255,0,0
LEO.V,D,20200812,000000,1.254,1.279,1.232,1.234,0,0
LEO.V,D,20200813,000000,1.234,1.277,1.213,1.265,0,0
LEO.V,D,20200814,000000,1.264,1.284,1.245,1.279,0,0
LEO.V,D,20200815,000000,1.279,1.293,1.243,1.287,0,0
LEO.V,D,20200816,000000,1.287,1.292,1.268,1.283,0,0
LEO.V,D,20200817,000000,1.283,1.283,1.241,1.269,0,0
LEO.V,D,20200818,000000,1.269,1.381,1.251,1.267,0,0
LEO.V,D,20200819,000000,1.267,1.28,1.183,1.262,0,0
LEO.V,D,20200820,000000,1.262,1.348,1.248,1.264,0,0
LEO.V,D,20200821,000000,1.264,1.274,1.238,1.272,0,0
LEO.V,D,20200822,000000,1.272,1.275,1.252,1.273,0,0
LEO.V,D,20200823,000000,1.273,1.279,1.254,1.27,0,0
LEO.V,D,20200824,000000,1.27,1.278,1.259,1.278,0,0
LEO.V,D,20200825,000000,1.278,1.283,1.27,1.274,0,0
LEO.V,D,20200826,000000,1.274,1.279,1.263,1.276,0,0
LEO.V,D,20200827,000000,1.276,1.284,1.266,1.279,0,0
LEO.V,D,20200828,000000,1.279,1.284,1.261,1.274,0,0
LEO.V,D,20200829,000000,1.274,1.278,1.272,1.276,0,0
LEO.V,D,20200830,000000,1.276,1.285,1.274,1.278,0,0
LEO.V,D,20200831,000000,1.278,1.292,1.267,1.283,0,0
LEO.V,D,20200901,000000,1.283,1.285,1.27,1.274,0,0
LEO.V,D,20200902,000000,1.274,1.274,1.238,1.26,0,0
LEO.V,D,20200903,000000,1.26,1.266,1.184,1.244,0,0
LEO.V,D,20200904,000000,1.244,1.26,1.173,1.236,0,0
LEO.V,D,20200905,000000,1.236,1.246,1.184,1.233,0,0
LEO.V,D,20200906,000000,1.233,1.235,1.19,1.235,0,0
LEO.V,D,20200907,000000,1.235,1.269,1.166,1.201,0,0
LEO.V,D,20200908,000000,1.194,1.244,1.194,1.222,0,0
LEO.V,D,20200909,000000,1.222,1.269,1.204,1.222,0,0
LEO.V,D,20200910,000000,1.222,1.23,1.168,1.18,0,0
LEO.V,D,20200911,000000,1.18,1.213,1.135,1.213,0,0
LEO.V,D,20200912,000000,1.213,1.249,1.213,1.245,0,0
LEO.V,D,20200913,000000,1.245,1.25,1.227,1.238,0,0
LEO.V,D,20200914,000000,1.238,1.238,1.131,1.137,0,0
LEO.V,D,20200915,000000,1.137,1.208,1.133,1.149,0,0
LEO.V,D,20200916,000000,1.149,1.188,1.127,1.168,0,0
LEO.V,D,20200917,000000,1.168,1.211,1.162,1.207,0,0
LEO.V,D,20200918,000000,1.207,1.221,1.193,1.218,0,0
LEO.V,D,20200919,000000,1.218,1.234,1.215,1.232,0,0
LEO.V,D,20200920,000000,1.232,1.249,1.216,1.243,0,0
LEO.V,D,20200921,000000,1.243,1.279,1.22,1.248,0,0
LEO.V,D,20200922,000000,1.248,1.266,1.236,1.25,0,0
LEO.V,D,20200923,000000,1.25,1.253,1.228,1.25,0,0
LEO.V,D,20200924,000000,1.25,1.252,1.175,1.242,0,0
LEO.V,D,20200925,000000,1.242,1.252,1.235,1.252,0,0
LEO.V,D,20200926,000000,1.252,1.252,1.244,1.248,0,0
LEO.V,D,20200927,000000,1.248,1.257,1.237,1.257,0,0
LEO.V,D,20200928,000000,1.257,1.264,1.254,1.264,0,0
LEO.V,D,20200929,000000,1.264,1.27,1.262,1.27,0,0
LEO.V,D,20200930,000000,1.27,1.284,1.267,1.284,0,0
LEO.V,D,20201001,000000,1.284,1.285,1.254,1.27,0,0
LEO.V,D,20201002,000000,1.27,1.273,1.256,1.263,0,0
LEO.V,D,20201003,000000,1.263,1.266,1.244,1.245,0,0
LEO.V,D,20201004,000000,1.245,1.266,1.181,1.233,0,0
LEO.V,D,20201005,000000,1.233,1.247,1.194,1.203,0,0
LEO.V,D,20201006,000000,1.203,1.25,1.192,1.198,0,0
LEO.V,D,20201007,000000,1.198,1.207,1.191,1.194,0,0
LEO.V,D,20201008,000000,1.198,1.234,1.186,1.234,0,0
LEO.V,D,20201009,000000,1.234,1.254,1.2,1.201,0,0
LEO.V,D,20201010,000000,1.201,1.234,1.19,1.19,0,0
LEO.V,D,20201011,000000,1.19,1.192,1.186,1.187,0,0
LEO.V,D,20201012,000000,1.187,1.196,1.181,1.188,0,0
LEO.V,D,20201013,000000,1.188,1.217,1.167,1.183,0,0
LEO.V,D,20201014,000000,1.183,1.196,1.17,1.191,0,0
LEO.V,D,20201015,000000,1.191,1.316,1.168,1.189,0,0
LEO.V,D,20201016,000000,1.19,1.228,1.142,1.18,0,0
LEO.V,D,20201017,000000,1.18,1.206,1.151,1.206,0,0
LEO.V,D,20201018,000000,1.206,1.331,1.183,1.212,0,0
LEO.V,D,20201019,000000,1.212,1.295,1.175,1.223,0,0
LEO.V,D,20201020,000000,1.223,1.305,1.185,1.218,0,0
LEO.V,D,20201021,000000,1.218,1.249,1.211,1.239,0,0
LEO.V,D,20201022,000000,1.239,1.384,1.231,1.254,0,0
LEO.V,D,20201023,000000,1.254,1.407,1.206,1.256,0,0
LEO.V,D,20201024,000000,1.355,1.358,1.212,1.25,0,0
LEO.V,D,20201025,000000,1.25,1.34,1.227,1.265,0,0
LEO.V,D,20201026,000000,1.265,1.322,1.216,1.278,0,0
LEO.V,D,20201027,000000,1.278,1.434,1.225,1.289,0,0
LEO.V,D,20201028,000000,1.289,1.435,1.107,1.277,0,0
LEO.V,D,20201029,000000,1.279,1.315,1.187,1.275,0,0
LEO.V,D,20201030,000000,1.271,1.326,1.231,1.27,0,0
LEO.V,D,20201031,000000,1.27,1.346,1.2,1.27,0,0
LEO.V,D,20201101,000000,1.267,1.451,1.211,1.262,0,0
LEO.V,D,20201102,000000,1.262,1.369,1.217,1.267,0,0
LEO.V,D,20201103,000000,1.267,1.354,1.232,1.271,0,0
LEO.V,D,20201104,000000,1.271,1.358,1.191,1.268,0,0
LEO.V,D,20201105,000000,1.268,1.365,1.233,1.249,0,0
LEO.V,D,20201106,000000,1.249,1.308,1.24,1.279,0,0
LEO.V,D,20201107,000000,1.279,1.293,1.274,1.293,0,0
LEO.V,D,20201108,000000,1.293,1.294,1.28,1.294,0,0
LEO.V,D,20201109,000000,1.294,1.297,1.294,1.297,0,0
LEO.V,D,20201110,000000,1.297,1.299,1.291,1.299,0,0
LEO.V,D,20201111,000000,1.299,1.303,1.299,1.302,0,0
LEO.V,D,20201112,000000,1.302,1.305,1.29,1.302,0,0
LEO.V,D,20201113,000000,1.302,1.305,1.28,1.287,0,0
LEO.V,D,20201114,000000,1.289,1.297,1.25,1.273,0,0
LEO.V,D,20201115,000000,1.273,1.287,1.264,1.285,0,0
LEO.V,D,20201116,000000,1.285,1.293,1.251,1.268,0,0
LEO.V,D,20201117,000000,1.27,1.306,1.251,1.306,0,0
LEO.V,D,20201118,000000,1.306,1.31,1.28,1.298,0,0
LEO.V,D,20201119,000000,1.298,1.302,1.25,1.272,0,0
LEO.V,D,20201120,000000,1.272,1.278,1.251,1.271,0,0
LEO.V,D,20201121,000000,1.271,1.304,1.245,1.304,0,0
LEO.V,D,20201122,000000,1.304,1.314,1.271,1.3,0,0
LEO.V,D,20201123,000000,1.299,1.315,1.287,1.315,0,0
LEO.V,D,20201124,000000,1.315,1.319,1.293,1.319,0,0
LEO.V,D,20201125,000000,1.319,1.328,1.314,1.315,0,0
LEO.V,D,20201126,000000,1.315,1.342,1.315,1.342,0,0
LEO.V,D,20201127,000000,1.342,1.345,1.334,1.345,0,0
LEO.V,D,20201128,000000,1.345,1.353,1.345,1.353,0,0
LEO.V,D,20201129,000000,1.353,1.358,1.351,1.358,0,0
LEO.V,D,20201130,000000,1.358,1.365,1.357,1.364,0,0
LEO.V,D,20201201,000000,1.364,1.373,1.361,1.372,0,0
LEO.V,D,20201202,000000,1.372,1.374,1.358,1.365,0,0
LEO.V,D,20201203,000000,1.365,1.367,1.352,1.359,0,0
LEO.V,D,20201204,000000,1.359,1.373,1.352,1.362,0,0
LEO.V,D,20201205,000000,1.362,1.373,1.352,1.358,0,0
LEO.V,D,20201206,000000,1.358,1.369,1.338,1.349,0,0
LEO.V,D,20201207,000000,1.349,1.36,1.338,1.349,0,0
LEO.V,D,20201208,000000,1.349,1.362,1.338,1.36,0,0
LEO.V,D,20201209,000000,1.36,1.382,1.338,1.376,0,0
LEO.V,D,20201210,000000,1.376,1.379,1.365,1.374,0,0
LEO.V,D,20201211,000000,1.374,1.378,1.364,1.377,0,0
LEO.V,D,20201212,000000,1.377,1.379,1.366,1.37,0,0
LEO.V,D,20201213,000000,1.37,1.378,1.366,1.376,0,0
LEO.V,D,20201214,000000,1.376,1.379,1.359,1.364,0,0
LEO.V,D,20201215,000000,1.364,1.37,1.352,1.359,0,0
LEO.V,D,20201216,000000,1.359,1.38,1.351,1.38,0,0
LEO.V,D,20201217,000000,1.38,1.383,1.365,1.383,0,0
LEO.V,D,20201218,000000,1.383,1.384,1.378,1.379,0,0
LEO.V,D,20201219,000000,1.379,1.384,1.347,1.374,0,0
LEO.V,D,20201220,000000,1.374,1.382,1.35,1.382,0,0
LEO.V,D,20201221,000000,1.382,1.384,1.362,1.384,0,0
LEO.V,D,20201222,000000,1.384,1.385,1.365,1.375,0,0
LEO.V,D,20201223,000000,1.375,1.385,1.366,1.384,0,0
LEO.V,D,20201224,000000,1.384,1.385,1.376,1.385,0,0
LEO.V,D,20201225,000000,1.385,1.385,1.378,1.385,0,0
LEO.V,D,20201226,000000,1.385,1.385,1.379,1.385,0,0
LEO.V,D,20201227,000000,1.385,1.392,1.383,1.392,0,0
LEO.V,D,20201228,000000,1.392,1.393,1.39,1.393,0,0
LEO.V,D,20201229,000000,1.393,1.393,1.389,1.393,0,0
LEO.V,D,20201230,000000,1.393,1.394,1.39,1.394,0,0
LEO.V,D,20201231,000000,1.394,1.394,1.382,1.394,0,0
LEO.V,D,20210101,000000,1.394,1.394,1.385,1.394,0,0
LEO.V,D,20210102,000000,1.394,1.395,1.39,1.395,0,0
LEO.V,D,20210103,000000,1.395,1.396,1.39,1.395,0,0
LEO.V,D,20210104,000000,1.395,1.396,1.335,1.34,0,0
LEO.V,D,20210105,000000,1.34,1.372,1.324,1.33,0,0
LEO.V,D,20210106,000000,1.33,1.388,1.33,1.386,0,0
LEO.V,D,20210107,000000,1.386,1.387,1.346,1.363,0,0
LEO.V,D,20210108,000000,1.363,1.375,1.36,1.372,0,0
LEO.V,D,20210109,000000,1.372,1.387,1.36,1.387,0,0
LEO.V,D,20210110,000000,1.387,1.396,1.36,1.365,0,0
LEO.V,D,20210111,000000,1.365,1.393,1.365,1.381,0,0
LEO.V,D,20210112,000000,1.381,1.392,1.351,1.373,0,0
LEO.V,D,20210113,000000,1.373,1.391,1.361,1.391,0,0
LEO.V,D,20210114,000000,1.391,1.395,1.384,1.395,0,0
LEO.V,D,20210115,000000,1.395,1.396,1.374,1.393,0,0
LEO.V,D,20210116,000000,1.393,1.396,1.373,1.395,0,0
LEO.V,D,20210117,000000,1.395,1.396,1.386,1.396,0,0
LEO.V,D,20210118,000000,1.396,1.396,1.382,1.395,0,0
LEO.V,D,20210119,000000,1.395,1.396,1.375,1.391,0,0
LEO.V,D,20210120,000000,1.395,1.397,1.386,1.397,0,0
LEO.V,D,20210121,000000,1.397,1.397,1.374,1.387,0,0
LEO.V,D,20210122,000000,1.375,1.396,1.375,1.38,0,0
LEO.V,D,20210123,000000,1.38,1.397,1.367,1.395,0,0
LEO.V,D,20210124,000000,1.395,1.397,1.37,1.372,0,0
LEO.V,D,20210125,000000,1.384,1.397,1.371,1.374,0,0
LEO.V,D,20210126,000000,1.374,1.397,1.371,1.385,0,0
LEO.V,D,20210127,000000,1.385,1.397,1.374,1.389,0,0
LEO.V,D,20210128,000000,1.389,1.397,1.372,1.388,0,0
LEO.V,D,20210129,000000,1.388,1.399,1.378,1.395,0,0
LEO.V,D,20210130,000000,1.395,1.4,1.394,1.4,0,0
LEO.V,D,20210131,000000,1.4,1.403,1.396,1.403,0,0
LEO.V,D,20210201,000000,1.403,1.404,1.4,1.404,0,0
LEO.V,D,20210202,000000,1.404,1.405,1.383,1.404,0,0
LEO.V,D,20210203,000000,1.404,1.405,1.386,1.404,0,0
LEO.V,D,20210204,000000,1.404,1.406,1.401,1.401,0,0
LEO.V,D,20210205,000000,1.401,1.413,1.394,1.412,0,0
LEO.V,D,20210206,000000,1.412,1.415,1.41,1.415,0,0
LEO.V,D,20210207,000000,1.415,1.417,1.413,1.417,0,0
LEO.V,D,20210208,000000,1.417,1.441,1.415,1.44,0,0
LEO.V,D,20210209,000000,1.44,1.449,1.434,1.448,0,0
LEO.V,D,20210210,000000,1.448,1.458,1.448,1.458,0,0
LEO.V,D,20210211,000000,1.458,1.46,1.442,1.46,0,0
LEO.V,D,20210212,000000,1.46,1.463,1.45,1.462,0,0
LEO.V,D,20210213,000000,1.463,1.476,1.46,1.475,0,0
LEO.V,D,20210214,000000,1.475,1.478,1.473,1.477,0,0
LEO.V,D,20210215,000000,1.477,1.479,1.474,1.479,0,0
LEO.V,D,20210216,000000,1.479,1.481,1.469,1.481,0,0
LEO.V,D,20210217,000000,1.48,1.482,1.476,1.477,0,0
LEO.V,D,20210218,000000,1.477,1.483,1.475,1.483,0,0
LEO.V,D,20210219,000000,1.483,1.673,1.475,1.673,0,0
LEO.V,D,20210220,000000,1.673,1.784,1.672,1.775,0,0
LEO.V,D,20210221,000000,1.77,1.799,1.761,1.797,0,0
LEO.V,D,20210222,000000,1.797,1.85,1.78,1.85,0,0
LEO.V,D,20210223,000000,1.85,2.092,1.84,1.954,0,0
LEO.V,D,20210224,000000,1.954,2.1,1.889,1.921,0,0
LEO.V,D,20210225,000000,1.921,2.101,1.91,1.987,0,0
LEO.V,D,20210226,000000,1.987,2.011,1.889,2.011,0,0
LEO.V,D,20210227,000000,2.011,2.067,2,2.042,0,0
LEO.V,D,20210228,000000,2.042,2.047,1.88,1.903,0,0
LEO.V,D,20210301,000000,1.903,2.104,1.903,2.1,0,0
LEO.V,D,20210302,000000,2.1,2.105,1.911,1.922,0,0
LEO.V,D,20210303,000000,1.922,2.042,1.92,1.933,0,0
LEO.V,D,20210304,000000,1.933,1.937,1.911,1.925,0,0
LEO.V,D,20210305,000000,1.925,1.925,1.84,1.879,0,0
LEO.V,D,20210306,000000,1.879,1.934,1.865,1.933,0,0
LEO.V,D,20210307,000000,1.933,1.972,1.84,1.847,0,0
LEO.V,D,20210308,000000,1.847,1.952,1.846,1.925,0,0
LEO.V,D,20210309,000000,1.925,1.98,1.916,1.98,0,0
LEO.V,D,20210310,000000,1.98,2.032,1.973,2.019,0,0
LEO.V,D,20210311,000000,2.019,2.055,2.019,2.055,0,0
LEO.V,D,20210312,000000,2.055,2.076,1.962,2.045,0,0
LEO.V,D,20210313,000000,2.045,2.072,1.999,2.002,0,0
LEO.V,D,20210314,000000,2.002,2.02,1.986,2.014,0,0
LEO.V,D,20210315,000000,2.014,2.059,1.982,2.05,0,0
LEO.V,D,20210316,000000,2.05,2.079,2.036,2.05,0,0
LEO.V,D,20210317,000000,2.05,2.115,2.047,2.109,0,0
LEO.V,D,20210318,000000,2.109,2.118,2.101,2.117,0,0
LEO.V,D,20210319,000000,2.117,2.118,2.091,2.112,0,0
LEO.V,D,20210320,000000,2.112,2.118,2.092,2.106,0,0
LEO.V,D,20210321,000000,2.106,2.12,2.105,2.118,0,0
LEO.V,D,20210322,000000,2.118,2.122,2.114,2.114,0,0
LEO.V,D,20210323,000000,2.114,2.122,2.105,2.105,0,0
LEO.V,D,20210324,000000,2.105,2.125,2.092,2.098,0,0
LEO.V,D,20210325,000000,2.098,2.124,2.092,2.11,0,0
LEO.V,D,20210326,000000,2.11,2.13,2.093,2.12,0,0
LEO.V,D,20210327,000000,2.12,2.136,2.115,2.13,0,0
LEO.V,D,20210328,000000,2.13,2.138,2.125,2.125,0,0
LEO.V,D,20210329,000000,2.125,2.139,2.089,2.11,0,0
LEO.V,D,20210330,000000,2.11,2.118,2.047,2.048,0,0
LEO.V,D,20210331,000000,2.048,2.091,2.027,2.03,0,0
LEO.V,D,20210401,000000,2.03,2.055,1.992,2.026,0,0
LEO.V,D,20210402,000000,2.026,2.046,2.008,2.011,0,0
LEO.V,D,20210403,000000,2.011,2.043,2.003,2.01,0,0
LEO.V,D,20210404,000000,2.011,2.031,1.984,1.994,0,0
LEO.V,D,20210405,000000,1.994,2.031,1.978,2.016,0,0
LEO.V,D,20210406,000000,2.016,2.092,1.959,2.092,0,0
LEO.V,D,20210407,000000,2.076,2.1,2.076,2.089,0,0
LEO.V,D,20210408,000000,2.089,2.121,2.08,2.117,0,0
LEO.V,D,20210409,000000,2.103,2.121,2.084,2.091,0,0
LEO.V,D,20210410,000000,2.091,2.139,2.085,2.107,0,0
LEO.V,D,20210411,000000,2.107,2.14,2.107,2.12,0,0
LEO.V,D,20210412,000000,2.12,2.145,2.108,2.113,0,0
LEO.V,D,20210413,000000,2.113,2.145,2.108,2.124,0,0
LEO.V,D,20210414,000000,2.124,2.165,2.107,2.165,0,0
LEO.V,D,20210415,000000,2.165,2.255,2.164,2.241,0,0
LEO.V,D,20210416,000000,2.241,2.26,2.181,2.24,0,0
LEO.V,D,20210417,000000,2.24,2.262,2.231,2.253,0,0
LEO.V,D,20210418,000000,2.253,2.271,2.149,2.171,0,0
LEO.V,D,20210419,000000,2.171,2.284,2.1,2.1,0,0
LEO.V,D,20210420,000000,2.1,2.259,1.907,2.198,0,0
LEO.V,D,20210421,000000,2.198,2.213,2.166,2.193,0,0
LEO.V,D,20210422,000000,2.193,2.285,2.174,2.276,0,0
LEO.V,D,20210423,000000,2.276,2.288,2.002,2.286,0,0
LEO.V,D,20210424,000000,2.286,2.3,2.245,2.245,0,0
LEO.V,D,20210425,000000,2.245,2.308,2.229,2.308,0,0
LEO.V,D,20210426,000000,2.308,2.312,2.285,2.304,0,0
LEO.V,D,20210427,000000,2.304,2.359,2.295,2.341,0,0
LEO.V,D,20210428,000000,2.341,2.354,2.304,2.332,0,0
LEO.V,D,20210429,000000,2.332,2.344,2.305,2.328,0,0
LEO.V,D,20210430,000000,2.328,2.404,2.306,2.404,0,0
LEO.V,D,20210501,000000,2.404,2.454,2.404,2.454,0,0
LEO.V,D,20210502,000000,2.454,2.463,2.438,2.463,0,0
LEO.V,D,20210503,000000,2.463,2.51,2.463,2.499,0,0
LEO.V,D,20210504,000000,2.499,2.54,2.488,2.522,0,0
LEO.V,D,20210505,000000,2.522,2.9,2.508,2.9,0,0
LEO.V,D,20210506,000000,2.9,2.99,2.779,2.953,0,0
LEO.V,D,20210507,000000,2.953,2.953,2.836,2.87,0,0
LEO.V,D,20210508,000000,2.87,3,2.852,3,0,0
LEO.V,D,20210509,000000,3,3.059,2.934,2.971,0,0
LEO.V,D,20210510,000000,2.97,3.6,2.923,3.507,0,0
LEO.V,D,20210511,000000,3.507,3.7,3.292,3.7,0,0
LEO.V,D,20210512,000000,3.7,3.91,3.7,3.895,0,0
LEO.V,D,20210513,000000,3.895,3.895,3.396,3.445,0,0
LEO.V,D,20210514,000000,3.445,3.92,3.3,3.555,0,0
LEO.V,D,20210515,000000,3.555,3.672,3.314,3.672,0,0
LEO.V,D,20210516,000000,3.672,3.777,3.45,3.508,0,0
LEO.V,D,20210517,000000,3.508,3.903,3.28,3.29,0,0
LEO.V,D,20210518,000000,3.29,3.329,2.836,2.838,0,0
LEO.V,D,20210519,000000,2.838,3.322,2.716,2.845,0,0
LEO.V,D,20210520,000000,2.845,3.013,2.681,2.99,0,0
LEO.V,D,20210521,000000,2.99,3,2.588,2.608,0,0
LEO.V,D,20210522,000000,2.608,2.622,2.5,2.5,0,0
LEO.V,D,20210523,000000,2.5,2.693,2.35,2.557,0,0
LEO.V,D,20210524,000000,2.557,2.557,2.35,2.379,0,0
LEO.V,D,20210525,000000,2.378,2.461,2.241,2.276,0,0
LEO.V,D,20210526,000000,2.276,2.292,2.167,2.201,0,0
LEO.V,D,20210527,000000,2.205,2.214,2.05,2.075,0,0
LEO.V,D,20210528,000000,2.075,2.164,2.05,2.13,0,0
LEO.V,D,20210529,000000,2.13,2.163,2.052,2.08,0,0
LEO.V,D,20210530,000000,2.08,2.288,2.079,2.27,0,0
LEO.V,D,20210531,000000,2.27,2.451,2.26,2.394,0,0
LEO.V,D,20210601,000000,2.394,2.65,2.384,2.65,0,0
LEO.V,D,20210602,000000,2.65,2.89,2.65,2.742,0,0
LEO.V,D,20210603,000000,2.742,2.89,2.733,2.89,0,0
LEO.V,D,20210604,000000,2.89,2.945,2.712,2.719,0,0
LEO.V,D,20210605,000000,2.719,2.728,2.625,2.636,0,0
LEO.V,D,20210606,000000,2.636,2.64,2.508,2.519,0,0
LEO.V,D,20210607,000000,2.519,2.542,2.45,2.467,0,0
LEO.V,D,20210608,000000,2.467,2.86,2.454,2.654,0,0
LEO.V,D,20210609,000000,2.654,2.654,2.45,2.462,0,0
LEO.V,D,20210610,000000,2.462,2.483,2.382,2.386,0,0
LEO.V,D,20210611,000000,2.386,2.565,2.377,2.418,0,0
LEO.V,D,20210612,000000,2.418,2.458,2.385,2.429,0,0
LEO.V,D,20210613,000000,2.429,2.8,2.385,2.794,0,0
LEO.V,D,20210614,000000,2.797,2.8,2.647,2.647,0,0
LEO.V,D,20210615,000000,2.648,2.648,2.385,2.385,0,0
LEO.V,D,20210616,000000,2.385,2.748,2.385,2.563,0,0
LEO.V,D,20210617,000000,2.563,2.75,2.549,2.554,0,0
LEO.V,D,20210618,000000,2.552,2.653,2.54,2.623,0,0
LEO.V,D,20210619,000000,2.623,2.684,2.575,2.577,0,0
LEO.V,D,20210620,000000,2.577,2.647,2.558,2.579,0,0
LEO.V,D,20210621,000000,2.58,2.636,2.497,2.498,0,0
LEO.V,D,20210622,000000,2.498,2.593,2.38,2.516,0,0
LEO.V,D,20210623,000000,2.516,2.75,2.391,2.432,0,0
LEO.V,D,20210624,000000,2.432,2.637,2.391,2.472,0,0
LEO.V,D,20210625,000000,2.472,2.571,2.35,2.361,0,0
LEO.V,D,20210626,000000,2.361,2.429,2.172,2.181,0,0
LEO.V,D,20210627,000000,2.181,2.514,2.067,2.112,0,0
LEO.V,D,20210628,000000,2.111,2.49,2.067,2.402,0,0
LEO.V,D,20210629,000000,2.402,2.508,2.297,2.37,0,0
LEO.V,D,20210630,000000,2.37,2.552,2.32,2.401,0,0
LEO.V,D,20210701,000000,2.401,2.557,2.372,2.426,0,0
LEO.V,D,20210702,000000,2.426,2.437,2.323,2.344,0,0
LEO.V,D,20210703,000000,2.344,2.448,2.34,2.371,0,0
LEO.V,D,20210704,000000,2.371,2.479,2.326,2.4,0,0
LEO.V,D,20210705,000000,2.4,2.639,2.389,2.608,0,0
LEO.V,D,20210706,000000,2.61,2.728,2.547,2.722,0,0
LEO.V,D,20210707,000000,2.722,2.747,2.671,2.745,0,0
LEO.V,D,20210708,000000,2.745,2.88,2.696,2.88,0,0
LEO.V,D,20210709,000000,2.88,2.912,2.816,2.909,0,0
LEO.V,D,20210710,000000,2.91,2.928,2.829,2.9,0,0
LEO.V,D,20210711,000000,2.9,2.91,2.864,2.91,0,0
LEO.V,D,20210712,000000,2.91,2.93,2.896,2.93,0,0
LEO.V,D,20210713,000000,2.93,2.94,2.9,2.92,0,0
LEO.V,D,20210714,000000,2.92,2.94,2.877,2.94,0,0
LEO.V,D,20210715,000000,2.94,2.95,2.859,2.9,0,0
LEO.V,D,20210716,000000,2.9,2.95,2.893,2.938,0,0
LEO.V,D,20210717,000000,2.938,2.95,2.9,2.918,0,0
LEO.V,D,20210718,000000,2.918,2.968,2.912,2.968,0,0
LEO.V,D,20210719,000000,2.968,3.025,2.968,3.025,0,0
LEO.V,D,20210720,000000,3.025,3.224,2.994,3.199,0,0
LEO.V,D,20210721,000000,3.199,3.2,2.769,2.769,0,0
LEO.V,D,20210722,000000,2.769,2.787,2.507,2.641,0,0
LEO.V,D,20210723,000000,2.641,2.841,2.621,2.788,0,0
LEO.V,D,20210724,000000,2.788,2.951,2.744,2.879,0,0
LEO.V,D,20210725,000000,2.879,2.95,2.729,2.739,0,0
LEO.V,D,20210726,000000,2.739,3.045,2.537,2.791,0,0
LEO.V,D,20210727,000000,2.788,2.91,2.675,2.809,0,0
LEO.V,D,20210728,000000,2.809,3.08,2.703,3.08,0,0
LEO.V,D,20210729,000000,3.08,3.108,2.675,2.828,0,0
LEO.V,D,20210730,000000,2.828,3.004,2.765,3.004,0,0
LEO.V,D,20210731,000000,3.004,3.075,3.003,3.056,0,0
LEO.V,D,20210801,000000,3.056,3.084,2.923,3.083,0,0
LEO.V,D,20210802,000000,3.084,3.139,2.866,3.097,0,0
LEO.V,D,20210803,000000,3.097,3.1,2.98,3.009,0,0
LEO.V,D,20210804,000000,3.009,3.042,2.984,3.01,0,0
LEO.V,D,20210805,000000,3.01,3.058,2.98,3.007,0,0
LEO.V,D,20210806,000000,2.989,3.089,2.986,3.001,0,0
LEO.V,D,20210807,000000,2.998,3.055,2.973,2.997,0,0
LEO.V,D,20210808,000000,2.997,3.07,2.954,2.988,0,0
LEO.V,D,20210809,000000,2.989,3.02,2.685,2.992,0,0
LEO.V,D,20210810,000000,2.992,2.997,2.852,2.995,0,0
LEO.V,D,20210811,000000,2.995,3.01,2.9,3.003,0,0
LEO.V,D,20210812,000000,3.006,3.01,2.83,2.935,0,0
LEO.V,D,20210813,000000,2.935,3.01,2.933,2.975,0,0
LEO.V,D,20210814,000000,2.975,3.01,2.957,3.003,0,0
LEO.V,D,20210815,000000,2.998,3.009,2.983,3.002,0,0
LEO.V,D,20210816,000000,3.002,3.026,2.951,2.982,0,0
LEO.V,D,20210817,000000,3.005,3.03,2.942,2.98,0,0
LEO.V,D,20210818,000000,2.98,2.98,2.925,2.98,0,0
LEO.V,D,20210819,000000,2.98,2.98,2.934,2.98,0,0
LEO.V,D,20210820,000000,2.98,3.025,2.927,2.95,0,0
LEO.V,D,20210821,000000,2.95,3.025,2.95,2.985,0,0
LEO.V,D,20210822,000000,2.998,3.02,2.951,2.97,0,0
LEO.V,D,20210823,000000,2.97,3.024,2.97,3.005,0,0
LEO.V,D,20210824,000000,3.005,3.035,2.884,2.89,0,0
LEO.V,D,20210825,000000,2.889,3.01,2.864,2.946,0,0
LEO.V,D,20210826,000000,2.946,3.026,2.9,2.943,0,0
LEO.V,D,20210827,000000,2.943,3.022,2.942,3,0,0
LEO.V,D,20210828,000000,3,3.01,2.962,3.008,0,0
LEO.V,D,20210829,000000,3.009,3.01,2.9,2.965,0,0
LEO.V,D,20210830,000000,2.965,3.01,2.95,3.008,0,0
LEO.V,D,20210831,000000,3.008,3.01,2.899,2.95,0,0
LEO.V,D,20210901,000000,2.95,2.96,2.84,2.958,0,0
LEO.V,D,20210902,000000,2.958,2.96,2.865,2.955,0,0
LEO.V,D,20210903,000000,2.955,3.001,2.918,3.001,0,0
LEO.V,D,20210904,000000,3.001,3.009,2.985,2.998,0,0
LEO.V,D,20210905,000000,2.998,3.01,2.89,2.959,0,0
LEO.V,D,20210906,000000,2.959,3.14,2.903,3.1,0,0
LEO.V,D,20210907,000000,3.1,3.195,2.9,3.183,0,0
LEO.V,D,20210908,000000,3.183,3.194,3.055,3.107,0,0
LEO.V,D,20210909,000000,3.107,3.155,3.062,3.138,0,0
LEO.V,D,20210910,000000,3.138,3.138,2.982,3.029,0,0
LEO.V,D,20210911,000000,3.031,3.06,3.005,3.06,0,0
LEO.V,D,20210912,000000,3.06,3.06,3.005,3.012,0,0
LEO.V,D,20210913,000000,3.012,3.058,3.007,3.033,0,0
LEO.V,D,20210914,000000,3.033,3.06,3,3.06,0,0
LEO.V,D,20210915,000000,3.06,3.194,3.057,3.127,0,0
LEO.V,D,20210916,000000,3.127,3.195,3.098,3.102,0,0
LEO.V,D,20210917,000000,3.102,3.116,2.968,3.086,0,0
LEO.V,D,20210918,000000,3.086,3.178,3.02,3.123,0,0
LEO.V,D,20210919,000000,3.123,3.15,2.995,3.02,0,0
LEO.V,D,20210920,000000,3.02,3.115,2.968,2.988,0,0
LEO.V,D,20210921,000000,2.988,3.043,2.968,3.031,0,0
LEO.V,D,20210922,000000,3.031,3.043,3,3.039,0,0
LEO.V,D,20210923,000000,3.039,3.04,2.971,3.019,0,0
LEO.V,D,20210924,000000,3.018,3.026,2.9,2.941,0,0
LEO.V,D,20210925,000000,2.941,2.979,2.828,2.828,0,0
LEO.V,D,20210926,000000,2.826,2.918,2.8,2.8,0,0
LEO.V,D,20210927,000000,2.8,2.87,2.7,2.737,0,0
LEO.V,D,20210928,000000,2.737,2.777,2.675,2.693,0,0
LEO.V,D,20210929,000000,2.716,2.939,2.675,2.919,0,0
LEO.V,D,20210930,000000,2.939,3,2.749,2.839,0,0
LEO.V,D,20211001,000000,2.829,2.954,2.817,2.9,0,0
LEO.V,D,20211002,000000,2.906,2.957,2.894,2.936,0,0
LEO.V,D,20211003,000000,2.936,2.971,2.885,2.942,0,0
LEO.V,D,20211004,000000,2.942,2.967,2.882,2.901,0,0
LEO.V,D,20211005,000000,2.897,2.965,2.894,2.954,0,0
LEO.V,D,20211006,000000,2.965,2.965,2.896,2.907,0,0
LEO.V,D,20211007,000000,2.915,2.965,2.87,2.901,0,0
LEO.V,D,20211008,000000,2.906,2.919,2.767,2.78,0,0
LEO.V,D,20211009,000000,2.776,2.85,2.772,2.845,0,0
LEO.V,D,20211010,000000,2.829,2.891,2.77,2.773,0,0
LEO.V,D,20211011,000000,2.775,2.787,2.728,2.756,0,0
LEO.V,D,20211012,000000,2.744,2.82,2.741,2.819,0,0
LEO.V,D,20211013,000000,2.819,2.825,2.761,2.825,0,0
LEO.V,D,20211014,000000,2.825,2.825,2.672,2.696,0,0
LEO.V,D,20211015,000000,2.683,2.975,2.626,2.967,0,0
LEO.V,D,20211016,000000,2.955,2.975,2.84,2.897,0,0
LEO.V,D,20211017,000000,2.902,2.943,2.858,2.938,0,0
LEO.V,D,20211018,000000,2.938,2.968,2.861,2.95,0,0
LEO.V,D,20211019,000000,2.946,2.99,2.861,2.984,0,0
LEO.V,D,20211020,000000,2.984,3.153,2.896,3.142,0,0
LEO.V,D,20211021,000000,3.153,3.358,3.022,3.226,0,0
LEO.V,D,20211022,000000,3.24,3.395,3.184,3.395,0,0
LEO.V,D,20211023,000000,3.399,3.48,3.342,3.342,0,0
LEO.V,D,20211024,000000,3.342,3.355,3.041,3.281,0,0
LEO.V,D,20211025,000000,3.266,3.287,3.148,3.26,0,0
LEO.V,D,20211026,000000,3.26,3.38,3.252,3.326,0,0
LEO.V,D,20211027,000000,3.331,3.43,3.164,3.173,0,0
LEO.V,D,20211028,000000,3.176,3.241,3.123,3.235,0,0
LEO.V,D,20211029,000000,3.241,3.364,3.123,3.306,0,0
LEO.V,D,20211030,000000,3.319,3.32,3.146,3.314,0,0
LEO.V,D,20211031,000000,3.312,3.35,3.242,3.335,0,0
LEO.V,D,20211101,000000,3.34,3.4,3.31,3.313,0,0
LEO.V,D,20211102,000000,3.32,3.37,3.31,3.347,0,0
LEO.V,D,20211103,000000,3.349,3.42,3.317,3.397,0,0
LEO.V,D,20211104,000000,3.397,3.43,3.27,3.287,0,0
LEO.V,D,20211105,000000,3.292,3.33,3.134,3.174,0,0
LEO.V,D,20211106,000000,3.174,3.33,3.169,3.242,0,0
LEO.V,D,20211107,000000,3.243,3.3,3.2,3.3,0,0
LEO.V,D,20211108,000000,3.292,3.35,3.221,3.233,0,0
LEO.V,D,20211109,000000,3.231,3.36,3.223,3.343,0,0
LEO.V,D,20211110,000000,3.344,3.479,3.25,3.479,0,0
LEO.V,D,20211111,000000,3.478,3.51,3.23,3.23,0,0
LEO.V,D,20211112,000000,3.23,3.238,3.12,3.12,0,0
LEO.V,D,20211113,000000,3.12,3.12,2.814,2.814,0,0
LEO.V,D,20211114,000000,2.813,2.947,2.684,2.909,0,0
LEO.V,D,20211115,000000,2.906,3,2.906,2.99,0,0
LEO.V,D,20211116,000000,2.99,3.15,2.921,3.071,0,0
LEO.V,D,20211117,000000,3.071,3.159,3.021,3.155,0,0
LEO.V,D,20211118,000000,3.155,3.165,3.056,3.152,0,0
LEO.V,D,20211119,000000,3.13,3.23,3.13,3.195,0,0
LEO.V,D,20211120,000000,3.184,3.23,3.133,3.208,0,0
LEO.V,D,20211121,000000,3.208,3.341,3.192,3.341,0,0
LEO.V,D,20211122,000000,3.321,3.53,3.28,3.471,0,0
LEO.V,D,20211123,000000,3.472,3.5302,3.3078,3.3297,0,0
LEO.V,D,20211124,000000,3.3173,3.4977,3.2306,3.2587,0,0
LEO.V,D,20211125,000000,3.2589,3.4296,3.1014,3.1106,0,0
LEO.V,D,20211126,000000,3.1122,3.1701,3.1105,3.158,0,0
LEO.V,D,20211127,000000,3.158,3.3,3.12,3.146,0,0
LEO.V,D,20211128,000000,3.1269,3.4054,3.1202,3.3883,0,0
LEO.V,D,20211129,000000,3.3974,3.4821,3.3021,3.3314,0,0
LEO.V,D,20211130,000000,3.3126,3.4912,3.2357,3.3646,0,0
LEO.V,D,20211201,000000,3.3656,3.5417,3.28,3.3164,0,0
LEO.V,D,20211202,000000,3.3164,3.55,3.2801,3.4752,0,0
LEO.V,D,20211203,000000,3.4749,3.6068,3.3483,3.3483,0,0
LEO.V,D,20211204,000000,3.3434,3.6803,3.2,3.597,0,0
LEO.V,D,20211205,000000,3.5632,3.7259,3.3311,3.6743,0,0
LEO.V,D,20211206,000000,3.6743,3.6814,3.3628,3.6229,0,0
LEO.V,D,20211207,000000,3.6228,3.7,3.5166,3.6362,0,0
LEO.V,D,20211208,000000,3.6334,3.7006,3.5671,3.5898,0,0
LEO.V,D,20211209,000000,3.5819,3.7022,3.5704,3.7021,0,0
LEO.V,D,20211210,000000,3.7021,3.7168,3.6666,3.7106,0,0
LEO.V,D,20211211,000000,3.7106,3.7411,3.6842,3.7243,0,0
LEO.V,D,20211212,000000,3.7243,3.7362,3.61,3.7121,0,0
LEO.V,D,20211213,000000,3.7139,3.738,3.6004,3.619,0,0
LEO.V,D,20211214,000000,3.6201,3.6384,3.4,3.4808,0,0
LEO.V,D,20211215,000000,3.481,3.51311,3.35268,3.5001,0,0
LEO.V,D,20211216,000000,3.5001,3.69922,3.48074,3.63109,0,0
LEO.V,D,20211217,000000,3.63109,3.65546,3.46504,3.59144,0,0
LEO.V,D,20211218,000000,3.57843,3.59344,3.42437,3.51641,0,0
LEO.V,D,20211219,000000,3.51641,3.58279,3.44203,3.44772,0,0
LEO.V,D,20211220,000000,3.45738,3.64546,3.44269,3.57907,0,0
LEO.V,D,20211221,000000,3.57907,3.7515,3.5104,3.67047,0,0
LEO.V,D,20211222,000000,3.67047,3.7435,3.5776,3.63282,0,0
LEO.V,D,20211223,000000,3.63145,3.7445,3.56707,3.63545,0,0
LEO.V,D,20211224,000000,3.63545,3.66583,3.56878,3.5928,0,0
LEO.V,D,20211225,000000,3.5757,3.69158,3.55342,3.55442,0,0
LEO.V,D,20211226,000000,3.55378,3.58379,3.47674,3.55542,439884,0
LEO.V,D,20211227,000000,3.57379,3.6108,3.45504,3.47004,1099343,0
LEO.V,D,20211228,000000,3.4791,3.6004,3.404,3.5876,990405,0
LEO.V,D,20211229,000000,3.5876,3.7406,3.55771,3.7405,839618,0
LEO.V,D,20211230,000000,3.7405,3.8138,3.7254,3.8114,651241,0
LEO.V,D,20211231,000000,3.76275,4.44544,3.70737,3.76638,1055973.760371,0
LEO.V,D,20220101,000000,3.76638,3.88939,3.737,3.80876,523692.08678426,0
LEO.V,D,20220102,000000,3.83777,3.86377,3.75975,3.78276,543011.24485746,0
LEO.V,D,20220103,000000,3.7903,3.8244,3.763,3.7841,547428.70504315,0
LEO.V,D,20220104,000000,3.785,3.835,3.74063,3.782,591528.26199355,0
LEO.V,D,20220105,000000,3.77624,3.85039,3.751,3.79062,661923.73725658,0
LEO.V,D,20220106,000000,3.797,3.818,3.72876,3.75762,864939.71958531,0
LEO.V,D,20220107,000000,3.75362,3.8529,3.5364,3.5667,951476.99929598,0
LEO.V,D,20220108,000000,3.5667,3.739,3.53265,3.738,605041.26356538,0
LEO.V,D,20220109,000000,3.753,3.857,3.70963,3.76662,591419.50657089,0
LEO.V,D,20220110,000000,3.75762,3.77962,3.667,3.732,558111.35981535,0
LEO.V,D,20220111,000000,3.738,3.792,3.66837,3.73437,496511.88651129,0
LEO.V,D,20220112,000000,3.73437,3.86193,3.70537,3.84654,714985.49428359,0
LEO.V,D,20220113,000000,3.85454,3.87093,3.80152,3.81853,798875.48368362,0
LEO.V,D,20220114,000000,3.81553,3.83992,3.75488,3.79352,610193.68717404,0
LEO.V,D,20220115,000000,3.79552,3.84054,3.70479,3.76988,438253.18900809,0
LEO.V,D,20220116,000000,3.7805,3.8327,3.71849,3.76751,449851.47031883,0
LEO.V,D,20220117,000000,3.77213,3.85654,3.71549,3.76651,488186.89720968,0
LEO.V,D,20220118,000000,3.76513,3.81953,3.6811,3.68247,600807.0921509,0
LEO.V,D,20220119,000000,3.69548,3.71711,3.41502,3.6541,530994.38865657,0
LEO.V,D,20220120,000000,3.64009,3.73675,3.62409,3.73675,531605.72600731,0
LEO.V,D,20220121,000000,3.72574,3.80576,3.4997,3.55006,816852.87180121,0
LEO.V,D,20220122,000000,3.5237,3.5828,3.3376,3.557,949568.43822883,0
LEO.V,D,20220123,000000,3.5513,3.6529,3.5191,3.5191,890868.46843104,0
LEO.V,D,20220124,000000,3.523,3.5906,3.4434,3.519,894974.42554568,0
LEO.V,D,20220125,000000,3.5191,3.5358,3.3342,3.4607,806093.68135841,0
LEO.V,D,20220126,000000,3.4612,3.5807,3.3923,3.545,721200.20672847,0
LEO.V,D,20220127,000000,3.5477,3.5735,3.4531,3.4761,862327.43770104,0
LEO.V,D,20220128,000000,3.4768,3.4812,3.394,3.4618,819957.99341628,0
LEO.V,D,20220129,000000,3.4619,3.489,3.3687,3.4698,656031.67664633,0
LEO.V,D,20220130,000000,3.4698,3.5454,3.4683,3.5399,604990.7453431,0
LEO.V,D,20220131,000000,3.5454,3.7104,3.3636,3.6932,755441.24110225,0
LEO.V,D,20220201,000000,3.6931,4.2356,3.679,4.2209,647476.47151708,0
LEO.V,D,20220202,000000,4.2209,4.5681,3.9759,4.1254,760886.2651947,0
LEO.V,D,20220203,000000,4.1191,4.1778,3.9448,4.1061,668136.91417127,0
LEO.V,D,20220204,000000,4.10964,5.8029,4.08245,5.19115,781395.02775886,0
LEO.V,D,20220205,000000,5.19015,5.21765,4.76633,4.79936,772246.26052352,0
LEO.V,D,20220206,000000,4.7868,5.218,4.505,5.1354,535119.66405312,0
LEO.V,D,20220207,000000,5.1196,5.3481,4.8402,4.8519,583482.90401731,0
LEO.V,D,20220208,000000,4.86689,8.3181,4.7945,6.8,2590524.395516,0
LEO.V,D,20220209,000000,6.775,7.9411,6.6282,7.0243,1635736.4162987,0
LEO.V,D,20220210,000000,7.03002,7.11511,6.07886,6.10527,787335.23698283,0
LEO.V,D,20220211,000000,6.12567,6.51225,5.90118,6.12784,93800.107837764,0
LEO.V,D,20220212,000000,6.1463,6.19795,5.71686,5.91596,65312.912614238,0
LEO.V,D,20220213,000000,5.91555,5.95898,5.8019,5.85951,35254.379290702,0
LEO.V,D,20220214,000000,5.8294,5.9493,5.7655,5.8152,59925.521284354,0
LEO.V,D,20220215,000000,5.8208,6.3399,5.8017,5.9467,102912.80626979,0
LEO.V,D,20220216,000000,5.9444,5.9799,5.72,5.8976,102737.03960396,0
LEO.V,D,20220217,000000,5.8905,5.8999,5.5001,5.535,55044.525247721,0
LEO.V,D,20220218,000000,5.5368,5.6969,5.5033,5.6299,40783.602026209,0
LEO.V,D,20220219,000000,5.59636,5.7885,5.56678,5.7854,36483.276858663,0
LEO.V,D,20220220,000000,5.7845,5.8334,5.6536,5.7463,32963.317362895,0
LEO.V,D,20220221,000000,5.75,5.9999,5.7249,5.8798,37734.142833712,0
LEO.V,D,20220222,000000,5.8798,5.887,5.7492,5.8234,13505.0757311,0
LEO.V,D,20220223,000000,5.8228,6.3389,5.8066,6.0971,139453.19894125,0
LEO.V,D,20220224,000000,6.0966,6.1799,5.3203,5.6854,113285.75901266,0
LEO.V,D,20220225,000000,5.694,5.8926,5.6602,5.8926,13098.747110141,0
LEO.V,D,20220226,000000,5.88235,6.08604,5.86134,6.0144,10392.502177458,0
LEO.V,D,20220227,000000,6.008,6.09705,5.89795,5.95138,13595.515346463,0
LEO.V,D,20220228,000000,5.96298,6.06103,5.68284,5.84492,44388.900685734,0
LEO.V,D,20220301,000000,5.85634,6.02901,5.66283,5.9481,114337.19234964,0
LEO.V,D,20220302,000000,5.9481,5.9542,5.7489,5.9314,18643.469925633,0
LEO.V,D,20220303,000000,5.9313,5.9364,5.5711,5.6114,32679.450802526,0
LEO.V,D,20220304,000000,5.6124,5.9241,5.5138,5.5276,53445.096392952,0
LEO.V,D,20220305,000000,5.5276,5.5297,5.3253,5.3541,31188.028919866,0
LEO.V,D,20220306,000000,5.3542,5.3775,5.3342,5.3569,11774.866551706,0
LEO.V,D,20220307,000000,5.3501,5.46664,5.24857,5.39862,24918.080412173,0
LEO.V,D,20220308,000000,5.41562,5.66913,5.3226,5.60912,13679.510229197,0
LEO.V,D,20220309,000000,5.63713,5.86317,5.55911,5.74857,17080.612164622,0
LEO.V,D,20220310,000000,5.73515,5.80416,5.64426,5.78031,11043.586321364,0
LEO.V,D,20220311,000000,5.8499,5.8575,5.8381,5.8514,802.2682379343,0
LEO.V,D,20220312,000000,5.8472,5.8575,5.8149,5.84,7087.9003567153,0
LEO.V,D,20220313,000000,5.8262,5.8575,5.8036,5.8265,6824.9525255046,0
LEO.V,D,20220314,000000,5.8398,5.8547,5.767,5.84,16125.793915882,0
LEO.V,D,20220315,000000,5.8697,5.9236,5.8407,5.8867,13438.699986355,0
LEO.V,D,20220316,000000,5.8851,6.0308,5.8652,6.0238,16130.866569603,0
LEO.V,D,20220317,000000,6.0064,6.25,5.9511,6.2335,43910.578261477,0
LEO.V,D,20220318,000000,6.2294,6.26048,5.98,6.0953,34433.485029808,0
LEO.V,D,20220319,000000,6.0941,6.2447,5.9882,6.0359,22879.257449552,0
LEO.V,D,20220320,000000,6.019,6.0665,5.9717,6.0527,8472.2097135717,0
LEO.V,D,20220321,000000,6.0535,6.184,6.0341,6.1536,11589.616461168,0
LEO.V,D,20220322,000000,6.1536,6.2253,5.9893,6.1958,21131.901347838,0
LEO.V,D,20220323,000000,6.1958,6.2011,5.9589,6.02,15155.1039536,0
LEO.V,D,20220324,000000,6.02,6.1277,5.9293,6.0151,20728.430678853,0
LEO.V,D,20220325,000000,6.0152,6.0212,5.6725,5.92,37836.867005818,0
LEO.V,D,20220326,000000,5.9285,5.96438,5.76688,5.80132,13607.660868507,0
LEO.V,D,20220327,000000,5.8109,6.06442,5.7573,6.06442,12351.207323552,0
LEO.V,D,20220328,000000,6.06543,6.15146,5.90477,6.13145,39666.175353083,0
LEO.V,D,20220329,000000,6.1101,6.1321,5.948,5.948,19275.68687107,0
LEO.V,D,20220330,000000,5.90295,6.12084,5.80632,6.0252,10669.181427106,0
LEO.V,D,20220331,000000,6.02481,6.10083,5.78816,5.81074,12838.57796248,0
LEO.V,D,20220401,000000,5.81916,6.0314,5.7295,5.9889,16244.829592985,0
LEO.V,D,20220402,000000,5.9892,6.0771,5.8995,6.0199,11728.907430804,0
LEO.V,D,20220403,000000,6.0212,6.12,5.8889,5.9846,18591.505056473,0
LEO.V,D,20220404,000000,5.9893,6.0661,5.8964,6.004,16740.294150844,0
LEO.V,D,20220405,000000,5.99,6.1099,5.8056,5.81,11612.731537149,0
LEO.V,D,20220406,000000,5.8,6.0942,5.76,5.768,32915.70258503,0
LEO.V,D,20220407,000000,5.7743,5.8804,5.76,5.8461,25603.397907412,0
LEO.V,D,20220408,000000,5.8461,5.9848,5.7704,5.8676,33044.568613312,0
LEO.V,D,20220409,000000,5.8739,5.8869,5.8336,5.874,7917.6519557423,0
LEO.V,D,20220410,000000,5.8736,6.0063,5.8511,5.9601,13851.162551413,0
LEO.V,D,20220411,000000,5.968,5.9964,5.7117,5.7517,18710.968843734,0
LEO.V,D,20220412,000000,5.74,5.9591,5.4713,5.7102,25754.271588916,0
LEO.V,D,20220413,000000,5.7107,6.07,5.6175,5.69,72795.145160487,0
LEO.V,D,20220414,000000,5.6814,5.8283,5.67,5.7741,21077.383856993,0
LEO.V,D,20220415,000000,5.7702,5.95,5.7249,5.8026,76321.625578031,0
LEO.V,D,20220416,000000,5.8025,5.9009,5.7661,5.8831,27268.229330032,0
LEO.V,D,20220417,000000,5.8809,5.8953,5.76,5.8075,14456.663724899,0
LEO.V,D,20220418,000000,5.8105,6.0045,5.8,5.9116,29334.213223546,0
LEO.V,D,20220419,000000,5.9156,6.0106,5.5476,5.8752,34810.855893168,0
LEO.V,D,20220420,000000,5.873,5.9709,5.8391,5.9439,16938.012893757,0
LEO.V,D,20220421,000000,5.952,6.0263,5.9,5.9872,24649.449884218,0
LEO.V,D,20220422,000000,5.988,6.0284,5.8403,5.8669,19061.895380541,0
LEO.V,D,20220423,000000,5.8688,5.8949,5.7782,5.8556,21863.702897311,0
LEO.V,D,20220424,000000,5.8515,5.9314,5.8262,5.84,15952.806161114,0
LEO.V,D,20220425,000000,5.8401,5.9762,5.8305,5.9645,22595.739450313,0
LEO.V,D,20220426,000000,5.9579,6.0075,5.806,5.8273,32400.059133622,0
LEO.V,D,20220427,000000,5.83,5.8499,5.703,5.8051,14635.208181374,0
LEO.V,D,20220428,000000,5.75458,5.81258,5.678,5.7145,72150.026681317,0
LEO.V,D,20220429,000000,5.7164,5.7974,5.6983,5.7345,21716.698247265,0
LEO.V,D,20220430,000000,5.732,5.7558,5.6265,5.6567,30725.513898006,0
LEO.V,D,20220501,000000,5.6503,5.6994,5.479,5.5436,20425.497479069,0
LEO.V,D,20220502,000000,5.5385,5.7561,5.4578,5.7522,29695.423959833,0
LEO.V,D,20220503,000000,5.7546,5.7923,5.6066,5.625,29603.35279509,0
LEO.V,D,20220504,000000,5.6217,5.7096,5.5311,5.6395,46784.237290527,0
LEO.V,D,20220505,000000,5.6366,5.6985,5.0683,5.1262,125099.9760605,0
LEO.V,D,20220506,000000,5.1252,5.4167,5.0671,5.3913,23521.535619569,0
LEO.V,D,20220507,000000,5.3914,5.4337,5.2173,5.2721,18520.976011596,0
LEO.V,D,20220508,000000,5.24695,5.41038,5.17345,5.37339,15512.940127373,0
LEO.V,D,20220509,000000,5.37539,5.44491,5.15697,5.17745,52193.781030709,0
LEO.V,D,20220510,000000,5.17945,5.46545,5.07648,5.35086,41776.792019263,0
LEO.V,D,20220511,000000,5.36385,5.6792,5.1272,5.1667,144126.88333527,0
LEO.V,D,20220512,000000,5.1667,5.3116,4.9611,5.0498,106146.89406923,0
LEO.V,D,20220513,000000,5.029,5.2,4.9369,5.0365,74256.7463405911,0
LEO.V,D,20220514,000000,5.022,5.0492,4.9838,4.9973,32382.725302948995,0
LEO.V,D,20220515,000000,4.9964,5.0381,4.9087,4.9948,22403.35759608683,0
LEO.V,D,20220516,000000,4.9913,5.0298,4.869,4.9354,46447.2197502726,0
LEO.V,D,20220517,000000,4.9355,4.9854,4.8603,4.9732,25069.684453790283,0
LEO.V,D,20220518,000000,4.95305,5.17227,4.90812,4.9196,39387.92708479988,0
LEO.V,D,20220519,000000,4.9106,5.1899,4.8929,4.9661,34652.01447377486,0
LEO.V,D,20220520,000000,4.9764,5.1786,4.9336,5.0046,36349.46184727716,0
LEO.V,D,20220521,000000,5.0149,5.02,4.8225,4.9056,59968.17373318605,0
LEO.V,D,20220522,000000,4.9107,4.9194,4.8816,4.9052,14512.852017491787,0
LEO.V,D,20220523,000000,4.87714,5.10686,4.85565,4.87115,30887.67878921102,0
LEO.V,D,20220524,000000,4.87263,4.93457,4.77474,4.8824,38451.07440462906,0
LEO.V,D,20220525,000000,4.8805,5.06,4.8595,4.8866,30824.26367863186,0
LEO.V,D,20220526,000000,4.86764,4.9843,4.81422,4.8805,22136.095029759,0
LEO.V,D,20220527,000000,4.8857,4.90853,4.794,4.85914,18590.624629343674,0
LEO.V,D,20220528,000000,4.85042,5.0589,4.8369,5.0503,25560.35518890916,0
LEO.V,D,20220529,000000,5.035,5.06043,5.01343,5.04444,18236.218544615156,0
LEO.V,D,20220530,000000,5.04734,5.2446,5.04644,5.2313,34044.40102996823,0
LEO.V,D,20220531,000000,5.2313,5.3517,5.2313,5.333,21384.800743235206,0
LEO.V,D,20220601,000000,5.3356,5.414,4.9116,4.9281,44767.4459741526,0
LEO.V,D,20220602,000000,4.9166,4.93,4.84,4.9297,16744.687152042003,0
LEO.V,D,20220603,000000,4.93,4.93,4.8349,4.8608,13989.412359526123,0
LEO.V,D,20220604,000000,4.8602,4.9606,4.8225,4.934,24956.756725792588,0
LEO.V,D,20220605,000000,4.97352,5.0937,4.96353,5.0621,32024.4016608564,0
LEO.V,D,20220606,000000,5.0794,5.3727,5.0001,5.1004,75146.44379635704,0
LEO.V,D,20220607,000000,5.109,5.3074,5.1036,5.2974,75504.10686494038,0
LEO.V,D,20220608,000000,5.2942,5.379,5.2766,5.3619,17569.23895332256,0
LEO.V,D,20220609,000000,5.3546,5.4272,5.3495,5.41645,19046.60582186686,0
LEO.V,D,20220610,000000,5.4124,5.51542,5.4054,5.4671,72438.81583451928,0
LEO.V,D,20220611,000000,5.46805,5.55205,5.4423,5.50677,16145.897509010432,0
LEO.V,D,20220612,000000,5.51182,5.51615,5.43992,5.49024,22168.52018612478,0
LEO.V,D,20220613,000000,5.5138,5.5817,5.05197,5.07893,648844.0344723727,0
LEO.V,D,20220614,000000,5.13186,5.40022,5.13186,5.31362,698171.9819852835,0
LEO.V,D,20220615,000000,5.31267,5.35593,4.95627,4.9845,1614509.7048345923,0
LEO.V,D,20220616,000000,4.9845,5.0492,4.9712,5.00299,197922.8799891841,0
LEO.V,D,20220617,000000,5.01118,5.05043,4.9713,5.01602,676218.821240769,0
LEO.V,D,20220618,000000,5.01797,5.03705,4.30853,4.97992,1609382.0068377447,0
LEO.V,D,20220619,000000,4.98291,5.1753,4.90617,5.1636,309654.1325045364,0
LEO.V,D,20220620,000000,5.1636,5.4399,5.151,5.4199,37339.14667690668,0
LEO.V,D,20220621,000000,5.4199,5.6195,5.4044,5.6149,41176.34593700213,0
LEO.V,D,20220622,000000,5.617,5.9659,5.6108,5.82,91949.5780922913,0
LEO.V,D,20220623,000000,5.82,6,5.8063,5.8475,63358.34966490014,0
LEO.V,D,20220624,000000,5.8475,5.90709,5.78784,5.86536,133344.81616718424,0
LEO.V,D,20220625,000000,5.85614,5.93502,5.84015,5.87189,103930.67188331892,0
LEO.V,D,20220626,000000,5.87488,5.98946,5.87001,5.8904,557138.8911405898,0
LEO.V,D,20220627,000000,5.8934,5.97204,5.77357,5.78779,16472.844340395877,0
LEO.V,D,20220628,000000,5.77845,5.85132,5.72538,5.75192,31558.33134987368,0
LEO.V,D,20220629,000000,5.75685,6.06156,5.728,5.91384,121324.9050704898,0
LEO.V,D,20220630,000000,5.91589,6.0385,5.6406,5.76907,249641.02998246494,0
LEO.V,D,20220701,000000,5.7497,6.2217,5.6835,5.8452,121271.02980902168,0
LEO.V,D,20220702,000000,5.85655,6.05173,5.64322,5.65321,149996.90440132396,0
LEO.V,D,20220703,000000,5.65121,5.94486,5.62225,5.72155,170120.842917776,0
LEO.V,D,20220704,000000,5.71955,5.9109,5.70857,5.75209,24953.748593295477,0
LEO.V,D,20220705,000000,5.69273,5.73468,5.58785,5.7247,15722.879537648678,0
LEO.V,D,20220706,000000,5.7247,5.95344,5.7217,5.82558,49216.1520489128,0
LEO.V,D,20220707,000000,5.81659,5.9894,5.76696,5.76854,14471.240697037205,0
LEO.V,D,20220708,000000,5.78053,5.83633,5.67203,5.70957,28126.936832572468,0
LEO.V,D,20220709,000000,5.70458,5.79852,5.69058,5.69458,29144.561056206807,0
LEO.V,D,20220710,000000,5.707,5.88488,5.61963,5.63262,41894.23001652625,0
LEO.V,D,20220711,000000,5.63362,5.6676,5.36271,5.3936,54366.47755609964,0
LEO.V,D,20220712,000000,5.38115,5.44855,5.33965,5.38161,41392.22078839433,0
LEO.V,D,20220713,000000,5.37378,5.47252,5.31068,5.35618,79911.77860488574,0
LEO.V,D,20220714,000000,5.35618,5.50669,5.21678,5.37078,52547.752847510455,0
LEO.V,D,20220715,000000,5.37577,5.55267,5.25085,5.29541,59965.2105667375,0
LEO.V,D,20220716,000000,5.29041,5.41192,5.25842,5.40738,15433.259748224458,0
LEO.V,D,20220717,000000,5.39192,5.62727,5.20954,5.34461,45534.65826139324,0
LEO.V,D,20220718,000000,5.33756,5.39562,5.20818,5.35077,27736.98261746709,0
LEO.V,D,20220719,000000,5.34577,5.4458,5.18584,5.22184,46271.17093728274,0
LEO.V,D,20220720,000000,5.218,5.4182,5.202,5.2498,38248.304855011665,0
LEO.V,D,20220721,000000,5.2528,5.4068,5.2204,5.3801,37815.910911946856,0
LEO.V,D,20220722,000000,5.36034,5.49488,5.32527,5.43814,19568.29597164146,0
LEO.V,D,20220723,000000,5.441,5.54333,5.20226,5.21804,25686.11052151851,0
LEO.V,D,20220724,000000,5.21699,5.32095,5.16026,5.19804,24744.8099829103,0
LEO.V,D,20220725,000000,5.19199,5.21952,5.06135,5.10346,26106.21305716934,0
LEO.V,D,20220726,000000,5.10346,5.11977,4.95764,5.08276,59806.142493470754,0
LEO.V,D,20220727,000000,5.08176,5.18676,5.01085,5.16024,19510.954833905926,0
LEO.V,D,20220728,000000,5.15024,5.32117,5.07605,5.30906,32460.694205482265,0
LEO.V,D,20220729,000000,5.30338,5.34073,5.09527,5.14811,27807.646530967555,0
LEO.V,D,20220730,000000,5.15511,5.18007,5.07147,5.09673,32542.735356561523,0
LEO.V,D,20220731,000000,5.10353,5.14003,4.99235,5.01115,33885.49024951404,0
LEO.V,D,20220801,000000,5.0095,5.1715,4.99415,5.14854,26919.825429802866,0
LEO.V,D,20220802,000000,5.14054,5.33603,4.98935,5.04891,52667.03964093672,0
LEO.V,D,20220803,000000,5.0471,5.05916,4.98125,5.02921,49962.096877384196,0
LEO.V,D,20220804,000000,5.02236,5.11143,4.98105,5.0072,69434.6598866149,0
LEO.V,D,20220805,000000,5.01215,5.05956,4.94305,4.99195,46965.59459393803,0
LEO.V,D,20220806,000000,4.98895,5.07061,4.94604,4.96209,38514.70504810817,0
LEO.V,D,20220807,000000,4.96409,5.05476,4.91188,4.91893,34326.12505870259,0
LEO.V,D,20220808,000000,4.91293,4.94364,4.83416,4.89964,51162.84397653636,0
LEO.V,D,20220809,000000,4.89559,4.89754,4.71408,4.80796,57872.337531178484,0
LEO.V,D,20220810,000000,4.81901,5.04521,4.70136,4.70136,43481.35706846123,0
LEO.V,D,20220811,000000,4.71737,4.8244,4.68792,4.6922,34394.70425210307,0
LEO.V,D,20220812,000000,4.69435,4.81441,4.68988,4.7762,15052.04578866442,0
LEO.V,D,20220813,000000,4.7772,5.00205,4.7772,4.8829,19626.23979488016,0
LEO.V,D,20220814,000000,4.8849,5.14949,4.8768,5.11058,27944.83254962088,0
LEO.V,D,20220815,000000,5.10458,5.37197,5.08948,5.36429,20637.049930308567,0
LEO.V,D,20220816,000000,5.36529,5.44703,5.08492,5.19447,22673.11996599077,0
LEO.V,D,20220817,000000,5.18847,5.42676,5.18526,5.34637,18543.87690517999,0
LEO.V,D,20220818,000000,5.35037,5.37716,5.15126,5.29816,27947.4594776788,0
LEO.V,D,20220819,000000,5.31353,5.331,5.11751,5.24752,19453.036816699016,0
LEO.V,D,20220820,000000,5.24926,5.27826,5.01775,5.07695,16676.2728621789,0
LEO.V,D,20220821,000000,5.0799,5.2061,5.03455,5.17484,13171.377850887531,0
LEO.V,D,20220822,000000,5.17321,5.20516,5.0162,5.06414,13192.671764873365,0
LEO.V,D,20220823,000000,5.06224,5.27516,5.05765,5.271,25152.419853664254,0
LEO.V,D,20220824,000000,5.267,5.36459,5.238,5.29748,17940.58034859019,0
LEO.V,D,20220825,000000,5.29842,5.33895,5.12874,5.14815,29754.057820088823,0
LEO.V,D,20220826,000000,5.14915,5.20142,5.02115,5.10251,21382.469311936817,0
LEO.V,D,20220827,000000,5.09551,5.29358,5.08059,5.1441,14452.748719825171,0
LEO.V,D,20220828,000000,5.1391,5.215,5.13115,5.21,15426.143346812094,0
LEO.V,D,20220829,000000,5.19295,5.30084,5.12774,5.26237,20433.225077213257,0
LEO.V,D,20220830,000000,5.26253,5.4007,5.25774,5.39349,13740.824023146315,0
LEO.V,D,20220831,000000,5.39343,5.80023,5.35859,5.79894,76945.55046531858,0
LEO.V,D,20220901,000000,5.80012,5.86688,5.7016,5.70171,20180.20642362896,0
LEO.V,D,20220902,000000,5.70366,5.70471,5.34427,5.38881,32862.600992412416,0
LEO.V,D,20220903,000000,5.38686,5.424,5.188,5.19752,36738.8172292863,0
LEO.V,D,20220904,000000,5.191,5.242,5.12251,5.234,22028.061144389932,0
LEO.V,D,20220905,000000,5.236,5.31753,5.10351,5.10351,17488.537370685284,0
LEO.V,D,20220906,000000,5.10751,5.113,5.032,5.111,28879.443658939526,0
LEO.V,D,20220907,000000,5.113,5.32375,5.10046,5.15357,53416.13964868361,0
LEO.V,D,20220908,000000,5.15436,5.27853,5.018,5.0208,31065.38598366995,0
LEO.V,D,20220909,000000,5.0257,5.16298,4.96289,5.11069,47408.84491918353,0
LEO.V,D,20220910,000000,5.09083,5.09483,4.94207,4.96394,36999.85428992531,0
LEO.V,D,20220911,000000,4.95994,5.09673,4.95568,5.04026,25481.456805326747,0
LEO.V,D,20220912,000000,5.04126,5.14893,4.95799,4.9959,29758.121006017434,0
LEO.V,D,20220913,000000,5.0005,5.08812,4.93205,4.9441,26008.42235096173,0
LEO.V,D,20220914,000000,4.9431,5.02735,4.73847,4.84726,35024.89262926935,0
LEO.V,D,20220915,000000,4.84726,5.2989,4.83806,4.94851,47199.63773046989,0
LEO.V,D,20220916,000000,4.95365,4.9659,4.82394,4.932,31563.63291607125,0
LEO.V,D,20220917,000000,4.938,5.003,4.92251,4.9895,18499.02315315998,0
LEO.V,D,20220918,000000,4.983,5.185,4.64054,4.644,41898.56480782778,0
LEO.V,D,20220919,000000,4.64254,4.76752,4.604,4.65093,19227.90935643977,0
LEO.V,D,20220920,000000,4.64793,4.72647,4.59446,4.71747,34010.14392766136,0
LEO.V,D,20220921,000000,4.69247,4.88049,4.316,4.321,148017.5775377993,0
LEO.V,D,20220922,000000,4.3257,4.908,4.3,4.907,36506.3447820279,0
LEO.V,D,20220923,000000,4.909,5.194,4.069,4.339,122910.3929190953,0
LEO.V,D,20220924,000000,4.3417,4.54091,4.12759,4.27234,41218.09734935721,0
LEO.V,D,20220925,000000,4.262,4.579,4.08141,4.104,58406.08876615802,0
LEO.V,D,20220926,000000,4.10004,4.23,4.031,4.033,67830.7079710722,0
LEO.V,D,20220927,000000,4.035,4.499,4.031,4.12459,47727.0805394812,0
LEO.V,D,20220928,000000,4.10159,4.2,4.10159,4.115,19226.80488644167,0
LEO.V,D,20220929,000000,4.11259,4.20742,4.10159,4.20542,18607.49596383282,0
LEO.V,D,20220930,000000,4.207,4.68547,4.186,4.331,42245.18610330942,0
LEO.V,D,20221001,000000,4.33,4.336,4.10959,4.11641,47826.728674031336,0
LEO.V,D,20221002,000000,4.122,4.129,4.049,4.085,18810.306889645566,0
LEO.V,D,20221003,000000,4.0923,4.1928,4.0301,4.1661,18131.564917912565,0
LEO.V,D,20221004,000000,4.16783,4.26643,4.08382,4.22827,24649.553571890934,0
LEO.V,D,20221005,000000,4.22527,4.24485,4.11482,4.16842,27393.73250077999,0
LEO.V,D,20221006,000000,4.17179,4.26077,4.06665,4.07073,28827.32577208252,0
LEO.V,D,20221007,000000,4.07161,4.20067,4.04061,4.11745,34060.509560306804,0
LEO.V,D,20221008,000000,4.10953,4.13946,4.06502,4.09198,6571.667191110474,0
LEO.V,D,20221009,000000,4.0613,4.1188,4.054,4.0917,5706.708078839668,0
LEO.V,D,20221010,000000,4.09141,4.135,4.06781,4.07759,18258.97447027594,0
LEO.V,D,20221011,000000,4.089,4.174,4.0213,4.0732,25104.555218248817,0
LEO.V,D,20221012,000000,4.0718,4.1501,4.0529,4.1501,11525.715284177606,0
LEO.V,D,20221013,000000,4.15312,4.23138,4.061,4.23138,32553.49744604984,0
LEO.V,D,20221014,000000,4.21734,4.5348,4.21129,4.4507,43940.43320748164,0
LEO.V,D,20221015,000000,4.4599,4.4731,4.4417,4.4658,18624.750153398592,0
LEO.V,D,20221016,000000,4.46022,4.51295,4.44522,4.48522,13854.051374702076,0
LEO.V,D,20221017,000000,4.48818,4.54855,4.37039,4.50809,27154.049128455725,0
LEO.V,D,20221018,000000,4.50809,4.52014,4.23247,4.28626,41577.52627724602,0
LEO.V,D,20221019,000000,4.29126,4.31709,4.16567,4.167,20415.93894056866,0
LEO.V,D,20221020,000000,4.16896,4.19325,4.05172,4.10655,63291.71180193445,0
LEO.V,D,20221021,000000,4.11271,4.12575,4.04668,4.07329,20714.822252637838,0
LEO.V,D,20221022,000000,4.06828,4.09637,4.04836,4.08933,84306.79502253348,0
LEO.V,D,20221023,000000,4.08533,4.15462,4.08237,4.14454,19907.42248880908,0
LEO.V,D,20221024,000000,4.14454,4.16242,4.03444,4.05312,72464.37841493265,0
LEO.V,D,20221025,000000,4.05716,4.15912,4.04532,4.14937,19506.77008383708,0
LEO.V,D,20221026,000000,4.15337,4.32221,4.14104,4.3012,19199.155891362534,0
LEO.V,D,20221027,000000,4.3042,4.35674,4.27494,4.32326,14308.72782263664,0
LEO.V,D,20221028,000000,4.33126,4.43084,4.30743,4.42388,18827.846831898813,0
LEO.V,D,20221029,000000,4.4201,4.50175,4.41297,4.49503,18887.362939036313,0
LEO.V,D,20221030,000000,4.49203,4.50044,4.46598,4.4779,9390.51183919845,0
LEO.V,D,20221031,000000,4.47089,4.554,4.46898,4.52864,18976.493561635343,0
LEO.V,D,20221101,000000,4.54277,4.6162,4.5198,4.5499,25461.06406008838,0
LEO.V,D,20221102,000000,4.55,4.6858,4.5345,4.64972,13770.783115205768,0
LEO.V,D,20221103,000000,4.64472,4.72976,4.61963,4.674,10886.161919458214,0
LEO.V,D,20221104,000000,4.67795,4.78414,4.2853,4.29534,39640.12299065812,0
LEO.V,D,20221105,000000,4.30434,4.42304,4.2853,4.33522,25008.85056612572,0
LEO.V,D,20221106,000000,4.33617,4.37887,4.15937,4.18729,25264.62031384902,0
LEO.V,D,20221107,000000,4.17533,4.19538,4.11629,4.13754,17408.592738346113,0
LEO.V,D,20221108,000000,4.13924,4.20884,4.08408,4.20758,31698.023347767343,0
LEO.V,D,20221109,000000,4.20625,4.21794,3.26242,4.03165,145251.7540953487,0
LEO.V,D,20221110,000000,4.04332,4.46409,3.84296,3.98448,97078.2313443075,0
LEO.V,D,20221111,000000,3.98707,4.74642,3.78172,3.789,26858.246784882867,0
LEO.V,D,20221112,000000,3.80166,4.01698,3.74325,3.84706,18872.528784409413,0
LEO.V,D,20221113,000000,3.84706,3.95745,3.69907,3.87457,147639.3035948442,0
LEO.V,D,20221114,000000,3.85637,3.93948,3.00309,3.73339,65759.39007122038,0
LEO.V,D,20221115,000000,3.73221,3.83954,3.73089,3.78521,51690.971106697754,0
LEO.V,D,20221116,000000,3.78749,3.84557,3.78138,3.84446,32498.487903353456,0
LEO.V,D,20221117,000000,3.84546,4.03821,3.83689,4.03377,24186.649912045857,0
LEO.V,D,20221118,000000,4.03785,4.25852,4.02378,4.21615,17030.295714409203,0
LEO.V,D,20221119,000000,4.22813,4.27799,4.16787,4.2246,19832.912765217166,0
LEO.V,D,20221120,000000,4.22456,4.34378,4.21419,4.32442,18784.123714117395,0
LEO.V,D,20221121,000000,4.31734,4.49025,3.88129,3.89232,38410.64242950431,0
LEO.V,D,20221122,000000,3.88621,3.89125,3.79794,3.79806,14985.43218068786,0
LEO.V,D,20221123,000000,3.79913,4.24333,3.79798,4.24233,19934.713560486234,0
LEO.V,D,20221124,000000,4.23238,4.24428,4.19939,4.20846,3698.1630232298508,0
LEO.V,D,20221125,000000,4.20938,4.21001,3.85123,3.87683,13613.689396558302,0
LEO.V,D,20221126,000000,3.88728,4.17562,3.8656,4.03462,29284.822635122528,0
LEO.V,D,20221127,000000,4.03666,4.22317,4.02167,4.20939,36702.19597710995,0
LEO.V,D,20221128,000000,4.20735,4.39662,3.80098,3.81751,49563.79918538938,0
LEO.V,D,20221129,000000,3.81755,4.16829,3.76838,3.7806,42790.62943095315,0
LEO.V,D,20221130,000000,3.7726,3.91767,3.76653,3.91023,44827.571587927545,0
LEO.V,D,20221201,000000,3.91031,3.98716,3.81192,3.86123,88288.30093459232,0
LEO.V,D,20221202,000000,3.88123,3.98132,3.7756,3.94612,47856.33988454418,0
LEO.V,D,20221203,000000,3.94624,4.1365,3.78138,3.78638,50990.72155188138,0
LEO.V,D,20221204,000000,3.78438,3.92278,3.77113,3.83177,38250.46522789281,0
LEO.V,D,20221205,000000,3.81976,3.9612,3.77676,3.79408,63584.69833832846,0
LEO.V,D,20221206,000000,3.80808,3.92939,3.79004,3.83192,41204.7493288653,0
LEO.V,D,20221207,000000,3.833,3.91504,3.77111,3.79704,30872.925513870858,0
LEO.V,D,20221208,000000,3.798,3.84392,3.77092,3.83127,31385.197075558364,0
LEO.V,D,20221209,000000,3.82827,3.83731,3.75111,3.75511,51262.244644790124,0
LEO.V,D,20221210,000000,3.75511,3.78804,3.72996,3.74593,33272.921881356524,0
LEO.V,D,20221211,000000,3.74593,3.79176,3.72496,3.77638,56866.69378519765,0
LEO.V,D,20221212,000000,3.77475,3.86404,3.70637,3.72233,46171.2064776749,0
LEO.V,D,20221213,000000,3.72374,3.82434,3.72055,3.7301,49534.57407779458,0
LEO.V,D,20221214,000000,3.7291,3.77334,3.72026,3.77026,13870.047699679322,0
LEO.V,D,20221215,000000,3.772,3.80638,3.65036,3.69037,28233.666695062322,0
LEO.V,D,20221216,000000,3.68774,3.76438,3.66937,3.69474,44036.085006943904,0
LEO.V,D,20221217,000000,3.69974,4.0002,3.68337,3.97152,92793.75312748886,0
LEO.V,D,20221218,000000,3.97356,3.97452,3.92016,3.97448,24588.036955904423,0
LEO.V,D,20221219,000000,3.97356,4.15062,3.75385,3.755,89660.72775485908,0
LEO.V,D,20221220,000000,3.77404,3.86,3.702,3.72915,71043.90768704112,0
LEO.V,D,20221221,000000,3.72815,3.76996,3.68204,3.68618,13737.094895967773,0
LEO.V,D,20221222,000000,3.69215,3.75896,3.68518,3.74036,35210.04505058633,0
LEO.V,D,20221223,000000,3.74336,3.77258,3.69159,3.69559,44192.031375906234,0
LEO.V,D,20221224,000000,3.69567,3.77981,3.65874,3.65874,49719.73990005021,0
LEO.V,D,20221225,000000,3.66174,3.73163,3.60742,3.61853,65247.471980059614,0
LEO.V,D,20221226,000000,3.62457,3.65267,3.55618,3.59828,58729.91784501853,0
LEO.V,D,20221227,000000,3.59228,3.63638,3.55929,3.5976,48183.922023562,0
LEO.V,D,20221228,000000,3.60459,3.62791,3.54102,3.54908,54471.446602624725,0
LEO.V,D,20221229,000000,3.54912,3.60223,3.4946,3.51638,58516.55447622571,0
LEO.V,D,20221230,000000,3.51442,3.59838,3.49822,3.51124,76164.67347235243,0
LEO.V,D,20221231,000000,3.51221,3.62519,3.49622,3.60916,28380.98418747261,0
LEO.V,D,20230101,000000,3.61516,3.67013,3.50207,3.52834,32999.217035955604,0
LEO.V,D,20230102,000000,3.55336,3.56054,3.44059,3.49988,36151.29852792167,0
LEO.V,D,20230103,000000,3.50284,3.54886,3.39898,3.49864,46678.483367015695,0
LEO.V,D,20230104,000000,3.49764,3.54854,3.47985,3.50984,38267.988271665585,0
LEO.V,D,20230105,000000,3.51584,3.53597,3.47492,3.52573,33349.77623974486,0
LEO.V,D,20230106,000000,3.52177,3.57557,3.43118,3.47703,36115.690974150835,0
LEO.V,D,20230107,000000,3.49188,3.53501,3.44107,3.46417,28845.39860543992,0
LEO.V,D,20230108,000000,3.46317,3.49555,3.43348,3.46848,29531.25829481213,0
LEO.V,D,20230109,000000,3.46658,3.54058,3.43355,3.46997,41467.17316327656,0
LEO.V,D,20230110,000000,3.4503,3.4945,3.43169,3.45748,37809.838615911176,0
LEO.V,D,20230111,000000,3.45962,3.50696,3.44286,3.498,31194.745322908257,0
LEO.V,D,20230112,000000,3.49961,3.51868,3.4439,3.46435,27678.597362385204,0
LEO.V,D,20230113,000000,3.45831,3.50739,3.44569,3.49835,32843.96490188937,0
LEO.V,D,20230114,000000,3.50228,3.5329,3.4511,3.4533,64488.20354603881,0
LEO.V,D,20230115,000000,3.453,3.4852,3.4486,3.476,32951.232903031734,0
LEO.V,D,20230116,000000,3.48104,3.651,3.47104,3.52307,40835.29125905165,0
LEO.V,D,20230117,000000,3.52204,3.54832,3.45583,3.46342,36699.606085665415,0
LEO.V,D,20230118,000000,3.46338,3.5108,3.43772,3.46083,43072.72421750753,0
LEO.V,D,20230119,000000,3.45879,3.4919,3.44497,3.4909,29136.393744510053,0
LEO.V,D,20230120,000000,3.48524,3.541,3.4559,3.46659,49239.920549655355,0
LEO.V,D,20230121,000000,3.46562,3.4965,3.4561,3.47852,34776.67634375851,0
LEO.V,D,20230122,000000,3.47835,3.5,3.455,3.46166,30104.91308873868,0
LEO.V,D,20230123,000000,3.46066,3.4799,3.4551,3.4635,19877.56722731702,0
LEO.V,D,20230124,000000,3.4638,3.4796,3.44245,3.47014,23083.323360460352,0
LEO.V,D,20230125,000000,3.47035,3.54167,3.46835,3.52956,36739.66666382709,0
LEO.V,D,20230126,000000,3.5346,3.65036,3.51763,3.63729,40773.84359296191,0
LEO.V,D,20230127,000000,3.64329,3.88609,3.63529,3.83715,40994.78273033352,0
LEO.V,D,20230128,000000,3.83934,3.99976,3.55585,3.77972,45623.28792634771,0
LEO.V,D,20230129,000000,3.77879,3.98868,3.6468,3.70615,58809.16899076486,0
LEO.V,D,20230130,000000,3.69915,3.70822,3.50214,3.58425,30600.24302685934,0
LEO.V,D,20230131,000000,3.58321,3.66811,3.47707,3.52732,30891.521387249035,0
LEO.V,D,20230201,000000,3.53825,3.63096,3.342,3.45124,62823.64567038598,0
LEO.V,D,20230202,000000,3.44721,3.44921,3.34427,3.36767,33981.247808751265,0
LEO.V,D,20230203,000000,3.37074,3.3813,3.33667,3.37927,10980.79226060152,0
LEO.V,D,20230204,000000,3.37627,3.44931,3.36924,3.42834,38167.4972953708,0
LEO.V,D,20230205,000000,3.42931,3.59483,3.41931,3.57589,44332.62094873996,0
LEO.V,D,20230206,000000,3.5859,3.67774,3.3531,3.3693,48183.69747388189,0
LEO.V,D,20230207,000000,3.3692,3.4014,3.3524,3.3534,33203.13825666051,0
LEO.V,D,20230208,000000,3.36013,3.40017,3.35897,3.36927,28592.034033276315,0
LEO.V,D,20230209,000000,3.36224,3.40893,3.3443,3.3463,29985.401663198732,0
LEO.V,D,20230210,000000,3.35534,3.38981,3.3336,3.34643,21334.776698982016,0
LEO.V,D,20230211,000000,3.3465,3.37847,3.32433,3.3403,20236.75757625636,0
LEO.V,D,20230212,000000,3.33133,3.35854,3.3175,3.34027,23736.648045789578,0
LEO.V,D,20230213,000000,3.33533,3.43499,3.3207,3.37982,29278.40730585117,0
LEO.V,D,20230214,000000,3.4027,3.4087,3.32333,3.38339,25568.791182947487,0
LEO.V,D,20230215,000000,3.37755,3.41348,3.3219,3.40261,35791.005874393646,0
LEO.V,D,20230216,000000,3.40261,3.40261,3.31327,3.33813,18354.88619276847,0
LEO.V,D,20230217,000000,3.33547,3.36634,3.3119,3.3663,43190.53074116622,0
LEO.V,D,20230218,000000,3.36647,3.4029,3.3366,3.35457,53618.264501519436,0
LEO.V,D,20230219,000000,3.36357,3.44158,3.33753,3.34977,42021.353448528,0
LEO.V,D,20230220,000000,3.34877,3.38992,3.31983,3.33913,24245.50494876725,0
LEO.V,D,20230221,000000,3.3402,3.39754,3.3245,3.39078,18520.94215309812,0
LEO.V,D,20230222,000000,3.39561,3.50066,3.31937,3.36324,70390.59160388022,0
LEO.V,D,20230223,000000,3.392,3.3931,3.32247,3.36404,20424.52842077476,0
LEO.V,D,20230224,000000,3.3305,3.38634,3.3254,3.37197,19824.55414678761,0
LEO.V,D,20230225,000000,3.378,3.49931,3.3253,3.34123,50081.3431563496,0
LEO.V,D,20230226,000000,3.3393,3.58665,3.3084,3.3313,17874.354352751492,0
LEO.V,D,20230227,000000,3.33217,3.37324,3.2902,3.32217,20040.996164657725,0
LEO.V,D,20230228,000000,3.3222,3.50007,3.31507,3.33863,24644.281045308187,0
LEO.V,D,20230301,000000,3.33667,3.3684,3.3153,3.34347,22203.944038031816,0
LEO.V,D,20230302,000000,3.34247,3.3546,3.3168,3.33723,6294.63748896585,0
LEO.V,D,20230303,000000,3.33627,3.3723,3.31103,3.3662,12148.298778138364,0
LEO.V,D,20230304,000000,3.36727,3.40327,3.3344,3.40327,25665.45843664525,0
LEO.V,D,20230305,000000,3.40224,3.46028,3.33517,3.3634,35303.97719821808,0
LEO.V,D,20230306,000000,3.36237,3.36544,3.3352,3.3498,3081.0503981556685,0
LEO.V,D,20230307,000000,3.34963,3.39197,3.3327,3.38714,8810.264472132294,0
LEO.V,D,20230308,000000,3.38576,3.41469,3.33077,3.36383,31103.186714504373,0
LEO.V,D,20230309,000000,3.36353,3.39729,3.34916,3.36534,18450.835759306658,0
LEO.V,D,20230310,000000,3.3615,3.485,3.34013,3.48031,10845.214651780198,0
LEO.V,D,20230311,000000,3.48152,3.55591,3.39777,3.54048,38606.711097584004,0
LEO.V,D,20230312,000000,3.53893,3.76673,3.5158,3.74644,28098.213583334513,0
LEO.V,D,20230313,000000,3.7499,3.96276,3.36357,3.3724,58846.54268994917,0
LEO.V,D,20230314,000000,3.37234,3.39633,3.3147,3.34469,31572.85578974422,0
LEO.V,D,20230315,000000,3.34015,3.42923,3.34015,3.41452,22237.74802081389,0
LEO.V,D,20230316,000000,3.41709,3.42284,3.34334,3.36202,18720.206297913424,0
LEO.V,D,20230317,000000,3.36225,3.52782,3.34768,3.51949,21613.10284908297,0
LEO.V,D,20230318,000000,3.51652,3.57671,3.35901,3.36406,32942.10677496043,0
LEO.V,D,20230319,000000,3.36303,3.40515,3.34237,3.37188,43240.17378097281,0
LEO.V,D,20230320,000000,3.37209,3.39785,3.3548,3.38033,25571.56607141877,0
LEO.V,D,20230321,000000,3.38535,3.53095,3.37309,3.51317,29498.656250737626,0
LEO.V,D,20230322,000000,3.49712,3.59676,3.36877,3.37034,43566.469454314305,0
LEO.V,D,20230323,000000,3.37245,3.40638,3.35713,3.40206,29196.78830830476,0
LEO.V,D,20230324,000000,3.39605,3.48411,3.36827,3.45352,46203.357080107446,0
LEO.V,D,20230325,000000,3.4538,3.57242,3.3663,3.36823,40380.703734497256,0
LEO.V,D,20230326,000000,3.37027,3.47913,3.3672,3.46992,30965.84588651413,0
LEO.V,D,20230327,000000,3.47081,3.49142,3.37026,3.37659,45671.33498947404,0
LEO.V,D,20230328,000000,3.37759,3.41826,3.36625,3.39529,27172.033511676374,0
LEO.V,D,20230329,000000,3.39332,3.47387,3.37364,3.40961,21944.50538202794,0
LEO.V,D,20230330,000000,3.41568,3.45597,3.39368,3.45597,17333.85701767936,0
LEO.V,D,20230331,000000,3.45493,3.50071,3.43351,3.4937,16307.120432119878,0
LEO.V,D,20230401,000000,3.49373,3.50223,3.37305,3.39526,46033.9265425326,0
LEO.V,D,20230402,000000,3.39422,3.41944,3.37555,3.3861,8701.085958810076,0
LEO.V,D,20230403,000000,3.38109,3.43938,3.37606,3.43938,10867.567075236864,0
LEO.V,D,20230404,000000,3.43734,3.45452,3.38042,3.38873,22227.968511856867,0
LEO.V,D,20230405,000000,3.38773,3.41613,3.3712,3.3804,23021.414015211372,0
LEO.V,D,20230406,000000,3.3802,3.418,3.3722,3.3983,14086.80395533955,0
LEO.V,D,20230407,000000,3.39622,3.42675,3.37002,3.3822,25680.881417800818,0
LEO.V,D,20230408,000000,3.38927,3.40987,3.37,3.38612,15289.284009189818,0
LEO.V,D,20230409,000000,3.3699,3.41421,3.3699,3.3922,16751.679635186363,0
LEO.V,D,20230410,000000,3.39557,3.40685,3.36535,3.38384,20793.489274178704,0
LEO.V,D,20230411,000000,3.3971,3.4199,3.3701,3.3715,21318.992866135068,0
LEO.V,D,20230412,000000,3.3725,3.409,3.3701,3.3856,15613.720614097021,0
LEO.V,D,20230413,000000,3.3888,3.439,3.3751,3.3831,23457.162382659826,0
LEO.V,D,20230414,000000,3.3831,3.4386,3.3829,3.4386,17166.18227133955,0
LEO.V,D,20230415,000000,3.4394,3.513,3.383,3.3944,48635.427695076745,0
LEO.V,D,20230416,000000,3.40803,3.4363,3.30144,3.43057,27885.55956306942,0
LEO.V,D,20230417,000000,3.30147,3.4422,3.29939,3.29998,30633.195603395496,0
LEO.V,D,20230418,000000,3.30105,3.441,3.29816,3.29956,26577.3709794825,0
LEO.V,D,20230419,000000,3.29963,3.4486,3.29859,3.41,29289.50348589052,0
