<TICKER>,<PER>,<DATE>,<TIME>,<OPEN>,<HIGH>,<LOW>,<CLOSE>,<VOL>,<OPENINT>
PAXG.V,D,20220308,000000,2051.41,2069.414,2024.405,2057.411,4029.490912174907,0
PAXG.V,D,20220309,000000,2057.411,2059.412,1982.396,1995.199,7060.637080168932,0
PAXG.V,D,20220310,000000,1996.2,2014.403,1976.395,1997.799,6000.7202668484615,0
PAXG.V,D,20220311,000000,1998.799,2003.801,1961.588,1987.397,4358.80166892745,0
PAXG.V,D,20220312,000000,1986.397,1991.199,1984.198,1991.199,1284.05310676713,0
PAXG.V,D,20220313,000000,1991.199,1999.6,1982.396,1984.595,1738.993397711636,0
PAXG.V,D,20220314,000000,1984.198,1988.398,1956.196,1962.392,2181.849740931142,0
PAXG.V,D,20220315,000000,1962.392,1963.393,1911.382,1924.577,3505.7490010141323,0
PAXG.V,D,20220316,000000,1925.577,1938.581,1905.572,1934.58,2437.8178296002807,0
PAXG.V,D,20220317,000000,1934.387,1956.782,1932.58,1949.974,1746.660451380252,0
PAXG.V,D,20220318,000000,1948.974,1951.975,1920.768,1926.963,2134.660666178308,0
PAXG.V,D,20220319,000000,1925.347,1929.157,1913.957,1916.766,1100.4127608131982,0
PAXG.V,D,20220320,000000,1917.767,1928.964,1914.957,1923.769,1383.9063391324592,0
PAXG.V,D,20220321,000000,1923.961,1943.165,1921.768,1934.967,2370.948195412745,0
PAXG.V,D,20220322,000000,1934.774,1941.776,1912.956,1921.96,1533.6377769511869,0
PAXG.V,D,20220323,000000,1920.768,1951.585,1917.767,1944.778,1556.9295898409437,0
PAXG.V,D,20220324,000000,1945.972,1965.178,1938.775,1954.782,2430.386225165913,0
PAXG.V,D,20220325,000000,1954.977,1965.786,1944.778,1960.784,1953.9725047805412,0
PAXG.V,D,20220326,000000,1959.979,1966.983,1956.978,1964.786,761.1525884325863,0
PAXG.V,D,20220327,000000,1963.981,1966.983,1949.585,1953.781,1207.099433177583,0
PAXG.V,D,20220328,000000,1954.782,1957.587,1918.575,1927.771,3330.865555403684,0
PAXG.V,D,20220329,000000,1927.771,1931.772,1892.757,1919.959,2317.2250390621634,0
PAXG.V,D,20220330,000000,1919.959,1938.388,1913.957,1928.578,866.562520047165,0
PAXG.V,D,20220331,000000,1928.578,1951.585,1919.192,1935.387,1259.3812818253414,0
PAXG.V,D,20220401,000000,1935.581,1939.582,1917.958,1921.768,1170.1205257387371,0
PAXG.V,D,20220402,000000,1921.576,1925.77,1919.768,1922.769,657.5192664774466,0
PAXG.V,D,20220403,000000,1922.577,1928.771,1916.766,1922.577,601.1119789323405,0
PAXG.V,D,20220404,000000,1923.769,1934.58,1918.575,1930.579,784.9603600856319,0
PAXG.V,D,20220405,000000,1931.579,1940.582,1917.383,1921.192,769.533110455493,0
PAXG.V,D,20220406,000000,1921.192,1933.193,1915.383,1927,1039.6516686222483,0
PAXG.V,D,20220407,000000,1926,1936.194,1921,1933.193,657.9844320460065,0
PAXG.V,D,20220408,000000,1933.193,1949.78,1926.193,1948.779,811.6973488496064,0
PAXG.V,D,20220409,000000,1949.78,1954.391,1939.582,1949.39,880.1621195577403,0
PAXG.V,D,20220410,000000,1949.585,1953.586,1942.388,1942.388,665.4777090477197,0
PAXG.V,D,20220411,000000,1942.388,1968.59,1940.194,1958.587,2110.44610260504,0
PAXG.V,D,20220412,000000,1958.587,1978.396,1950.39,1970.591,1710.7239569412768,0
PAXG.V,D,20220413,000000,1971.591,1982.793,1964.393,1982.595,24599.003280035693,0
PAXG.V,D,20220414,000000,1981.594,1981.594,1962.589,1976.198,21937.203228789276,0
PAXG.V,D,20220415,000000,1976.198,1981.396,1974.395,1979.396,819.11302106593,0
PAXG.V,D,20220416,000000,1979.396,1981.396,1977.198,1981.396,546.6747771673423,0
PAXG.V,D,20220417,000000,1981.198,1982.396,1978.198,1980.396,506.30614494752257,0
PAXG.V,D,20220418,000000,1980.396,1999.4,1978.396,1982.595,2495.727917487862,0
PAXG.V,D,20220419,000000,1982.595,1987.596,1952.195,1954.391,2045.0591261550012,0
PAXG.V,D,20220420,000000,1954.391,1965.393,1945.389,1961.196,1220.9691745166904,0
PAXG.V,D,20220421,000000,1960.392,1966.393,1936.387,1956.391,1749.2793001272319,0
PAXG.V,D,20220422,000000,1957.196,1959.392,1932.193,1939.194,1448.1301444303801,0
PAXG.V,D,20220423,000000,1940.388,1940.388,1932.386,1933.387,741.8121194528609,0
PAXG.V,D,20220424,000000,1934.387,1938.848,1932.193,1934.387,767.5675875277954,0
PAXG.V,D,20220425,000000,1934.387,1938.388,1897.19,1907.381,3156.648356662975,0
PAXG.V,D,20220426,000000,1907.381,1915.383,1898.19,1908.191,1839.6485623788665,0
PAXG.V,D,20220427,000000,1908.191,1910,1886,1894,1529.38045975141,0
PAXG.V,D,20220428,000000,1894.189,1902.19,1880.188,1898.19,1262.7644922097365,0
PAXG.V,D,20220429,000000,1898.19,1926,1894,1906.191,1631.718179209125,0
PAXG.V,D,20220430,000000,1906.191,1910.191,1900,1902.19,821.2487808906864,0
PAXG.V,D,20220501,000000,1902,1908,1894.189,1902,1033.3538690007408,0
PAXG.V,D,20220502,000000,1902.19,1908.191,1857,1870.187,2707.0233995847548,0
PAXG.V,D,20220503,000000,1871,1879,1851.185,1869.813,2074.4361972489864,0
PAXG.V,D,20220504,000000,1869.813,1889,1863.814,1883,1088.8217332198071,0
PAXG.V,D,20220505,000000,1882.623,1906.809,1871.626,1876.625,1539.9196566068129,0
PAXG.V,D,20220506,000000,1876.625,1891.811,1869.626,1883.812,1343.0255413577515,0
PAXG.V,D,20220507,000000,1883.812,1890.811,1879.624,1885.623,802.1479183050843,0
PAXG.V,D,20220508,000000,1885.623,1889.622,1880.06,1885.434,1294.7701993663766,0
PAXG.V,D,20220509,000000,1885.434,1887.434,1848.445,1850.63,1796.2132069794102,0
PAXG.V,D,20220510,000000,1849.445,1865.627,1833.266,1834.45,2058.7518780770747,0
PAXG.V,D,20220511,000000,1834.266,1857.071,1824.245,1846.144,2325.0833661076845,0
PAXG.V,D,20220512,000000,1845.959,1892.643,1812.614,1830.859,7375.951511918127,0
PAXG.V,D,20220513,000000,1831.043,1840.093,1798.839,1814.909,2820.148515911985,0
PAXG.V,D,20220514,000000,1814.728,1817.088,1803.299,1813.458,1160.0665720008117,0
PAXG.V,D,20220515,000000,1813.276,1814.002,1805.107,1812.822,847.1739640115378,0
PAXG.V,D,20220516,000000,1812.822,1827.621,1789.85,1821.629,1520.7640320336734,0
PAXG.V,D,20220517,000000,1821.629,1838.791,1816.635,1822.81,1779.2188393351976,0
PAXG.V,D,20220518,000000,1823.809,1826.805,1810.643,1816.635,1226.8558031255604,0
PAXG.V,D,20220519,000000,1816.453,1852.331,1814.456,1848.335,1817.3150434874865,0
PAXG.V,D,20220520,000000,1849.149,1851.775,1837.345,1849.778,1281.1381696957149,0
PAXG.V,D,20220521,000000,1849.778,1853.587,1846.226,1850.591,864.3093492403682,0
PAXG.V,D,20220522,000000,1851.59,1855.585,1845.598,1846.781,1133.1436495063583,0
PAXG.V,D,20220523,000000,1847.78,1869.129,1847.78,1852.774,1313.4070131629553,0
PAXG.V,D,20220524,000000,1853.773,1874.56,1851.775,1873.561,1032.9061104589487,0
PAXG.V,D,20220525,000000,1873.561,1873.561,1845.967,1859.766,979.1590992935887,0
PAXG.V,D,20220526,000000,1858.767,1861.763,1841.787,1854.144,1235.7116630094226,0
PAXG.V,D,20220527,000000,1854.144,1865.133,1843.969,1850.962,1247.6389406170028,0
PAXG.V,D,20220528,000000,1851.868,1859.766,1849.518,1852.83,804.7660143591893,0
PAXG.V,D,20220529,000000,1851.956,1860.785,1847.983,1848.964,801.5970464965059,0
PAXG.V,D,20220530,000000,1849.944,1864.414,1847.965,1860.51,978.6839114075588,0
PAXG.V,D,20220531,000000,1859.697,1861.696,1833.532,1834.531,949.8960266158076,0
PAXG.V,D,20220601,000000,1834.568,1849.334,1826.538,1849.334,1085.9010448505167,0
PAXG.V,D,20220602,000000,1849.316,1871.314,1845.338,1868.317,862.5805537911625,0
PAXG.V,D,20220603,000000,1867.318,1875.667,1849.907,1856.384,979.1644419971161,0
PAXG.V,D,20220604,000000,1856.384,1860.585,1848.187,1860.585,3104.7697652276875,0
PAXG.V,D,20220605,000000,1858.624,1869.709,1856.588,1863.266,2625.5775608210724,0
PAXG.V,D,20220606,000000,1861.249,1862.416,1842.34,1846.448,9234.401906694937,0
PAXG.V,D,20220607,000000,1845.522,1859.474,1834.458,1856.476,5960.797766176043,0
PAXG.V,D,20220608,000000,1855.459,1861.733,1842.728,1857.792,5876.418333382866,0
PAXG.V,D,20220609,000000,1856.792,1857.81,1841.433,1844.449,3929.965755250986,0
PAXG.V,D,20220610,000000,1844.449,1875.123,1828.335,1871.62,6858.26044653296,0
PAXG.V,D,20220611,000000,1871.601,1881.815,1862.799,1878.874,2709.9917507197947,0
PAXG.V,D,20220612,000000,1877.876,1893.251,1875.577,1884.66,2017.8729903061492,0
PAXG.V,D,20220613,000000,1884.679,1889.673,1823.279,1831.469,22862.574241918293,0
PAXG.V,D,20220614,000000,1831.451,1835.408,1801.943,1807.828,18701.180599187483,0
PAXG.V,D,20220615,000000,1807.846,1846.596,1806.883,1841.234,7401.282498998267,0
PAXG.V,D,20220616,000000,1840.236,1854.586,1820.812,1851.404,1753.358458418445,0
PAXG.V,D,20220617,000000,1856.245,1860.52,1834.625,1841.787,9520.389351778782,0
PAXG.V,D,20220618,000000,1841.806,1848.723,1815.273,1821.045,9833.44819359783,0
PAXG.V,D,20220619,000000,1822.043,1840.236,1815.291,1836.793,8512.950243830548,0
PAXG.V,D,20220620,000000,1835.7,1848.779,1835.1,1842.971,3001.696584192264,0
PAXG.V,D,20220621,000000,1842.971,1848.964,1830.351,1839.974,1597.3608851877366,0
PAXG.V,D,20220622,000000,1838.16,1847.151,1824.99,1841.157,2158.8488769945625,0
PAXG.V,D,20220623,000000,1841.157,1846.152,1824.99,1826.172,3395.1394165877473,0
PAXG.V,D,20220624,000000,1826.172,1831.552,1820.615,1824.576,2811.690102888515,0
PAXG.V,D,20220625,000000,1824.174,1828.17,1818.799,1825.721,839.0082613368112,0
PAXG.V,D,20220626,000000,1826.72,1829.92,1816.909,1826.885,2678.1389494791692,0
PAXG.V,D,20220627,000000,1827.884,1838.914,1821.487,1827.372,804.2525443176999,0
PAXG.V,D,20220628,000000,1826.337,1836.346,1820.087,1825.825,2173.4741331529726,0
PAXG.V,D,20220629,000000,1824.735,1834.447,1815.6,1821.811,2538.4664106433715,0
PAXG.V,D,20220630,000000,1821.811,1826.549,1797.692,1812.822,4219.45396027874,0
PAXG.V,D,20220701,000000,1810.025,1814.402,1792.687,1812.123,3501.309469506054,0
PAXG.V,D,20220702,000000,1808.508,1817.199,1807.609,1811.823,811.9593109937504,0
PAXG.V,D,20220705,000000,1804.013,1808.009,1757.065,1769.052,1093.805326828913,0
PAXG.V,D,20220706,000000,1769.052,1774.046,1730.92,1741.083,1084.933066044677,0
PAXG.V,D,20220707,000000,1741.083,1750.073,1736.088,1740.955,698.9408963248586,0
PAXG.V,D,20220708,000000,1738.956,1753.947,1733.959,1741.954,1106.2287790093342,0
PAXG.V,D,20220709,000000,1741.954,1745.952,1735.784,1737.957,424.526373349232,0
PAXG.V,D,20220710,000000,1737.957,1740.955,1733.785,1735.958,283.1326031416864,0
PAXG.V,D,20220711,000000,1735.958,1743.953,1728.443,1729.442,697.9648476959417,0
PAXG.V,D,20220712,000000,1732.439,1741.257,1721.277,1721.277,3052.2662189378543,0
PAXG.V,D,20220713,000000,1723.344,1747.251,1704.123,1741.431,3651.192715837592,0
PAXG.V,D,20220714,000000,1741.431,1743.429,1698.64,1709.973,1213.9414563441014,0
PAXG.V,D,20220715,000000,1710.973,1717.969,1698.98,1704.489,925.3739807928663,0
PAXG.V,D,20220716,000000,1704.489,1714.486,1684.495,1699.66,3124.994073671514,0
PAXG.V,D,20220717,000000,1699.66,1701.694,1688.527,1695.559,1498.8515618236077,0
PAXG.V,D,20220718,000000,1699.541,1721.914,1699.541,1708.607,2374.4265018721435,0
PAXG.V,D,20220719,000000,1707.59,1718,1700.864,1706.273,1542.7983130369744,0
PAXG.V,D,20220720,000000,1707,1713.034,1688.932,1695.085,1543.4084867402055,0
PAXG.V,D,20220721,000000,1696.102,1719.395,1679.95,1715.429,1510.1361634127848,0
PAXG.V,D,20220722,000000,1716.412,1734.52,1709.154,1728.38,2094.398927709205,0
PAXG.V,D,20220723,000000,1727,1730.398,1721.828,1723.327,555.3590276395614,0
PAXG.V,D,20220724,000000,1724.352,1735.017,1717.197,1727.038,1004.8309149891808,0
PAXG.V,D,20220725,000000,1727.095,1734.026,1714.966,1719.265,1795.3378953794881,0
PAXG.V,D,20220726,000000,1719.398,1733.281,1705.986,1713.967,989.9955090092419,0
PAXG.V,D,20220727,000000,1714.037,1735.781,1705.952,1734.876,1359.6684908403577,0
PAXG.V,D,20220728,000000,1734.606,1758.387,1723.697,1754.333,2601.9666382178316,0
PAXG.V,D,20220729,000000,1755.351,1767.689,1746.367,1762.722,2813.727158095222,0
PAXG.V,D,20220730,000000,1764.706,1767.618,1758.495,1765.6,702.8845899515385,0
PAXG.V,D,20220731,000000,1764.019,1768.105,1760.533,1764.993,930.776981394364,0
PAXG.V,D,20220801,000000,1765.296,1770.531,1757.922,1767.53,1422.6318835365623,0
PAXG.V,D,20220802,000000,1770.531,1788.304,1755.298,1756.299,2264.9053700658033,0
PAXG.V,D,20220803,000000,1757.351,1769.318,1750.263,1759.44,1248.0904236829042,0
PAXG.V,D,20220804,000000,1761.985,1791.09,1758.224,1788.072,1007.9233872878594,0
PAXG.V,D,20220805,000000,1788.072,1790.233,1762.788,1770.336,1114.0963122752082,0
PAXG.V,D,20220806,000000,1770.336,1774.413,1767.292,1769.519,412.0049052946476,0
PAXG.V,D,20220807,000000,1769.267,1774.2,1765.279,1768.578,451.53762776669623,0
PAXG.V,D,20220808,000000,1768.616,1788.686,1765.688,1782.954,1838.8843830727012,0
PAXG.V,D,20220809,000000,1782.214,1799.444,1776.342,1795.499,1562.3766315589974,0
PAXG.V,D,20220810,000000,1794.359,1802.207,1766.084,1784.867,767.9752508621419,0
PAXG.V,D,20220811,000000,1788.128,1793.385,1779.254,1782.259,902.6914300999422,0
PAXG.V,D,20220812,000000,1782.891,1796.484,1778.711,1795.556,733.273287973179,0
PAXG.V,D,20220813,000000,1795.368,1799.979,1791.595,1796.81,506.72408213729494,0
PAXG.V,D,20220814,000000,1796.19,1799.576,1788.626,1794.326,921.3301711391026,0
PAXG.V,D,20220815,000000,1794.336,1794.354,1764.99,1773.366,992.4274334678794,0
PAXG.V,D,20220816,000000,1773.386,1781.794,1759.921,1768.099,1002.3203946868101,0
PAXG.V,D,20220817,000000,1772.512,1780.171,1745.79,1753.563,845.3472543639933,0
PAXG.V,D,20220818,000000,1759.123,1771.942,1747.775,1753.343,651.85325812448,0
PAXG.V,D,20220819,000000,1753.405,1756.746,1724.722,1740.57,1641.5568865100406,0
PAXG.V,D,20220820,000000,1738.174,1747.045,1735.896,1741.59,765.2146418184224,0
PAXG.V,D,20220821,000000,1741.538,1745.07,1729.962,1740.935,637.7451114589301,0
PAXG.V,D,20220822,000000,1740.958,1745.017,1716.558,1730.126,952.2608998357936,0
PAXG.V,D,20220823,000000,1730.808,1756.1,1723.754,1748.035,1745.3945775068983,0
PAXG.V,D,20220824,000000,1749,1750.28,1739.913,1744.14,1314.7521283227018,0
PAXG.V,D,20220825,000000,1743.157,1758.93,1743.087,1754.053,534.4859127274042,0
PAXG.V,D,20220826,000000,1752.973,1757.367,1726.024,1733.523,1155.7025700742531,0
PAXG.V,D,20220827,000000,1733.503,1734.779,1727.035,1728.822,730.8491718382603,0
PAXG.V,D,20220828,000000,1729.035,1733.966,1727.865,1728.94,647.5057121623697,0
PAXG.V,D,20220829,000000,1728.94,1737.295,1709.915,1727.104,1477.6747829861702,0
PAXG.V,D,20220830,000000,1727.138,1732.121,1712.137,1714.137,777.3439045044905,0
PAXG.V,D,20220831,000000,1715.137,1721.034,1702.983,1706.983,935.5399888198557,0
PAXG.V,D,20220901,000000,1707.983,1708,1684.051,1689.899,1019.859173533951,0
PAXG.V,D,20220902,000000,1690.899,1709.291,1689,1702.221,1404.1308182130695,0
PAXG.V,D,20220903,000000,1702.272,1705.188,1701,1704.17,245.5677288057008,0
PAXG.V,D,20220904,000000,1704.59,1715.73,1696.97,1707.131,270.72903674849715,0
PAXG.V,D,20220905,000000,1706.721,1712.25,1700,1702.4,783.6870894397159,0
PAXG.V,D,20220906,000000,1701.17,1721.172,1682,1688,1624.801073784444,0
PAXG.V,D,20220907,000000,1691,1714.983,1682.084,1711.12,1692.692809386706,0
PAXG.V,D,20220908,000000,1711.12,1720.155,1697.17,1700.255,531.1931411128795,0
PAXG.V,D,20220909,000000,1701.272,1724.431,1700.238,1709.581,983.4229208646631,0
PAXG.V,D,20220910,000000,1710.633,1716.193,1708.478,1712.262,636.1364079039341,0
PAXG.V,D,20220911,000000,1712.27,1714.859,1708.18,1713.511,403.51454333695676,0
PAXG.V,D,20220912,000000,1713.988,1729.705,1706.195,1716.309,985.294606909685,0
PAXG.V,D,20220913,000000,1717.309,1726.501,1691.152,1694.034,1397.0977941026586,0
PAXG.V,D,20220914,000000,1694.017,1701.925,1687.101,1689.422,699.169779341706,0
PAXG.V,D,20220915,000000,1692.003,1693.707,1651.868,1653.835,2022.9377072324387,0
PAXG.V,D,20220916,000000,1654.851,1671,1643.934,1665.833,1880.247993631373,0
PAXG.V,D,20220917,000000,1667,1674.14,1661.7,1667.69,423.9502742455236,0
PAXG.V,D,20220918,000000,1667.74,1672.647,1664.514,1665.78,276.1759994770183,0
PAXG.V,D,20220919,000000,1665,1671,1651,1669.334,1428.4254135055019,0
PAXG.V,D,20220920,000000,1668.334,1671.167,1653.165,1655.166,1102.1148218986496,0
PAXG.V,D,20220921,000000,1654.5,1679.678,1650.42,1659.93,1557.6143282898927,0
PAXG.V,D,20220922,000000,1658,1675.91,1650.835,1660.834,1122.487670865401,0
PAXG.V,D,20220923,000000,1662.166,1674.05,1632.837,1638,1407.967020611687,0
PAXG.V,D,20220924,000000,1638.902,1640.432,1633.335,1635.241,343.4542721049339,0
PAXG.V,D,20220925,000000,1635.294,1641.52,1632.502,1635.89,384.6913664130071,0
PAXG.V,D,20220926,000000,1635.933,1644.6,1607.839,1609,2421.847262390644,0
PAXG.V,D,20220927,000000,1611,1633,1611,1619.838,1150.2834646239692,0
PAXG.V,D,20220928,000000,1620.838,1659.82,1607.059,1650.99,1391.1103228086254,0
PAXG.V,D,20220929,000000,1650.98,1658.286,1633.237,1652.475,804.3853855813392,0
PAXG.V,D,20220930,000000,1652.28,1671.284,1651.56,1654.39,661.2408575708372,0
PAXG.V,D,20221001,000000,1654.33,1661.464,1646.495,1653.55,296.86499435884,0
PAXG.V,D,20221002,000000,1653.52,1665.767,1650.87,1655.9,388.21237942683456,0
PAXG.V,D,20221003,000000,1655.85,1696.519,1652.315,1692.939,626.2796438894637,0
PAXG.V,D,20221004,000000,1692.949,1724.647,1688.049,1720.356,1070.4269434075932,0
PAXG.V,D,20221005,000000,1720.356,1722.857,1694.119,1708.652,601.2617630557032,0
PAXG.V,D,20221006,000000,1708.662,1723.115,1695.628,1707.83,447.09324011529753,0
PAXG.V,D,20221007,000000,1705.227,1712.916,1680.338,1688.986,708.5053059696977,0
PAXG.V,D,20221008,000000,1688.079,1691.693,1684.506,1688.996,374.8608742586352,0
PAXG.V,D,20221009,000000,1688.989,1692.448,1685.11,1687.307,225.25087398092967,0
PAXG.V,D,20221010,000000,1687.989,1692.248,1658.184,1660.984,852.5127421124866,0
PAXG.V,D,20221011,000000,1661.15,1679.422,1653.815,1660.681,533.8349074456834,0
PAXG.V,D,20221012,000000,1661.494,1676.44,1657.228,1666.12,496.3446588674546,0
PAXG.V,D,20221013,000000,1666.76,1674.703,1639.114,1656.993,1087.9135194289431,0
PAXG.V,D,20221014,000000,1657.753,1667.68,1633.233,1636.385,549.5859886095288,0
PAXG.V,D,20221015,000000,1636.435,1641.842,1632.268,1636.352,221.83330522841712,0
PAXG.V,D,20221016,000000,1636.338,1641.749,1632.106,1638.282,219.2776221705265,0
PAXG.V,D,20221017,000000,1638.309,1661.13,1637.865,1643.613,797.233757712562,0
PAXG.V,D,20221018,000000,1643.573,1655.269,1640.069,1647.696,353.95068140495016,0
PAXG.V,D,20221019,000000,1645.269,1649.643,1620.517,1622.55,443.00752703888736,0
PAXG.V,D,20221020,000000,1622.504,1640.253,1614.867,1621.4,626.5706818819938,0
PAXG.V,D,20221021,000000,1621.4,1650,1610.3,1648.9,973.2451092019002,0
PAXG.V,D,20221022,000000,1650,1654,1648.9,1653,276.03089692427926,0
PAXG.V,D,20221023,000000,1649.922,1654.982,1648.285,1652.871,201.48396116754682,0
PAXG.V,D,20221024,000000,1652.832,1660.61,1637.141,1642.5,696.0771462332845,0
PAXG.V,D,20221025,000000,1641.3,1653.4,1632.2,1648.3,1228.8929898946512,0
PAXG.V,D,20221026,000000,1647.2,1667.5,1644.2,1657.6,903.782700473623,0
PAXG.V,D,20221027,000000,1657.6,1663.2,1647.5,1652.1,1045.6693236980773,0
PAXG.V,D,20221028,000000,1652.2,1658,1631.1,1639.2,805.5444789491911,0
PAXG.V,D,20221029,000000,1639,1641.772,1634.584,1637.477,507.9970474931578,0
PAXG.V,D,20221030,000000,1637.716,1643.459,1635.402,1637.237,398.6284635167727,0
PAXG.V,D,20221031,000000,1637.247,1643.675,1624.955,1625.99,609.81460437634,0
PAXG.V,D,20221101,000000,1624.633,1643.803,1623.149,1638.836,1255.2797490134085,0
PAXG.V,D,20221102,000000,1637.82,1660.033,1625.919,1627.967,1082.5402162581372,0
PAXG.V,D,20221103,000000,1628.902,1634.837,1612.823,1625.984,709.3437294651462,0
PAXG.V,D,20221104,000000,1626.967,1673.167,1622.854,1671.134,1181.1595542767384,0
PAXG.V,D,20221105,000000,1671.117,1674.084,1669.15,1672.084,419.18865169228565,0
PAXG.V,D,20221106,000000,1672.05,1674.234,1669.067,1672.117,425.80588157288946,0
PAXG.V,D,20221107,000000,1669.117,1673.084,1656.116,1665.2,823.7502030415486,0
PAXG.V,D,20221108,000000,1665.499,1733.449,1658.988,1701.088,3007.7883506135136,0
PAXG.V,D,20221109,000000,1702.091,1735.517,1696.695,1716.696,5690.078795068869,0
PAXG.V,D,20221110,000000,1723.984,1914.752,1708.252,1758.354,6071.418924943264,0
PAXG.V,D,20221111,000000,1759.008,2102.4,1739.64,1782,3050.095802642136,0
PAXG.V,D,20221112,000000,1782.178,1792.935,1696.94,1731.877,11429.066442214578,0
PAXG.V,D,20221113,000000,1731.877,1746.901,1722.758,1739.91,1215.0313499855715,0
PAXG.V,D,20221114,000000,1739.561,1763.704,1715.767,1749.372,7368.047310348881,0
PAXG.V,D,20221115,000000,1749.372,1780.218,1723.411,1769.052,2227.6409624647385,0
PAXG.V,D,20221116,000000,1768.839,1774.832,1756.523,1764.393,916.0187255846272,0
PAXG.V,D,20221117,000000,1764.393,1765.657,1738.695,1749.634,3926.4868230632487,0
PAXG.V,D,20221118,000000,1750.651,1759.309,1734.898,1738.998,641.4900904800859,0
PAXG.V,D,20221119,000000,1738.998,1746.112,1736.965,1745.183,148.63162578900352,0
PAXG.V,D,20221120,000000,1745.183,1746.726,1736.14,1742.348,410.79500615682304,0
PAXG.V,D,20221121,000000,1742.365,1749.757,1728.715,1742.906,1733.6124757401792,0
PAXG.V,D,20221122,000000,1742.906,1744.991,1730.66,1733.743,565.4689937114911,0
PAXG.V,D,20221123,000000,1732.745,1742.871,1724.91,1737.087,865.0238273596734,0
PAXG.V,D,20221124,000000,1740.119,1748.74,1738.469,1741.571,496.26063761129086,0
PAXG.V,D,20221125,000000,1744.498,1752.895,1741.675,1747.968,453.66346845325273,0
PAXG.V,D,20221126,000000,1747.986,1765.975,1746.741,1748.898,237.72883277525668,0
PAXG.V,D,20221127,000000,1748.967,1753.965,1746.829,1751.913,109.4642464902078,0
PAXG.V,D,20221128,000000,1752.877,1754.105,1736.253,1740.321,710.0688248947508,0
PAXG.V,D,20221129,000000,1741.321,1750.037,1737.287,1739.356,639.2639717124081,0
PAXG.V,D,20221130,000000,1740.356,1761.123,1736.427,1761.106,577.4137201059783,0
PAXG.V,D,20221201,000000,1759.123,1793.161,1759.123,1789.089,676.5128618340289,0
PAXG.V,D,20221202,000000,1791.107,1794.179,1772.213,1784.071,575.7063546692015,0
PAXG.V,D,20221203,000000,1785.071,1789.179,1778.213,1786.357,218.76096230174076,0
PAXG.V,D,20221204,000000,1785.178,1795.359,1785.178,1794.538,166.29616215500855,0
PAXG.V,D,20221205,000000,1794.359,1803.361,1767,1768.053,479.9748431513173,0
PAXG.V,D,20221206,000000,1769.035,1783.053,1769,1775.982,226.22790561107112,0
PAXG.V,D,20221207,000000,1776.964,1789.107,1772.124,1788.982,569.9554239639425,0
PAXG.V,D,20221208,000000,1788,1789.358,1780,1789.143,177.20766529077912,0
PAXG.V,D,20221209,000000,1788.125,1802.054,1787,1793.072,653.2193528506283,0
PAXG.V,D,20221210,000000,1793.072,1800.018,1782,1789.982,921.1788788354478,0
PAXG.V,D,20221211,000000,1789.982,1801.054,1788.982,1799.36,381.25700036351867,0
PAXG.V,D,20221212,000000,1799.18,1799.18,1776.195,1782.16,1040.7858815456216,0
PAXG.V,D,20221213,000000,1782.143,1814.58,1777.142,1813.565,1488.8501550609137,0
PAXG.V,D,20221214,000000,1810.565,1825.671,1797.982,1804.126,657.2192901996528,0
PAXG.V,D,20221215,000000,1804,1806.361,1774.355,1780.356,586.8612981110713,0
PAXG.V,D,20221216,000000,1780.178,1807.361,1774,1799.18,2175.5748580343407,0
PAXG.V,D,20221217,000000,1800.36,1809.217,1793.179,1805.235,226.8161861079848,0
PAXG.V,D,20221218,000000,1805.235,1806.072,1793.197,1798.216,247.56948115572752,0
PAXG.V,D,20221219,000000,1798.216,1805.18,1789.964,1793.018,312.6049763823146,0
PAXG.V,D,20221220,000000,1792.982,1817.109,1788.107,1815.109,380.6448826482095,0
PAXG.V,D,20221221,000000,1815.073,1820.036,1808.982,1814.091,269.2406651276112,0
PAXG.V,D,20221222,000000,1814.073,1820,1790.857,1791.713,420.5950582216101,0
PAXG.V,D,20221223,000000,1791.695,1814.819,1791.695,1805.819,244.29854338849006,0
PAXG.V,D,20221224,000000,1805.819,1807.837,1800.82,1801.874,46.58063481707157,0
PAXG.V,D,20221225,000000,1800.892,1801.964,1792.767,1799.766,95.3354972032827,0
PAXG.V,D,20221226,000000,1799.784,1802.657,1795.82,1800.64,65.94381072851901,0
PAXG.V,D,20221227,000000,1799.658,1820.381,1796.659,1813.293,337.9720405189511,0
PAXG.V,D,20221228,000000,1813.256,1814.274,1801.045,1804.025,290.965016010671,0
PAXG.V,D,20221229,000000,1804.007,1815.274,1803.098,1814.165,399.9841947231466,0
PAXG.V,D,20221230,000000,1813.166,1823.052,1806.078,1820.071,512.5332704224435,0
PAXG.V,D,20221231,000000,1821.089,1824.088,1817.872,1821.089,201.70865536404673,0
PAXG.V,D,20230101,000000,1821.071,1823.033,1817.945,1821.217,151.93884478160075,0
PAXG.V,D,20230102,000000,1821.18,1829.268,1820.162,1820.417,316.57132000816085,0
PAXG.V,D,20230103,000000,1821.399,1842.318,1820.399,1842.3,1299.560435078565,0
PAXG.V,D,20230104,000000,1841.282,1862.255,1837.228,1853.425,946.6624632414205,0
PAXG.V,D,20230105,000000,1852.389,1855.443,1831.45,1833.34,364.77574726683446,0
PAXG.V,D,20230106,000000,1833.358,1856.424,1832.267,1855.425,677.0465434139518,0
PAXG.V,D,20230107,000000,1854.406,1860.702,1852.444,1859.554,387.163866525128,0
PAXG.V,D,20230108,000000,1859.442,1861.777,1854.648,1859.777,202.77597679295113,0
PAXG.V,D,20230109,000000,1859.647,1866.093,1857.628,1863,566.2469065565791,0
PAXG.V,D,20230110,000000,1862,1867.795,1859.74,1862.223,254.74953632503556,0
PAXG.V,D,20230111,000000,1863.279,1877.793,1862.739,1873.981,358.2129725212012,0
PAXG.V,D,20230112,000000,1873,1885.094,1865.925,1878.188,883.1842468802297,0
PAXG.V,D,20230113,000000,1878.188,1902.247,1877.169,1898.19,882.9748209093821,0
PAXG.V,D,20230114,000000,1898.171,1898.74,1882.339,1891.095,985.1360464173872,0
PAXG.V,D,20230115,000000,1891.095,1900.703,1885.264,1893.549,563.385758494201,0
PAXG.V,D,20230116,000000,1894.549,1906.572,1886.057,1887.038,455.4641628420734,0
PAXG.V,D,20230117,000000,1887.057,1896.246,1883.094,1890.227,442.15123953020714,0
PAXG.V,D,20230118,000000,1891.227,1897.152,1880.868,1883.906,450.3928521587364,0
PAXG.V,D,20230119,000000,1883.887,1917,1881.868,1914.943,635.5108685345025,0
PAXG.V,D,20230120,000000,1915.943,1921.154,1902.962,1907.343,470.32384709369313,0
PAXG.V,D,20230121,000000,1911.344,1912.421,1903.285,1907.362,297.57604983643165,0
PAXG.V,D,20230122,000000,1911.287,1913.363,1902.342,1908.363,365.30000346221374,0
PAXG.V,D,20230123,000000,1909.382,1915.306,1900.19,1910.306,290.95255153695706,0
PAXG.V,D,20230124,000000,1910.306,1912.306,1902.152,1905.171,497.2517044155738,0
PAXG.V,D,20230125,000000,1903.114,1925.443,1900.095,1922.327,711.005726498312,0
PAXG.V,D,20230126,000000,1924.327,1927.289,1912.057,1920.173,317.3681131270218,0
PAXG.V,D,20230127,000000,1919.173,1921.461,1914.536,1915.747,284.5294353840726,0
PAXG.V,D,20230128,000000,1916.671,1917.709,1912.344,1914.383,129.47442218439326,0
PAXG.V,D,20230129,000000,1913.421,1920.307,1907.076,1907.076,380.52747160383086,0
PAXG.V,D,20230130,000000,1909.076,1914.191,1889.981,1896.133,505.4883457996169,0
PAXG.V,D,20230131,000000,1897.133,1906.095,1871.869,1901.171,480.8048931798481,0
PAXG.V,D,20230201,000000,1899.133,1916.23,1896.019,1910.153,562.7092231535632,0
PAXG.V,D,20230202,000000,1915.115,1924.212,1899.152,1901.361,1004.0958151030597,0
PAXG.V,D,20230203,000000,1901.399,1907.381,1864.112,1872.131,949.1902778010779,0
PAXG.V,D,20230204,000000,1871.15,1873.169,1854.222,1861.149,644.781134870746,0
PAXG.V,D,20230205,000000,1861.167,1862.335,1853.519,1855.464,317.3500861756602,0
PAXG.V,D,20230206,000000,1856.483,1872.187,1855.482,1862.074,386.5324918156465,0
PAXG.V,D,20230207,000000,1862.074,1874.056,1855.907,1864.112,761.9285619505152,0
PAXG.V,D,20230208,000000,1864.112,1866.982,1855.056,1860.093,292.4749378919839,0
PAXG.V,D,20230209,000000,1860.112,1871.019,1843.442,1844.166,347.5877430813719,0
PAXG.V,D,20230210,000000,1844.24,1847.351,1822.237,1826.274,636.1761495948497,0
PAXG.V,D,20230211,000000,1827.274,1836.22,1821.164,1832.183,452.5958794341611,0
PAXG.V,D,20230212,000000,1832.165,1833.22,1821.182,1825.128,162.20063051926599,0
PAXG.V,D,20230213,000000,1825.182,1831.659,1755.069,1793.932,5870.397657543128,0
PAXG.V,D,20230214,000000,1791.985,1850.925,1790.895,1835.752,3936.965760962591,0
PAXG.V,D,20230215,000000,1833.99,1840.699,1813.272,1824.347,558.5832446263352,0
PAXG.V,D,20230216,000000,1825.329,1836.165,1812.163,1822.619,940.2996276058444,0
PAXG.V,D,20230217,000000,1822.255,1830,1803.162,1816.182,664.6917113824005,0
PAXG.V,D,20230218,000000,1817.254,1825.347,1810.29,1822.292,191.9692469876593,0
PAXG.V,D,20230219,000000,1822.292,1825.31,1818.273,1821.419,205.33781217636064,0
PAXG.V,D,20230220,000000,1821.419,1828.256,1812.199,1816.163,384.15780646731974,0
PAXG.V,D,20230221,000000,1815.073,1818.291,1806.343,1809.326,244.34028815853628,0
PAXG.V,D,20230222,000000,1811.308,1820.582,1807.054,1809.145,304.2843327626459,0
PAXG.V,D,20230223,000000,1808.054,1820.164,1807.126,1815.218,183.51454255826653,0
PAXG.V,D,20230224,000000,1814.145,1816.163,1792.161,1799.982,391.1640472547302,0
PAXG.V,D,20230225,000000,1800.036,1803.018,1791.613,1794.106,203.92447337023768,0
PAXG.V,D,20230226,000000,1794.066,1799.714,1791.611,1799.104,131.91475051014646,0
PAXG.V,D,20230227,000000,1799.172,1806.455,1794.431,1805.198,298.1330776189604,0
PAXG.V,D,20230228,000000,1804.828,1829.105,1794.674,1818.39,1267.8777439347625,0
PAXG.V,D,20230301,000000,1822.033,1840.556,1816.586,1827.146,399.8531669444896,0
PAXG.V,D,20230302,000000,1827.378,1831.841,1816.551,1822.944,332.2987254562812,0
PAXG.V,D,20230303,000000,1822.766,1845.471,1820.175,1844.889,1088.2145645016221,0
PAXG.V,D,20230304,000000,1844.111,1851.483,1840.57,1849.068,297.1485237792075,0
PAXG.V,D,20230305,000000,1848.849,1865.925,1844.932,1847.063,488.42914803235544,0
PAXG.V,D,20230306,000000,1847.002,1861.037,1829.963,1830.89,633.4526554477721,0
PAXG.V,D,20230307,000000,1831.762,1839,1803.416,1804.65,588.6669354323983,0
PAXG.V,D,20230308,000000,1805.006,1828.431,1803.462,1823.617,445.94125051286574,0
PAXG.V,D,20230309,000000,1820.808,1834.56,1813.592,1820.784,473.2896754944055,0
PAXG.V,D,20230310,000000,1823.802,1893.277,1818.274,1887.68,1740.5842174725185,0
PAXG.V,D,20230311,000000,1875.616,1946.32,1864.149,1896.426,7922.040800192749,0
PAXG.V,D,20230312,000000,1898.949,1950.542,1897.104,1915.078,2552.1182569067946,0
PAXG.V,D,20230313,000000,1918.107,1968.408,1901.871,1925.653,3388.9384902302936,0
PAXG.V,D,20230314,000000,1925.519,1943.824,1901.765,1911.806,2391.31995075917,0
PAXG.V,D,20230315,000000,1912.13,1950.807,1901.422,1932.081,2327.326677134527,0
PAXG.V,D,20230316,000000,1931,1936.388,1907.358,1910.746,1380.8566010663217,0
PAXG.V,D,20230317,000000,1910.727,1973.957,1905.125,1967.866,3535.629261641775,0
PAXG.V,D,20230318,000000,1967.886,1970.088,1959.276,1962.871,1186.3580887040157,0
PAXG.V,D,20230319,000000,1962.871,1985.076,1962.851,1976.972,1409.6951141422815,0
PAXG.V,D,20230320,000000,1977.975,2019.079,1969.735,1985.22,2019.8306459190603,0
PAXG.V,D,20230321,000000,1986.223,1995.336,1937.777,1955.217,1172.0572291386973,0
PAXG.V,D,20230322,000000,1955.237,1987.946,1943.31,1982.496,1544.1512106633295,0
PAXG.V,D,20230323,000000,1981.493,2008.87,1978.33,1997.145,1063.772778451892,0
PAXG.V,D,20230324,000000,1993.177,2011.351,1981.251,1983.021,1121.8008334084466,0
PAXG.V,D,20230325,000000,1983.199,2014.595,1983.179,1998.917,1087.3011444559293,0
PAXG.V,D,20230326,000000,1997.936,2001.94,1990.77,1998.255,343.68052708100174,0
PAXG.V,D,20230327,000000,1998.196,1998.196,1964.276,1980.931,791.4076766686264,0
PAXG.V,D,20230328,000000,1978.93,1995.997,1972.611,1985.754,918.7344199853003,0
PAXG.V,D,20230329,000000,1984.754,1993.399,1980.535,1982.357,502.86507474884246,0
PAXG.V,D,20230330,000000,1981.376,1987.219,1971.69,1984.556,603.1479487042155,0
PAXG.V,D,20230331,000000,1984.536,1991.657,1972.513,1976.395,376.2105033671903,0
PAXG.V,D,20230401,000000,1976.415,1979.91,1969.689,1975.711,356.92070113626653,0
PAXG.V,D,20230402,000000,1975.711,1979.811,1969.004,1977.225,347.16202265769493,0
PAXG.V,D,20230403,000000,1977.225,1993.857,1967.57,1987.775,702.8974509490391,0
PAXG.V,D,20230404,000000,1987.775,2030.055,1978.91,2029.034,889.2579783059969,0
PAXG.V,D,20230405,000000,2028.013,2055.048,2021.768,2035.733,1729.4976321675417,0
PAXG.V,D,20230406,000000,2034.732,2036.448,2012.724,2017.706,619.874718495315,0
PAXG.V,D,20230407,000000,2017.706,2028.378,2012.005,2021.717,569.2280089028825,0
PAXG.V,D,20230408,000000,2021.495,2025.032,2017.008,2019.787,310.0705707728649,0
PAXG.V,D,20230409,000000,2021.808,2027.912,2016.209,2026.215,388.11224898061937,0
PAXG.V,D,20230410,000000,2025.417,2025.417,2002.541,2003.622,990.6621923641425,0
PAXG.V,D,20230411,000000,2004.642,2027.621,2002.241,2024.002,1210.7144159112972,0
PAXG.V,D,20230412,000000,2022.981,2034.626,2018.795,2024.578,902.2315445431616,0
PAXG.V,D,20230413,000000,2025.558,2051.233,2023.496,2043.96,599.3836480345651,0
PAXG.V,D,20230414,000000,2042.959,2049.946,2009.747,2020.696,1967.2336501150476,0
PAXG.V,D,20230415,000000,2020.635,2027.005,2014.993,2018.795,402.81008067860597,0
PAXG.V,D,20230416,000000,2018.795,2025.437,2014.51,2020.413,500.3141093807978,0
PAXG.V,D,20230417,000000,2021.333,2029.379,2003.061,2012.186,1565.885374537076,0
PAXG.V,D,20230418,000000,2011.206,2027.811,2008.863,2011.342,753.8913013932568,0
PAXG.V,D,20230419,000000,2011.302,2017.504,1991.518,2003.041,1015.315698295696,0
