<TICKER>,<PER>,<DATE>,<TIME>,<OPEN>,<HIGH>,<LOW>,<CLOSE>,<VOL>,<OPENINT>
PERP.V,D,20210201,000000,5.824,6.092,5.616,5.616,0,0
PERP.V,D,20210202,000000,5.616,9.083,5.616,6.782,0,0
PERP.V,D,20210203,000000,6.782,9.115,6.782,7.137,0,0
PERP.V,D,20210204,000000,7.137,7.926,6.839,7.926,0,0
PERP.V,D,20210205,000000,7.926,8.542,7.926,8.461,0,0
PERP.V,D,20210206,000000,8.461,8.461,6.967,7.024,0,0
PERP.V,D,20210207,000000,7.024,7.82,6.754,7.82,0,0
PERP.V,D,20210208,000000,7.82,8.489,6.94,7.239,0,0
PERP.V,D,20210210,000000,7.319,7.319,7.073,7.26,0,0
PERP.V,D,20210211,000000,7.26,8.248,7.26,8.045,0,0
PERP.V,D,20210212,000000,8.045,8.551,8.045,8.167,0,0
PERP.V,D,20210213,000000,8.167,8.167,5.667,6.19,0,0
PERP.V,D,20210214,000000,6.19,7.322,6.141,7.008,0,0
PERP.V,D,20210215,000000,7.008,7.008,6.052,6.984,0,0
PERP.V,D,20210216,000000,6.984,6.998,6.293,6.293,0,0
PERP.V,D,20210217,000000,6.293,6.69,5.7,5.7,0,0
PERP.V,D,20210218,000000,5.7,7.07,5.7,7.07,0,0
PERP.V,D,20210219,000000,7.07,7.143,6.45,6.522,0,0
PERP.V,D,20210221,000000,6.381,7.944,6.381,7.526,0,0
PERP.V,D,20210222,000000,7.526,7.526,6.232,6.232,0,0
PERP.V,D,20210223,000000,6.232,6.682,5.372,6.682,0,0
PERP.V,D,20210224,000000,6.682,6.881,5.516,6.335,0,0
PERP.V,D,20210225,000000,6.335,6.335,5.004,6.037,0,0
PERP.V,D,20210226,000000,6.037,6.037,5.475,5.475,0,0
PERP.V,D,20210227,000000,5.475,5.528,4.499,4.499,0,0
PERP.V,D,20210301,000000,4.383,5.294,4.383,5.294,0,0
PERP.V,D,20210302,000000,5.294,5.654,5.015,5.654,0,0
PERP.V,D,20210303,000000,5.654,5.969,5.486,5.969,0,0
PERP.V,D,20210304,000000,5.969,5.977,5.172,5.449,0,0
PERP.V,D,20210305,000000,5.449,5.576,5.418,5.576,0,0
PERP.V,D,20210306,000000,5.576,6.02,5.576,5.65,0,0
PERP.V,D,20210307,000000,5.65,5.906,5.645,5.645,0,0
PERP.V,D,20210308,000000,5.645,5.999,5.254,5.676,0,0
PERP.V,D,20210309,000000,5.676,7.121,5.676,7.121,0,0
PERP.V,D,20210310,000000,7.121,7.121,6.303,6.996,0,0
PERP.V,D,20210311,000000,6.859,8.831,6.821,7.788,0,0
PERP.V,D,20210312,000000,7.788,7.96,7.1,7.265,0,0
PERP.V,D,20210313,000000,7.265,7.546,6.631,7.418,0,0
PERP.V,D,20210314,000000,7.418,7.699,7.199,7.208,0,0
PERP.V,D,20210315,000000,7.208,7.697,7.046,7.466,0,0
PERP.V,D,20210316,000000,7.466,7.5,6.401,6.539,0,0
PERP.V,D,20210317,000000,6.539,9.009,6.313,8.881,0,0
PERP.V,D,20210318,000000,8.881,9.598,7.9,9.298,0,0
PERP.V,D,20210319,000000,9.298,19.35,9,9.609,0,0
PERP.V,D,20210320,000000,9.609,9.852,8.498,8.517,0,0
PERP.V,D,20210321,000000,8.517,8.624,7.65,8.022,0,0
PERP.V,D,20210322,000000,8.022,8.59,7.594,7.605,0,0
PERP.V,D,20210323,000000,7.605,7.675,6.854,7.103,0,0
PERP.V,D,20210324,000000,7.103,7.291,6.326,6.334,0,0
PERP.V,D,20210325,000000,6.334,6.348,5.652,6.02,0,0
PERP.V,D,20210326,000000,6.02,6.914,5.908,6.83,0,0
PERP.V,D,20210327,000000,6.83,6.873,6.384,6.521,0,0
PERP.V,D,20210328,000000,6.521,7.94,6.438,7.301,0,0
PERP.V,D,20210329,000000,7.301,7.907,7.131,7.305,0,0
PERP.V,D,20210330,000000,7.305,8.039,7.158,8.035,0,0
PERP.V,D,20210331,000000,8.108,8.622,8.108,8.622,0,0
PERP.V,D,20210401,000000,8.622,8.841,8.14,8.28,0,0
PERP.V,D,20210402,000000,8.28,10.36,8.28,9.667,0,0
PERP.V,D,20210403,000000,9.667,9.667,9.1,9.327,0,0
PERP.V,D,20210404,000000,9.327,9.64,8.109,8.111,0,0
PERP.V,D,20210406,000000,8.233,8.422,8.233,8.422,0,0
PERP.V,D,20210407,000000,8.027,8.027,7.21,7.338,0,0
PERP.V,D,20210408,000000,7.338,8.124,7.314,7.726,0,0
PERP.V,D,20210409,000000,7.726,8.066,7.682,7.786,0,0
PERP.V,D,20210410,000000,7.786,8.017,7.367,7.518,0,0
PERP.V,D,20210411,000000,7.518,8.034,7.367,7.985,0,0
PERP.V,D,20210412,000000,7.985,8.802,7.779,8.063,0,0
PERP.V,D,20210413,000000,8.063,8.378,7.898,8.349,0,0
PERP.V,D,20210414,000000,8.349,8.351,7.768,8.091,0,0
PERP.V,D,20210415,000000,8.091,8.743,8.04,8.376,0,0
PERP.V,D,20210416,000000,8.376,8.387,7.412,7.5,0,0
PERP.V,D,20210417,000000,7.5,7.58,7.308,7.338,0,0
PERP.V,D,20210418,000000,7.338,7.354,6.08,6.332,0,0
PERP.V,D,20210419,000000,6.332,6.65,5.843,5.956,0,0
PERP.V,D,20210420,000000,5.956,6.255,5.607,6.13,0,0
PERP.V,D,20210421,000000,6.13,6.637,5.882,6.158,0,0
PERP.V,D,20210422,000000,6.158,6.831,5.867,5.966,0,0
PERP.V,D,20210423,000000,5.966,6.722,5.201,6.63,0,0
PERP.V,D,20210424,000000,6.63,6.79,6.291,6.42,0,0
PERP.V,D,20210425,000000,6.42,6.488,6.062,6.165,0,0
PERP.V,D,20210426,000000,6.165,6.579,6.151,6.46,0,0
PERP.V,D,20210427,000000,6.46,6.902,6.355,6.529,0,0
PERP.V,D,20210428,000000,6.529,7.595,6.525,7.186,0,0
PERP.V,D,20210429,000000,7.186,7.562,7.001,7.282,0,0
PERP.V,D,20210430,000000,7.282,8.367,7.282,8.266,0,0
PERP.V,D,20210501,000000,8.266,8.394,7.739,7.784,0,0
PERP.V,D,20210502,000000,7.784,7.901,7.669,7.886,0,0
PERP.V,D,20210503,000000,7.886,8.829,7.879,8.569,0,0
PERP.V,D,20210504,000000,8.569,8.918,8.186,8.483,0,0
PERP.V,D,20210505,000000,8.483,9.185,8.467,9.04,0,0
PERP.V,D,20210506,000000,9.04,9.055,8.107,8.123,0,0
PERP.V,D,20210507,000000,8.123,8.185,7.805,8.043,0,0
PERP.V,D,20210508,000000,8.043,8.381,8.006,8.31,0,0
PERP.V,D,20210509,000000,8.31,8.409,7.941,8.088,0,0
PERP.V,D,20210510,000000,8.088,8.253,7.57,7.764,0,0
PERP.V,D,20210511,000000,7.764,7.906,7.292,7.685,0,0
PERP.V,D,20210512,000000,7.685,8.192,7.576,7.595,0,0
PERP.V,D,20210513,000000,7.595,8.154,7.143,7.899,0,0
PERP.V,D,20210514,000000,7.899,11.57,7.873,10.92,0,0
PERP.V,D,20210515,000000,10.92,12.68,9.419,9.711,0,0
PERP.V,D,20210516,000000,9.711,10.37,8.964,9.249,0,0
PERP.V,D,20210517,000000,9.249,10.3,8.324,9.399,0,0
PERP.V,D,20210518,000000,9.399,12.54,9.389,11.83,0,0
PERP.V,D,20210519,000000,11.83,12.36,7.53,10.87,0,0
PERP.V,D,20210520,000000,10.87,14.75,9.762,13.38,0,0
PERP.V,D,20210521,000000,13.38,13.98,9.515,10.33,0,0
PERP.V,D,20210522,000000,10.33,10.71,8.769,10.27,0,0
PERP.V,D,20210523,000000,10.27,11.06,6.835,7.844,0,0
PERP.V,D,20210524,000000,7.844,10.53,7.836,10.5,0,0
PERP.V,D,20210525,000000,10.5,10.83,8.857,10.46,0,0
PERP.V,D,20210526,000000,10.46,11.35,9.657,10.29,0,0
PERP.V,D,20210527,000000,10.29,10.31,8.973,8.993,0,0
PERP.V,D,20210528,000000,8.993,9.023,7.435,7.879,0,0
PERP.V,D,20210529,000000,7.879,8.121,7.103,7.257,0,0
PERP.V,D,20210530,000000,7.257,8.303,6.883,7.68,0,0
PERP.V,D,20210531,000000,7.68,8.554,7.356,8.543,0,0
PERP.V,D,20210601,000000,8.543,8.915,7.882,8.903,0,0
PERP.V,D,20210602,000000,8.903,11.49,8.892,10.62,0,0
PERP.V,D,20210603,000000,10.62,10.9,9.899,10.4,0,0
PERP.V,D,20210604,000000,10.4,10.42,9.489,9.961,0,0
PERP.V,D,20210605,000000,9.961,11.25,9.665,9.848,0,0
PERP.V,D,20210606,000000,9.848,10.33,9.712,9.838,0,0
PERP.V,D,20210607,000000,9.838,10.17,8.895,8.9,0,0
PERP.V,D,20210608,000000,8.9,8.947,7.736,8.499,0,0
PERP.V,D,20210609,000000,8.499,9.067,8.221,9.006,0,0
PERP.V,D,20210610,000000,9.006,9.054,8.161,8.305,0,0
PERP.V,D,20210611,000000,8.305,8.327,7.334,7.518,0,0
PERP.V,D,20210612,000000,7.518,7.906,7.198,7.645,0,0
PERP.V,D,20210613,000000,7.645,8.718,7.459,8.553,0,0
PERP.V,D,20210614,000000,8.553,9.64,8.307,9.47,0,0
PERP.V,D,20210615,000000,9.47,9.785,8.398,8.415,0,0
PERP.V,D,20210616,000000,8.415,8.471,7.401,7.434,0,0
PERP.V,D,20210617,000000,7.434,7.738,7.248,7.543,0,0
PERP.V,D,20210618,000000,7.543,7.586,6.63,7.006,0,0
PERP.V,D,20210619,000000,7.006,7.068,6.107,6.111,0,0
PERP.V,D,20210620,000000,6.111,6.359,5.606,6.038,0,0
PERP.V,D,20210621,000000,6.038,6.089,4.444,4.447,0,0
PERP.V,D,20210622,000000,4.447,5.881,3.621,4.868,0,0
PERP.V,D,20210623,000000,4.868,5.745,4.823,5.253,0,0
PERP.V,D,20210624,000000,5.253,5.569,4.554,5.334,0,0
PERP.V,D,20210625,000000,5.334,5.735,4.283,4.503,0,0
PERP.V,D,20210626,000000,4.503,4.612,3.945,4.128,0,0
PERP.V,D,20210627,000000,4.128,4.73,3.79,4.39,0,0
PERP.V,D,20210628,000000,4.39,5.841,4.241,5.517,0,0
PERP.V,D,20210629,000000,5.517,6.493,5.27,5.874,0,0
PERP.V,D,20210630,000000,5.874,9.033,5.59,8.255,0,0
PERP.V,D,20210701,000000,8.255,8.776,7.164,7.436,0,0
PERP.V,D,20210702,000000,7.436,7.778,7.138,7.691,0,0
PERP.V,D,20210703,000000,7.691,8.117,7.606,7.982,0,0
PERP.V,D,20210704,000000,7.982,8.764,7.892,8.587,0,0
PERP.V,D,20210705,000000,8.587,9.73,8.07,9.276,0,0
PERP.V,D,20210706,000000,9.276,11.89,9.268,11.04,0,0
PERP.V,D,20210707,000000,11.04,11.45,9.92,10.58,0,0
PERP.V,D,20210708,000000,10.58,10.6,8.598,9.148,0,0
PERP.V,D,20210709,000000,9.148,9.417,8.723,8.867,0,0
PERP.V,D,20210710,000000,8.867,9.141,8.297,8.337,0,0
PERP.V,D,20210711,000000,8.337,9.029,8.156,8.859,0,0
PERP.V,D,20210712,000000,8.859,9.443,8.089,8.323,0,0
PERP.V,D,20210713,000000,8.323,8.531,7.452,7.594,0,0
PERP.V,D,20210714,000000,7.594,8.385,7.133,8.09,0,0
PERP.V,D,20210715,000000,8.09,8.117,7.319,7.993,0,0
PERP.V,D,20210716,000000,7.993,8.658,7.455,7.459,0,0
PERP.V,D,20210717,000000,7.459,8.43,7.228,8.179,0,0
PERP.V,D,20210718,000000,8.179,8.572,7.664,7.685,0,0
PERP.V,D,20210719,000000,7.685,7.887,6.446,6.637,0,0
PERP.V,D,20210720,000000,6.637,6.939,6.099,6.834,0,0
PERP.V,D,20210721,000000,6.834,8.053,6.744,7.584,0,0
PERP.V,D,20210722,000000,7.584,8.032,7.287,7.899,0,0
PERP.V,D,20210723,000000,7.899,9.25,7.869,9.237,0,0
PERP.V,D,20210724,000000,9.237,9.756,9.075,9.258,0,0
PERP.V,D,20210725,000000,9.258,9.311,8.659,9.176,0,0
PERP.V,D,20210726,000000,9.176,11.27,9.11,9.979,0,0
PERP.V,D,20210727,000000,9.979,10.41,8.897,9.953,0,0
PERP.V,D,20210728,000000,9.953,11.48,9.618,10.71,0,0
PERP.V,D,20210729,000000,10.71,14.32,10.52,13.73,0,0
PERP.V,D,20210730,000000,13.73,16.13,13.13,14.69,0,0
PERP.V,D,20210731,000000,14.69,15.54,14.1,14.76,0,0
PERP.V,D,20210801,000000,14.76,15.84,13.77,13.96,0,0
PERP.V,D,20210802,000000,13.96,14.59,13.73,14.28,0,0
PERP.V,D,20210803,000000,14.28,17.24,14.05,15.91,0,0
PERP.V,D,20210804,000000,15.91,17.85,15.56,16.99,0,0
PERP.V,D,20210805,000000,16.99,17.07,15.32,15.95,0,0
PERP.V,D,20210806,000000,15.95,16.18,14.9,15.66,0,0
PERP.V,D,20210807,000000,15.66,16.9,15.5,15.99,0,0
PERP.V,D,20210808,000000,15.99,16.65,14.06,14.48,0,0
PERP.V,D,20210809,000000,14.48,16.25,13.55,15.91,0,0
PERP.V,D,20210810,000000,15.91,16.05,15.23,15.6,0,0
PERP.V,D,20210811,000000,15.6,17.07,15.46,15.6,0,0
PERP.V,D,20210812,000000,15.2,15.28,14.05,15.07,0,0
PERP.V,D,20210813,000000,15.07,16.19,14.76,15.8,0,0
PERP.V,D,20210814,000000,15.8,15.92,14.46,14.76,0,0
PERP.V,D,20210815,000000,14.76,14.89,13.48,14.71,0,0
PERP.V,D,20210816,000000,14.71,15.16,13.76,14.35,0,0
PERP.V,D,20210817,000000,14.35,17.03,13.99,14.84,0,0
PERP.V,D,20210818,000000,14.84,16.42,14.01,16.26,0,0
PERP.V,D,20210819,000000,16.26,19.96,16.26,18.82,0,0
PERP.V,D,20210820,000000,18.82,19.53,17.86,18.82,0,0
PERP.V,D,20210821,000000,18.82,19.93,17.53,18.21,0,0
PERP.V,D,20210822,000000,18.21,18.31,16.17,17.16,0,0
PERP.V,D,20210823,000000,17.16,18.57,16.91,17.58,0,0
PERP.V,D,20210824,000000,17.58,18.02,15.64,16.89,0,0
PERP.V,D,20210825,000000,16.89,18.53,16.37,18.24,0,0
PERP.V,D,20210826,000000,18.24,18.43,15.16,16.86,0,0
PERP.V,D,20210827,000000,16.86,17.62,16.31,17.26,0,0
PERP.V,D,20210828,000000,17.26,18.21,16.17,17.94,0,0
PERP.V,D,20210829,000000,17.94,18.82,17.21,18.7,0,0
PERP.V,D,20210830,000000,18.7,25.27,18.26,21.45,0,0
PERP.V,D,20210831,000000,21.45,22.42,19.71,20.18,0,0
PERP.V,D,20210901,000000,20.18,21.2,18.92,20.86,0,0
PERP.V,D,20210902,000000,20.86,21.4,18.93,19.5,0,0
PERP.V,D,20210903,000000,19.5,20.13,18.34,19.86,0,0
PERP.V,D,20210904,000000,19.86,20.12,18.69,19.14,0,0
PERP.V,D,20210905,000000,19.14,19.96,18.82,19.88,0,0
PERP.V,D,20210906,000000,19.88,22.67,19.65,21.5,0,0
PERP.V,D,20210907,000000,21.5,21.68,19.12,20.01,0,0
PERP.V,D,20210908,000000,20.01,23.12,19.04,19.56,0,0
PERP.V,D,20210909,000000,19.56,19.8,17.16,18.23,0,0
PERP.V,D,20210910,000000,18.23,18.5,15.24,15.49,0,0
PERP.V,D,20210911,000000,15.49,16.5,15.47,15.75,0,0
PERP.V,D,20210912,000000,15.75,16.22,14.6,14.98,0,0
PERP.V,D,20210913,000000,14.98,16.47,13.54,16.04,0,0
PERP.V,D,20210914,000000,16.04,18.5,15.64,18.32,0,0
PERP.V,D,20210915,000000,18.32,18.49,16.78,17.81,0,0
PERP.V,D,20210916,000000,17.81,18.5,16.6,17.15,0,0
PERP.V,D,20210917,000000,17.15,17.29,14.7,15.33,0,0
PERP.V,D,20210918,000000,15.33,15.7,14.82,15,0,0
PERP.V,D,20210919,000000,15,15.06,13.99,14.29,0,0
PERP.V,D,20210920,000000,14.29,15.97,12.02,12.2,0,0
PERP.V,D,20210921,000000,12.2,13.28,10.89,11.12,0,0
PERP.V,D,20210922,000000,11.12,15.35,10.88,13.92,0,0
PERP.V,D,20210923,000000,13.92,14.2,12.44,13.1,0,0
PERP.V,D,20210924,000000,13.1,13.21,11.11,12.24,0,0
PERP.V,D,20210925,000000,12.24,12.39,11.54,11.93,0,0
PERP.V,D,20210926,000000,11.93,15.99,10.67,14.12,0,0
PERP.V,D,20210927,000000,14.12,19.08,13.6,15.14,0,0
PERP.V,D,20210928,000000,15.14,17,13.5,13.66,0,0
PERP.V,D,20210929,000000,13.66,16.87,13.45,15.02,0,0
PERP.V,D,20210930,000000,15.02,16.31,13.93,14.24,0,0
PERP.V,D,20211001,000000,14.24,15.39,14.14,14.91,0,0
PERP.V,D,20211002,000000,14.91,16.34,14.52,15.54,0,0
PERP.V,D,20211003,000000,15.54,15.81,14.79,15,0,0
PERP.V,D,20211004,000000,15,15.84,14.33,14.49,0,0
PERP.V,D,20211005,000000,14.49,14.84,13.61,13.85,0,0
PERP.V,D,20211006,000000,13.85,14.32,12.58,13.82,0,0
PERP.V,D,20211007,000000,13.82,14.5,13.31,13.44,0,0
PERP.V,D,20211008,000000,13.44,14.21,13.15,13.75,0,0
PERP.V,D,20211009,000000,13.75,14.45,13.55,14.14,0,0
PERP.V,D,20211010,000000,14.14,14.34,13.29,13.41,0,0
PERP.V,D,20211011,000000,13.41,16.74,13.28,15.56,0,0
PERP.V,D,20211012,000000,15.56,16.15,14.2,15.4,0,0
PERP.V,D,20211013,000000,15.4,19.22,15.11,17.87,0,0
PERP.V,D,20211014,000000,17.87,18.24,16.62,18.15,0,0
PERP.V,D,20211015,000000,18.15,19.76,17.28,18.51,0,0
PERP.V,D,20211016,000000,18.51,18.53,17.14,17.16,0,0
PERP.V,D,20211017,000000,17.16,18.02,16.71,17.81,0,0
PERP.V,D,20211018,000000,17.81,19.94,16.62,16.74,0,0
PERP.V,D,20211019,000000,16.74,16.8,15.82,16.12,0,0
PERP.V,D,20211020,000000,16.12,16.33,15.28,16.16,0,0
PERP.V,D,20211021,000000,16.16,16.74,15.54,16.18,0,0
PERP.V,D,20211022,000000,16.18,16.69,15.49,15.96,0,0
PERP.V,D,20211023,000000,15.96,16.59,15.84,16.25,0,0
PERP.V,D,20211024,000000,16.25,16.36,15.44,16.15,0,0
PERP.V,D,20211025,000000,16.15,16.62,16.12,16.45,0,0
PERP.V,D,20211026,000000,16.45,17.94,16.35,17.03,0,0
PERP.V,D,20211027,000000,17.03,18.06,15.34,15.74,0,0
PERP.V,D,20211028,000000,15.74,16.52,15.62,16.49,0,0
PERP.V,D,20211029,000000,16.49,16.81,15.7,16.75,0,0
PERP.V,D,20211030,000000,16.75,16.99,16.35,16.94,0,0
PERP.V,D,20211031,000000,16.94,17.56,16.22,16.44,0,0
PERP.V,D,20211101,000000,16.44,17.05,15.7,16.34,0,0
PERP.V,D,20211102,000000,16.34,17.61,15.97,17.37,0,0
PERP.V,D,20211103,000000,17.37,18.64,16.25,17.01,0,0
PERP.V,D,20211104,000000,17.01,17.21,16.33,17.01,0,0
PERP.V,D,20211105,000000,17.01,17.52,16.74,17.36,0,0
PERP.V,D,20211106,000000,17.36,17.54,16.51,17.32,0,0
PERP.V,D,20211107,000000,17.32,17.71,17.26,17.44,0,0
PERP.V,D,20211108,000000,17.44,18.5,17.33,17.98,0,0
PERP.V,D,20211109,000000,17.98,19.01,17.66,17.68,0,0
PERP.V,D,20211110,000000,17.68,17.72,16.3,16.73,0,0
PERP.V,D,20211111,000000,16.73,17.25,16.56,16.77,0,0
PERP.V,D,20211112,000000,16.77,22.37,15.71,17.5,0,0
PERP.V,D,20211113,000000,17.5,18.65,17.26,17.37,0,0
PERP.V,D,20211114,000000,17.37,17.86,17,17.28,0,0
PERP.V,D,20211115,000000,17.28,17.61,16.39,16.41,0,0
PERP.V,D,20211116,000000,16.41,16.42,14.73,15.31,0,0
PERP.V,D,20211117,000000,15.31,15.63,14.65,15.49,0,0
PERP.V,D,20211118,000000,15.49,15.65,13.77,14.01,0,0
PERP.V,D,20211119,000000,14.01,15.09,13.62,15.06,0,0
PERP.V,D,20211120,000000,15.06,15.45,14.48,15.24,0,0
PERP.V,D,20211121,000000,15.24,15.69,14.79,15.25,0,0
PERP.V,D,20211122,000000,15.25,15.63,14.52,14.87,0,0
PERP.V,D,20211123,000000,14.87,15.47,14.77,15.11,0,0
PERP.V,D,20211124,000000,15.13,15.23,14.4,14.407,0,0
PERP.V,D,20211125,000000,14.444,15.4,14.103,14.8,0,0
PERP.V,D,20211126,000000,14.8,14.89,12.63,12.63,0,0
PERP.V,D,20211127,000000,12.618,12.62,11.88,12.29,0,0
PERP.V,D,20211128,000000,12.25,12.79,11.37,12.26346,0,0
PERP.V,D,20211129,000000,12.22,12.97,12.22,12.89,0,0
PERP.V,D,20211130,000000,12.91,13.44,12.321,12.456,0,0
PERP.V,D,20211201,000000,12.476,13.153,12.476,13.025,0,0
PERP.V,D,20211202,000000,13.054,13.361,12.373,13.357,0,0
PERP.V,D,20211203,000000,13.341,13.347,12.253,12.534,0,0
PERP.V,D,20211204,000000,12.527,12.625,10.55,11.545,0,0
PERP.V,D,20211205,000000,11.561,11.861,10.762,11.048,0,0
PERP.V,D,20211206,000000,11.048,11.419,10.274,11.4,0,0
PERP.V,D,20211207,000000,11.4,11.71,10.986,11.01,0,0
PERP.V,D,20211208,000000,11.01,11.19,10.374,10.789,0,0
PERP.V,D,20211209,000000,10.789,11.327,9.845,9.971,0,0
PERP.V,D,20211210,000000,9.971,10.11,9.2,9.23,0,0
PERP.V,D,20211211,000000,9.2,9.766,8.91,9.76,0,0
PERP.V,D,20211212,000000,9.72,9.72,9.35,9.48,0,0
PERP.V,D,20211213,000000,9.455,9.5,8.332,8.851,0,0
PERP.V,D,20211214,000000,8.87,8.878,8.345,8.591,0,0
PERP.V,D,20211215,000000,8.594,8.97448,8.16408,8.92535,0,0
PERP.V,D,20211216,000000,8.91535,9.01541,8.64259,8.77263,0,0
PERP.V,D,20211217,000000,8.77263,9.26278,8.23329,9.20368,0,0
PERP.V,D,20211218,000000,9.20368,9.55382,8.97359,9.45378,0,0
PERP.V,D,20211219,000000,9.45378,9.48379,9.14366,9.31372,0,0
PERP.V,D,20211220,000000,9.30472,10.21408,9.29372,9.95298,0,0
PERP.V,D,20211221,000000,9.94398,10.28411,9.6629,9.94298,0,0
PERP.V,D,20211222,000000,9.93397,10.03401,9.4047,9.46378,0,0
PERP.V,D,20211223,000000,9.47474,9.63289,8.92178,9.3947,0,0
PERP.V,D,20211224,000000,9.39376,9.50475,9.0136,9.19459,0,0
PERP.V,D,20211225,000000,9.1755,9.34654,9.08545,9.22369,0,0
PERP.V,D,20211226,000000,9.2136,9.46473,8.9945,9.38469,66404,0
PERP.V,D,20211227,000000,9.38469,9.99499,9.34374,9.60288,223508,0
PERP.V,D,20211228,000000,9.60192,9.62289,8.85177,8.93089,540370,0
PERP.V,D,20211229,000000,8.93179,9.38094,8.51085,8.97179,424593,0
PERP.V,D,20211230,000000,8.97179,9.55191,8.66087,8.9918,346972,0
PERP.V,D,20211231,000000,9.0018,9.10182,8.55,8.64086,151866.6422751,0
PERP.V,D,20220101,000000,8.64086,9.10182,8.64086,9.0118,191860.15584097,0
PERP.V,D,20220102,000000,9.0018,9.16183,8.77175,9.0209,225945.1834386,0
PERP.V,D,20220103,000000,9.0018,9.43094,8.86089,9.20092,264461.42882757,0
PERP.V,D,20220104,000000,9.19908,9.52905,9.05,9.31907,266894.42116763,0
PERP.V,D,20220105,000000,9.32813,9.52905,8.72913,9.12817,692577.87591348,0
PERP.V,D,20220106,000000,9.13,9.42,8.14919,8.55914,511181.14197643,0
PERP.V,D,20220107,000000,8.54,8.75912,7.9592,8.63914,391341.88435294,0
PERP.V,D,20220108,000000,8.61914,8.95,8.45831,8.93,209185.9915069,0
PERP.V,D,20220109,000000,8.94,9.62904,8.82912,9.19,618038.02357973,0
PERP.V,D,20220110,000000,9.22,9.41,9.0491,9.27,356229.08007037,0
PERP.V,D,20220111,000000,9.27,9.52095,9.26,9.45,223771.15170604,0
PERP.V,D,20220112,000000,9.44094,9.72389,9.39188,9.51475,194779.18325521,0
PERP.V,D,20220113,000000,9.5038,9.76488,9.04362,9.05452,222516.59042517,0
PERP.V,D,20220114,000000,9.05452,9.45472,8.82441,9.02361,189814.65497048,0
PERP.V,D,20220115,000000,9.02271,9.05362,8.61344,8.73437,223983.89736154,0
PERP.V,D,20220116,000000,8.76438,8.79439,8.45422,8.73349,125228.77545715,0
PERP.V,D,20220117,000000,8.72349,8.73349,8.0132,8.22329,156812.0210574,0
PERP.V,D,20220118,000000,8.2433,9.0036,8.05241,8.96269,627073.10565891,0
PERP.V,D,20220119,000000,8.96269,9.13183,8.71348,9.05272,192283.66409632,0
PERP.V,D,20220120,000000,9.05272,9.09182,8.61086,8.87177,268391.16121852,0
PERP.V,D,20220121,000000,8.86177,9.84295,8.53256,8.63259,1371210.1083414,0
PERP.V,D,20220122,000000,8.64259,9.08272,7.30146,7.73232,461724.3252594,0
PERP.V,D,20220123,000000,7.73232,8.12244,7.39148,7.59152,248961.66747048,0
PERP.V,D,20220124,000000,7.60228,7.94159,5.52166,6.19186,1050936.7056512,0
PERP.V,D,20220125,000000,6.20186,6.31189,5.7523,5.79289,352854.59370289,0
PERP.V,D,20220126,000000,5.81349,6.29314,5.49329,5.55333,578181.86672168,0
PERP.V,D,20220127,000000,5.58335,5.99359,5.33266,5.58279,711098.89903534,0
PERP.V,D,20220128,000000,5.6128,6.0118,5.47164,5.89177,286564.88697636,0
PERP.V,D,20220129,000000,5.89177,6.29189,5.80116,6.25188,519768.50330854,0
PERP.V,D,20220130,000000,6.23187,6.40256,6.09244,6.29189,234173.7297965,0
PERP.V,D,20220131,000000,6.30252,6.52261,5.98239,6.26376,190770.36000004,0
PERP.V,D,20220201,000000,6.26188,6.46388,6.22373,6.39319,144498.32475583,0
PERP.V,D,20220202,000000,6.38319,6.48389,5.88235,5.96477,129360.03702484,0
PERP.V,D,20220203,000000,5.96477,6.003,5.82291,5.91296,95885.300626596,0
PERP.V,D,20220204,000000,5.94297,6.36382,5.94297,6.31505,125616.2769684,0
PERP.V,D,20220205,000000,6.34444,6.69468,6.32442,6.46452,187329.44309874,0
PERP.V,D,20220206,000000,6.47388,6.52391,6.24312,6.32253,108022.23522629,0
PERP.V,D,20220207,000000,6.32316,6.68601,6.32253,6.50455,297038.39620494,0
PERP.V,D,20220208,000000,6.49519,6.7147,6.19495,6.59659,434604.91922439,0
PERP.V,D,20220209,000000,6.59593,6.72605,6.41449,6.67667,287545.66645112,0
PERP.V,D,20220210,000000,6.67667,6.7554,6.3751,6.39447,162751.22842122,0
PERP.V,D,20220211,000000,6.45387,6.78407,5.86176,5.87235,450914.99029309,0
PERP.V,D,20220212,000000,5.87411,6.19495,5.84175,6.11367,188498.71988159,0
PERP.V,D,20220213,000000,6.11367,6.1637,5.75345,6.10305,333206.06495966,0
PERP.V,D,20220214,000000,6.09365,6.29377,6.02301,6.29377,241315.14583831,0
PERP.V,D,20220215,000000,6.31379,6.51391,6.24312,6.38383,199575.04657479,0
PERP.V,D,20220216,000000,6.38447,6.46388,6.19371,6.42321,158800.39934384,0
PERP.V,D,20220217,000000,6.42385,6.46388,5.85409,5.89412,265233.70811488,0
PERP.V,D,20220218,000000,5.89412,6.18433,5.65339,5.67397,234118.77131651,0
PERP.V,D,20220219,000000,5.6734,5.93296,5.49329,5.75345,456632.95487386,0
PERP.V,D,20220220,000000,5.75345,6.09304,5.46218,5.79289,925783.04077224,0
PERP.V,D,20220221,000000,5.8029,5.97298,5.41216,5.42271,740065.43506734,0
PERP.V,D,20220222,000000,5.4127,5.43326,5.08203,5.3332,301527.54845545,0
PERP.V,D,20220223,000000,5.32319,5.51331,5.29264,5.40324,127695.77195763,0
PERP.V,D,20220224,000000,5.4027,5.43326,4.77238,4.94148,851763.45589541,0
PERP.V,D,20220225,000000,4.95198,5.16206,4.83145,5.12205,637775.89698201,0
PERP.V,D,20220226,000000,5.11204,5.22209,4.93197,5.002,310567.1742639,0
PERP.V,D,20220227,000000,5.0125,5.10255,4.62185,4.64186,317706.12834395,0
PERP.V,D,20220228,000000,4.61184,4.70235,4.16166,4.64232,1537233.1540537,0
PERP.V,D,20220301,000000,4.64186,4.79239,4.44178,4.49135,581603.16507063,0
PERP.V,D,20220302,000000,4.4809,4.63139,4.40088,4.48134,606182.49862961,0
PERP.V,D,20220303,000000,4.48134,4.50135,4.18084,4.29086,180888.42184743,0
PERP.V,D,20220304,000000,4.29086,4.3413,3.98119,4.0112,320977.01338862,0
PERP.V,D,20220305,000000,4.0112,4.11123,3.94079,4.09123,180973.4320398,0
PERP.V,D,20220306,000000,4.10023,4.14124,3.91217,4.02121,264103.07544841,0
PERP.V,D,20220307,000000,4.0108,4.03121,3.73112,3.79114,269811.43055032,0
PERP.V,D,20220308,000000,3.80114,3.9908,3.76038,3.87077,321934.99180298,0
PERP.V,D,20220309,000000,3.89678,4.16883,3.87878,3.9928,427532.39545336,0
PERP.V,D,20220310,000000,3.9958,4.0294,3.73775,3.95158,704559.14613199,0
PERP.V,D,20220311,000000,3.88155,4.0108,3.83153,3.9804,153028.14157942,0
PERP.V,D,20220312,000000,3.9908,4.11041,3.87961,4.0504,288141.91488667,0
PERP.V,D,20220313,000000,4.05081,4.10082,3.82076,3.88116,408721.7688258,0
PERP.V,D,20220314,000000,3.88078,4.19084,3.66037,3.75075,1199661.6550556,0
PERP.V,D,20220315,000000,3.76075,3.88078,3.64073,3.78113,303851.65966956,0
PERP.V,D,20220316,000000,3.78113,3.89117,3.71111,3.83115,149814.36034717,0
PERP.V,D,20220317,000000,3.83115,4.07163,3.82076,3.94197,239733.11833047,0
PERP.V,D,20220318,000000,3.93196,4.08204,3.84154,4.002,226785.32210009,0
PERP.V,D,20220319,000000,4.0032,4.32259,4.002,4.18167,467525.32134177,0
PERP.V,D,20220320,000000,4.18209,4.35261,3.94197,4.05162,363128.86928312,0
PERP.V,D,20220321,000000,4.05202,4.18167,3.94158,4.13165,267958.31020213,0
PERP.V,D,20220322,000000,4.12206,4.24212,4.06162,4.17209,195592.85787294,0
PERP.V,D,20220323,000000,4.16208,4.54227,4.06203,4.37175,1060156.5077532,0
PERP.V,D,20220324,000000,4.37175,4.79239,4.33173,4.68234,1254386.8764697,0
PERP.V,D,20220325,000000,4.69235,4.79239,4.55273,4.7519,685867.59336592,0
PERP.V,D,20220326,000000,4.73237,5.0125,4.65186,4.89244,1150520.4637128,0
PERP.V,D,20220327,000000,4.88244,4.97199,4.72189,4.97199,251951.11349331,0
PERP.V,D,20220328,000000,4.96198,5.07203,4.91147,4.91196,563960.18399287,0
PERP.V,D,20220329,000000,4.91196,5.09204,4.77191,4.94247,632884.48581047,0
PERP.V,D,20220330,000000,4.94247,5.18155,4.84194,5.09153,425911.02369681,0
PERP.V,D,20220331,000000,5.09153,5.55111,5.0015,5.15103,1335954.6679223,0
PERP.V,D,20220401,000000,5.16155,5.33213,4.84097,5.30159,525535.5189577,0
PERP.V,D,20220402,000000,5.31106,5.44218,5.19156,5.24157,712209.4396516,0
PERP.V,D,20220403,000000,5.2421,5.46218,5.14154,5.20208,968184.22052624,0
PERP.V,D,20220404,000000,5.19208,5.48219,4.75095,4.89147,844765.65207877,0
PERP.V,D,20220405,000000,4.90098,5.09102,4.83145,4.94049,397766.13031228,0
PERP.V,D,20220406,000000,4.93099,5.06,4.57,4.66047,902279.66837459,0
PERP.V,D,20220407,000000,4.7,4.81048,4.53045,4.58,572080.82923734,0
PERP.V,D,20220408,000000,4.57046,4.73189,4.5018,4.53181,479881.75449757,0
PERP.V,D,20220409,000000,4.53181,4.58137,4.44089,4.49135,150790.5747547,0
PERP.V,D,20220410,000000,4.50135,4.6614,4.4909,4.59092,231042.77151278,0
PERP.V,D,20220411,000000,4.59092,4.64093,4.06081,4.07122,254837.18185867,0
PERP.V,D,20220412,000000,4.07081,4.23085,4.04081,4.14124,169928.45670558,0
PERP.V,D,20220413,000000,4.13124,4.26043,4.08163,4.22127,289995.27347472,0
PERP.V,D,20220414,000000,4.23127,4.31129,4.12082,4.15083,238425.98194192,0
PERP.V,D,20220415,000000,4.15083,4.17083,3.91078,4.0108,801296.74242583,0
PERP.V,D,20220416,000000,4.0008,4.04081,3.94079,4.0008,87823.343210758,0
PERP.V,D,20220417,000000,4.0008,4.04081,3.95079,3.9908,61698.136396369,0
PERP.V,D,20220418,000000,3.9808,4.0008,3.76113,3.92118,250806.23794519,0
PERP.V,D,20220419,000000,3.93118,4.18125,3.91078,4.09082,811507.40951434,0
PERP.V,D,20220420,000000,4.09082,5.0505,4.06041,4.5209,2387602.7817067,0
PERP.V,D,20220421,000000,4.5109,4.84097,4.42044,4.42044,1371830.3002441,0
PERP.V,D,20220422,000000,4.41088,4.74095,4.33043,4.34043,851891.41640624,0
PERP.V,D,20220423,000000,4.36087,4.40088,4.27043,4.36087,406192.97432465,0
PERP.V,D,20220424,000000,4.36087,4.45089,4.16083,4.26085,573840.72999554,0
PERP.V,D,20220425,000000,4.26085,4.26085,3.86077,4.0004,1104217.2423304,0
PERP.V,D,20220426,000000,3.9908,4.41088,3.61,3.68,1288857.637313,0
PERP.V,D,20220427,000000,3.68037,3.81,3.61036,3.73037,1484113.2754433,0
PERP.V,D,20220428,000000,3.73037,3.78038,3.59,3.64,347523.52024252,0
PERP.V,D,20220429,000000,3.64036,3.77038,3.33,3.34033,655381.89695292,0
PERP.V,D,20220430,000000,3.34033,3.43034,3.23,3.27033,218514.80951208,0
PERP.V,D,20220501,000000,3.25,3.29033,3.02,3.22,296528.12999539,0
PERP.V,D,20220502,000000,3.24032,3.32033,3.14,3.20032,185147.39555913,0
PERP.V,D,20220503,000000,3.2,3.33033,2.88971,2.94971,904531.88426359,0
PERP.V,D,20220504,000000,2.93941,3.02,2.82943,2.99,967402.01749925,0
PERP.V,D,20220505,000000,2.9994,3.0194,2.34977,2.47975,1116202.1141723,0
PERP.V,D,20220506,000000,2.47975,2.47975,2.34977,2.38976,668939.51343038,0
PERP.V,D,20220507,000000,2.39976,2.42976,2.24955,2.25955,607347.36591345,0
PERP.V,D,20220508,000000,2.23955,2.30931,2.15914,2.24933,515469.67209788,0
PERP.V,D,20220509,000000,2.25932,2.25932,1.78928,1.87962,1113819.4985332,0
PERP.V,D,20220510,000000,1.87944,2.02959,1.7593,1.7593,407680.21323987,0
PERP.V,D,20220511,000000,1.75947,1.89924,1.25496,1.31512,665717.59647238,0
PERP.V,D,20220512,000000,1.32535,1.42399,1.08324,1.18691,803300.83045425,0
PERP.V,D,20220513,000000,1.1767,1.36877,1.16626,1.27782,921973.26386619,0
PERP.V,D,20220514,000000,1.25761,1.28819,1.17752,1.27808,245936.18036291,0
PERP.V,D,20220515,000000,1.27821,1.38833,1.22816,1.38833,394136.58119854,0
PERP.V,D,20220516,000000,1.37834,1.4183,1.08869,1.12853,877344.34238973,0
PERP.V,D,20220517,000000,1.13852,1.36822,1.10845,1.17858,3126269.1646033,0
PERP.V,D,20220518,000000,1.17847,1.23851,1.05862,1.11843,967423.43634895,0
PERP.V,D,20220519,000000,1.11843,1.15896,1.01857,1.11899,777025.43544519,0
PERP.V,D,20220520,000000,1.12898,1.14919,1.03865,1.08869,690700.59055939,0
PERP.V,D,20220521,000000,1.0786,1.26835,1.04863,1.12853,1960308.374274,0
PERP.V,D,20220522,000000,1.11854,1.21854,1.09857,1.17858,790758.45839059,0
PERP.V,D,20220523,000000,1.1686,1.30843,1.13863,1.29844,1198245.1954053,0
PERP.V,D,20220524,000000,1.29844,1.71811,1.20855,1.42814,11187375.788194,0
PERP.V,D,20220525,000000,1.42814,1.43842,1.27859,1.33853,1684706.892083,0
PERP.V,D,20220526,000000,1.33553,1.33553,1.10867,1.15385,1270606.9132395,0
PERP.V,D,20220527,000000,1.15173,1.16783,1.05095,1.08292,1206367.8453786,0
PERP.V,D,20220528,000000,1.08883,1.16971,1.05357,1.15665,623049.33302578,0
PERP.V,D,20220529,000000,1.15662,1.26267,1.15064,1.22364,923970.62442649,0
PERP.V,D,20220530,000000,1.22861,1.3648,1.21862,1.30609,1010402.0518837,0
PERP.V,D,20220531,000000,1.30196,1.58473,1.21815,1.35278,1667493.9405664,0
PERP.V,D,20220601,000000,1.35292,1.40288,1.22665,1.24488,907542.71740841,0
PERP.V,D,20220602,000000,1.24088,1.32481,1.22789,1.26986,749851.69337638,0
PERP.V,D,20220603,000000,1.27285,1.30682,1.20201,1.24891,437005.38029467,0
PERP.V,D,20220604,000000,1.25091,1.42881,1.21873,1.24905,4289107.8084649,0
PERP.V,D,20220605,000000,1.24907,1.39892,1.16901,1.19887,2625645.3436671,0
PERP.V,D,20220606,000000,1.20886,1.239,1.159,1.16902,5741421.3008703,0
PERP.V,D,20220607,000000,1.16901,1.17903,1.06909,1.12907,4454295.2429253,0
PERP.V,D,20220608,000000,1.12911,1.1691,1.0492,1.0793,4384642.6584913,0
PERP.V,D,20220609,000000,1.0793,1.0893,1.03906,1.05911,3692768.2054234,0
PERP.V,D,20220610,000000,1.04911,1.07917,0.948841,0.968758,5634531.4132256,0
PERP.V,D,20220611,000000,0.958781,0.978951,0.848929,0.859028,1467472.5413122,0
PERP.V,D,20220612,000000,0.859028,0.879006,0.738949,0.769053,1898554.2721005,0
PERP.V,D,20220613,000000,0.769053,0.769061,0.628097,0.659089,27965638.406348,0
PERP.V,D,20220614,000000,0.659083,0.679021,0.5991,0.625249,28924652.221065,0
PERP.V,D,20220615,000000,0.625249,0.670228,0.554001,0.652021,40662854.330318,0
PERP.V,D,20220616,000000,0.656,0.663,0.573369,0.576192,8064513.4748681,0
PERP.V,D,20220617,000000,0.568209,0.627259,0.560215,0.609268,21614839.426681,0
PERP.V,D,20220618,000000,0.62,0.62,0.501257,0.534133,28849797.641328,0
PERP.V,D,20220619,000000,0.53613,0.605273,0.525243,0.587236,10869075.310786,0
PERP.V,D,20220620,000000,0.589,0.627,0.568,0.576,3260848.4291888,0
PERP.V,D,20220621,000000,0.577306,0.638489,0.573311,0.59934,2313285.5658453,0
PERP.V,D,20220622,000000,0.59934,0.841158,0.57237,0.808191,15492111.583046,0
PERP.V,D,20220623,000000,0.805194,0.811188,0.724202,0.748251,10514530.897849,0
PERP.V,D,20220624,000000,0.748251,0.826173,0.715399,0.759407,14814752.844183,0
PERP.V,D,20220625,000000,0.75924,0.809336,0.732487,0.781453,8254025.5264484,0
PERP.V,D,20220626,000000,0.781453,0.92637,0.751549,0.797513,9296602.171692,0
PERP.V,D,20220627,000000,0.795514,0.79653,0.694354,0.709368,2321134.9304048,0
PERP.V,D,20220628,000000,0.710325,0.720337,0.656317,0.669196,2202988.3721076,0
PERP.V,D,20220629,000000,0.670168,0.718087,0.646094,0.678178,5797748.1304014,0
PERP.V,D,20220630,000000,0.680176,0.684144,0.587212,0.603275,9244046.3272966,0
PERP.V,D,20220701,000000,0.602,0.645,0.6,0.622,13931657.590452,0
PERP.V,D,20220702,000000,0.610206,0.636236,0.609207,0.622252,381186.3451233,0
PERP.V,D,20220705,000000,0.671194,0.687174,0.653215,0.674258,1524668.4353743,0
PERP.V,D,20220706,000000,0.67226,0.686244,0.643227,0.671261,4288740.8525201,0
PERP.V,D,20220707,000000,0.671,0.762,0.66,0.731,4287017.902774,0
PERP.V,D,20220708,000000,0.730561,0.743479,0.681523,0.717569,1531012.7415195,0
PERP.V,D,20220709,000000,0.714571,0.759544,0.696582,0.728563,1110045.7364603,0
PERP.V,D,20220710,000000,0.728563,0.791525,0.688518,0.758545,4754541.9395115,0
PERP.V,D,20220711,000000,0.759544,1.025282,0.729489,0.840243,29694671.168847,0
PERP.V,D,20220712,000000,0.840193,0.883204,0.76316,0.775224,10525448.147422,0
PERP.V,D,20220713,000000,0.774248,0.790209,0.713215,0.75432,7417011.9575602,0
PERP.V,D,20220714,000000,0.75532,0.797282,0.716355,0.751549,6943033.3168602,0
PERP.V,D,20220715,000000,0.74955,0.782452,0.73256,0.735779,4637545.6510375,0
PERP.V,D,20220716,000000,0.735779,0.80184,0.72371,0.773845,3659002.6183862,0
PERP.V,D,20220717,000000,0.771792,0.971699,0.7698,0.855777,20870370.7164,0
PERP.V,D,20220718,000000,0.853829,0.942953,0.810732,0.840807,13482279.813989,0
PERP.V,D,20220719,000000,0.839807,0.919936,0.828925,0.900144,6638131.2293368,0
PERP.V,D,20220720,000000,0.9,0.941085,0.827992,0.841042,5862632.9858535,0
PERP.V,D,20220721,000000,0.837042,0.850017,0.757045,0.836259,5533244.9629172,0
PERP.V,D,20220722,000000,0.8352,0.860138,0.782149,0.798176,2719749.8303156,0
PERP.V,D,20220723,000000,0.798,0.836992,0.764084,0.78915,2567780.7311286,0
PERP.V,D,20220724,000000,0.790158,0.829124,0.78711,0.823156,1541365.79568,0
PERP.V,D,20220725,000000,0.825165,0.835167,0.734081,0.75606,1911807.0141827,0
PERP.V,D,20220726,000000,0.756068,0.761084,0.684021,0.692104,2519600.1077774,0
PERP.V,D,20220727,000000,0.694104,0.78318,0.694104,0.767184,2264662.4921891,0
PERP.V,D,20220728,000000,0.768177,0.910155,0.763191,0.839168,6459379.1406439,0
PERP.V,D,20220729,000000,0.838218,0.97539,0.809162,0.892366,10636039.862694,0
PERP.V,D,20220730,000000,0.891365,0.969329,0.875245,0.888302,5703398.9053279,0
PERP.V,D,20220731,000000,0.885327,0.938197,0.86225,0.918211,4363977.5211678,0
PERP.V,D,20220801,000000,0.91822,0.942245,0.837159,0.846254,4620445.1469894,0
PERP.V,D,20220802,000000,0.847254,0.861258,0.809113,0.839143,2398048.5171092,0
PERP.V,D,20220803,000000,0.84116,1.0552,0.819205,0.997249,23385291.763127,0
PERP.V,D,20220804,000000,0.996299,1.363259,0.950114,1.067043,60569620.871895,0
PERP.V,D,20220805,000000,1.067032,1.271114,1.063074,1.136216,24229732.145331,0
PERP.V,D,20220806,000000,1.134215,1.209193,1.087152,1.107255,6841872.2015339,0
PERP.V,D,20220807,000000,1.110255,1.142251,1.081249,1.119201,3962017.4797593,0
PERP.V,D,20220808,000000,1.120213,1.154196,1.080151,1.092131,5029275.2842844,0
PERP.V,D,20220809,000000,1.093131,1.10022,0.995229,1.018204,3275922.0891395,0
PERP.V,D,20220810,000000,1.015203,1.140901,0.976205,1.083314,10422823.532105,0
PERP.V,D,20220811,000000,1.081324,1.113334,1.047377,1.050493,3555027.5229435,0
PERP.V,D,20220812,000000,1.052526,1.068534,1.013506,1.042479,2709647.7074477,0
PERP.V,D,20220813,000000,1.042479,1.122595,1.034383,1.049409,3871770.3135788,0
PERP.V,D,20220814,000000,1.050409,1.061403,0.981226,1.00131,2060030.1467347,0
PERP.V,D,20220815,000000,0.99931,1.025277,0.95923,0.961211,1908775.9827587,0
PERP.V,D,20220816,000000,0.961221,0.980196,0.911137,0.919083,1855860.7751265,0
PERP.V,D,20220817,000000,0.923083,0.983079,0.866,0.87007,4116454.075029,0
PERP.V,D,20220818,000000,0.87007,0.946066,0.868017,0.886009,5322793.7014185,0
PERP.V,D,20220819,000000,0.888089,0.890089,0.746075,0.747075,2999965.2354903,0
PERP.V,D,20220820,000000,0.747022,0.807024,0.724029,0.741993,8180583.6128373,0
PERP.V,D,20220821,000000,0.742,0.848992,0.733875,0.805984,8146805.5600456,0
PERP.V,D,20220822,000000,0.804984,0.804984,0.727905,0.739874,4798809.6839633,0
PERP.V,D,20220823,000000,0.739889,0.777,0.732993,0.760023,2546551.3529499,0
PERP.V,D,20220824,000000,0.759992,0.779016,0.745015,0.773077,2163835.7254834,0
PERP.V,D,20220825,000000,0.770069,0.811016,0.752992,0.783023,3582322.8647192,0
PERP.V,D,20220826,000000,0.780008,0.818082,0.714007,0.716064,3145331.8085303,0
PERP.V,D,20220827,000000,0.712064,0.730022,0.659026,0.683014,6076270.8746004,0
PERP.V,D,20220828,000000,0.683007,0.72,0.670953,0.693993,2754917.568819,0
PERP.V,D,20220829,000000,0.691993,0.755992,0.652935,0.729044,9742090.7697657,0
PERP.V,D,20220830,000000,0.729073,0.734051,0.676074,0.690055,2149818.0932984,0
PERP.V,D,20220831,000000,0.691062,0.717007,0.684021,0.697993,2202073.4424661,0
PERP.V,D,20220901,000000,0.697986,0.698979,0.66196,0.685959,1260542.8479879,0
PERP.V,D,20220902,000000,0.684959,0.709078,0.672034,0.685103,2394679.466732,0
PERP.V,D,20220903,000000,0.68511,0.722,0.662,0.672,4539343.8728221,0
PERP.V,D,20220904,000000,0.673,0.69707,0.671,0.679,1387973.4703393,0
PERP.V,D,20220905,000000,0.68,0.723,0.668,0.687069,1498477.9836775,0
PERP.V,D,20220906,000000,0.686069,0.716,0.641936,0.648,2661766.534191,0
PERP.V,D,20220907,000000,0.648039,0.686993,0.625975,0.669047,1793209.5112779,0
PERP.V,D,20220908,000000,0.668047,0.725058,0.659007,0.68511,7449457.9365398,0
PERP.V,D,20220909,000000,0.684109,0.732176,0.683123,0.721238,2324766.8906433,0
PERP.V,D,20220910,000000,0.721281,0.739192,0.703204,0.711142,2429797.8098867,0
PERP.V,D,20220911,000000,0.713135,0.768246,0.701273,0.747179,4146293.9436307,0
PERP.V,D,20220912,000000,0.745186,0.746187,0.686117,0.703141,3405196.2897888,0
PERP.V,D,20220913,000000,0.703127,0.708149,0.644013,0.650007,2832146.421944,0
PERP.V,D,20220914,000000,0.650013,0.659125,0.623037,0.654164,2080045.0547832,0
PERP.V,D,20220915,000000,0.65417,0.672188,0.610878,0.621938,2144144.3280919,0
PERP.V,D,20220916,000000,0.619963,0.619975,0.591929,0.610939,1791745.8687267,0
PERP.V,D,20220917,000000,0.613,0.629063,0.59994,0.620062,859057.71775741,0
PERP.V,D,20220918,000000,0.619,0.621,0.562,0.564,1067377.6726735,0
PERP.V,D,20220919,000000,0.563944,0.571057,0.54,0.565113,1508047.2453139,0
PERP.V,D,20220920,000000,0.565113,0.716143,0.556056,0.569057,13570852.798252,0
PERP.V,D,20220921,000000,0.568,0.59906,0.553,0.553,2925365.2735152,0
PERP.V,D,20220922,000000,0.554,0.59,0.552,0.58,1205649.0402975,0
PERP.V,D,20220923,000000,0.58,0.598,0.560944,0.580942,1251721.6987435,0
PERP.V,D,20220924,000000,0.582965,0.626994,0.580954,0.585047,2708146.7110106,0
PERP.V,D,20220925,000000,0.585058,0.595059,0.567994,0.568,709403.26955607,0
PERP.V,D,20220926,000000,0.567011,0.604982,0.551945,0.566,1764841.0115298,0
PERP.V,D,20220927,000000,0.567943,0.59606,0.558944,0.564,1646217.1852819,0
PERP.V,D,20220928,000000,0.563,0.571,0.535946,0.557,2090454.2988051,0
PERP.V,D,20220929,000000,0.556,0.579058,0.54,0.560056,1825353.6582918,0
PERP.V,D,20220930,000000,0.560056,0.660132,0.555,0.575,15871618.379551,0
PERP.V,D,20221001,000000,0.575,0.579,0.559,0.564,955660.69095509,0
PERP.V,D,20221002,000000,0.561,0.597,0.549,0.554,2747519.9598008,0
PERP.V,D,20221003,000000,0.554,0.581,0.552,0.560056,2614062.2987806,0
PERP.V,D,20221004,000000,0.561168,0.603181,0.559056,0.580174,3290319.7436398,0
PERP.V,D,20221005,000000,0.579174,0.612061,0.564056,0.583058,4000818.7911354,0
PERP.V,D,20221006,000000,0.5861,0.620074,0.581105,0.5871,3173136.0393231,0
PERP.V,D,20221007,000000,0.5891,0.5891,0.563017,0.575086,1290744.0249905,0
PERP.V,D,20221008,000000,0.575069,0.586053,0.565085,0.568153,852380.99263438,0
PERP.V,D,20221009,000000,0.568142,0.582058,0.562056,0.570057,380410.56893923,0
PERP.V,D,20221010,000000,0.571057,0.575057,0.553889,0.558944,990114.20126545,0
PERP.V,D,20221011,000000,0.559,0.564,0.517,0.538951,1252036.2382196,0
PERP.V,D,20221012,000000,0.537946,0.542908,0.527958,0.533016,986712.66280927,0
PERP.V,D,20221013,000000,0.532016,0.536,0.480971,0.513041,1960160.3651755,0
PERP.V,D,20221014,000000,0.513036,0.550028,0.50102,0.50802,3105908.1580871,0
PERP.V,D,20221015,000000,0.51102,0.55305,0.50304,0.535032,2202269.1659876,0
PERP.V,D,20221016,000000,0.535032,0.960048,0.533027,0.642026,96194939.653045,0
PERP.V,D,20221017,000000,0.642032,0.713007,0.606036,0.611012,21086017.401369,0
PERP.V,D,20221018,000000,0.612012,0.632057,0.582006,0.588029,5951802.9046054,0
PERP.V,D,20221019,000000,0.588029,0.601018,0.568994,0.571,3437139.0707697,0
PERP.V,D,20221020,000000,0.570006,0.588971,0.537957,0.553945,4026000.2685622,0
PERP.V,D,20221021,000000,0.553961,0.569994,0.518984,0.541038,3731411.9735014,0
PERP.V,D,20221022,000000,0.541038,0.582041,0.538995,0.539049,5440423.1414326,0
PERP.V,D,20221023,000000,0.541043,0.569063,0.538043,0.548071,3857116.1467859,0
PERP.V,D,20221024,000000,0.548066,0.569057,0.531021,0.542022,6149671.151195,0
PERP.V,D,20221025,000000,0.541027,0.55905,0.529958,0.547191,5035377.9429255,0
PERP.V,D,20221026,000000,0.546191,0.574132,0.541124,0.565164,3947206.1861205,0
PERP.V,D,20221027,000000,0.565158,0.589106,0.540022,0.546033,6384418.4783272,0
PERP.V,D,20221028,000000,0.546033,0.564107,0.535011,0.554122,3410247.568368,0
PERP.V,D,20221029,000000,0.554105,0.567198,0.546164,0.553133,2870963.4527022,0
PERP.V,D,20221030,000000,0.551127,0.565164,0.541108,0.542114,5942407.906969,0
PERP.V,D,20221031,000000,0.542108,0.551,0.53392,0.537957,2664618.5993465,0
PERP.V,D,20221101,000000,0.538973,0.559916,0.536909,0.54594,1266242.0890468,0
PERP.V,D,20221102,000000,0.545934,0.550022,0.523969,0.524969,2518115.0669562,0
PERP.V,D,20221103,000000,0.524969,0.572989,0.524969,0.564,4368320.9726414,0
PERP.V,D,20221104,000000,0.566,0.687972,0.546995,0.601048,26003576.42677,0
PERP.V,D,20221105,000000,0.601048,0.657072,0.587112,0.610037,11064166.474855244,0
PERP.V,D,20221106,000000,0.612037,0.612037,0.57004,0.571046,4465743.290572018,0
PERP.V,D,20221107,000000,0.571046,0.584047,0.55205,0.560067,5731853.135771885,0
PERP.V,D,20221108,000000,0.560168,0.568114,0.398517,0.438311,8719697.445497317,0
PERP.V,D,20221109,000000,0.437308,0.451065,0.314278,0.328673,12109165.94368107,0
PERP.V,D,20221110,000000,0.329281,0.428711,0.323434,0.392642,3470499.2740089283,0
PERP.V,D,20221111,000000,0.39272,0.50033,0.372223,0.45887,12886126.256403416,0
PERP.V,D,20221112,000000,0.458183,0.529214,0.401276,0.406267,9919723.989139957,0
PERP.V,D,20221113,000000,0.405269,0.568411,0.402275,0.516276,22132918.36318808,0
PERP.V,D,20221114,000000,0.515348,0.536248,0.431735,0.4663,6341540.55058891,0
PERP.V,D,20221115,000000,0.467428,0.513589,0.455658,0.468431,5418994.006734649,0
PERP.V,D,20221116,000000,0.476788,0.488723,0.443578,0.462634,5996013.629550239,0
PERP.V,D,20221117,000000,0.464048,0.474625,0.445435,0.457783,3250458.044675937,0
PERP.V,D,20221118,000000,0.45895,0.477468,0.44961,0.450796,2433942.1768386764,0
PERP.V,D,20221119,000000,0.450741,0.474492,0.448802,0.457324,1897824.8223666444,0
PERP.V,D,20221120,000000,0.456948,0.467467,0.405081,0.406385,4580677.205489743,0
PERP.V,D,20221121,000000,0.407104,0.407605,0.380255,0.395295,3033639.212403069,0
PERP.V,D,20221122,000000,0.398272,0.401174,0.375101,0.395955,1717977.7376559945,0
PERP.V,D,20221123,000000,0.395807,0.422563,0.391902,0.415612,1950854.918270467,0
PERP.V,D,20221124,000000,0.41733,0.419682,0.399666,0.405759,1170519.7535642097,0
PERP.V,D,20221125,000000,0.406001,0.447709,0.391744,0.417872,3434260.3442706205,0
PERP.V,D,20221126,000000,0.417668,0.444715,0.417668,0.425949,3396560.7853237893,0
PERP.V,D,20221127,000000,0.425949,0.463894,0.422241,0.443545,2426641.163579017,0
PERP.V,D,20221128,000000,0.44365,0.44365,0.405313,0.421805,2000578.9638004354,0
PERP.V,D,20221129,000000,0.42216,0.503354,0.415305,0.444131,17068776.109895438,0
PERP.V,D,20221130,000000,0.444126,0.605554,0.444126,0.525192,47465483.296086125,0
PERP.V,D,20221201,000000,0.524396,0.547806,0.484775,0.486539,7100716.926847821,0
PERP.V,D,20221202,000000,0.487109,0.503316,0.470362,0.485549,3344067.201094673,0
PERP.V,D,20221203,000000,0.485309,0.497145,0.459022,0.460122,2051398.9036194442,0
PERP.V,D,20221204,000000,0.460686,0.476468,0.453325,0.470997,1799155.0949728573,0
PERP.V,D,20221205,000000,0.471044,0.537678,0.471044,0.523776,18093407.836138427,0
PERP.V,D,20221206,000000,0.523812,0.528141,0.48167,0.48398,5105166.96030074,0
PERP.V,D,20221207,000000,0.48379,0.49032,0.454309,0.45813,4324253.161383902,0
PERP.V,D,20221208,000000,0.458415,0.469354,0.44928,0.466033,1914621.0397044937,0
PERP.V,D,20221209,000000,0.466137,0.47815,0.456121,0.460753,3012054.644686686,0
PERP.V,D,20221210,000000,0.462058,0.47321,0.456935,0.459491,1648498.2128743746,0
PERP.V,D,20221211,000000,0.460315,0.49891,0.454701,0.455686,2916038.0019593462,0
PERP.V,D,20221212,000000,0.456216,0.476872,0.439194,0.461682,2192845.6128078955,0
PERP.V,D,20221213,000000,0.461422,0.493954,0.453702,0.461004,2916175.8357195933,0
PERP.V,D,20221214,000000,0.460182,0.478295,0.457209,0.459472,1046635.5888231882,0
PERP.V,D,20221215,000000,0.45978,0.464383,0.445749,0.456391,1663815.8500273884,0
PERP.V,D,20221216,000000,0.456251,0.468307,0.408631,0.408951,2005927.6014361354,0
PERP.V,D,20221217,000000,0.408522,0.412221,0.370132,0.392931,1322749.8925922953,0
PERP.V,D,20221218,000000,0.391761,0.405166,0.381288,0.391807,1776705.2007837924,0
PERP.V,D,20221219,000000,0.391901,0.415216,0.373644,0.37725,3324776.297935577,0
PERP.V,D,20221220,000000,0.375786,0.39739,0.369146,0.393206,1647128.5584864886,0
PERP.V,D,20221221,000000,0.393796,0.398288,0.382236,0.382589,2422729.08940361,0
PERP.V,D,20221222,000000,0.382595,0.394163,0.376541,0.393105,1104602.186116744,0
PERP.V,D,20221223,000000,0.393381,0.394469,0.387377,0.388927,819871.2554447252,0
PERP.V,D,20221224,000000,0.389051,0.39551,0.387881,0.392942,618372.744339925,0
PERP.V,D,20221225,000000,0.393746,0.39512,0.38479,0.391441,761926.6593642565,0
PERP.V,D,20221226,000000,0.391893,0.426119,0.388601,0.391868,2457099.60772358,0
PERP.V,D,20221227,000000,0.392395,0.402361,0.391936,0.394512,353694.51828613743,0
PERP.V,D,20221228,000000,0.393842,0.396935,0.382263,0.383243,650471.8962000487,0
PERP.V,D,20221229,000000,0.383174,0.384118,0.371288,0.372379,742014.239353423,0
PERP.V,D,20221230,000000,0.371652,0.374824,0.364022,0.367792,593237.1478186283,0
PERP.V,D,20221231,000000,0.366853,0.368409,0.359816,0.363315,627690.2808904105,0
PERP.V,D,20230101,000000,0.363085,0.371431,0.358147,0.370826,647226.4120327733,0
PERP.V,D,20230102,000000,0.370096,0.387285,0.365756,0.383014,991171.6984150229,0
PERP.V,D,20230103,000000,0.382781,0.383307,0.374374,0.380056,590558.5995607687,0
PERP.V,D,20230104,000000,0.380285,0.389697,0.379468,0.389697,700717.6205230163,0
PERP.V,D,20230105,000000,0.388952,0.392312,0.380746,0.382572,350572.947195455,0
PERP.V,D,20230106,000000,0.383186,0.383646,0.370554,0.382325,342945.8330310477,0
PERP.V,D,20230107,000000,0.382885,0.391872,0.382725,0.387107,531249.8753934685,0
PERP.V,D,20230108,000000,0.387107,0.397586,0.387107,0.391881,484531.85750151105,0
PERP.V,D,20230109,000000,0.392219,0.416687,0.392033,0.39982,1295814.209320354,0
PERP.V,D,20230110,000000,0.39954,0.462393,0.39503,0.420895,8049126.327781635,0
PERP.V,D,20230111,000000,0.420357,0.428107,0.407185,0.41446,1659759.3182459872,0
PERP.V,D,20230112,000000,0.414011,0.435799,0.411622,0.427803,2807241.139353227,0
PERP.V,D,20230113,000000,0.428899,0.445336,0.424006,0.437784,2622518.326833505,0
PERP.V,D,20230114,000000,0.437879,0.469064,0.434553,0.455763,2619225.097102855,0
PERP.V,D,20230115,000000,0.456456,0.565345,0.44852,0.503386,12998408.124778789,0
PERP.V,D,20230116,000000,0.504081,0.519801,0.460702,0.48286,3833732.6105555748,0
PERP.V,D,20230117,000000,0.482644,0.49955,0.475753,0.487264,2932712.970517416,0
PERP.V,D,20230118,000000,0.487984,0.521186,0.44055,0.445568,4206528.3167929575,0
PERP.V,D,20230119,000000,0.446103,0.463325,0.440371,0.458506,1267345.4504339935,0
PERP.V,D,20230120,000000,0.458488,0.489764,0.449605,0.487043,1602921.231801563,0
PERP.V,D,20230121,000000,0.487048,0.508792,0.48267,0.492884,2711414.8366455557,0
PERP.V,D,20230122,000000,0.491129,0.536192,0.480106,0.503476,4137278.8165001157,0
PERP.V,D,20230123,000000,0.503561,0.532329,0.500135,0.506996,1959944.73562264,0
PERP.V,D,20230124,000000,0.507661,0.737592,0.501455,0.595832,41220072.17424499,0
PERP.V,D,20230125,000000,0.595358,0.630501,0.544128,0.553239,18821741.847908553,0
PERP.V,D,20230126,000000,0.553289,0.615426,0.552814,0.569836,4710393.556103823,0
PERP.V,D,20230127,000000,0.570176,0.600144,0.546024,0.586814,2641177.412424954,0
PERP.V,D,20230128,000000,0.584679,0.610707,0.560111,0.564593,2521555.9171101823,0
PERP.V,D,20230129,000000,0.562428,0.630552,0.560269,0.603536,5203804.119045023,0
PERP.V,D,20230130,000000,0.60322,0.726993,0.5667,0.602822,20353173.009105973,0
PERP.V,D,20230131,000000,0.602142,0.74003,0.594874,0.698313,24316811.98120428,0
PERP.V,D,20230201,000000,0.696142,0.718425,0.630166,0.700352,6297328.32575649,0
PERP.V,D,20230202,000000,0.700522,0.762041,0.675799,0.694495,6263730.599681298,0
PERP.V,D,20230203,000000,0.694256,0.719048,0.672747,0.688175,4207216.926387947,0
PERP.V,D,20230204,000000,0.688645,0.736066,0.669004,0.704803,4371987.677600966,0
PERP.V,D,20230205,000000,0.702396,0.704763,0.640179,0.657884,3270802.8066943656,0
PERP.V,D,20230206,000000,0.657141,0.684501,0.64007,0.66772,2321274.4818462273,0
PERP.V,D,20230207,000000,0.664927,0.71197,0.646105,0.71112,3932789.5502412333,0
PERP.V,D,20230208,000000,0.711953,0.716349,0.66668,0.683285,2461216.595722576,0
PERP.V,D,20230209,000000,0.682441,0.697603,0.580351,0.582552,1961038.3468770126,0
PERP.V,D,20230210,000000,0.582538,0.595279,0.567134,0.570666,1689935.5133491887,0
PERP.V,D,20230211,000000,0.570406,0.600066,0.569218,0.59596,1536623.3742888384,0
PERP.V,D,20230212,000000,0.595424,0.641494,0.583256,0.606401,2181238.1090920633,0
PERP.V,D,20230213,000000,0.605511,0.62504,0.559663,0.572124,2246854.9012386412,0
PERP.V,D,20230214,000000,0.572104,0.607599,0.571819,0.596857,2527445.248933638,0
PERP.V,D,20230215,000000,0.596012,0.646113,0.590442,0.63185,1859731.0677795694,0
PERP.V,D,20230216,000000,0.632361,0.714884,0.631637,0.64744,7141020.66706914,0
PERP.V,D,20230217,000000,0.64731,0.845958,0.632772,0.731096,30949254.51636995,0
PERP.V,D,20230218,000000,0.730124,0.800128,0.724911,0.76627,9301883.631432522,0
PERP.V,D,20230219,000000,0.765662,0.838159,0.73916,0.787141,6575785.157670991,0
PERP.V,D,20230220,000000,0.787111,0.950075,0.75951,0.831613,13516476.413016234,0
PERP.V,D,20230221,000000,0.830973,0.91193,0.780198,0.792495,5038725.630820883,0
PERP.V,D,20230222,000000,0.794125,0.826824,0.73896,0.804974,2915692.9953638096,0
PERP.V,D,20230223,000000,0.805788,0.876058,0.802102,0.835459,4622120.294795435,0
PERP.V,D,20230224,000000,0.834914,1.325512,0.833143,1.125249,107402884.10822344,0
PERP.V,D,20230225,000000,1.124959,1.289216,1.00031,1.032612,46570992.98914261,0
PERP.V,D,20230226,000000,1.030762,1.06008,0.99422,1.00917,8100493.616232333,0
PERP.V,D,20230227,000000,1.00913,1.06208,0.94594,0.96269,9175546.864141582,0
PERP.V,D,20230228,000000,0.96347,0.99346,0.89341,0.91519,5715192.5605647955,0
PERP.V,D,20230301,000000,0.91552,0.94842,0.90108,0.93296,3172745.419390006,0
PERP.V,D,20230302,000000,0.93123,1.23418,0.92695,1.12726,51948731.69144438,0
PERP.V,D,20230303,000000,1.12618,1.16121,0.95911,0.97726,18821418.588492792,0
PERP.V,D,20230304,000000,0.97659,1.04484,0.91207,0.93109,6356265.882653367,0
PERP.V,D,20230305,000000,0.92915,1.05521,0.92803,0.9966,9375709.309738107,0
PERP.V,D,20230306,000000,0.9991,1.13193,0.99036,1.06254,17907156.396165505,0
PERP.V,D,20230307,000000,1.06154,1.09628,0.96581,0.97929,9066492.862237362,0
PERP.V,D,20230308,000000,0.9809,0.99978,0.90043,0.90283,6419595.82598714,0
PERP.V,D,20230309,000000,0.90359,0.93199,0.79057,0.8018,7221392.1050930135,0
PERP.V,D,20230310,000000,0.80129,0.82913,0.72994,0.80334,6422574.900108559,0
PERP.V,D,20230311,000000,0.80183,0.83254,0.73344,0.76931,7275395.41506009,0
PERP.V,D,20230312,000000,0.76993,0.825467,0.748734,0.822212,4093748.3192275316,0
PERP.V,D,20230313,000000,0.822878,0.892831,0.801044,0.880234,5603941.865403497,0
PERP.V,D,20230314,000000,0.88081,0.979906,0.851916,0.952539,7793202.111463459,0
PERP.V,D,20230315,000000,0.953916,1.01965,0.824131,0.863826,7237846.499955308,0
PERP.V,D,20230316,000000,0.859697,0.890001,0.845018,0.870205,5400173.030211644,0
PERP.V,D,20230317,000000,0.871298,0.938611,0.86646,0.924977,4664441.702128642,0
PERP.V,D,20230318,000000,0.922508,0.984612,0.87234,0.881869,3225542.4878560137,0
PERP.V,D,20230319,000000,0.881739,0.933633,0.856685,0.910641,3070203.3484961954,0
PERP.V,D,20230320,000000,0.910691,0.921097,0.827888,0.834033,6680670.07389127,0
PERP.V,D,20230321,000000,0.834033,0.879694,0.810649,0.867607,3393419.2860396896,0
PERP.V,D,20230322,000000,0.868301,0.954305,0.824015,0.854986,6841158.041647626,0
PERP.V,D,20230323,000000,0.855006,0.915492,0.851892,0.914248,3942261.090400257,0
PERP.V,D,20230324,000000,0.912695,0.979178,0.853831,0.864019,5178218.037852645,0
PERP.V,D,20230325,000000,0.865259,0.876004,0.828775,0.837954,3319725.396501377,0
PERP.V,D,20230326,000000,0.838983,0.885206,0.835795,0.869061,1346737.6555411352,0
PERP.V,D,20230327,000000,0.869726,0.886024,0.791668,0.805248,1685129.9833075088,0
PERP.V,D,20230328,000000,0.805258,0.842936,0.785338,0.830284,1254029.761280852,0
PERP.V,D,20230329,000000,0.829443,0.873588,0.828424,0.854532,1889728.497501771,0
PERP.V,D,20230330,000000,0.852786,0.874376,0.806223,0.824801,1577669.3491072578,0
PERP.V,D,20230331,000000,0.824821,0.839047,0.798277,0.838668,1576005.716135544,0
PERP.V,D,20230401,000000,0.836997,0.860239,0.827229,0.837081,1444982.9712500728,0
PERP.V,D,20230402,000000,0.83939,0.848688,0.791126,0.799315,928545.7313372176,0
PERP.V,D,20230403,000000,0.798755,0.805815,0.76417,0.777843,1372297.2439297568,0
PERP.V,D,20230404,000000,0.778321,0.814342,0.75534,0.808382,2297511.190378869,0
PERP.V,D,20230405,000000,0.808784,0.832053,0.784952,0.786733,1855258.13918834,0
PERP.V,D,20230406,000000,0.786783,0.81112,0.763374,0.798802,1437705.5066207128,0
PERP.V,D,20230407,000000,0.798749,0.819309,0.774633,0.7841,1703936.9692364072,0
PERP.V,D,20230408,000000,0.78446,0.80316,0.767453,0.778303,1033976.7961254884,0
PERP.V,D,20230409,000000,0.777331,0.814027,0.761991,0.80131,3208774.7468382274,0
PERP.V,D,20230410,000000,0.80113,0.807345,0.775939,0.799387,1407918.6932821488,0
PERP.V,D,20230411,000000,0.800356,0.829531,0.800356,0.807911,1638278.599443107,0
PERP.V,D,20230412,000000,0.809591,0.81518,0.777367,0.803326,1056511.5887387954,0
PERP.V,D,20230413,000000,0.804107,0.845373,0.794036,0.837273,1464723.415723339,0
PERP.V,D,20230414,000000,0.837483,0.876777,0.833097,0.864817,2235143.8546809442,0
PERP.V,D,20230415,000000,0.864177,0.875955,0.842834,0.850346,1173690.211839658,0
PERP.V,D,20230416,000000,0.849696,0.922082,0.836329,0.91301,7622313.784301389,0
PERP.V,D,20230417,000000,0.9131,0.941613,0.852498,0.871565,3362919.950302412,0
PERP.V,D,20230418,000000,0.872563,0.895399,0.853896,0.890869,1281644.109002582,0
PERP.V,D,20230419,000000,0.889259,0.894405,0.790835,0.803069,2917633.8606403586,0
