<TICKER>,<PER>,<DATE>,<TIME>,<OPEN>,<HIGH>,<LOW>,<CLOSE>,<VOL>,<OPENINT>
RUNE.V,D,20191218,000000,0.0515,0.0696,0.04935,0.06748,0,0
RUNE.V,D,20191219,000000,0.06748,0.09115,0.06346,0.08728,0,0
RUNE.V,D,20191220,000000,0.08728,0.09059,0.08082,0.08718,0,0
RUNE.V,D,20191221,000000,0.08718,0.09059,0.08173,0.08382,0,0
RUNE.V,D,20191222,000000,0.08382,0.09055,0.07042,0.07862,0,0
RUNE.V,D,20191223,000000,0.07862,0.0817,0.05071,0.07175,0,0
RUNE.V,D,20191224,000000,0.07175,0.07309,0.0635,0.07128,0,0
RUNE.V,D,20191225,000000,0.07128,0.07138,0.06506,0.06807,0,0
RUNE.V,D,20191226,000000,0.06807,0.07089,0.06534,0.06665,0,0
RUNE.V,D,20191227,000000,0.06665,0.07715,0.06113,0.07505,0,0
RUNE.V,D,20191228,000000,0.07505,0.08178,0.0678,0.06906,0,0
RUNE.V,D,20191229,000000,0.06906,0.07128,0.05674,0.05935,0,0
RUNE.V,D,20191230,000000,0.05935,0.06867,0.05677,0.06249,0,0
RUNE.V,D,20191231,000000,0.06249,0.07315,0.06001,0.07104,0,0
RUNE.V,D,20200101,000000,0.07104,0.08064,0.07063,0.07556,0,0
RUNE.V,D,20200102,000000,0.07556,0.08021,0.0653,0.07673,0,0
RUNE.V,D,20200103,000000,0.07673,0.08036,0.07425,0.07869,0,0
RUNE.V,D,20200104,000000,0.07869,0.08818,0.0772,0.08579,0,0
RUNE.V,D,20200105,000000,0.08579,0.1072,0.08417,0.101,0,0
RUNE.V,D,20200106,000000,0.101,0.1025,0.08016,0.09175,0,0
RUNE.V,D,20200107,000000,0.09175,0.0974,0.08639,0.09112,0,0
RUNE.V,D,20200108,000000,0.09112,0.1052,0.085,0.09677,0,0
RUNE.V,D,20200109,000000,0.09677,0.1045,0.09372,0.09585,0,0
RUNE.V,D,20200110,000000,0.09585,0.09964,0.09222,0.0947,0,0
RUNE.V,D,20200111,000000,0.0947,0.09874,0.08938,0.0947,0,0
RUNE.V,D,20200112,000000,0.0947,0.09528,0.08548,0.08813,0,0
RUNE.V,D,20200113,000000,0.08813,0.08825,0.08345,0.08534,0,0
RUNE.V,D,20200114,000000,0.08534,0.09472,0.08501,0.08901,0,0
RUNE.V,D,20200115,000000,0.08901,0.09627,0.08813,0.09009,0,0
RUNE.V,D,20200116,000000,0.09009,0.09545,0.08596,0.08821,0,0
RUNE.V,D,20200117,000000,0.08821,0.09955,0.08804,0.09436,0,0
RUNE.V,D,20200118,000000,0.09436,0.1067,0.09092,0.09856,0,0
RUNE.V,D,20200119,000000,0.09856,0.1068,0.09007,0.09902,0,0
RUNE.V,D,20200120,000000,0.09902,0.1072,0.09195,0.1052,0,0
RUNE.V,D,20200121,000000,0.1052,0.1084,0.09497,0.102,0,0
RUNE.V,D,20200122,000000,0.102,0.1083,0.1014,0.1036,0,0
RUNE.V,D,20200123,000000,0.1036,0.1058,0.0954,0.09849,0,0
RUNE.V,D,20200124,000000,0.09849,0.1206,0.0921,0.09903,0,0
RUNE.V,D,20200125,000000,0.09903,0.107,0.09802,0.1036,0,0
RUNE.V,D,20200126,000000,0.1036,0.1092,0.1019,0.1084,0,0
RUNE.V,D,20200127,000000,0.1084,0.1149,0.1041,0.1105,0,0
RUNE.V,D,20200128,000000,0.1105,0.1351,0.1091,0.1203,0,0
RUNE.V,D,20200129,000000,0.1203,0.1273,0.111,0.1175,0,0
RUNE.V,D,20200130,000000,0.1175,0.1269,0.1119,0.1186,0,0
RUNE.V,D,20200131,000000,0.1186,0.1319,0.1149,0.126,0,0
RUNE.V,D,20200201,000000,0.126,0.1285,0.1127,0.1168,0,0
RUNE.V,D,20200202,000000,0.1168,0.1211,0.1086,0.1183,0,0
RUNE.V,D,20200203,000000,0.1183,0.137,0.1141,0.1185,0,0
RUNE.V,D,20200204,000000,0.1185,0.1269,0.1098,0.1171,0,0
RUNE.V,D,20200205,000000,0.1171,0.1247,0.1121,0.1244,0,0
RUNE.V,D,20200206,000000,0.1244,0.1345,0.1201,0.1312,0,0
RUNE.V,D,20200207,000000,0.1312,0.1336,0.115,0.1217,0,0
RUNE.V,D,20200208,000000,0.1217,0.1305,0.1217,0.1266,0,0
RUNE.V,D,20200209,000000,0.1266,0.1303,0.1202,0.1275,0,0
RUNE.V,D,20200210,000000,0.1275,0.1319,0.1204,0.1226,0,0
RUNE.V,D,20200211,000000,0.1226,0.1289,0.1056,0.1143,0,0
RUNE.V,D,20200212,000000,0.1143,0.1301,0.1116,0.1221,0,0
RUNE.V,D,20200213,000000,0.1221,0.1323,0.1192,0.1232,0,0
RUNE.V,D,20200214,000000,0.1232,0.1345,0.1225,0.1311,0,0
RUNE.V,D,20200215,000000,0.1311,0.1311,0.115,0.1178,0,0
RUNE.V,D,20200216,000000,0.1178,0.1251,0.1101,0.1151,0,0
RUNE.V,D,20200217,000000,0.1151,0.1201,0.1011,0.1084,0,0
RUNE.V,D,20200218,000000,0.1084,0.1229,0.1073,0.1225,0,0
RUNE.V,D,20200219,000000,0.1225,0.1225,0.1009,0.116,0,0
RUNE.V,D,20200220,000000,0.116,0.1181,0.1047,0.1169,0,0
RUNE.V,D,20200221,000000,0.1169,0.1263,0.1047,0.1251,0,0
RUNE.V,D,20200222,000000,0.1251,0.1303,0.1083,0.1097,0,0
RUNE.V,D,20200223,000000,0.1097,0.1164,0.1062,0.1064,0,0
RUNE.V,D,20200224,000000,0.1064,0.1185,0.1061,0.1095,0,0
RUNE.V,D,20200225,000000,0.1095,0.1168,0.1051,0.1097,0,0
RUNE.V,D,20200226,000000,0.1097,0.1153,0.1002,0.1067,0,0
RUNE.V,D,20200227,000000,0.1067,0.1131,0.1005,0.1047,0,0
RUNE.V,D,20200228,000000,0.1047,0.109,0.09759,0.1025,0,0
RUNE.V,D,20200229,000000,0.1025,0.1032,0.08577,0.0973,0,0
RUNE.V,D,20200301,000000,0.0973,0.09929,0.09579,0.09637,0,0
RUNE.V,D,20200302,000000,0.09637,0.09962,0.09389,0.09717,0,0
RUNE.V,D,20200303,000000,0.09717,0.09749,0.0909,0.09341,0,0
RUNE.V,D,20200304,000000,0.09341,0.09668,0.08034,0.0887,0,0
RUNE.V,D,20200305,000000,0.0887,0.1041,0.08861,0.09955,0,0
RUNE.V,D,20200306,000000,0.09955,0.108,0.09777,0.1078,0,0
RUNE.V,D,20200307,000000,0.1078,0.1082,0.1005,0.1036,0,0
RUNE.V,D,20200308,000000,0.1036,0.1047,0.09036,0.09248,0,0
RUNE.V,D,20200309,000000,0.09248,0.09397,0.08275,0.08356,0,0
RUNE.V,D,20200310,000000,0.08356,0.1015,0.08331,0.09851,0,0
RUNE.V,D,20200311,000000,0.09851,0.1059,0.09384,0.09915,0,0
RUNE.V,D,20200312,000000,0.09915,0.1006,0.05819,0.0678,0,0
RUNE.V,D,20200313,000000,0.0678,0.08842,0.04129,0.06842,0,0
RUNE.V,D,20200314,000000,0.06842,0.07035,0.05941,0.06238,0,0
RUNE.V,D,20200315,000000,0.06238,0.07007,0.06101,0.0648,0,0
RUNE.V,D,20200316,000000,0.0648,0.06761,0.03902,0.04453,0,0
RUNE.V,D,20200317,000000,0.04453,0.06431,0.04453,0.05194,0,0
RUNE.V,D,20200318,000000,0.05194,0.05912,0.05,0.05546,0,0
RUNE.V,D,20200319,000000,0.05546,0.0679,0.04867,0.0664,0,0
RUNE.V,D,20200320,000000,0.0664,0.07321,0.05906,0.06053,0,0
RUNE.V,D,20200321,000000,0.06053,0.07014,0.05511,0.0582,0,0
RUNE.V,D,20200322,000000,0.0582,0.06405,0.05669,0.05886,0,0
RUNE.V,D,20200323,000000,0.05886,0.06561,0.05604,0.06502,0,0
RUNE.V,D,20200324,000000,0.06502,0.06743,0.05597,0.06226,0,0
RUNE.V,D,20200325,000000,0.06226,0.06977,0.05547,0.05717,0,0
RUNE.V,D,20200326,000000,0.05717,0.06404,0.05637,0.06141,0,0
RUNE.V,D,20200327,000000,0.06141,0.06345,0.05889,0.06198,0,0
RUNE.V,D,20200328,000000,0.06198,0.06303,0.05741,0.06111,0,0
RUNE.V,D,20200329,000000,0.06111,0.06506,0.05763,0.05787,0,0
RUNE.V,D,20200330,000000,0.05787,0.06124,0.05769,0.05957,0,0
RUNE.V,D,20200331,000000,0.05957,0.06513,0.059,0.06485,0,0
RUNE.V,D,20200401,000000,0.06485,0.07276,0.06108,0.07253,0,0
RUNE.V,D,20200402,000000,0.07253,0.07893,0.07107,0.07684,0,0
RUNE.V,D,20200403,000000,0.07684,0.07972,0.06718,0.07591,0,0
RUNE.V,D,20200404,000000,0.07591,0.08219,0.07446,0.07806,0,0
RUNE.V,D,20200405,000000,0.07806,0.0823,0.07684,0.07868,0,0
RUNE.V,D,20200406,000000,0.07868,0.08238,0.06715,0.07707,0,0
RUNE.V,D,20200407,000000,0.07707,0.08194,0.07658,0.08105,0,0
RUNE.V,D,20200408,000000,0.08105,0.08194,0.07788,0.08114,0,0
RUNE.V,D,20200409,000000,0.08114,0.0823,0.08096,0.0815,0,0
RUNE.V,D,20200410,000000,0.0815,0.08671,0.07666,0.08521,0,0
RUNE.V,D,20200411,000000,0.08521,0.08892,0.0793,0.08261,0,0
RUNE.V,D,20200412,000000,0.08261,0.1234,0.08101,0.104,0,0
RUNE.V,D,20200413,000000,0.104,0.1097,0.09018,0.09901,0,0
RUNE.V,D,20200414,000000,0.09901,0.1057,0.0912,0.1011,0,0
RUNE.V,D,20200415,000000,0.1011,0.1101,0.08927,0.08927,0,0
RUNE.V,D,20200416,000000,0.08927,0.1143,0.08894,0.1128,0,0
RUNE.V,D,20200417,000000,0.1128,0.1263,0.1,0.1222,0,0
RUNE.V,D,20200418,000000,0.1222,0.1253,0.1002,0.1245,0,0
RUNE.V,D,20200419,000000,0.1245,0.1262,0.1133,0.1215,0,0
RUNE.V,D,20200420,000000,0.1215,0.1215,0.1119,0.113,0,0
RUNE.V,D,20200421,000000,0.113,0.1137,0.1102,0.1112,0,0
RUNE.V,D,20200422,000000,0.1112,0.1295,0.1101,0.1161,0,0
RUNE.V,D,20200423,000000,0.1161,0.1226,0.1066,0.1155,0,0
RUNE.V,D,20200424,000000,0.1155,0.1201,0.1066,0.1183,0,0
RUNE.V,D,20200425,000000,0.1183,0.1201,0.1069,0.1156,0,0
RUNE.V,D,20200426,000000,0.1156,0.1201,0.1085,0.1103,0,0
RUNE.V,D,20200427,000000,0.1103,0.12,0.1085,0.113,0,0
RUNE.V,D,20200428,000000,0.113,0.1201,0.1123,0.1174,0,0
RUNE.V,D,20200429,000000,0.1174,0.1291,0.1112,0.1174,0,0
RUNE.V,D,20200430,000000,0.1174,0.1295,0.1101,0.1132,0,0
RUNE.V,D,20200501,000000,0.1132,0.1279,0.1123,0.1189,0,0
RUNE.V,D,20200502,000000,0.1189,0.1221,0.1176,0.1183,0,0
RUNE.V,D,20200503,000000,0.1183,0.1191,0.107,0.1135,0,0
RUNE.V,D,20200504,000000,0.1135,0.1211,0.1024,0.1152,0,0
RUNE.V,D,20200505,000000,0.1152,0.1152,0.1101,0.1142,0,0
RUNE.V,D,20200506,000000,0.1142,0.117,0.1081,0.1116,0,0
RUNE.V,D,20200507,000000,0.1116,0.1199,0.1071,0.1126,0,0
RUNE.V,D,20200508,000000,0.1126,0.118,0.1086,0.1126,0,0
RUNE.V,D,20200509,000000,0.1126,0.1155,0.1086,0.1111,0,0
RUNE.V,D,20200510,000000,0.1111,0.116,0.09387,0.1032,0,0
RUNE.V,D,20200511,000000,0.1032,0.1073,0.09806,0.1007,0,0
RUNE.V,D,20200512,000000,0.1007,0.1076,0.09509,0.1027,0,0
RUNE.V,D,20200513,000000,0.1027,0.1076,0.0994,0.101,0,0
RUNE.V,D,20200514,000000,0.101,0.12,0.0995,0.103,0,0
RUNE.V,D,20200515,000000,0.103,0.1149,0.09693,0.1099,0,0
RUNE.V,D,20200516,000000,0.1099,0.115,0.1044,0.1106,0,0
RUNE.V,D,20200517,000000,0.1106,0.1131,0.1076,0.1114,0,0
RUNE.V,D,20200518,000000,0.1114,0.1123,0.09838,0.1055,0,0
RUNE.V,D,20200519,000000,0.1055,0.108,0.1015,0.1065,0,0
RUNE.V,D,20200520,000000,0.1065,0.11,0.1014,0.1053,0,0
RUNE.V,D,20200521,000000,0.1053,0.1069,0.1004,0.1042,0,0
RUNE.V,D,20200522,000000,0.1042,0.11,0.1011,0.1065,0,0
RUNE.V,D,20200523,000000,0.1065,0.1089,0.1013,0.1068,0,0
RUNE.V,D,20200524,000000,0.1068,0.108,0.1022,0.1053,0,0
RUNE.V,D,20200525,000000,0.1053,0.1063,0.1001,0.104,0,0
RUNE.V,D,20200526,000000,0.104,0.1052,0.0985,0.104,0,0
RUNE.V,D,20200527,000000,0.104,0.1048,0.1,0.1019,0,0
RUNE.V,D,20200528,000000,0.1019,0.1102,0.101,0.1088,0,0
RUNE.V,D,20200529,000000,0.1088,0.1311,0.1057,0.1276,0,0
RUNE.V,D,20200530,000000,0.1276,0.1433,0.1187,0.135,0,0
RUNE.V,D,20200531,000000,0.135,0.1399,0.1276,0.132,0,0
RUNE.V,D,20200601,000000,0.132,0.1434,0.127,0.1362,0,0
RUNE.V,D,20200602,000000,0.1362,0.1474,0.1203,0.1289,0,0
RUNE.V,D,20200603,000000,0.1289,0.1359,0.1226,0.1313,0,0
RUNE.V,D,20200604,000000,0.1313,0.135,0.1241,0.1307,0,0
RUNE.V,D,20200605,000000,0.1307,0.1394,0.1276,0.1315,0,0
RUNE.V,D,20200606,000000,0.1315,0.1595,0.1293,0.1537,0,0
RUNE.V,D,20200607,000000,0.1537,0.1595,0.14,0.1595,0,0
RUNE.V,D,20200608,000000,0.1595,0.2224,0.152,0.1807,0,0
RUNE.V,D,20200609,000000,0.1807,0.2493,0.1807,0.2089,0,0
RUNE.V,D,20200610,000000,0.2089,0.2198,0.18,0.1948,0,0
RUNE.V,D,20200611,000000,0.1948,0.2196,0.179,0.1848,0,0
RUNE.V,D,20200612,000000,0.1848,0.2,0.1796,0.197,0,0
RUNE.V,D,20200613,000000,0.197,0.246,0.1927,0.2384,0,0
RUNE.V,D,20200614,000000,0.2384,0.2598,0.2234,0.2429,0,0
RUNE.V,D,20200615,000000,0.2429,0.26,0.2221,0.2402,0,0
RUNE.V,D,20200616,000000,0.2402,0.31,0.2386,0.2702,0,0
RUNE.V,D,20200617,000000,0.2702,0.3595,0.2526,0.3383,0,0
RUNE.V,D,20200618,000000,0.3383,0.3558,0.2499,0.2933,0,0
RUNE.V,D,20200619,000000,0.2933,0.3238,0.2808,0.3099,0,0
RUNE.V,D,20200620,000000,0.3099,0.3368,0.2942,0.3019,0,0
RUNE.V,D,20200621,000000,0.3019,0.3077,0.284,0.291,0,0
RUNE.V,D,20200622,000000,0.291,0.3303,0.2803,0.3028,0,0
RUNE.V,D,20200623,000000,0.3028,0.3248,0.2962,0.3202,0,0
RUNE.V,D,20200624,000000,0.3202,0.3499,0.2949,0.349,0,0
RUNE.V,D,20200625,000000,0.349,0.3996,0.3417,0.3929,0,0
RUNE.V,D,20200626,000000,0.3929,0.4087,0.3676,0.3717,0,0
RUNE.V,D,20200627,000000,0.3717,0.3758,0.3219,0.3318,0,0
RUNE.V,D,20200628,000000,0.3318,0.3747,0.322,0.3557,0,0
RUNE.V,D,20200629,000000,0.3557,0.3645,0.3239,0.3463,0,0
RUNE.V,D,20200630,000000,0.3463,0.376,0.34,0.3574,0,0
RUNE.V,D,20200701,000000,0.3574,0.42,0.3391,0.3861,0,0
RUNE.V,D,20200702,000000,0.3861,0.4486,0.3825,0.401,0,0
RUNE.V,D,20200703,000000,0.401,0.47,0.401,0.4469,0,0
RUNE.V,D,20200704,000000,0.4469,0.4777,0.4211,0.4597,0,0
RUNE.V,D,20200705,000000,0.4597,0.4915,0.4504,0.4565,0,0
RUNE.V,D,20200706,000000,0.4565,0.4675,0.4004,0.4098,0,0
RUNE.V,D,20200707,000000,0.4098,0.4495,0.4004,0.4326,0,0
RUNE.V,D,20200708,000000,0.4326,0.5201,0.4224,0.4725,0,0
RUNE.V,D,20200709,000000,0.4725,0.5305,0.4404,0.4468,0,0
RUNE.V,D,20200710,000000,0.4468,0.4771,0.4224,0.4431,0,0
RUNE.V,D,20200711,000000,0.4431,0.479,0.4255,0.4625,0,0
RUNE.V,D,20200712,000000,0.4625,0.4722,0.4244,0.4405,0,0
RUNE.V,D,20200713,000000,0.4405,0.462,0.36,0.3799,0,0
RUNE.V,D,20200714,000000,0.3799,0.4497,0.366,0.4142,0,0
RUNE.V,D,20200715,000000,0.4142,0.4278,0.3903,0.4024,0,0
RUNE.V,D,20200716,000000,0.4024,0.425,0.3904,0.4154,0,0
RUNE.V,D,20200717,000000,0.4154,0.5185,0.4114,0.4857,0,0
RUNE.V,D,20200718,000000,0.4857,0.5102,0.4621,0.4795,0,0
RUNE.V,D,20200719,000000,0.4795,0.5173,0.4555,0.471,0,0
RUNE.V,D,20200720,000000,0.471,0.6657,0.455,0.5348,0,0
RUNE.V,D,20200721,000000,0.5348,0.5561,0.5011,0.5451,0,0
RUNE.V,D,20200722,000000,0.5451,0.5561,0.515,0.5355,0,0
RUNE.V,D,20200723,000000,0.5355,0.5656,0.5005,0.539,0,0
RUNE.V,D,20200724,000000,0.539,0.7422,0.5383,0.6116,0,0
RUNE.V,D,20200725,000000,0.6116,0.6998,0.5269,0.5271,0,0
RUNE.V,D,20200726,000000,0.5271,0.6497,0.4656,0.4993,0,0
RUNE.V,D,20200727,000000,0.4993,0.508,0.4008,0.4248,0,0
RUNE.V,D,20200728,000000,0.4248,0.5611,0.4247,0.4941,0,0
RUNE.V,D,20200729,000000,0.4941,0.596,0.4705,0.5,0,0
RUNE.V,D,20200730,000000,0.5,0.5643,0.481,0.4858,0,0
RUNE.V,D,20200731,000000,0.4858,0.5059,0.4567,0.4568,0,0
RUNE.V,D,20200801,000000,0.4568,0.4903,0.435,0.4443,0,0
RUNE.V,D,20200802,000000,0.4443,0.5008,0.3998,0.4778,0,0
RUNE.V,D,20200803,000000,0.4778,0.5064,0.43,0.4552,0,0
RUNE.V,D,20200804,000000,0.4552,0.5101,0.454,0.5051,0,0
RUNE.V,D,20200805,000000,0.5051,0.6281,0.4954,0.5629,0,0
RUNE.V,D,20200806,000000,0.5629,0.6117,0.5103,0.5829,0,0
RUNE.V,D,20200807,000000,0.5829,0.632,0.5589,0.5806,0,0
RUNE.V,D,20200808,000000,0.5806,0.6999,0.5784,0.659,0,0
RUNE.V,D,20200809,000000,0.659,0.79,0.6271,0.7683,0,0
RUNE.V,D,20200810,000000,0.7683,0.9509,0.716,0.8029,0,0
RUNE.V,D,20200811,000000,0.8029,0.8495,0.7057,0.7598,0,0
RUNE.V,D,20200812,000000,0.7598,0.9375,0.721,0.9011,0,0
RUNE.V,D,20200813,000000,0.9011,0.9354,0.7741,0.8309,0,0
RUNE.V,D,20200814,000000,0.8309,1.018,0.8009,0.9548,0,0
RUNE.V,D,20200815,000000,0.9548,1.04,0.8631,0.8804,0,0
RUNE.V,D,20200816,000000,0.8804,0.962,0.8537,0.9076,0,0
RUNE.V,D,20200817,000000,0.9076,0.992,0.8146,0.8705,0,0
RUNE.V,D,20200818,000000,0.8705,0.9384,0.8059,0.8357,0,0
RUNE.V,D,20200819,000000,0.8357,0.8476,0.7423,0.7917,0,0
RUNE.V,D,20200820,000000,0.7917,0.9209,0.7763,0.9037,0,0
RUNE.V,D,20200821,000000,0.9037,0.9488,0.77,0.7704,0,0
RUNE.V,D,20200822,000000,0.7704,0.9208,0.7452,0.8496,0,0
RUNE.V,D,20200823,000000,0.8496,0.8715,0.7863,0.8031,0,0
RUNE.V,D,20200824,000000,0.8031,0.9209,0.7942,0.8696,0,0
RUNE.V,D,20200825,000000,0.8696,0.9158,0.791,0.8277,0,0
RUNE.V,D,20200826,000000,0.8277,0.9508,0.8166,0.8536,0,0
RUNE.V,D,20200827,000000,0.8536,0.9349,0.8117,0.9185,0,0
RUNE.V,D,20200828,000000,0.9185,0.9861,0.8423,0.8532,0,0
RUNE.V,D,20200829,000000,0.8532,0.9477,0.8532,0.9319,0,0
RUNE.V,D,20200830,000000,0.9319,1.181,0.9189,1.081,0,0
RUNE.V,D,20200831,000000,1.081,1.109,0.9861,1.027,0,0
RUNE.V,D,20200901,000000,1.027,1.159,0.9009,0.9962,0,0
RUNE.V,D,20200902,000000,0.9962,1.104,0.8909,0.9272,0,0
RUNE.V,D,20200903,000000,0.9272,1.042,0.7136,0.7139,0,0
RUNE.V,D,20200904,000000,0.7139,0.9699,0.6574,0.8197,0,0
RUNE.V,D,20200905,000000,0.8197,0.8572,0.5518,0.6384,0,0
RUNE.V,D,20200906,000000,0.6384,0.8109,0.6162,0.7827,0,0
RUNE.V,D,20200907,000000,0.7827,0.812,0.6228,0.7235,0,0
RUNE.V,D,20200908,000000,0.7235,0.7633,0.6514,0.6974,0,0
RUNE.V,D,20200909,000000,0.6974,0.764,0.6549,0.7285,0,0
RUNE.V,D,20200910,000000,0.7285,0.8224,0.7037,0.7236,0,0
RUNE.V,D,20200911,000000,0.7236,0.762,0.6631,0.748,0,0
RUNE.V,D,20200912,000000,0.748,0.8087,0.6974,0.8003,0,0
RUNE.V,D,20200913,000000,0.8003,0.802,0.6541,0.7063,0,0
RUNE.V,D,20200914,000000,0.7063,0.7136,0.6299,0.6435,0,0
RUNE.V,D,20200915,000000,0.6435,0.6503,0.5274,0.5818,0,0
RUNE.V,D,20200916,000000,0.5818,0.6415,0.5409,0.5926,0,0
RUNE.V,D,20200917,000000,0.5926,0.6103,0.4615,0.5174,0,0
RUNE.V,D,20200918,000000,0.5174,0.5508,0.4993,0.5244,0,0
RUNE.V,D,20200919,000000,0.5244,0.5314,0.4776,0.4923,0,0
RUNE.V,D,20200920,000000,0.4923,0.5252,0.4362,0.4522,0,0
RUNE.V,D,20200921,000000,0.4522,0.4603,0.3237,0.3849,0,0
RUNE.V,D,20200922,000000,0.3849,0.4203,0.3605,0.3894,0,0
RUNE.V,D,20200923,000000,0.3894,0.3926,0.3311,0.3389,0,0
RUNE.V,D,20200924,000000,0.3389,0.4054,0.33,0.3977,0,0
RUNE.V,D,20200925,000000,0.3977,0.4924,0.3829,0.4841,0,0
RUNE.V,D,20200926,000000,0.4841,0.5351,0.4485,0.5295,0,0
RUNE.V,D,20200927,000000,0.5295,0.6376,0.5017,0.6326,0,0
RUNE.V,D,20200928,000000,0.6326,0.6369,0.5424,0.5551,0,0
RUNE.V,D,20200929,000000,0.5551,0.5814,0.5051,0.5316,0,0
RUNE.V,D,20200930,000000,0.5316,0.5321,0.463,0.4852,0,0
RUNE.V,D,20201001,000000,0.4852,0.5463,0.4571,0.4828,0,0
RUNE.V,D,20201002,000000,0.4828,0.4873,0.4047,0.4577,0,0
RUNE.V,D,20201003,000000,0.4577,0.4994,0.454,0.4596,0,0
RUNE.V,D,20201004,000000,0.4596,0.4627,0.4317,0.4547,0,0
RUNE.V,D,20201005,000000,0.4547,0.4697,0.4088,0.4117,0,0
RUNE.V,D,20201006,000000,0.4117,0.414,0.351,0.3839,0,0
RUNE.V,D,20201007,000000,0.3839,0.4449,0.3745,0.4355,0,0
RUNE.V,D,20201008,000000,0.4355,0.4802,0.4028,0.4782,0,0
RUNE.V,D,20201009,000000,0.4782,0.5691,0.4704,0.4856,0,0
RUNE.V,D,20201010,000000,0.4856,0.5814,0.4806,0.5364,0,0
RUNE.V,D,20201011,000000,0.5364,0.577,0.5004,0.5387,0,0
RUNE.V,D,20201012,000000,0.5387,0.6046,0.535,0.5825,0,0
RUNE.V,D,20201013,000000,0.5825,0.6205,0.5368,0.578,0,0
RUNE.V,D,20201014,000000,0.578,0.6305,0.5386,0.5585,0,0
RUNE.V,D,20201015,000000,0.5585,0.5585,0.5086,0.5322,0,0
RUNE.V,D,20201016,000000,0.5322,0.5415,0.4962,0.4997,0,0
RUNE.V,D,20201017,000000,0.4997,0.5283,0.4904,0.5045,0,0
RUNE.V,D,20201018,000000,0.5045,0.5979,0.5016,0.5706,0,0
RUNE.V,D,20201019,000000,0.5706,0.5889,0.5402,0.5602,0,0
RUNE.V,D,20201020,000000,0.5602,0.5602,0.4639,0.4711,0,0
RUNE.V,D,20201021,000000,0.4711,0.5257,0.4693,0.4906,0,0
RUNE.V,D,20201022,000000,0.4906,0.5382,0.4887,0.5157,0,0
RUNE.V,D,20201023,000000,0.5157,0.5212,0.4848,0.499,0,0
RUNE.V,D,20201024,000000,0.499,0.5159,0.4882,0.4976,0,0
RUNE.V,D,20201025,000000,0.4976,0.4986,0.4604,0.4664,0,0
RUNE.V,D,20201026,000000,0.4664,0.5008,0.4376,0.4427,0,0
RUNE.V,D,20201027,000000,0.4427,0.4596,0.4143,0.4377,0,0
RUNE.V,D,20201028,000000,0.4377,0.4441,0.3927,0.4052,0,0
RUNE.V,D,20201029,000000,0.4052,0.4152,0.3846,0.3964,0,0
RUNE.V,D,20201030,000000,0.3964,0.4009,0.3677,0.3942,0,0
RUNE.V,D,20201031,000000,0.3942,0.4483,0.3902,0.4055,0,0
RUNE.V,D,20201101,000000,0.4055,0.4088,0.387,0.395,0,0
RUNE.V,D,20201102,000000,0.395,0.4131,0.3807,0.3817,0,0
RUNE.V,D,20201103,000000,0.3817,0.3817,0.3583,0.3682,0,0
RUNE.V,D,20201104,000000,0.3682,0.381,0.3509,0.3774,0,0
RUNE.V,D,20201105,000000,0.3774,0.4554,0.377,0.4233,0,0
RUNE.V,D,20201106,000000,0.4233,0.5255,0.422,0.5221,0,0
RUNE.V,D,20201107,000000,0.5221,0.5606,0.4471,0.493,0,0
RUNE.V,D,20201108,000000,0.493,0.5884,0.484,0.5793,0,0
RUNE.V,D,20201109,000000,0.5793,0.644,0.5581,0.5908,0,0
RUNE.V,D,20201110,000000,0.5908,0.7101,0.5795,0.6821,0,0
RUNE.V,D,20201111,000000,0.6821,0.7024,0.6213,0.6263,0,0
RUNE.V,D,20201112,000000,0.6263,0.6447,0.5597,0.5741,0,0
RUNE.V,D,20201113,000000,0.5741,0.7451,0.57,0.714,0,0
RUNE.V,D,20201114,000000,0.714,0.857,0.6594,0.831,0,0
RUNE.V,D,20201115,000000,0.831,0.9866,0.8084,0.8843,0,0
RUNE.V,D,20201116,000000,0.8843,0.9773,0.8639,0.9114,0,0
RUNE.V,D,20201117,000000,0.9114,1.05,0.8661,1.008,0,0
RUNE.V,D,20201118,000000,1.008,1.016,0.778,0.8933,0,0
RUNE.V,D,20201119,000000,0.8933,0.958,0.806,0.9009,0,0
RUNE.V,D,20201120,000000,0.9009,1.01,0.8985,0.9311,0,0
RUNE.V,D,20201121,000000,0.9311,0.9811,0.8794,0.918,0,0
RUNE.V,D,20201122,000000,0.918,0.9548,0.8192,0.8477,0,0
RUNE.V,D,20201123,000000,0.8477,0.9341,0.8289,0.9152,0,0
RUNE.V,D,20201124,000000,0.9152,1.015,0.8324,0.9144,0,0
RUNE.V,D,20201125,000000,0.9144,0.9992,0.8705,0.9021,0,0
RUNE.V,D,20201126,000000,0.9021,0.9339,0.6338,0.797,0,0
RUNE.V,D,20201127,000000,0.797,0.8306,0.7012,0.7728,0,0
RUNE.V,D,20201128,000000,0.7728,0.8197,0.7417,0.7948,0,0
RUNE.V,D,20201129,000000,0.7948,0.8384,0.7834,0.8308,0,0
RUNE.V,D,20201130,000000,0.8308,0.869,0.8119,0.8577,0,0
RUNE.V,D,20201201,000000,0.8577,0.9381,0.8134,0.8957,0,0
RUNE.V,D,20201202,000000,0.8957,1.015,0.8641,0.9863,0,0
RUNE.V,D,20201203,000000,0.9863,1.086,0.9853,1.02,0,0
RUNE.V,D,20201204,000000,1.02,1.139,0.92,0.9353,0,0
RUNE.V,D,20201205,000000,0.9353,1.041,0.9146,1.01,0,0
RUNE.V,D,20201206,000000,1.01,1.061,0.946,0.9825,0,0
RUNE.V,D,20201207,000000,0.9825,1.018,0.9496,0.9675,0,0
RUNE.V,D,20201208,000000,0.9675,0.9687,0.8278,0.8409,0,0
RUNE.V,D,20201209,000000,0.8409,0.9318,0.807,0.895,0,0
RUNE.V,D,20201210,000000,0.895,0.9077,0.8367,0.877,0,0
RUNE.V,D,20201211,000000,0.877,0.8796,0.7615,0.8049,0,0
RUNE.V,D,20201212,000000,0.8049,0.8879,0.8049,0.853,0,0
RUNE.V,D,20201213,000000,0.853,0.9196,0.8335,0.8989,0,0
RUNE.V,D,20201214,000000,0.8989,0.9363,0.8652,0.9291,0,0
RUNE.V,D,20201215,000000,0.9291,0.9635,0.885,0.912,0,0
RUNE.V,D,20201216,000000,0.912,1.03,0.8651,1.028,0,0
RUNE.V,D,20201217,000000,1.028,1.12,0.9576,0.9988,0,0
RUNE.V,D,20201218,000000,0.9988,1.065,0.9658,1.021,0,0
RUNE.V,D,20201219,000000,1.021,1.11,1.018,1.052,0,0
RUNE.V,D,20201220,000000,1.052,1.055,0.9604,0.9786,0,0
RUNE.V,D,20201221,000000,0.9786,1.017,0.8911,0.8967,0,0
RUNE.V,D,20201222,000000,0.8967,0.9604,0.8514,0.9187,0,0
RUNE.V,D,20201223,000000,0.9187,1.005,0.8105,0.8768,0,0
RUNE.V,D,20201224,000000,0.8768,0.9629,0.8376,0.9259,0,0
RUNE.V,D,20201225,000000,0.9259,0.9629,0.8981,0.9238,0,0
RUNE.V,D,20201226,000000,0.9238,0.9335,0.8554,0.8739,0,0
RUNE.V,D,20201227,000000,0.8739,0.9715,0.8373,0.8961,0,0
RUNE.V,D,20201228,000000,0.8961,1.059,0.8849,1.036,0,0
RUNE.V,D,20201229,000000,1.036,1.231,0.9319,1.198,0,0
RUNE.V,D,20201230,000000,1.198,1.26,1.125,1.213,0,0
RUNE.V,D,20201231,000000,1.213,1.224,1.131,1.171,0,0
RUNE.V,D,20210101,000000,1.171,1.431,1.153,1.29,0,0
RUNE.V,D,20210102,000000,1.29,1.401,1.218,1.292,0,0
RUNE.V,D,20210103,000000,1.292,1.52,1.286,1.488,0,0
RUNE.V,D,20210104,000000,1.488,1.596,1.3,1.596,0,0
RUNE.V,D,20210105,000000,1.596,1.664,1.505,1.585,0,0
RUNE.V,D,20210106,000000,1.585,1.652,1.464,1.596,0,0
RUNE.V,D,20210107,000000,1.596,1.62,1.344,1.464,0,0
RUNE.V,D,20210108,000000,1.464,1.469,1.168,1.346,0,0
RUNE.V,D,20210109,000000,1.346,1.607,1.316,1.57,0,0
RUNE.V,D,20210110,000000,1.57,1.66,1.341,1.459,0,0
RUNE.V,D,20210111,000000,1.459,1.461,1.121,1.309,0,0
RUNE.V,D,20210112,000000,1.309,1.43,1.236,1.292,0,0
RUNE.V,D,20210113,000000,1.292,1.889,1.208,1.808,0,0
RUNE.V,D,20210114,000000,1.808,1.958,1.707,1.905,0,0
RUNE.V,D,20210115,000000,1.905,1.986,1.645,1.857,0,0
RUNE.V,D,20210116,000000,1.857,2.18,1.852,1.96,0,0
RUNE.V,D,20210117,000000,1.96,2.029,1.801,1.953,0,0
RUNE.V,D,20210118,000000,1.953,2.088,1.853,2.074,0,0
RUNE.V,D,20210119,000000,2.074,2.207,1.952,2.001,0,0
RUNE.V,D,20210120,000000,2.001,2.055,1.796,2.018,0,0
RUNE.V,D,20210121,000000,2.018,2.037,1.599,1.647,0,0
RUNE.V,D,20210122,000000,1.647,2.175,1.557,2.134,0,0
RUNE.V,D,20210123,000000,2.134,2.569,2.091,2.372,0,0
RUNE.V,D,20210124,000000,2.372,2.645,2.351,2.601,0,0
RUNE.V,D,20210125,000000,2.601,2.637,2.23,2.368,0,0
RUNE.V,D,20210126,000000,2.368,2.479,2.194,2.411,0,0
RUNE.V,D,20210127,000000,2.411,2.561,2.179,2.549,0,0
RUNE.V,D,20210128,000000,2.549,3.406,2.49,3.16,0,0
RUNE.V,D,20210129,000000,3.16,3.649,3.034,3.633,0,0
RUNE.V,D,20210130,000000,3.633,4.023,3.515,3.877,0,0
RUNE.V,D,20210131,000000,3.877,4.042,3.365,3.615,0,0
RUNE.V,D,20210201,000000,3.615,4.301,3.404,4.178,0,0
RUNE.V,D,20210202,000000,4.178,4.269,3.636,3.799,0,0
RUNE.V,D,20210203,000000,3.799,3.903,3.605,3.73,0,0
RUNE.V,D,20210204,000000,3.73,4.203,3.545,3.908,0,0
RUNE.V,D,20210205,000000,3.908,4.327,3.815,3.964,0,0
RUNE.V,D,20210206,000000,3.964,4.008,3.279,3.571,0,0
RUNE.V,D,20210207,000000,3.571,3.925,3.021,3.78,0,0
RUNE.V,D,20210208,000000,3.78,4.624,3.527,4.586,0,0
RUNE.V,D,20210209,000000,4.586,4.803,4.313,4.585,0,0
RUNE.V,D,20210210,000000,4.585,5.018,4.184,4.469,0,0
RUNE.V,D,20210211,000000,4.469,4.697,4.319,4.495,0,0
RUNE.V,D,20210212,000000,4.495,4.553,4.112,4.304,0,0
RUNE.V,D,20210213,000000,4.304,4.45,3.904,4.401,0,0
RUNE.V,D,20210214,000000,4.401,4.534,3.854,3.971,0,0
RUNE.V,D,20210215,000000,3.971,4.374,3.34,3.882,0,0
RUNE.V,D,20210216,000000,3.882,4.199,3.632,3.913,0,0
RUNE.V,D,20210217,000000,3.913,4.088,3.58,4.013,0,0
RUNE.V,D,20210218,000000,4.013,4.286,3.951,3.976,0,0
RUNE.V,D,20210219,000000,3.976,4.999,3.85,4.77,0,0
RUNE.V,D,20210220,000000,4.77,5.767,4.515,5.114,0,0
RUNE.V,D,20210221,000000,5.114,5.281,4.601,4.78,0,0
RUNE.V,D,20210222,000000,4.78,4.785,3.585,4.498,0,0
RUNE.V,D,20210223,000000,4.498,4.95,3.051,4.897,0,0
RUNE.V,D,20210224,000000,4.897,5.706,4.443,4.937,0,0
RUNE.V,D,20210225,000000,4.937,5.295,4.415,4.427,0,0
RUNE.V,D,20210226,000000,4.427,4.945,4,4.404,0,0
RUNE.V,D,20210227,000000,4.404,4.823,4.399,4.524,0,0
RUNE.V,D,20210228,000000,4.524,4.56,3.884,4.361,0,0
RUNE.V,D,20210301,000000,4.361,5.209,4.348,5.193,0,0
RUNE.V,D,20210302,000000,5.193,5.703,4.918,5.17,0,0
RUNE.V,D,20210303,000000,5.17,6.196,5.086,5.723,0,0
RUNE.V,D,20210304,000000,5.723,5.796,5.082,5.27,0,0
RUNE.V,D,20210305,000000,5.27,5.671,4.958,5.511,0,0
RUNE.V,D,20210306,000000,5.511,5.936,5.38,5.685,0,0
RUNE.V,D,20210307,000000,5.685,5.99,5.51,5.7,0,0
RUNE.V,D,20210308,000000,5.7,5.857,5.35,5.818,0,0
RUNE.V,D,20210309,000000,5.818,6.194,5.752,6.159,0,0
RUNE.V,D,20210310,000000,6.159,6.673,5.805,6.323,0,0
RUNE.V,D,20210311,000000,6.323,6.773,6.126,6.425,0,0
RUNE.V,D,20210312,000000,6.425,6.48,5.696,5.992,0,0
RUNE.V,D,20210313,000000,5.992,6.298,5.812,6.11,0,0
RUNE.V,D,20210314,000000,6.11,6.151,5.551,5.552,0,0
RUNE.V,D,20210315,000000,5.552,5.856,5.216,5.663,0,0
RUNE.V,D,20210316,000000,5.663,5.768,5.329,5.586,0,0
RUNE.V,D,20210317,000000,5.586,5.886,5.397,5.826,0,0
RUNE.V,D,20210318,000000,5.826,5.994,5.588,5.634,0,0
RUNE.V,D,20210319,000000,5.634,5.7,5.477,5.578,0,0
RUNE.V,D,20210320,000000,5.578,6.038,5.537,5.767,0,0
RUNE.V,D,20210321,000000,5.767,5.815,5.343,5.63,0,0
RUNE.V,D,20210322,000000,5.63,5.666,4.933,5.256,0,0
RUNE.V,D,20210323,000000,5.256,5.383,4.931,5.123,0,0
RUNE.V,D,20210324,000000,5.123,5.412,4.56,4.64,0,0
RUNE.V,D,20210325,000000,4.64,4.932,4.501,4.76,0,0
RUNE.V,D,20210326,000000,4.76,5.935,4.76,5.928,0,0
RUNE.V,D,20210327,000000,5.928,6.428,5.728,6.235,0,0
RUNE.V,D,20210328,000000,6.235,6.498,5.902,6.157,0,0
RUNE.V,D,20210329,000000,6.157,6.75,6.12,6.737,0,0
RUNE.V,D,20210330,000000,6.737,7.329,6.488,7.297,0,0
RUNE.V,D,20210331,000000,7.297,8.05,6.95,7.935,0,0
RUNE.V,D,20210401,000000,7.935,8.932,7.931,8.352,0,0
RUNE.V,D,20210402,000000,8.352,8.888,7.91,8.389,0,0
RUNE.V,D,20210403,000000,8.389,9.497,8.188,9.223,0,0
RUNE.V,D,20210404,000000,9.223,10.42,9.041,10.34,0,0
RUNE.V,D,20210405,000000,10.34,10.92,9.46,9.819,0,0
RUNE.V,D,20210406,000000,9.819,10.04,9.07,9.898,0,0
RUNE.V,D,20210407,000000,9.898,10.2,8.842,9.144,0,0
RUNE.V,D,20210408,000000,9.144,10.36,9.117,10.23,0,0
RUNE.V,D,20210409,000000,10.23,12.09,10.2,11.88,0,0
RUNE.V,D,20210410,000000,11.88,12.99,11.32,11.89,0,0
RUNE.V,D,20210411,000000,11.89,12.06,10.93,11.02,0,0
RUNE.V,D,20210412,000000,11.02,12.3,10.45,12.1,0,0
RUNE.V,D,20210413,000000,12.1,13.37,11.65,13.29,0,0
RUNE.V,D,20210414,000000,13.29,17.05,13.27,15.29,0,0
RUNE.V,D,20210415,000000,15.29,16,14.16,14.56,0,0
RUNE.V,D,20210416,000000,14.56,15.4,12.93,14.61,0,0
RUNE.V,D,20210417,000000,14.61,15.82,14.15,14.19,0,0
RUNE.V,D,20210418,000000,14.19,16.64,11.68,16.62,0,0
RUNE.V,D,20210419,000000,16.62,16.88,13.69,14.05,0,0
RUNE.V,D,20210420,000000,14.05,15.03,12.35,14.8,0,0
RUNE.V,D,20210421,000000,14.8,14.89,12.91,13.06,0,0
RUNE.V,D,20210422,000000,13.06,15.03,12.65,14,0,0
RUNE.V,D,20210423,000000,14,14.91,11.6,13.1,0,0
RUNE.V,D,20210424,000000,13.1,13.14,11.14,11.32,0,0
RUNE.V,D,20210425,000000,11.32,12.66,10.66,11.51,0,0
RUNE.V,D,20210426,000000,11.51,14.01,11.34,13.87,0,0
RUNE.V,D,20210427,000000,13.87,15.15,13.56,14.76,0,0
RUNE.V,D,20210428,000000,14.76,15.47,13.8,14.15,0,0
RUNE.V,D,20210429,000000,14.15,14.74,13.42,14.2,0,0
RUNE.V,D,20210430,000000,14.2,16.16,13.86,15.4,0,0
RUNE.V,D,20210501,000000,15.4,15.92,14.85,15.48,0,0
RUNE.V,D,20210502,000000,15.48,15.5,14.32,14.54,0,0
RUNE.V,D,20210503,000000,14.54,17.79,14.53,17.77,0,0
RUNE.V,D,20210504,000000,17.77,18.83,16.29,16.88,0,0
RUNE.V,D,20210505,000000,16.88,19.12,16.68,18.35,0,0
RUNE.V,D,20210506,000000,18.35,18.44,16.94,17.5,0,0
RUNE.V,D,20210507,000000,17.5,18.79,16.71,17.98,0,0
RUNE.V,D,20210508,000000,17.98,19.32,17.74,19.22,0,0
RUNE.V,D,20210509,000000,19.22,19.29,17.41,17.94,0,0
RUNE.V,D,20210510,000000,17.94,18.49,15.94,16.53,0,0
RUNE.V,D,20210511,000000,16.53,18.28,15.76,18.02,0,0
RUNE.V,D,20210512,000000,18.02,19.77,17,18.01,0,0
RUNE.V,D,20210513,000000,18.01,18.66,16.27,17.38,0,0
RUNE.V,D,20210514,000000,17.38,19.32,17.22,18.71,0,0
RUNE.V,D,20210515,000000,18.71,19.31,17.51,17.6,0,0
RUNE.V,D,20210516,000000,17.6,20.99,17.54,19.33,0,0
RUNE.V,D,20210517,000000,19.33,19.85,17.02,18.34,0,0
RUNE.V,D,20210518,000000,18.34,20.81,18.34,20.34,0,0
RUNE.V,D,20210519,000000,20.34,21.32,10.02,11.62,0,0
RUNE.V,D,20210520,000000,11.62,15.12,10.31,13.62,0,0
RUNE.V,D,20210521,000000,13.62,14.43,8.107,10.41,0,0
RUNE.V,D,20210522,000000,10.41,10.97,8.371,9.443,0,0
RUNE.V,D,20210523,000000,9.443,9.794,6.012,7.792,0,0
RUNE.V,D,20210524,000000,7.792,10.76,7.686,10.19,0,0
RUNE.V,D,20210525,000000,10.19,12.71,9.511,12.66,0,0
RUNE.V,D,20210526,000000,12.66,14.09,11.88,12.74,0,0
RUNE.V,D,20210527,000000,12.74,14.89,11.68,14.11,0,0
RUNE.V,D,20210528,000000,14.11,14.62,10.01,10.8,0,0
RUNE.V,D,20210529,000000,10.8,11.99,9.284,9.984,0,0
RUNE.V,D,20210530,000000,9.984,11.95,9.299,11.04,0,0
RUNE.V,D,20210531,000000,11.04,12.76,10.19,12.65,0,0
RUNE.V,D,20210601,000000,12.65,12.9,11.11,11.52,0,0
RUNE.V,D,20210602,000000,11.52,12.7,11.22,12.37,0,0
RUNE.V,D,20210603,000000,12.37,13.72,12.08,13.25,0,0
RUNE.V,D,20210604,000000,13.25,13.33,10.75,11.53,0,0
RUNE.V,D,20210605,000000,11.53,12.28,10.28,10.6,0,0
RUNE.V,D,20210606,000000,10.6,11.18,10.38,10.81,0,0
RUNE.V,D,20210607,000000,10.81,11.26,8.952,9.106,0,0
RUNE.V,D,20210608,000000,9.106,9.469,7.884,9.09,0,0
RUNE.V,D,20210609,000000,9.09,10.2,8.232,9.729,0,0
RUNE.V,D,20210610,000000,9.729,9.997,8.315,8.473,0,0
RUNE.V,D,20210611,000000,8.473,8.722,7.051,7.267,0,0
RUNE.V,D,20210612,000000,7.267,7.896,6.601,7.071,0,0
RUNE.V,D,20210613,000000,7.071,8.498,6.889,8.329,0,0
RUNE.V,D,20210614,000000,8.329,9.139,7.905,8.862,0,0
RUNE.V,D,20210615,000000,8.862,10.5,8.768,9.842,0,0
RUNE.V,D,20210616,000000,9.842,10.29,8.9,9.335,0,0
RUNE.V,D,20210617,000000,9.335,9.997,8.502,8.736,0,0
RUNE.V,D,20210618,000000,8.736,8.966,7.31,8.157,0,0
RUNE.V,D,20210619,000000,8.157,8.331,7.201,7.313,0,0
RUNE.V,D,20210620,000000,7.313,8.405,6.887,8.362,0,0
RUNE.V,D,20210621,000000,8.362,8.481,5.943,5.976,0,0
RUNE.V,D,20210622,000000,5.976,6.669,4.485,5.315,0,0
RUNE.V,D,20210623,000000,5.315,6.674,5.001,5.595,0,0
RUNE.V,D,20210624,000000,5.595,6.66,5.244,6.366,0,0
RUNE.V,D,20210625,000000,6.366,6.869,5.27,5.411,0,0
RUNE.V,D,20210626,000000,5.411,5.702,5.016,5.413,0,0
RUNE.V,D,20210627,000000,5.413,6.115,5.272,6.112,0,0
RUNE.V,D,20210628,000000,6.112,6.728,5.95,6.32,0,0
RUNE.V,D,20210629,000000,6.32,7.16,6.266,6.636,0,0
RUNE.V,D,20210630,000000,6.636,6.996,6.134,6.77,0,0
RUNE.V,D,20210701,000000,6.77,6.779,6.068,6.17,0,0
RUNE.V,D,20210702,000000,6.17,6.348,5.554,5.795,0,0
RUNE.V,D,20210703,000000,5.795,6.255,5.618,5.985,0,0
RUNE.V,D,20210704,000000,5.985,6.549,5.8,6.25,0,0
RUNE.V,D,20210705,000000,6.25,6.261,5.789,6.109,0,0
RUNE.V,D,20210706,000000,6.109,7.479,6.104,7.02,0,0
RUNE.V,D,20210707,000000,7.02,7.697,6.908,7.108,0,0
RUNE.V,D,20210708,000000,7.108,7.132,6.018,6.204,0,0
RUNE.V,D,20210709,000000,6.204,6.396,5.849,6.204,0,0
RUNE.V,D,20210710,000000,6.204,6.56,5.9,6.116,0,0
RUNE.V,D,20210711,000000,6.116,6.358,5.97,6.276,0,0
RUNE.V,D,20210712,000000,6.276,6.698,5.78,6.108,0,0
RUNE.V,D,20210713,000000,6.108,6.226,5.513,5.621,0,0
RUNE.V,D,20210714,000000,5.621,6.098,5.217,5.731,0,0
RUNE.V,D,20210715,000000,5.731,5.92,4.611,4.896,0,0
RUNE.V,D,20210716,000000,4.896,5.14,4.533,4.596,0,0
RUNE.V,D,20210717,000000,4.596,4.655,3.966,4.248,0,0
RUNE.V,D,20210718,000000,4.248,4.653,4.096,4.099,0,0
RUNE.V,D,20210719,000000,4.099,4.12,3.549,3.67,0,0
RUNE.V,D,20210720,000000,3.67,3.846,3.011,3.526,0,0
RUNE.V,D,20210721,000000,3.526,4.518,3.447,4.295,0,0
RUNE.V,D,20210722,000000,4.295,4.82,3.402,3.479,0,0
RUNE.V,D,20210723,000000,3.479,4.207,3.44,3.832,0,0
RUNE.V,D,20210724,000000,3.832,3.905,3.454,3.596,0,0
RUNE.V,D,20210725,000000,3.596,3.603,3.303,3.511,0,0
RUNE.V,D,20210726,000000,3.511,4.437,3.492,3.897,0,0
RUNE.V,D,20210727,000000,3.897,4.187,3.572,4.003,0,0
RUNE.V,D,20210728,000000,4.003,4.781,3.848,4.647,0,0
RUNE.V,D,20210729,000000,4.647,5.887,4.559,5.461,0,0
RUNE.V,D,20210730,000000,5.461,6.444,5.121,6.327,0,0
RUNE.V,D,20210731,000000,6.327,6.764,6.053,6.48,0,0
RUNE.V,D,20210801,000000,6.48,6.766,5.923,5.993,0,0
RUNE.V,D,20210802,000000,5.993,7.459,5.771,7.294,0,0
RUNE.V,D,20210803,000000,7.294,7.679,6.625,6.82,0,0
RUNE.V,D,20210804,000000,6.82,8.249,6.64,7.901,0,0
RUNE.V,D,20210805,000000,7.901,8.399,7.594,8.1,0,0
RUNE.V,D,20210806,000000,8.1,8.135,7.697,7.772,0,0
RUNE.V,D,20210807,000000,7.772,8.099,7.229,7.566,0,0
RUNE.V,D,20210808,000000,7.566,7.599,6.512,6.704,0,0
RUNE.V,D,20210809,000000,6.704,7.687,6.4,6.867,0,0
RUNE.V,D,20210810,000000,6.867,7.333,6.611,7.101,0,0
RUNE.V,D,20210811,000000,7.101,7.608,6.91,7.027,0,0
RUNE.V,D,20210812,000000,6.992,7.009,6.482,6.782,0,0
RUNE.V,D,20210813,000000,6.782,7.467,6.644,7.319,0,0
RUNE.V,D,20210814,000000,7.319,7.808,7.042,7.732,0,0
RUNE.V,D,20210815,000000,7.732,8.786,7.721,8.424,0,0
RUNE.V,D,20210816,000000,8.424,9.608,8.252,8.636,0,0
RUNE.V,D,20210817,000000,8.636,9.744,8.201,8.384,0,0
RUNE.V,D,20210818,000000,8.384,8.568,7.808,8.063,0,0
RUNE.V,D,20210819,000000,8.063,9.021,7.872,8.834,0,0
RUNE.V,D,20210820,000000,8.834,9.498,8.709,9.298,0,0
RUNE.V,D,20210821,000000,9.298,11.74,9.115,11.31,0,0
RUNE.V,D,20210822,000000,11.31,11.51,10.11,10.6,0,0
RUNE.V,D,20210823,000000,10.6,12.48,10.57,11.42,0,0
RUNE.V,D,20210824,000000,11.42,12,10.25,10.37,0,0
RUNE.V,D,20210825,000000,10.37,10.85,9.778,10.44,0,0
RUNE.V,D,20210826,000000,10.44,10.76,9.201,9.495,0,0
RUNE.V,D,20210827,000000,9.495,10.62,9.273,10.39,0,0
RUNE.V,D,20210828,000000,10.39,10.66,9.779,9.976,0,0
RUNE.V,D,20210829,000000,9.976,10.24,9.562,9.907,0,0
RUNE.V,D,20210830,000000,9.907,10.44,9.217,9.532,0,0
RUNE.V,D,20210831,000000,9.532,10.32,9.392,9.868,0,0
RUNE.V,D,20210901,000000,9.868,10.96,9.531,10.7,0,0
RUNE.V,D,20210902,000000,10.7,10.83,10.29,10.38,0,0
RUNE.V,D,20210903,000000,10.38,10.45,9.987,10.18,0,0
RUNE.V,D,20210904,000000,10.18,10.89,10.05,10.32,0,0
RUNE.V,D,20210905,000000,10.32,10.65,10.21,10.36,0,0
RUNE.V,D,20210906,000000,10.36,12,10.26,11.69,0,0
RUNE.V,D,20210907,000000,11.69,12.08,7.531,9.527,0,0
RUNE.V,D,20210908,000000,9.527,9.899,8.051,8.999,0,0
RUNE.V,D,20210909,000000,8.999,9.542,8.626,9.073,0,0
RUNE.V,D,20210910,000000,9.073,9.698,8.147,8.49,0,0
RUNE.V,D,20210911,000000,8.49,9.273,8.363,8.565,0,0
RUNE.V,D,20210912,000000,8.565,9.399,8.305,9.103,0,0
RUNE.V,D,20210913,000000,9.103,9.299,7.79,8.383,0,0
RUNE.V,D,20210914,000000,8.383,9.294,8.318,9.278,0,0
RUNE.V,D,20210915,000000,9.278,10.21,9.092,10.14,0,0
RUNE.V,D,20210916,000000,10.14,11.29,9.755,10.05,0,0
RUNE.V,D,20210917,000000,10.05,10.22,9.3,9.668,0,0
RUNE.V,D,20210918,000000,9.668,10.76,9.41,9.933,0,0
RUNE.V,D,20210919,000000,9.933,9.974,8.941,9.106,0,0
RUNE.V,D,20210920,000000,9.106,9.116,7.086,7.409,0,0
RUNE.V,D,20210921,000000,7.409,7.892,6.469,6.703,0,0
RUNE.V,D,20210922,000000,6.703,7.952,6.587,7.737,0,0
RUNE.V,D,20210923,000000,7.737,9.16,7.471,9.122,0,0
RUNE.V,D,20210924,000000,9.122,9.262,7.432,7.919,0,0
RUNE.V,D,20210925,000000,7.919,8.106,7.256,7.29,0,0
RUNE.V,D,20210926,000000,7.29,7.582,6.729,7.237,0,0
RUNE.V,D,20210927,000000,7.237,7.808,6.937,6.942,0,0
RUNE.V,D,20210928,000000,6.942,7.148,6.502,6.621,0,0
RUNE.V,D,20210929,000000,6.621,7.101,6.352,6.529,0,0
RUNE.V,D,20210930,000000,6.529,6.998,6.463,6.975,0,0
RUNE.V,D,20211001,000000,6.975,8,6.859,7.958,0,0
RUNE.V,D,20211002,000000,7.958,8.869,7.865,8.237,0,0
RUNE.V,D,20211003,000000,8.237,9.071,7.998,8.749,0,0
RUNE.V,D,20211004,000000,8.749,9.285,8.157,9.182,0,0
RUNE.V,D,20211005,000000,9.182,9.248,8.547,8.933,0,0
RUNE.V,D,20211006,000000,8.933,8.948,8.097,8.616,0,0
RUNE.V,D,20211007,000000,8.616,8.782,8.295,8.472,0,0
RUNE.V,D,20211008,000000,8.472,8.849,8.173,8.323,0,0
RUNE.V,D,20211009,000000,8.323,8.415,8.016,8.115,0,0
RUNE.V,D,20211010,000000,8.115,8.274,7.444,7.504,0,0
RUNE.V,D,20211011,000000,7.504,7.968,7.267,7.429,0,0
RUNE.V,D,20211012,000000,7.429,7.429,6.845,7.254,0,0
RUNE.V,D,20211013,000000,7.254,7.504,6.998,7.324,0,0
RUNE.V,D,20211014,000000,7.324,7.852,7.267,7.751,0,0
RUNE.V,D,20211015,000000,7.751,8.193,7.55,7.985,0,0
RUNE.V,D,20211016,000000,7.985,8.495,7.831,8.068,0,0
RUNE.V,D,20211017,000000,8.068,8.116,7.38,7.757,0,0
RUNE.V,D,20211018,000000,7.757,7.955,7.439,7.669,0,0
RUNE.V,D,20211019,000000,7.669,7.805,7.102,7.476,0,0
RUNE.V,D,20211020,000000,7.476,8.099,7.298,7.967,0,0
RUNE.V,D,20211021,000000,7.967,9.521,7.952,9.264,0,0
RUNE.V,D,20211022,000000,9.264,11.34,9.022,10.86,0,0
RUNE.V,D,20211023,000000,10.86,11.63,10.5,10.88,0,0
RUNE.V,D,20211024,000000,10.88,12.48,10.86,12.42,0,0
RUNE.V,D,20211025,000000,12.42,13.88,12.33,13.83,0,0
RUNE.V,D,20211026,000000,13.83,13.98,12.11,12.49,0,0
RUNE.V,D,20211027,000000,12.49,13.51,11.1,12.3,0,0
RUNE.V,D,20211028,000000,12.3,13.54,11.8,13.23,0,0
RUNE.V,D,20211029,000000,13.23,14.19,12.77,13.57,0,0
RUNE.V,D,20211030,000000,13.57,15,13.47,14.04,0,0
RUNE.V,D,20211031,000000,14.04,14.85,13.06,14.84,0,0
RUNE.V,D,20211101,000000,14.84,16.88,14.23,15.87,0,0
RUNE.V,D,20211102,000000,15.87,17.29,15.86,16.58,0,0
RUNE.V,D,20211103,000000,16.58,17.2,15.44,15.49,0,0
RUNE.V,D,20211104,000000,15.49,15.53,14.07,14.21,0,0
RUNE.V,D,20211105,000000,14.21,14.91,13.43,13.83,0,0
RUNE.V,D,20211106,000000,13.83,14.35,13.27,13.77,0,0
RUNE.V,D,20211107,000000,13.77,14.7,13.64,14.04,0,0
RUNE.V,D,20211108,000000,14.04,14.22,13.42,13.73,0,0
RUNE.V,D,20211109,000000,13.73,13.73,12.67,12.87,0,0
RUNE.V,D,20211110,000000,12.87,13.89,11.72,12.3,0,0
RUNE.V,D,20211111,000000,12.3,13.51,12.02,12.74,0,0
RUNE.V,D,20211112,000000,12.74,13.05,11.72,11.95,0,0
RUNE.V,D,20211113,000000,11.95,13.2,11.8,12.96,0,0
RUNE.V,D,20211114,000000,12.96,13.87,12.37,12.64,0,0
RUNE.V,D,20211115,000000,12.64,13.29,12.01,12.1,0,0
RUNE.V,D,20211116,000000,12.1,12.11,10.17,10.83,0,0
RUNE.V,D,20211117,000000,10.83,11.15,10.23,10.89,0,0
RUNE.V,D,20211118,000000,10.89,11.39,9.248,9.814,0,0
RUNE.V,D,20211119,000000,9.814,11.22,9.725,11.13,0,0
RUNE.V,D,20211120,000000,11.13,11.69,10.64,11.53,0,0
RUNE.V,D,20211121,000000,11.53,11.57,10.77,10.87,0,0
RUNE.V,D,20211122,000000,10.87,11.41,10.15,10.34,0,0
RUNE.V,D,20211123,000000,10.34,10.67,9.911,10.56,0,0
RUNE.V,D,20211124,000000,10.55,11.97,10.2,11.142,0,0
RUNE.V,D,20211125,000000,11.1195,12.9135,10.8375,12.8735,0,0
RUNE.V,D,20211126,000000,12.862,13.51,10.8285,11.097,0,0
RUNE.V,D,20211127,000000,11.102,12.114,10.8605,11.3545,0,0
RUNE.V,D,20211128,000000,11.3205,11.3275,10.0155,10.929,0,0
RUNE.V,D,20211129,000000,10.9892376000000,11.4075,10.481,10.7135,0,0
RUNE.V,D,20211130,000000,10.711,11.643,10.153,11.333,0,0
RUNE.V,D,20211201,000000,11.3195,11.646,10.639,10.7845,0,0
RUNE.V,D,20211202,000000,10.8,10.9025,10.37,10.6155,0,0
RUNE.V,D,20211203,000000,10.6125,10.705,9.3835,9.904,0,0
RUNE.V,D,20211204,000000,9.889,10.1685,6.0005,8.477,0,0
RUNE.V,D,20211205,000000,8.507,8.9525,7.5005,7.8005,0,0
RUNE.V,D,20211206,000000,7.8005,7.9185,6.5105,7.5985,0,0
RUNE.V,D,20211207,000000,7.665,7.896,7.128,7.1695,0,0
RUNE.V,D,20211208,000000,7.166,8.013,7.0665,7.752,0,0
RUNE.V,D,20211209,000000,7.781,8.3995,6.96,7.1145,0,0
RUNE.V,D,20211210,000000,7.114,7.481,6.661,6.759,0,0
RUNE.V,D,20211211,000000,6.7435,7.101,6.393,6.992,0,0
RUNE.V,D,20211212,000000,6.9715,7.237,6.653,7.2175,0,0
RUNE.V,D,20211213,000000,7.2,7.233,5.8,6.369,0,0
RUNE.V,D,20211214,000000,6.3605,6.4545,6.028,6.269,0,0
RUNE.V,D,20211215,000000,6.236,6.87343,5.77789,6.61797,0,0
RUNE.V,D,20211216,000000,6.61096,7.22233,6.47824,6.61999,0,0
RUNE.V,D,20211217,000000,6.61398,6.63099,6.03841,6.27251,0,0
RUNE.V,D,20211218,000000,6.27451,6.54462,6.06843,6.41356,0,0
RUNE.V,D,20211219,000000,6.41957,6.52861,6.13845,6.27113,0,0
RUNE.V,D,20211220,000000,6.27614,6.62499,5.85476,6.3319,0,0
RUNE.V,D,20211221,000000,6.3199,7.07183,6.28451,6.78871,0,0
RUNE.V,D,20211222,000000,6.78371,7.72632,6.78371,7.29392,0,0
RUNE.V,D,20211223,000000,7.28891,7.86236,6.98009,7.63882,0,0
RUNE.V,D,20211224,000000,7.64206,8.17727,7.39644,7.57278,0,0
RUNE.V,D,20211225,000000,7.57454,8.10086,7.46973,7.85814,0,0
RUNE.V,D,20211226,000000,7.86915,7.94097,7.45647,7.7989,586463,0
RUNE.V,D,20211227,000000,7.79189,8.86855,7.70385,8.3395,2729361,0
RUNE.V,D,20211228,000000,8.34167,8.36151,7.13271,7.28246,2333896,0
RUNE.V,D,20211229,000000,7.28246,7.5165,6.814,6.90038,1723387,0
RUNE.V,D,20211230,000000,6.89538,7.11471,6.63066,6.79236,1061645,0
RUNE.V,D,20211231,000000,6.79336,7.29646,6.63766,6.79468,1245743.5796167,0
RUNE.V,D,20220101,000000,6.79968,7.468,6.78668,7.32947,867564.41682758,0
RUNE.V,D,20220102,000000,7.32947,7.73277,7.29946,7.37447,1215599.8044664,0
RUNE.V,D,20220103,000000,7.38748,7.43974,6.988,7.253,1502405.6947881,0
RUNE.V,D,20220104,000000,7.26927,8.286,7.101,7.92321,3341308.2691242,0
RUNE.V,D,20220105,000000,7.90742,8.207,6.71233,7.08429,4328169.0317111,0
RUNE.V,D,20220106,000000,7.08329,7.23155,6.53335,7.10029,3279780.9528231,0
RUNE.V,D,20220107,000000,7.08383,7.096,6.36536,6.54435,2323622.9313184,0
RUNE.V,D,20220108,000000,6.54735,6.78132,5.80442,6.167,2052517.9627365,0
RUNE.V,D,20220109,000000,6.168,6.416,5.915,6.24,1214357.8019848,0
RUNE.V,D,20220110,000000,6.252,6.43,5.46545,5.651,2334980.4446328,0
RUNE.V,D,20220111,000000,5.655,6.44764,5.635,6.23262,2472897.4332971,0
RUNE.V,D,20220112,000000,6.23387,6.90145,6.05021,6.89776,2998449.0831096,0
RUNE.V,D,20220113,000000,6.89776,7.12985,6.35818,6.38355,2301868.4271075,0
RUNE.V,D,20220114,000000,6.37755,6.47023,6.11745,6.39192,1256428.4929447,0
RUNE.V,D,20220115,000000,6.40156,6.66166,6.29815,6.55227,1089987.9918206,0
RUNE.V,D,20220116,000000,6.56863,6.61831,6.21911,6.32653,1667423.8608214,0
RUNE.V,D,20220117,000000,6.32253,6.32853,5.7623,5.85434,2038104.1604646,0
RUNE.V,D,20220118,000000,5.85234,5.96739,5.56322,5.84875,1828269.0310237,0
RUNE.V,D,20220119,000000,5.84975,5.86034,5.3406,5.49565,1301806.1515308,0
RUNE.V,D,20220120,000000,5.49765,5.89877,5.21604,5.26605,2615687.3730495,0
RUNE.V,D,20220121,000000,5.26205,5.26405,4.16583,4.28786,4948088.9543509,0
RUNE.V,D,20220122,000000,4.29629,4.3463,3.58307,3.85516,3336518.8246719,0
RUNE.V,D,20220123,000000,3.85816,4.23827,3.73737,3.77976,2767745.2715564,0
RUNE.V,D,20220124,000000,3.78376,3.94079,3.25765,3.72412,2675407.8065478,0
RUNE.V,D,20220125,000000,3.72112,4.33417,3.6641,4.13507,3784505.6386363,0
RUNE.V,D,20220126,000000,4.13407,4.5973,3.95637,4.04002,2841586.7841693,0
RUNE.V,D,20220127,000000,4.04843,4.13148,3.79652,3.92296,1297015.7817288,0
RUNE.V,D,20220128,000000,3.93597,4.11865,3.82215,3.9982,1240820.6654653,0
RUNE.V,D,20220129,000000,3.9978,4.3353,3.9978,4.22527,1742030.9232776,0
RUNE.V,D,20220130,000000,4.22427,4.27485,3.93196,4.0042,1238719.0974979,0
RUNE.V,D,20220131,000000,4.01961,4.15049,3.81352,4.14207,1229262.607516,0
RUNE.V,D,20220201,000000,4.14407,4.28471,4.08704,4.1981,1129257.3129714,0
RUNE.V,D,20220202,000000,4.1951,4.28157,3.80852,3.85808,1301444.2074955,0
RUNE.V,D,20220203,000000,3.86648,3.99099,3.73249,3.81791,1530013.0280678,0
RUNE.V,D,20220204,000000,3.82091,4.22295,3.7999,4.20936,1497403.7898723,0
RUNE.V,D,20220205,000000,4.21537,4.85291,4.20894,4.78887,3951974.0156371,0
RUNE.V,D,20220206,000000,4.80388,5.06753,4.64378,4.70588,2666908.7509509,0
RUNE.V,D,20220207,000000,4.70188,5.2277,4.70188,5.0105,4051688.212113,0
RUNE.V,D,20220208,000000,5.0065,5.11258,4.58521,4.79479,2238580.4803157,0
RUNE.V,D,20220209,000000,4.79932,4.96847,4.65572,4.91891,1017605.8268473,0
RUNE.V,D,20220210,000000,4.91991,4.99399,4.53508,4.63624,1506732.2030681,0
RUNE.V,D,20220211,000000,4.63024,4.63378,4.0126,4.02821,2265607.7185348,0
RUNE.V,D,20220212,000000,4.02621,4.22411,3.96738,4.09905,1325600.072133,0
RUNE.V,D,20220213,000000,4.09145,4.15149,3.87432,3.98139,906620.96706117,0
RUNE.V,D,20220214,000000,3.97738,4.12547,3.83191,4.08445,806327.17596907,0
RUNE.V,D,20220215,000000,4.08645,4.51426,4.07744,4.43166,1560014.8902299,0
RUNE.V,D,20220216,000000,4.44011,4.58821,4.27099,4.53072,1523928.8372916,0
RUNE.V,D,20220217,000000,4.54973,4.6728,4.07285,4.20494,2466317.1195973,0
RUNE.V,D,20220218,000000,4.20894,4.284,3.95137,4.04242,1144163.7529128,0
RUNE.V,D,20220219,000000,4.03842,4.20752,3.89495,3.99239,915974.36148917,0
RUNE.V,D,20220220,000000,3.99139,4.03202,3.72649,3.88794,1021827.9065208,0
RUNE.V,D,20220221,000000,3.88894,3.995,3.58643,3.62381,1766332.4216585,0
RUNE.V,D,20220222,000000,3.62181,3.65946,3.39536,3.5938,1260279.9639139,0
RUNE.V,D,20220223,000000,3.5948,3.87193,3.54312,3.60116,1498306.7612878,0
RUNE.V,D,20220224,000000,3.59716,3.5998,3.01681,3.37535,2774240.1270149,0
RUNE.V,D,20220225,000000,3.38401,3.70885,3.38101,3.70585,1374213.3187817,0
RUNE.V,D,20220226,000000,3.70585,3.94897,3.65182,3.83392,1272181.6245787,0
RUNE.V,D,20220227,000000,3.83692,3.95097,3.43372,3.5074,1848707.5603222,0
RUNE.V,D,20220228,000000,3.5094,3.95198,3.39336,3.88455,1558098.1541436,0
RUNE.V,D,20220301,000000,3.89756,5.49365,3.89756,5.3386,11975046.369578,0
RUNE.V,D,20220302,000000,5.3406,5.94119,5.22757,5.42709,9473288.1800731,0
RUNE.V,D,20220303,000000,5.40762,6.04881,5.17603,5.33807,8267417.5154154,0
RUNE.V,D,20220304,000000,5.34107,6.05021,5.20704,5.42863,9565370.8240481,0
RUNE.V,D,20220305,000000,5.40862,5.41963,4.71694,4.81444,4754914.7435116,0
RUNE.V,D,20220306,000000,4.80944,5.03101,4.53391,4.72042,5008402.6801631,0
RUNE.V,D,20220307,000000,4.71842,4.87998,4.18984,4.27628,3895631.7324679,0
RUNE.V,D,20220308,000000,4.27828,4.39832,4.02681,4.05181,2977574.7582409,0
RUNE.V,D,20220309,000000,4.05381,5.4871,4.04081,5.43009,9348459.8793208,0
RUNE.V,D,20220310,000000,5.42408,5.62256,4.81344,5.30012,11138834.639937,0
RUNE.V,D,20220311,000000,5.30912,6.29052,5.03801,5.77215,15182701.886184,0
RUNE.V,D,20220312,000000,5.77015,6.50065,5.60156,6.45665,8836759.7487052,0
RUNE.V,D,20220313,000000,6.45765,6.71634,6.04921,6.17785,8352576.46285,0
RUNE.V,D,20220314,000000,6.17023,7.74477,6.13423,7.31346,16724986.550047,0
RUNE.V,D,20220315,000000,7.31573,8.0068,7.18744,7.6523,10311759.54583,0
RUNE.V,D,20220316,000000,7.6653,7.78734,6.74802,7.73632,10329088.086626,0
RUNE.V,D,20220317,000000,7.74532,8.59358,7.56527,7.95698,11659188.431775,0
RUNE.V,D,20220318,000000,7.96518,8.69935,7.37295,8.69935,9966766.4640221,0
RUNE.V,D,20220319,000000,8.69735,9.32273,8.36918,8.78451,10518473.301358,0
RUNE.V,D,20220320,000000,8.77438,9.58779,8.61645,8.72549,9640752.0874276,0
RUNE.V,D,20220321,000000,8.72636,9.08254,8.23529,8.69348,8001595.2599055,0
RUNE.V,D,20220322,000000,8.69748,9.12965,8.41036,8.70635,4313182.4138854,0
RUNE.V,D,20220323,000000,8.70135,8.7495,8.20728,8.37135,3123543.8758134,0
RUNE.V,D,20220324,000000,8.36818,8.60144,7.91617,8.16927,5096580.0936224,0
RUNE.V,D,20220325,000000,8.15926,9.87994,8.06603,9.47774,10322516.695432,0
RUNE.V,D,20220326,000000,9.47979,10.65532,9.41971,10.46123,9533545.8510769,0
RUNE.V,D,20220327,000000,10.45823,10.95547,10.06703,10.42117,4542192.7798887,0
RUNE.V,D,20220328,000000,10.41912,10.96839,10.22807,10.49119,3864063.4343074,0
RUNE.V,D,20220329,000000,10.5023,12.87915,9.94198,12.06203,11781674.195503,0
RUNE.V,D,20220330,000000,12.04482,12.57629,11.68684,11.92739,6263853.5718983,0
RUNE.V,D,20220331,000000,11.91557,13.20564,11.55031,11.76735,10103046.070736,0
RUNE.V,D,20220401,000000,11.77253,12.30492,11.06442,12.14664,6419631.7252766,0
RUNE.V,D,20220402,000000,12.13785,12.57852,11.49445,11.73569,3536673.1575802,0
RUNE.V,D,20220403,000000,11.73369,11.77271,11.07643,11.38855,2770829.4932032,0
RUNE.V,D,20220404,000000,11.39155,11.62949,10.18304,10.89018,3714496.0290773,0
RUNE.V,D,20220405,000000,10.90427,11.98359,10.83925,10.94309,4424746.4417956,0
RUNE.V,D,20220406,000000,10.94719,11.0011,9.233,9.512,7108859.8579139,0
RUNE.V,D,20220407,000000,9.499,9.88,8.959,9.60796,5055220.9050661,0
RUNE.V,D,20220408,000000,9.60396,10.001,8.7455,8.7655,4414255.1831876,0
RUNE.V,D,20220409,000000,8.7595,9.38982,8.56057,9.3498,3276454.3300484,0
RUNE.V,D,20220410,000000,9.3488,9.4939,9.02971,9.13083,2193454.8014732,0
RUNE.V,D,20220411,000000,9.13283,9.16183,7.58152,7.60828,3530305.5077952,0
RUNE.V,D,20220412,000000,7.60328,8.26865,7.5205,7.71531,3147005.7534585,0
RUNE.V,D,20220413,000000,7.70931,8.58758,7.41148,8.50855,4353147.396563,0
RUNE.V,D,20220414,000000,8.51455,9.38088,8.28849,8.42784,7494305.3537955,0
RUNE.V,D,20220415,000000,8.41268,8.71474,8.21182,8.41768,2357570.9018091,0
RUNE.V,D,20220416,000000,8.40068,8.5087,7.82978,7.95659,2269881.0239857,0
RUNE.V,D,20220417,000000,7.9856,8.19882,7.82078,7.9936,1139024.5913723,0
RUNE.V,D,20220418,000000,7.9856,8.46654,7.18672,8.25448,5981033.8646753,0
RUNE.V,D,20220419,000000,8.25748,9.23685,8.14144,9.07882,6352571.3132652,0
RUNE.V,D,20220420,000000,9.07982,9.64593,8.83877,9.26085,5958325.6888982,0
RUNE.V,D,20220421,000000,9.26185,9.88398,8.62372,8.75088,6688481.5949064,0
RUNE.V,D,20220422,000000,8.75188,9.31986,8.34167,8.47385,4908750.1962814,0
RUNE.V,D,20220423,000000,8.47469,8.54671,8.17263,8.37484,1902356.7612905,0
RUNE.V,D,20220424,000000,8.35567,8.39368,7.81856,7.94859,2045663.1323465,0
RUNE.V,D,20220425,000000,7.94059,8.47169,7.34047,8.45785,4943551.8328862,0
RUNE.V,D,20220426,000000,8.46169,8.66473,7.45849,7.684,3670496.0716283,0
RUNE.V,D,20220427,000000,7.69377,8.12619,7.522,7.658,4127445.7220101,0
RUNE.V,D,20220428,000000,7.66177,7.89679,7.413,7.47475,3498848.844005,0
RUNE.V,D,20220429,000000,7.484,7.64876,6.7,6.82068,3795175.4349856,0
RUNE.V,D,20220430,000000,6.82368,7.179,6.32263,6.335,3325200.736642,0
RUNE.V,D,20220501,000000,6.333,6.65167,5.847,6.302,4504440.8568219,0
RUNE.V,D,20220502,000000,6.30563,6.74367,6.072,6.343,3724642.5145874,0
RUNE.V,D,20220503,000000,6.35063,6.468,6.09039,6.20738,1972063.784518,0
RUNE.V,D,20220504,000000,6.20238,7.39926,6.14239,7.15,4282577.63392,0
RUNE.V,D,20220505,000000,7.15,7.77245,6.26075,6.59868,7815065.9255631,0
RUNE.V,D,20220506,000000,6.59868,6.79632,6.12777,6.28237,3362378.5707984,0
RUNE.V,D,20220507,000000,6.28337,6.37436,5.77984,5.77984,3119575.6220137,0
RUNE.V,D,20220508,000000,5.74785,6.14816,5.63587,5.90823,4576531.8214461,0
RUNE.V,D,20220509,000000,5.90623,5.91423,4.60662,4.80156,5428326.9265291,0
RUNE.V,D,20220510,000000,4.80004,5.46036,4.22173,4.26629,6307527.1994004,0
RUNE.V,D,20220511,000000,4.2553,4.53873,2.84358,3.10746,8499493.8250617,0
RUNE.V,D,20220512,000000,3.11742,3.37146,2.34407,2.83233,7281281.9450884,0
RUNE.V,D,20220513,000000,2.82834,3.70991,2.79172,3.32833,6216074.9133822,0
RUNE.V,D,20220514,000000,3.33133,3.42117,2.98472,3.33532,3784466.861919,0
RUNE.V,D,20220515,000000,3.33998,3.73951,3.19919,3.72752,5155348.8124248,0
RUNE.V,D,20220516,000000,3.72752,3.81142,3.16756,3.3027,3992197.9277236,0
RUNE.V,D,20220517,000000,3.32767,3.53511,3.15826,3.43053,2395887.9149112,0
RUNE.V,D,20220518,000000,3.42554,3.49146,3.02207,3.04204,1820333.0207095,0
RUNE.V,D,20220519,000000,3.04204,3.17782,2.84116,3.00899,2338527.8261751,0
RUNE.V,D,20220520,000000,3.00899,3.14753,2.77866,2.85657,2310837.6055249,0
RUNE.V,D,20220521,000000,2.86356,3.00609,2.79564,2.91221,1566913.6053342,0
RUNE.V,D,20220522,000000,2.90921,3.09996,2.88695,3.04534,2001797.5925801,0
RUNE.V,D,20220523,000000,3.04334,3.3946,3.02237,3.09228,4240050.6007742,0
RUNE.V,D,20220524,000000,3.09198,3.09359,2.85357,3.02806,3452977.5332737,0
RUNE.V,D,20220525,000000,3.02906,3.16919,2.93677,3.09129,3013858.8181302,0
RUNE.V,D,20220526,000000,3.09029,3.19248,2.64582,2.74126,4760161.1924883,0
RUNE.V,D,20220527,000000,2.74126,2.77522,2.36939,2.43556,4138013.4564368,0
RUNE.V,D,20220528,000000,2.42621,2.59017,2.38875,2.56202,2168949.9287952,0
RUNE.V,D,20220529,000000,2.55895,2.75685,2.44555,2.65905,3154566.3145987,0
RUNE.V,D,20220530,000000,2.66433,3.41427,2.64816,3.36231,6146180.2212858,0
RUNE.V,D,20220531,000000,3.36364,3.47457,3.09152,3.13849,5265636.7277285,0
RUNE.V,D,20220601,000000,3.14255,3.23531,2.73027,2.7775,2725482.7911495,0
RUNE.V,D,20220602,000000,2.7765,2.93036,2.6973,2.84644,3371035.0307098,0
RUNE.V,D,20220603,000000,2.84444,2.93365,2.66247,2.76359,1953853.2202608,0
RUNE.V,D,20220604,000000,2.76359,3.01661,2.66922,2.96475,2892595.039317,0
RUNE.V,D,20220605,000000,2.96774,3.00929,2.80067,2.86331,2269505.9957882,0
RUNE.V,D,20220606,000000,2.8653,3.29227,2.80736,3.13234,5759953.9828548,0
RUNE.V,D,20220607,000000,3.13349,3.15035,2.85868,3.00953,3438916.2069897,0
RUNE.V,D,20220608,000000,3.00962,3.01758,2.80889,2.90911,2987102.2253196,0
RUNE.V,D,20220609,000000,2.91111,2.96445,2.81292,2.83861,2307526.66233,0
RUNE.V,D,20220610,000000,2.83759,2.85257,2.59724,2.6556,5158378.6701319,0
RUNE.V,D,20220611,000000,2.65959,2.7031,2.42716,2.48918,2279385.9115783,0
RUNE.V,D,20220612,000000,2.49315,2.51111,2.2638,2.3551,3696143.3435409,0
RUNE.V,D,20220613,000000,2.3511,2.3511,1.78931,1.85142,9023368.7061433,0
RUNE.V,D,20220614,000000,1.85344,1.95814,1.6775,1.84978,8523424.7192122,0
RUNE.V,D,20220615,000000,1.84978,1.96584,1.65302,1.94807,5114928.4776097,0
RUNE.V,D,20220616,000000,2.03476,2.03776,1.7687,1.77851,2367014.497258,0
RUNE.V,D,20220617,000000,1.71281,1.80048,1.71281,1.73576,46794.488510847,0
RUNE.V,D,20220618,000000,1.72393,1.74993,1.43288,1.5305,10025769.526599,0
RUNE.V,D,20220619,000000,1.53151,1.75289,1.49288,1.75072,3698328.7790876,0
RUNE.V,D,20220620,000000,1.74872,1.91189,1.68481,1.80102,3039180.4357576,0
RUNE.V,D,20220621,000000,1.80202,2.03137,1.78304,1.87593,4264092.4037841,0
RUNE.V,D,20220622,000000,1.87693,1.88212,1.74126,1.77322,2485042.8594589,0
RUNE.V,D,20220623,000000,1.77422,2.14485,1.76124,2.08291,8757348.4212311,0
RUNE.V,D,20220624,000000,2.08291,2.31624,2.08092,2.29221,5058177.1036996,0
RUNE.V,D,20220625,000000,2.29221,2.45136,2.24375,2.4213,5335698.9687063,0
RUNE.V,D,20220626,000000,2.41731,2.43642,2.20068,2.25762,4180805.7259706,0
RUNE.V,D,20220627,000000,2.25862,2.25862,2.02913,2.07016,7055978.53876,0
RUNE.V,D,20220628,000000,2.07016,2.15506,1.9464,2.01052,9719367.7096963,0
RUNE.V,D,20220629,000000,2.00851,2.00965,1.87238,1.95763,4564242.0035436,0
RUNE.V,D,20220630,000000,1.95465,1.96262,1.7278,1.76388,5071987.616834,0
RUNE.V,D,20220701,000000,1.76288,1.94186,1.75689,1.82499,4783577.0631128,0
RUNE.V,D,20220702,000000,1.82499,1.84279,1.74808,1.8298,3522098.7828204,0
RUNE.V,D,20220703,000000,1.8308,1.91651,1.7637,1.89154,1186187.4315699,0
RUNE.V,D,20220704,000000,1.88735,2.17239,1.88735,2.12744,13652165.157384,0
RUNE.V,D,20220705,000000,2.12744,2.21634,1.9956,2.13864,13143820.181081,0
RUNE.V,D,20220706,000000,2.13964,2.30946,2.05374,2.25552,11208467.1109,0
RUNE.V,D,20220707,000000,2.25452,2.44704,2.22655,2.37657,11281542.960696,0
RUNE.V,D,20220708,000000,2.37857,2.44629,2.18947,2.25764,7544167.1857675,0
RUNE.V,D,20220709,000000,2.25465,2.4925,2.23344,2.45952,5379174.3653158,0
RUNE.V,D,20220710,000000,2.46028,2.52548,2.24465,2.31361,3464315.3963461,0
RUNE.V,D,20220711,000000,2.31161,2.31161,2.04915,2.04915,3929356.6126192,0
RUNE.V,D,20220712,000000,2.05056,2.1009,1.95504,1.99101,7075013.7161153,0
RUNE.V,D,20220713,000000,1.99107,2.07892,1.87194,2.01019,12666809.328976,0
RUNE.V,D,20220714,000000,2.01119,2.30462,2.0022,2.24465,15106545.596691,0
RUNE.V,D,20220715,000000,2.24465,2.34859,2.2019,2.22433,17000011.365944,0
RUNE.V,D,20220716,000000,2.22633,2.32853,2.10658,2.25132,11704309.981181,0
RUNE.V,D,20220717,000000,2.25155,2.31049,2.15759,2.20043,7988304.3180884,0
RUNE.V,D,20220718,000000,2.20041,2.64166,2.14933,2.53042,26218852.457158,0
RUNE.V,D,20220719,000000,2.53042,2.90944,2.52342,2.89546,27173852.234658,0
RUNE.V,D,20220720,000000,2.89646,2.89646,2.57595,2.68513,21420420.532416,0
RUNE.V,D,20220721,000000,2.68713,3.03558,2.55828,2.99875,29682096.712226,0
RUNE.V,D,20220722,000000,3.00075,3.04315,2.67053,2.69859,22690503.217969,0
RUNE.V,D,20220723,000000,2.696,2.75325,2.49178,2.56649,12884913.748217,0
RUNE.V,D,20220724,000000,2.56649,2.74097,2.55103,2.68351,11165168.107398,0
RUNE.V,D,20220725,000000,2.68154,2.71954,2.36926,2.45422,13025725.203926,0
RUNE.V,D,20220726,000000,2.4542,2.45422,2.21207,2.25632,11310989.442608,0
RUNE.V,D,20220727,000000,2.25732,2.65303,2.256,2.61063,16595049.976223,0
RUNE.V,D,20220728,000000,2.61263,2.95965,2.61263,2.88658,25790056.476047,0
RUNE.V,D,20220729,000000,2.88761,2.93535,2.6599,2.70011,19284210.656953,0
RUNE.V,D,20220730,000000,2.69708,2.854,2.67294,2.68789,13052761.200114,0
RUNE.V,D,20220731,000000,2.68591,2.78659,2.61373,2.65961,11910740.284978,0
RUNE.V,D,20220801,000000,2.6568,2.66161,2.51035,2.53871,9917178.4528327,0
RUNE.V,D,20220802,000000,2.53676,2.69062,2.43976,2.62445,13830471.836518,0
RUNE.V,D,20220803,000000,2.62953,2.79047,2.52863,2.72668,11487079.552232,0
RUNE.V,D,20220804,000000,2.72668,2.79561,2.5491,2.55208,11749905.690881,0
RUNE.V,D,20220805,000000,2.55208,2.77956,2.54508,2.71752,9443482.0112148,0
RUNE.V,D,20220806,000000,2.71752,2.79936,2.67437,2.7086,5487155.8469599,0
RUNE.V,D,20220807,000000,2.7076,2.84654,2.62463,2.82054,8866506.4249246,0
RUNE.V,D,20220808,000000,2.81954,3.03761,2.76539,2.92335,18040409.128882,0
RUNE.V,D,20220809,000000,2.92035,2.92135,2.65758,2.72254,12885661.102133,0
RUNE.V,D,20220810,000000,2.72554,2.94771,2.61473,2.92185,16450372.956645,0
RUNE.V,D,20220811,000000,2.92285,3.15023,2.87827,2.89336,21877511.108103,0
RUNE.V,D,20220812,000000,2.89036,2.95733,2.8064,2.92334,12523323.08279,0
RUNE.V,D,20220813,000000,2.92334,3.00844,2.85023,2.92114,8188431.0435426,0
RUNE.V,D,20220814,000000,2.91914,3.024,2.78964,2.82187,8123457.9578673,0
RUNE.V,D,20220815,000000,2.82185,2.95377,2.66872,2.70265,8852280.5552701,0
RUNE.V,D,20220816,000000,2.70368,2.74355,2.59418,2.63724,7465660.5876469,0
RUNE.V,D,20220817,000000,2.63824,2.79736,2.48915,2.50018,12520510.977838,0
RUNE.V,D,20220818,000000,2.50018,2.57815,2.4692,2.51103,6123723.138336,0
RUNE.V,D,20220819,000000,2.51125,2.51625,2.1,2.11421,12279594.453378,0
RUNE.V,D,20220820,000000,2.11721,2.19526,2.02384,2.07398,11030243.739448,0
RUNE.V,D,20220821,000000,2.07296,2.19793,2.072,2.17696,7122267.9269998,0
RUNE.V,D,20220822,000000,2.17696,2.18604,2.03486,2.06865,7046788.3072316,0
RUNE.V,D,20220823,000000,2.07163,2.19498,2.05198,2.14704,8265732.6115535,0
RUNE.V,D,20220824,000000,2.14879,2.25911,2.0939,2.2202,8335865.2705208,0
RUNE.V,D,20220825,000000,2.2212,2.28075,2.15611,2.18307,7801685.1986653,0
RUNE.V,D,20220826,000000,2.18407,2.2002,1.98996,2.0112,8938558.5427218,0
RUNE.V,D,20220827,000000,2.0122,2.0152,1.90613,1.92806,6791905.839253,0
RUNE.V,D,20220828,000000,1.92504,1.97108,1.90598,1.911,5276289.0253609,0
RUNE.V,D,20220829,000000,1.912,1.95916,1.82984,1.94714,6751095.5089968,0
RUNE.V,D,20220830,000000,1.94819,1.99098,1.84504,1.89117,7391409.5655512,0
RUNE.V,D,20220831,000000,1.89217,1.98608,1.87723,1.95098,5978390.9262016,0
RUNE.V,D,20220901,000000,1.95098,1.95402,1.85289,1.92988,3754323.456155,0
RUNE.V,D,20220902,000000,1.92888,1.98124,1.87808,1.90432,4045362.0761518,0
RUNE.V,D,20220903,000000,1.9033,1.91719,1.862,1.883,1839590.7824157,0
RUNE.V,D,20220904,000000,1.88319,1.939,1.881,1.926,2501811.7616733,0
RUNE.V,D,20220905,000000,1.928,1.964,1.86019,1.889,2897077.148034,0
RUNE.V,D,20220906,000000,1.88819,1.9742,1.752,1.774,6820234.3659798,0
RUNE.V,D,20220907,000000,1.773,1.86119,1.72595,1.84313,3640397.2484619,0
RUNE.V,D,20220908,000000,1.84511,1.88515,1.80416,1.8473,5374605.924461,0
RUNE.V,D,20220909,000000,1.85,2.02845,1.8332,2.00068,6242891.5904882,0
RUNE.V,D,20220910,000000,2.00174,2.05059,1.97285,2.02138,5041944.3591749,0
RUNE.V,D,20220911,000000,2.02238,2.04876,1.97549,1.98148,4422587.3733184,0
RUNE.V,D,20220912,000000,1.98148,2.09042,1.93239,1.93735,8226027.4824909,0
RUNE.V,D,20220913,000000,1.93735,1.96932,1.76914,1.78704,7948756.2463104,0
RUNE.V,D,20220914,000000,1.78602,1.82402,1.73207,1.79845,5802994.1067196,0
RUNE.V,D,20220915,000000,1.79745,1.81942,1.66763,1.71983,8020526.3123044,0
RUNE.V,D,20220916,000000,1.71688,1.73288,1.67483,1.71683,4493468.3549215,0
RUNE.V,D,20220917,000000,1.71483,1.82018,1.71383,1.791,4236947.091776,0
RUNE.V,D,20220918,000000,1.791,1.802,1.61584,1.655,3878373.1381563,0
RUNE.V,D,20220919,000000,1.653,1.69517,1.587,1.68234,5477789.5545667,0
RUNE.V,D,20220920,000000,1.68317,1.698,1.608,1.61016,5096714.1886912,0
RUNE.V,D,20220921,000000,1.60602,1.702,1.546,1.553,7288189.5353863,0
RUNE.V,D,20220922,000000,1.553,1.65,1.53,1.619,4958724.5537627,0
RUNE.V,D,20220923,000000,1.62,1.664,1.56784,1.63784,5847957.5821322,0
RUNE.V,D,20220924,000000,1.63889,1.67213,1.63071,1.63813,4427158.2337956,0
RUNE.V,D,20220925,000000,1.637,1.65502,1.58406,1.585,3584860.8986724,0
RUNE.V,D,20220926,000000,1.585,1.61816,1.55516,1.58,4268362.9885965,0
RUNE.V,D,20220927,000000,1.579,1.679,1.54,1.55784,5820417.1666427,0
RUNE.V,D,20220928,000000,1.55784,1.577,1.5057,1.575,4789453.7249199,0
RUNE.V,D,20220929,000000,1.575,1.58484,1.532,1.57316,3337452.946131,0
RUNE.V,D,20220930,000000,1.57416,1.61216,1.55184,1.554,3341973.9850292,0
RUNE.V,D,20221001,000000,1.55316,1.582,1.535,1.547,1500718.1910322,0
RUNE.V,D,20221002,000000,1.546,1.56,1.50915,1.526,1428657.887829,0
RUNE.V,D,20221003,000000,1.52615,1.58732,1.477,1.57916,3652907.4466825,0
RUNE.V,D,20221004,000000,1.57947,1.6775,1.57616,1.64749,6024629.1123482,0
RUNE.V,D,20221005,000000,1.64433,1.6565,1.6,1.64833,3041668.1775784,0
RUNE.V,D,20221006,000000,1.64933,1.69429,1.61521,1.61527,3374787.6362798,0
RUNE.V,D,20221007,000000,1.61627,1.63429,1.56606,1.59024,2454832.8491167,0
RUNE.V,D,20221008,000000,1.58919,1.60522,1.54439,1.55039,1166943.6520495,0
RUNE.V,D,20221009,000000,1.5504,1.61032,1.5452,1.60732,1923203.9308728,0
RUNE.V,D,20221010,000000,1.60116,1.64916,1.55169,1.55684,3733139.8068301,0
RUNE.V,D,20221011,000000,1.558,1.559,1.48485,1.51286,5034853.6788114,0
RUNE.V,D,20221012,000000,1.51186,1.53697,1.486,1.50905,2501044.8521598,0
RUNE.V,D,20221013,000000,1.50905,1.51598,1.37397,1.49712,6457963.6970959,0
RUNE.V,D,20221014,000000,1.49912,1.54114,1.43906,1.44104,3523484.8687438,0
RUNE.V,D,20221015,000000,1.44204,1.46707,1.43814,1.44407,1420762.6775632,0
RUNE.V,D,20221016,000000,1.443,1.49399,1.42411,1.46806,2360605.7719175,0
RUNE.V,D,20221017,000000,1.46507,1.55012,1.46403,1.53403,3891179.892395,0
RUNE.V,D,20221018,000000,1.53503,1.55806,1.46901,1.50506,4128968.1164931,0
RUNE.V,D,20221019,000000,1.50415,1.51115,1.45903,1.47901,3158187.6410763,0
RUNE.V,D,20221020,000000,1.476,1.48307,1.41787,1.4309,3607749.0626405,0
RUNE.V,D,20221021,000000,1.4299,1.44212,1.37397,1.4321,3435943.0246395,0
RUNE.V,D,20221022,000000,1.4331,1.44403,1.4131,1.43813,1512506.8125831,0
RUNE.V,D,20221023,000000,1.43812,1.46919,1.41313,1.46819,2037084.2642997,0
RUNE.V,D,20221024,000000,1.47018,1.49012,1.4281,1.44407,3049114.7131548,0
RUNE.V,D,20221025,000000,1.44606,1.54452,1.43587,1.51849,4312073.0490172,0
RUNE.V,D,20221026,000000,1.5175,1.56048,1.49539,1.54045,5265266.7374253,0
RUNE.V,D,20221027,000000,1.53843,1.6043,1.50298,1.52811,6374685.4168555,0
RUNE.V,D,20221028,000000,1.52609,1.57732,1.4801,1.56031,4734996.7185235,0
RUNE.V,D,20221029,000000,1.56031,1.62455,1.56031,1.57936,5338025.0936621,0
RUNE.V,D,20221030,000000,1.57838,1.61932,1.53826,1.55431,4076082.395966,0
RUNE.V,D,20221031,000000,1.55431,1.60498,1.54134,1.57687,4374737.5883538,0
RUNE.V,D,20221101,000000,1.57691,1.60579,1.55869,1.56683,2779991.5154067,0
RUNE.V,D,20221102,000000,1.56483,1.56781,1.44993,1.46791,6023160.3488366,0
RUNE.V,D,20221103,000000,1.46691,1.52783,1.46591,1.493,3416806.8601595,0
RUNE.V,D,20221104,000000,1.49099,1.66412,1.48699,1.66012,6466956.5365666,0
RUNE.V,D,20221105,000000,1.66112,1.72205,1.64005,1.6761,7120065.757595706,0
RUNE.V,D,20221106,000000,1.6771,1.72797,1.63805,1.66112,4891386.8526186785,0
RUNE.V,D,20221107,000000,1.66013,1.68605,1.57513,1.61519,6097162.209481352,0
RUNE.V,D,20221108,000000,1.61749,1.64,1.25863,1.35004,9487854.406532194,0
RUNE.V,D,20221109,000000,1.34703,1.38393,1.02654,1.03215,10967123.861428332,0
RUNE.V,D,20221110,000000,1.0285,1.34712,1.01857,1.23129,7275099.678357408,0
RUNE.V,D,20221111,000000,1.23228,1.4112,1.12022,1.149,2575184.802400685,0
RUNE.V,D,20221112,000000,1.15112,1.16352,1.09602,1.11599,1548640.0465426405,0
RUNE.V,D,20221113,000000,1.11499,1.15573,1.08891,1.1384,2597168.611827362,0
RUNE.V,D,20221114,000000,1.13741,1.21142,1.0735,1.17523,3139564.8883761475,0
RUNE.V,D,20221115,000000,1.17617,1.28072,1.17617,1.22777,4237988.274568468,0
RUNE.V,D,20221116,000000,1.22378,1.24949,1.1719,1.20191,1878135.9460080513,0
RUNE.V,D,20221117,000000,1.20289,1.20891,1.16396,1.19504,1721540.9415303192,0
RUNE.V,D,20221118,000000,1.19506,1.2169,1.18312,1.19261,1110162.25047697,0
RUNE.V,D,20221119,000000,1.19363,1.23467,1.17174,1.22472,1821375.8603818475,0
RUNE.V,D,20221120,000000,1.22572,1.23358,1.13872,1.15324,1643874.90502584,0
RUNE.V,D,20221121,000000,1.15126,1.15624,1.08687,1.10667,3745751.5340712233,0
RUNE.V,D,20221122,000000,1.10567,1.12354,1.05372,1.12163,2114932.7251871056,0
RUNE.V,D,20221123,000000,1.12163,1.17858,1.1196,1.16972,1796204.3353664998,0
RUNE.V,D,20221124,000000,1.17271,1.19793,1.16672,1.181,1381962.519886562,0
RUNE.V,D,20221125,000000,1.18101,1.19326,1.15008,1.18434,1417882.31145582,0
RUNE.V,D,20221126,000000,1.18631,1.22728,1.18228,1.1843,1300834.923480132,0
RUNE.V,D,20221127,000000,1.1843,1.20729,1.1833,1.20424,520087.094426594,0
RUNE.V,D,20221128,000000,1.20024,1.20024,1.13239,1.16355,2317516.053740492,0
RUNE.V,D,20221129,000000,1.16155,1.24636,1.1545,1.23254,3280009.075174394,0
RUNE.V,D,20221130,000000,1.23354,1.29508,1.22658,1.29205,2476046.653886457,0
RUNE.V,D,20221201,000000,1.29405,1.33909,1.25609,1.33308,4045715.2919275365,0
RUNE.V,D,20221202,000000,1.33408,1.37618,1.31113,1.37105,3483576.987111993,0
RUNE.V,D,20221203,000000,1.37208,1.40315,1.32126,1.32713,3069990.5018549487,0
RUNE.V,D,20221204,000000,1.32613,1.38328,1.32013,1.37427,3069607.4172072196,0
RUNE.V,D,20221205,000000,1.37528,1.41917,1.34701,1.37004,2084106.699761922,0
RUNE.V,D,20221206,000000,1.37003,1.399,1.36297,1.37597,1350732.3532343884,0
RUNE.V,D,20221207,000000,1.37599,1.392,1.32408,1.374,2090986.7454734459,0
RUNE.V,D,20221208,000000,1.374,1.43813,1.358,1.4241,2433815.8715719255,0
RUNE.V,D,20221209,000000,1.42514,1.43616,1.37607,1.38404,2250275.1330256406,0
RUNE.V,D,20221210,000000,1.38506,1.427,1.37796,1.41497,1113088.4756919092,0
RUNE.V,D,20221211,000000,1.41497,1.42906,1.37714,1.38314,1097285.1761092755,0
RUNE.V,D,20221212,000000,1.38628,1.39501,1.35512,1.3861,1297952.0752642995,0
RUNE.V,D,20221213,000000,1.38712,1.43187,1.33636,1.41566,2478876.7709175795,0
RUNE.V,D,20221214,000000,1.41466,1.497,1.41452,1.4741,4691523.636205102,0
RUNE.V,D,20221215,000000,1.4741,1.4883,1.43629,1.44614,1935588.2958736066,0
RUNE.V,D,20221216,000000,1.44429,1.48115,1.33113,1.33713,3257398.575181365,0
RUNE.V,D,20221217,000000,1.33613,1.33713,1.27508,1.30317,1941269.8886383532,0
RUNE.V,D,20221218,000000,1.30413,1.32321,1.29213,1.31717,564272.287190252,0
RUNE.V,D,20221219,000000,1.31817,1.354,1.29701,1.306,1939422.6896395741,0
RUNE.V,D,20221220,000000,1.31,1.37397,1.28897,1.35505,1710908.3630453164,0
RUNE.V,D,20221221,000000,1.35505,1.39103,1.345,1.37207,1185862.6115857859,0
RUNE.V,D,20221222,000000,1.37005,1.38901,1.33689,1.38177,1172318.5094099038,0
RUNE.V,D,20221223,000000,1.38179,1.41684,1.38079,1.39586,1025911.0360249294,0
RUNE.V,D,20221224,000000,1.39485,1.40787,1.38986,1.3929,469919.15107053024,0
RUNE.V,D,20221225,000000,1.39292,1.40192,1.36282,1.37879,521167.6830265219,0
RUNE.V,D,20221226,000000,1.37986,1.39087,1.3657,1.37373,665314.3631449619,0
RUNE.V,D,20221227,000000,1.37572,1.39772,1.37142,1.37745,710958.0925351972,0
RUNE.V,D,20221228,000000,1.37646,1.38461,1.31127,1.31529,946063.1606860823,0
RUNE.V,D,20221229,000000,1.31532,1.32527,1.27348,1.29742,1059373.397253501,0
RUNE.V,D,20221230,000000,1.29742,1.3044,1.25646,1.27236,1475897.2603670242,0
RUNE.V,D,20221231,000000,1.27235,1.29039,1.26435,1.27236,672658.8671645143,0
RUNE.V,D,20230101,000000,1.27236,1.28649,1.26527,1.28241,353938.3594522197,0
RUNE.V,D,20230102,000000,1.28141,1.32947,1.27546,1.31659,721133.5117504281,0
RUNE.V,D,20230103,000000,1.31458,1.33056,1.30243,1.31549,1015728.0916132928,0
RUNE.V,D,20230104,000000,1.31549,1.37145,1.31549,1.34855,2238630.917191023,0
RUNE.V,D,20230105,000000,1.34855,1.3646,1.33657,1.35053,788834.8995820641,0
RUNE.V,D,20230106,000000,1.35153,1.37559,1.32826,1.37557,1042646.2371273728,0
RUNE.V,D,20230107,000000,1.37556,1.38463,1.35859,1.37067,530759.8564890518,0
RUNE.V,D,20230108,000000,1.37059,1.40179,1.35576,1.39879,747406.9873382264,0
RUNE.V,D,20230109,000000,1.39883,1.49385,1.39883,1.44,2802394.501941977,0
RUNE.V,D,20230110,000000,1.43899,1.47606,1.41793,1.46519,1323026.8632866254,0
RUNE.V,D,20230111,000000,1.46423,1.46915,1.40378,1.44697,1384189.3388537273,0
RUNE.V,D,20230112,000000,1.44788,1.588,1.44788,1.56614,3106927.7158515463,0
RUNE.V,D,20230113,000000,1.56716,1.64111,1.53785,1.62216,2239960.9620197383,0
RUNE.V,D,20230114,000000,1.62315,1.81916,1.62218,1.71209,6605960.213216798,0
RUNE.V,D,20230115,000000,1.71109,1.81429,1.69812,1.76153,4905990.261049573,0
RUNE.V,D,20230116,000000,1.76051,1.8278,1.6771,1.77204,4252946.393685588,0
RUNE.V,D,20230117,000000,1.77102,1.78202,1.72319,1.72319,1817364.8356911028,0
RUNE.V,D,20230118,000000,1.72319,1.75412,1.586,1.62092,3884235.93128299,0
RUNE.V,D,20230119,000000,1.61792,1.65798,1.59286,1.64595,1709897.2028956104,0
RUNE.V,D,20230120,000000,1.64393,1.78632,1.62798,1.78332,2703717.2414544406,0
RUNE.V,D,20230121,000000,1.78332,1.84852,1.76742,1.77936,3007591.4706629883,0
RUNE.V,D,20230122,000000,1.77428,1.83031,1.72638,1.75233,2585330.8725744,0
RUNE.V,D,20230123,000000,1.75335,1.7942,1.70614,1.73926,2585965.8161498243,0
RUNE.V,D,20230124,000000,1.74224,1.88049,1.68325,1.70205,4612464.9473921945,0
RUNE.V,D,20230125,000000,1.70205,1.80834,1.64425,1.74528,4996996.455794163,0
RUNE.V,D,20230126,000000,1.74428,1.79911,1.7241,1.76919,3457556.7286981638,0
RUNE.V,D,20230127,000000,1.76814,1.91931,1.71439,1.8769,6659167.116809607,0
RUNE.V,D,20230128,000000,1.87866,1.91146,1.81231,1.82837,2931596.260859304,0
RUNE.V,D,20230129,000000,1.82637,1.93919,1.82142,1.9131,2456533.4091649624,0
RUNE.V,D,20230130,000000,1.91408,1.92806,1.71897,1.7441,4698869.136296289,0
RUNE.V,D,20230131,000000,1.74412,1.80298,1.73814,1.77416,1687965.0239927955,0
RUNE.V,D,20230201,000000,1.77014,1.84318,1.687,1.82311,4355457.771891592,0
RUNE.V,D,20230202,000000,1.82509,1.97018,1.82309,1.87638,5445543.18260206,0
RUNE.V,D,20230203,000000,1.87538,1.91935,1.82815,1.90215,3735829.883970876,0
RUNE.V,D,20230204,000000,1.90015,1.92104,1.86813,1.89915,2095456.347947712,0
RUNE.V,D,20230205,000000,1.89915,1.90115,1.74035,1.77544,2935186.5504893186,0
RUNE.V,D,20230206,000000,1.77346,1.841,1.74533,1.79205,2758641.2745766197,0
RUNE.V,D,20230207,000000,1.79107,1.93906,1.75714,1.93114,6483033.401653701,0
RUNE.V,D,20230208,000000,1.93112,1.97116,1.8412,1.88513,3851145.810039598,0
RUNE.V,D,20230209,000000,1.87411,1.89592,1.62431,1.64315,2882501.6468924964,0
RUNE.V,D,20230210,000000,1.64516,1.70249,1.64516,1.66625,1993362.724986124,0
RUNE.V,D,20230211,000000,1.665,1.72517,1.65823,1.71117,1062641.2999362375,0
RUNE.V,D,20230212,000000,1.71234,1.73917,1.66425,1.68517,1174917.574380523,0
RUNE.V,D,20230213,000000,1.68417,1.69449,1.59318,1.62588,1833244.3642422557,0
RUNE.V,D,20230214,000000,1.62588,1.70268,1.62317,1.69566,2958691.1650338816,0
RUNE.V,D,20230215,000000,1.69783,1.81625,1.68666,1.79434,3315358.253575895,0
RUNE.V,D,20230216,000000,1.79332,1.83629,1.68055,1.68057,5045019.138869771,0
RUNE.V,D,20230217,000000,1.68057,1.77716,1.65918,1.74417,3598268.682743194,0
RUNE.V,D,20230218,000000,1.7463,1.79038,1.73523,1.7743,2094623.758876029,0
RUNE.V,D,20230219,000000,1.77328,1.82229,1.72448,1.75039,3371226.9633467603,0
RUNE.V,D,20230220,000000,1.75139,1.82827,1.69351,1.81216,4092514.7025637855,0
RUNE.V,D,20230221,000000,1.81007,1.85528,1.74233,1.75732,3290893.8150217347,0
RUNE.V,D,20230222,000000,1.75632,1.77219,1.65817,1.70502,2066481.590899256,0
RUNE.V,D,20230223,000000,1.70697,1.76619,1.69234,1.71422,2082109.3228423896,0
RUNE.V,D,20230224,000000,1.71526,1.73719,1.62013,1.63198,2546279.0369074866,0
RUNE.V,D,20230225,000000,1.63397,1.64307,1.5623,1.60211,1908051.9768786728,0
RUNE.V,D,20230226,000000,1.60011,1.65507,1.59498,1.63913,1168125.6781660917,0
RUNE.V,D,20230227,000000,1.64115,1.65805,1.59003,1.61208,1650149.9131745794,0
RUNE.V,D,20230228,000000,1.61208,1.62105,1.56314,1.57635,1846322.2232253577,0
RUNE.V,D,20230301,000000,1.57532,1.68113,1.55825,1.66022,2847449.527707492,0
RUNE.V,D,20230302,000000,1.66125,1.69622,1.60094,1.63513,3538362.254946375,0
RUNE.V,D,20230303,000000,1.63513,1.63811,1.4576,1.50611,4666266.029376525,0
RUNE.V,D,20230304,000000,1.50914,1.51709,1.43807,1.4571,2372108.6732361102,0
RUNE.V,D,20230305,000000,1.4571,1.50209,1.4541,1.48716,996566.6493058015,0
RUNE.V,D,20230306,000000,1.48416,1.506,1.45232,1.49491,2039494.4673604134,0
RUNE.V,D,20230307,000000,1.49385,1.51598,1.43796,1.45493,2189342.8805699954,0
RUNE.V,D,20230308,000000,1.45493,1.47088,1.36193,1.37195,1910664.8303309833,0
RUNE.V,D,20230309,000000,1.37486,1.39237,1.25175,1.26211,2522846.409836051,0
RUNE.V,D,20230310,000000,1.26113,1.27296,1.1999,1.23744,3985732.8581632953,0
RUNE.V,D,20230311,000000,1.23743,1.286,1.17113,1.20583,3193395.3833595053,0
RUNE.V,D,20230312,000000,1.20582,1.3221,1.20203,1.31441,2216804.9343577763,0
RUNE.V,D,20230313,000000,1.31744,1.4297,1.2962,1.42596,3845246.700693762,0
RUNE.V,D,20230314,000000,1.42767,1.53194,1.38331,1.45395,5937142.717573995,0
RUNE.V,D,20230315,000000,1.45397,1.47337,1.32124,1.34362,4420340.612799702,0
RUNE.V,D,20230316,000000,1.3426,1.37731,1.32968,1.36134,3694895.4886232666,0
RUNE.V,D,20230317,000000,1.36333,1.46909,1.34708,1.46035,3163875.7613531225,0
RUNE.V,D,20230318,000000,1.46136,1.49637,1.41481,1.43227,3791694.286919868,0
RUNE.V,D,20230319,000000,1.43127,1.49447,1.41704,1.46836,2167180.4621588984,0
RUNE.V,D,20230320,000000,1.46743,1.47552,1.39992,1.41515,2692902.4346878882,0
RUNE.V,D,20230321,000000,1.41516,1.4633,1.37511,1.44862,2414526.8362655845,0
RUNE.V,D,20230322,000000,1.4466,1.45477,1.3366,1.36373,3557920.7171048773,0
RUNE.V,D,20230323,000000,1.36278,1.45287,1.36069,1.43299,2160124.436513234,0
RUNE.V,D,20230324,000000,1.43398,1.44789,1.36147,1.38239,2484899.446103792,0
RUNE.V,D,20230325,000000,1.38153,1.39938,1.36254,1.37433,1286661.5318626245,0
RUNE.V,D,20230326,000000,1.37533,1.42128,1.37332,1.39658,988835.5579270647,0
RUNE.V,D,20230327,000000,1.39653,1.41035,1.3155,1.32962,1438264.7144259436,0
RUNE.V,D,20230328,000000,1.32862,1.35438,1.29349,1.33652,2366127.8223407115,0
RUNE.V,D,20230329,000000,1.33552,1.42826,1.33252,1.42027,3141130.6343251937,0
RUNE.V,D,20230330,000000,1.41827,1.44929,1.37522,1.39538,2320583.139910498,0
RUNE.V,D,20230331,000000,1.39438,1.43229,1.37939,1.43029,1733544.7910195622,0
RUNE.V,D,20230401,000000,1.43029,1.47441,1.42729,1.46354,2989467.470949675,0
RUNE.V,D,20230402,000000,1.46354,1.48661,1.41498,1.4269,2786833.79843579,0
RUNE.V,D,20230403,000000,1.42788,1.5043,1.39871,1.47359,3927029.0120977806,0
RUNE.V,D,20230404,000000,1.47459,1.5947,1.47457,1.58181,5685342.9416367905,0
RUNE.V,D,20230405,000000,1.58179,1.66051,1.57979,1.59858,5890090.1419605445,0
RUNE.V,D,20230406,000000,1.59757,1.60832,1.55065,1.56355,2755147.2442807513,0
RUNE.V,D,20230407,000000,1.56556,1.58379,1.53292,1.55515,2021866.3275360442,0
RUNE.V,D,20230408,000000,1.55416,1.5748,1.54979,1.55261,1178614.2557570322,0
RUNE.V,D,20230409,000000,1.55261,1.60096,1.53897,1.60007,1647190.7884285639,0
RUNE.V,D,20230410,000000,1.60007,1.64,1.57909,1.63034,2309308.9723731694,0
RUNE.V,D,20230411,000000,1.63134,1.67444,1.62251,1.62859,3202712.794124291,0
RUNE.V,D,20230412,000000,1.62861,1.63467,1.58058,1.60225,2203475.650133703,0
RUNE.V,D,20230413,000000,1.60025,1.64285,1.59229,1.62656,1728279.4936945569,0
RUNE.V,D,20230414,000000,1.62556,1.69686,1.62025,1.66838,2351927.7909710184,0
RUNE.V,D,20230415,000000,1.66938,1.69157,1.65646,1.66249,1390813.6218852615,0
RUNE.V,D,20230416,000000,1.66148,1.69023,1.64538,1.68815,1396086.588989406,0
RUNE.V,D,20230417,000000,1.68915,1.69334,1.62322,1.64697,2216023.922366986,0
RUNE.V,D,20230418,000000,1.64597,1.7106,1.62071,1.69329,2737595.3746983353,0
RUNE.V,D,20230419,000000,1.69529,1.7007,1.51354,1.5438,3470951.009648483,0
