<TICKER>,<PER>,<DATE>,<TIME>,<OPEN>,<HIGH>,<LOW>,<CLOSE>,<VOL>,<OPENINT>
SAND.V,D,20200820,000000,0.05235,0.05739,0.05205,0.05353,0,0
SAND.V,D,20200821,000000,0.05353,0.05387,0.04401,0.04423,0,0
SAND.V,D,20200822,000000,0.04423,0.04915,0.04024,0.04602,0,0
SAND.V,D,20200823,000000,0.04602,0.04837,0.04183,0.04365,0,0
SAND.V,D,20200824,000000,0.04365,0.0538,0.0421,0.05079,0,0
SAND.V,D,20200825,000000,0.05079,0.05681,0.04504,0.04805,0,0
SAND.V,D,20200826,000000,0.04805,0.05875,0.04695,0.05863,0,0
SAND.V,D,20200827,000000,0.05863,0.07561,0.05423,0.07402,0,0
SAND.V,D,20200828,000000,0.07402,0.08258,0.06857,0.07005,0,0
SAND.V,D,20200829,000000,0.07005,0.07457,0.06518,0.07275,0,0
SAND.V,D,20200830,000000,0.07275,0.07387,0.06466,0.06672,0,0
SAND.V,D,20200831,000000,0.06672,0.07855,0.06672,0.07007,0,0
SAND.V,D,20200901,000000,0.07007,0.07097,0.05936,0.05986,0,0
SAND.V,D,20200902,000000,0.05986,0.06086,0.05096,0.05836,0,0
SAND.V,D,20200903,000000,0.05836,0.05962,0.04351,0.04408,0,0
SAND.V,D,20200904,000000,0.04408,0.04757,0.03812,0.04496,0,0
SAND.V,D,20200905,000000,0.04496,0.04709,0.03508,0.03761,0,0
SAND.V,D,20200906,000000,0.03761,0.0427,0.03329,0.04099,0,0
SAND.V,D,20200907,000000,0.04099,0.04123,0.03354,0.039,0,0
SAND.V,D,20200908,000000,0.039,0.05851,0.03694,0.04965,0,0
SAND.V,D,20200909,000000,0.04965,0.05686,0.04625,0.04826,0,0
SAND.V,D,20200910,000000,0.04826,0.05358,0.04705,0.04954,0,0
SAND.V,D,20200911,000000,0.04954,0.05505,0.04636,0.05156,0,0
SAND.V,D,20200912,000000,0.05156,0.05156,0.0473,0.04942,0,0
SAND.V,D,20200913,000000,0.04942,0.0499,0.0416,0.04352,0,0
SAND.V,D,20200914,000000,0.04352,0.04775,0.04118,0.04638,0,0
SAND.V,D,20200915,000000,0.04638,0.05098,0.04212,0.04222,0,0
SAND.V,D,20200916,000000,0.04222,0.05076,0.04046,0.04419,0,0
SAND.V,D,20200917,000000,0.04419,0.04681,0.04249,0.04387,0,0
SAND.V,D,20200918,000000,0.04387,0.04725,0.04299,0.04398,0,0
SAND.V,D,20200919,000000,0.04398,0.04866,0.04247,0.0471,0,0
SAND.V,D,20200920,000000,0.0471,0.04817,0.04228,0.04299,0,0
SAND.V,D,20200921,000000,0.04299,0.04471,0.03653,0.03846,0,0
SAND.V,D,20200922,000000,0.03846,0.04479,0.03638,0.04394,0,0
SAND.V,D,20200923,000000,0.04394,0.04957,0.0412,0.04276,0,0
SAND.V,D,20200924,000000,0.04276,0.05103,0.04242,0.04785,0,0
SAND.V,D,20200925,000000,0.04785,0.05,0.04565,0.04847,0,0
SAND.V,D,20200926,000000,0.04847,0.04904,0.04544,0.0466,0,0
SAND.V,D,20200927,000000,0.0466,0.04661,0.0412,0.04332,0,0
SAND.V,D,20200928,000000,0.04332,0.04574,0.04081,0.04167,0,0
SAND.V,D,20200929,000000,0.04167,0.04399,0.04136,0.04363,0,0
SAND.V,D,20200930,000000,0.04363,0.04809,0.04216,0.04618,0,0
SAND.V,D,20201001,000000,0.04618,0.04685,0.04127,0.04248,0,0
SAND.V,D,20201002,000000,0.04248,0.04341,0.03885,0.04097,0,0
SAND.V,D,20201003,000000,0.04097,0.04726,0.04089,0.04533,0,0
SAND.V,D,20201004,000000,0.04533,0.0489,0.04229,0.04862,0,0
SAND.V,D,20201005,000000,0.04862,0.05456,0.04717,0.05072,0,0
SAND.V,D,20201006,000000,0.05072,0.05096,0.04577,0.04639,0,0
SAND.V,D,20201007,000000,0.04639,0.04683,0.04257,0.04541,0,0
SAND.V,D,20201008,000000,0.04541,0.04808,0.04309,0.04779,0,0
SAND.V,D,20201009,000000,0.04779,0.05046,0.04596,0.04972,0,0
SAND.V,D,20201010,000000,0.04972,0.05155,0.0453,0.04584,0,0
SAND.V,D,20201011,000000,0.04584,0.0497,0.04525,0.04894,0,0
SAND.V,D,20201012,000000,0.04894,0.05057,0.04648,0.04738,0,0
SAND.V,D,20201013,000000,0.04738,0.04929,0.04547,0.04641,0,0
SAND.V,D,20201014,000000,0.04641,0.04711,0.04504,0.04602,0,0
SAND.V,D,20201015,000000,0.04602,0.04625,0.04411,0.04497,0,0
SAND.V,D,20201016,000000,0.04497,0.04507,0.04083,0.04357,0,0
SAND.V,D,20201017,000000,0.04357,0.0443,0.04264,0.04315,0,0
SAND.V,D,20201018,000000,0.04315,0.04358,0.04221,0.04252,0,0
SAND.V,D,20201019,000000,0.04252,0.04391,0.04055,0.04064,0,0
SAND.V,D,20201020,000000,0.04064,0.04183,0.03808,0.03892,0,0
SAND.V,D,20201021,000000,0.03892,0.03965,0.03659,0.03841,0,0
SAND.V,D,20201022,000000,0.03841,0.04169,0.0383,0.03997,0,0
SAND.V,D,20201023,000000,0.03997,0.04303,0.03879,0.03999,0,0
SAND.V,D,20201024,000000,0.03999,0.04232,0.0399,0.0406,0,0
SAND.V,D,20201025,000000,0.0406,0.04097,0.03838,0.03935,0,0
SAND.V,D,20201026,000000,0.03935,0.0415,0.03739,0.03788,0,0
SAND.V,D,20201027,000000,0.03788,0.03905,0.03758,0.03794,0,0
SAND.V,D,20201028,000000,0.03794,0.03843,0.03428,0.03531,0,0
SAND.V,D,20201029,000000,0.03531,0.03926,0.03311,0.03747,0,0
SAND.V,D,20201030,000000,0.03747,0.03895,0.03407,0.03574,0,0
SAND.V,D,20201031,000000,0.03574,0.03685,0.03465,0.03546,0,0
SAND.V,D,20201101,000000,0.03546,0.03624,0.03472,0.03554,0,0
SAND.V,D,20201102,000000,0.03554,0.03624,0.03398,0.03535,0,0
SAND.V,D,20201103,000000,0.03535,0.03538,0.03004,0.03084,0,0
SAND.V,D,20201104,000000,0.03084,0.03186,0.02888,0.03175,0,0
SAND.V,D,20201105,000000,0.03175,0.0369,0.03158,0.03403,0,0
SAND.V,D,20201106,000000,0.03403,0.03832,0.03377,0.03745,0,0
SAND.V,D,20201107,000000,0.03745,0.04096,0.03451,0.03644,0,0
SAND.V,D,20201108,000000,0.03644,0.03872,0.03523,0.03809,0,0
SAND.V,D,20201109,000000,0.03809,0.03984,0.03604,0.03796,0,0
SAND.V,D,20201110,000000,0.03796,0.04247,0.03793,0.04158,0,0
SAND.V,D,20201111,000000,0.04158,0.04392,0.04029,0.04269,0,0
SAND.V,D,20201112,000000,0.04269,0.05511,0.03813,0.03889,0,0
SAND.V,D,20201113,000000,0.03889,0.04165,0.03834,0.03902,0,0
SAND.V,D,20201114,000000,0.03902,0.0398,0.03696,0.03838,0,0
SAND.V,D,20201115,000000,0.03838,0.04063,0.03714,0.03762,0,0
SAND.V,D,20201116,000000,0.03762,0.03924,0.03726,0.03862,0,0
SAND.V,D,20201117,000000,0.03862,0.03915,0.03646,0.03726,0,0
SAND.V,D,20201118,000000,0.03726,0.03753,0.03401,0.03561,0,0
SAND.V,D,20201119,000000,0.03561,0.03734,0.03509,0.03571,0,0
SAND.V,D,20201120,000000,0.03571,0.03767,0.03565,0.03638,0,0
SAND.V,D,20201121,000000,0.03638,0.04077,0.03609,0.04015,0,0
SAND.V,D,20201122,000000,0.04015,0.05096,0.03564,0.04502,0,0
SAND.V,D,20201123,000000,0.04502,0.0614,0.04185,0.04776,0,0
SAND.V,D,20201124,000000,0.04776,0.05049,0.0453,0.04537,0,0
SAND.V,D,20201125,000000,0.04537,0.05264,0.04289,0.04519,0,0
SAND.V,D,20201126,000000,0.04519,0.04706,0.03714,0.0415,0,0
SAND.V,D,20201127,000000,0.0415,0.04627,0.03902,0.04569,0,0
SAND.V,D,20201128,000000,0.04569,0.04661,0.04296,0.04465,0,0
SAND.V,D,20201129,000000,0.04465,0.046,0.04316,0.0456,0,0
SAND.V,D,20201130,000000,0.0456,0.04946,0.04494,0.04845,0,0
SAND.V,D,20201201,000000,0.04845,0.04859,0.04325,0.04578,0,0
SAND.V,D,20201202,000000,0.04578,0.049,0.04395,0.04696,0,0
SAND.V,D,20201203,000000,0.04696,0.04773,0.04593,0.04681,0,0
SAND.V,D,20201204,000000,0.04681,0.04688,0.04193,0.04193,0,0
SAND.V,D,20201205,000000,0.04193,0.04428,0.04117,0.0436,0,0
SAND.V,D,20201206,000000,0.0436,0.04519,0.04258,0.04326,0,0
SAND.V,D,20201207,000000,0.04326,0.04717,0.0426,0.04541,0,0
SAND.V,D,20201208,000000,0.04541,0.04897,0.04374,0.04447,0,0
SAND.V,D,20201209,000000,0.04447,0.05401,0.04057,0.05245,0,0
SAND.V,D,20201210,000000,0.05245,0.05615,0.04883,0.05265,0,0
SAND.V,D,20201211,000000,0.05265,0.05409,0.04502,0.04533,0,0
SAND.V,D,20201212,000000,0.04533,0.05052,0.0452,0.04767,0,0
SAND.V,D,20201213,000000,0.04767,0.04981,0.046,0.0483,0,0
SAND.V,D,20201214,000000,0.0483,0.0521,0.04707,0.04973,0,0
SAND.V,D,20201215,000000,0.04973,0.05339,0.04789,0.05262,0,0
SAND.V,D,20201216,000000,0.05262,0.05359,0.04851,0.0519,0,0
SAND.V,D,20201217,000000,0.0519,0.05257,0.04857,0.04906,0,0
SAND.V,D,20201218,000000,0.04906,0.05198,0.0476,0.05138,0,0
SAND.V,D,20201219,000000,0.05138,0.05296,0.04911,0.0515,0,0
SAND.V,D,20201220,000000,0.0515,0.05577,0.04902,0.04967,0,0
SAND.V,D,20201221,000000,0.04967,0.05112,0.04526,0.04755,0,0
SAND.V,D,20201222,000000,0.04755,0.04888,0.04191,0.04644,0,0
SAND.V,D,20201223,000000,0.04644,0.04674,0.03578,0.03827,0,0
SAND.V,D,20201224,000000,0.03827,0.04064,0.03566,0.04041,0,0
SAND.V,D,20201225,000000,0.04041,0.04197,0.03804,0.03901,0,0
SAND.V,D,20201226,000000,0.03901,0.04033,0.03707,0.03782,0,0
SAND.V,D,20201227,000000,0.03782,0.04192,0.03575,0.03927,0,0
SAND.V,D,20201228,000000,0.03927,0.0414,0.03846,0.03889,0,0
SAND.V,D,20201229,000000,0.03889,0.03996,0.03494,0.0372,0,0
SAND.V,D,20201230,000000,0.0372,0.03826,0.03574,0.03619,0,0
SAND.V,D,20201231,000000,0.03619,0.03637,0.03419,0.03571,0,0
SAND.V,D,20210101,000000,0.03571,0.03892,0.03524,0.03703,0,0
SAND.V,D,20210102,000000,0.03703,0.03951,0.03642,0.03812,0,0
SAND.V,D,20210103,000000,0.03812,0.04148,0.03699,0.04095,0,0
SAND.V,D,20210104,000000,0.04095,0.04289,0.03626,0.04056,0,0
SAND.V,D,20210105,000000,0.04056,0.04505,0.03907,0.04177,0,0
SAND.V,D,20210106,000000,0.04177,0.0477,0.0409,0.0447,0,0
SAND.V,D,20210107,000000,0.0447,0.04657,0.04126,0.04354,0,0
SAND.V,D,20210108,000000,0.04354,0.04712,0.04081,0.04335,0,0
SAND.V,D,20210109,000000,0.04335,0.04757,0.04201,0.04606,0,0
SAND.V,D,20210110,000000,0.04606,0.04661,0.04082,0.04243,0,0
SAND.V,D,20210111,000000,0.04243,0.04252,0.03463,0.04064,0,0
SAND.V,D,20210112,000000,0.04064,0.04097,0.03658,0.03792,0,0
SAND.V,D,20210113,000000,0.03792,0.04142,0.03675,0.04068,0,0
SAND.V,D,20210114,000000,0.04068,0.04214,0.03944,0.04081,0,0
SAND.V,D,20210115,000000,0.04081,0.04613,0.03996,0.04399,0,0
SAND.V,D,20210116,000000,0.04399,0.04682,0.04262,0.04392,0,0
SAND.V,D,20210117,000000,0.04392,0.05295,0.04212,0.05111,0,0
SAND.V,D,20210118,000000,0.05111,0.05454,0.04858,0.05217,0,0
SAND.V,D,20210119,000000,0.05217,0.05761,0.04978,0.05374,0,0
SAND.V,D,20210120,000000,0.05374,0.06058,0.04823,0.05386,0,0
SAND.V,D,20210121,000000,0.05386,0.1592,0.05058,0.1084,0,0
SAND.V,D,20210122,000000,0.1084,0.1193,0.09354,0.1095,0,0
SAND.V,D,20210123,000000,0.1095,0.1117,0.09692,0.1012,0,0
SAND.V,D,20210124,000000,0.1012,0.1028,0.09213,0.09542,0,0
SAND.V,D,20210125,000000,0.09542,0.104,0.08943,0.0927,0,0
SAND.V,D,20210126,000000,0.0927,0.09768,0.08673,0.093,0,0
SAND.V,D,20210127,000000,0.093,0.09565,0.07579,0.08138,0,0
SAND.V,D,20210128,000000,0.08138,0.09088,0.0777,0.08874,0,0
SAND.V,D,20210129,000000,0.08874,0.09857,0.08255,0.08829,0,0
SAND.V,D,20210130,000000,0.08829,0.09361,0.08525,0.08815,0,0
SAND.V,D,20210131,000000,0.08815,0.09109,0.08124,0.08323,0,0
SAND.V,D,20210201,000000,0.08323,0.08593,0.07798,0.08305,0,0
SAND.V,D,20210202,000000,0.08305,0.103,0.08292,0.09655,0,0
SAND.V,D,20210203,000000,0.09655,0.1018,0.09298,0.09976,0,0
SAND.V,D,20210204,000000,0.09976,0.1262,0.09156,0.1006,0,0
SAND.V,D,20210205,000000,0.1006,0.1493,0.09921,0.1453,0,0
SAND.V,D,20210206,000000,0.1453,0.148,0.1199,0.1307,0,0
SAND.V,D,20210207,000000,0.1307,0.1344,0.1106,0.1268,0,0
SAND.V,D,20210208,000000,0.1268,0.1479,0.1229,0.1416,0,0
SAND.V,D,20210209,000000,0.1416,0.1638,0.1385,0.1532,0,0
SAND.V,D,20210210,000000,0.1532,0.1596,0.1346,0.1468,0,0
SAND.V,D,20210211,000000,0.1468,0.1714,0.1424,0.1601,0,0
SAND.V,D,20210212,000000,0.1601,0.1699,0.1518,0.1638,0,0
SAND.V,D,20210213,000000,0.1638,0.2175,0.1635,0.2059,0,0
SAND.V,D,20210214,000000,0.2059,0.2929,0.1945,0.2664,0,0
SAND.V,D,20210215,000000,0.2664,0.2706,0.1987,0.2405,0,0
SAND.V,D,20210216,000000,0.2405,0.2491,0.2169,0.2305,0,0
SAND.V,D,20210217,000000,0.2305,0.2632,0.2061,0.2421,0,0
SAND.V,D,20210218,000000,0.2421,0.343,0.2359,0.3265,0,0
SAND.V,D,20210219,000000,0.3265,0.3281,0.2732,0.306,0,0
SAND.V,D,20210220,000000,0.306,0.3244,0.2784,0.2951,0,0
SAND.V,D,20210221,000000,0.2951,0.3466,0.2892,0.3205,0,0
SAND.V,D,20210222,000000,0.3205,0.3675,0.2249,0.2945,0,0
SAND.V,D,20210223,000000,0.2945,0.3294,0.1736,0.2397,0,0
SAND.V,D,20210224,000000,0.2397,0.2705,0.2182,0.2478,0,0
SAND.V,D,20210225,000000,0.2478,0.268,0.2307,0.2342,0,0
SAND.V,D,20210226,000000,0.2342,0.2478,0.2199,0.2364,0,0
SAND.V,D,20210227,000000,0.2364,0.2593,0.2349,0.2453,0,0
SAND.V,D,20210228,000000,0.2453,0.2646,0.1999,0.2207,0,0
SAND.V,D,20210301,000000,0.2207,0.2453,0.2159,0.2399,0,0
SAND.V,D,20210302,000000,0.2399,0.2649,0.2289,0.2511,0,0
SAND.V,D,20210303,000000,0.2511,0.3172,0.2464,0.3082,0,0
SAND.V,D,20210304,000000,0.3082,0.4315,0.2932,0.3581,0,0
SAND.V,D,20210305,000000,0.3581,0.4271,0.3341,0.3503,0,0
SAND.V,D,20210306,000000,0.3503,0.3684,0.3168,0.3433,0,0
SAND.V,D,20210307,000000,0.3433,0.3894,0.3383,0.3793,0,0
SAND.V,D,20210308,000000,0.3793,0.4825,0.3774,0.4585,0,0
SAND.V,D,20210309,000000,0.4585,0.5836,0.4579,0.526,0,0
SAND.V,D,20210310,000000,0.526,0.5267,0.4528,0.4819,0,0
SAND.V,D,20210311,000000,0.4819,0.5648,0.4724,0.5287,0,0
SAND.V,D,20210312,000000,0.5287,0.6271,0.5168,0.6122,0,0
SAND.V,D,20210313,000000,0.6122,0.7968,0.55,0.6855,0,0
SAND.V,D,20210314,000000,0.6855,0.7472,0.6466,0.6859,0,0
SAND.V,D,20210315,000000,0.6859,0.7179,0.6101,0.6667,0,0
SAND.V,D,20210316,000000,0.6667,0.6795,0.5672,0.5903,0,0
SAND.V,D,20210317,000000,0.5903,0.6171,0.5038,0.5963,0,0
SAND.V,D,20210318,000000,0.5963,0.673,0.5661,0.6151,0,0
SAND.V,D,20210319,000000,0.6151,0.6237,0.5872,0.6043,0,0
SAND.V,D,20210320,000000,0.6043,0.6046,0.5358,0.5372,0,0
SAND.V,D,20210321,000000,0.5372,0.5956,0.5267,0.5621,0,0
SAND.V,D,20210322,000000,0.5621,0.6154,0.5215,0.5544,0,0
SAND.V,D,20210323,000000,0.5544,0.5905,0.5102,0.5682,0,0
SAND.V,D,20210324,000000,0.5682,0.6596,0.5485,0.5736,0,0
SAND.V,D,20210325,000000,0.5736,0.6025,0.5377,0.5841,0,0
SAND.V,D,20210326,000000,0.5841,0.6246,0.5692,0.6185,0,0
SAND.V,D,20210327,000000,0.6185,0.7327,0.6048,0.7131,0,0
SAND.V,D,20210328,000000,0.7131,0.9044,0.6779,0.8087,0,0
SAND.V,D,20210329,000000,0.8087,0.8718,0.7595,0.7891,0,0
SAND.V,D,20210330,000000,0.7891,0.8561,0.7748,0.8271,0,0
SAND.V,D,20210331,000000,0.8271,0.8451,0.7289,0.8008,0,0
SAND.V,D,20210401,000000,0.8008,0.8044,0.737,0.7508,0,0
SAND.V,D,20210402,000000,0.7508,0.781,0.7202,0.7641,0,0
SAND.V,D,20210403,000000,0.7641,0.7654,0.6768,0.6793,0,0
SAND.V,D,20210404,000000,0.6793,0.7435,0.6696,0.7186,0,0
SAND.V,D,20210405,000000,0.7186,0.751,0.6689,0.6722,0,0
SAND.V,D,20210406,000000,0.6722,0.6815,0.6023,0.6362,0,0
SAND.V,D,20210407,000000,0.6362,0.652,0.5323,0.6318,0,0
SAND.V,D,20210408,000000,0.6318,0.705,0.6012,0.6847,0,0
SAND.V,D,20210409,000000,0.6847,0.7493,0.6608,0.6984,0,0
SAND.V,D,20210410,000000,0.6984,0.7003,0.6383,0.664,0,0
SAND.V,D,20210411,000000,0.664,0.6764,0.616,0.641,0,0
SAND.V,D,20210412,000000,0.641,0.7065,0.6316,0.6869,0,0
SAND.V,D,20210413,000000,0.6869,0.7075,0.6456,0.669,0,0
SAND.V,D,20210414,000000,0.669,0.6713,0.6136,0.6453,0,0
SAND.V,D,20210415,000000,0.6453,0.6993,0.644,0.6825,0,0
SAND.V,D,20210416,000000,0.6825,0.7103,0.6226,0.7039,0,0
SAND.V,D,20210417,000000,0.7039,0.7098,0.6444,0.661,0,0
SAND.V,D,20210418,000000,0.661,0.669,0.472,0.5626,0,0
SAND.V,D,20210419,000000,0.5626,0.579,0.506,0.5151,0,0
SAND.V,D,20210420,000000,0.5151,0.5328,0.4497,0.5238,0,0
SAND.V,D,20210421,000000,0.5238,0.5738,0.5041,0.5105,0,0
SAND.V,D,20210422,000000,0.5105,0.5282,0.4335,0.4383,0,0
SAND.V,D,20210423,000000,0.4383,0.4493,0.3407,0.4261,0,0
SAND.V,D,20210424,000000,0.4261,0.4365,0.3924,0.4111,0,0
SAND.V,D,20210425,000000,0.4111,0.4542,0.3932,0.4179,0,0
SAND.V,D,20210426,000000,0.4179,0.5008,0.4139,0.5006,0,0
SAND.V,D,20210427,000000,0.5006,0.5443,0.4872,0.541,0,0
SAND.V,D,20210428,000000,0.541,0.6146,0.5164,0.5894,0,0
SAND.V,D,20210429,000000,0.5894,0.6109,0.5406,0.5651,0,0
SAND.V,D,20210430,000000,0.5651,0.6314,0.5507,0.6208,0,0
SAND.V,D,20210501,000000,0.6208,0.629,0.5921,0.603,0,0
SAND.V,D,20210502,000000,0.603,0.6055,0.5586,0.5822,0,0
SAND.V,D,20210503,000000,0.5822,0.6776,0.5769,0.6571,0,0
SAND.V,D,20210504,000000,0.6571,0.7268,0.5734,0.5743,0,0
SAND.V,D,20210505,000000,0.5743,0.62,0.5668,0.6049,0,0
SAND.V,D,20210506,000000,0.6049,0.6067,0.538,0.5621,0,0
SAND.V,D,20210507,000000,0.5621,0.5804,0.5227,0.5475,0,0
SAND.V,D,20210508,000000,0.5475,0.5721,0.535,0.5432,0,0
SAND.V,D,20210509,000000,0.5432,0.5489,0.5028,0.5429,0,0
SAND.V,D,20210510,000000,0.5429,0.5493,0.4361,0.4627,0,0
SAND.V,D,20210511,000000,0.4627,0.5117,0.4503,0.5038,0,0
SAND.V,D,20210512,000000,0.5038,0.5328,0.4101,0.4116,0,0
SAND.V,D,20210513,000000,0.4116,0.4497,0.3888,0.4229,0,0
SAND.V,D,20210514,000000,0.4229,0.4594,0.4113,0.4407,0,0
SAND.V,D,20210515,000000,0.4407,0.5124,0.4309,0.4333,0,0
SAND.V,D,20210516,000000,0.4333,0.4681,0.391,0.4161,0,0
SAND.V,D,20210517,000000,0.4161,0.4161,0.3577,0.3755,0,0
SAND.V,D,20210518,000000,0.3755,0.4198,0.3709,0.3927,0,0
SAND.V,D,20210519,000000,0.3927,0.4022,0.1894,0.2474,0,0
SAND.V,D,20210520,000000,0.2474,0.3161,0.2154,0.3119,0,0
SAND.V,D,20210521,000000,0.3119,0.3532,0.2394,0.2926,0,0
SAND.V,D,20210522,000000,0.2926,0.4753,0.275,0.441,0,0
SAND.V,D,20210523,000000,0.441,0.4699,0.2365,0.2942,0,0
SAND.V,D,20210524,000000,0.2942,0.3198,0.2579,0.3117,0,0
SAND.V,D,20210525,000000,0.3117,0.3204,0.2626,0.293,0,0
SAND.V,D,20210526,000000,0.293,0.3869,0.2836,0.3719,0,0
SAND.V,D,20210527,000000,0.3719,0.3761,0.3269,0.3365,0,0
SAND.V,D,20210528,000000,0.3365,0.3798,0.3042,0.3378,0,0
SAND.V,D,20210529,000000,0.3378,0.3382,0.2839,0.3054,0,0
SAND.V,D,20210530,000000,0.3054,0.3344,0.2807,0.3155,0,0
SAND.V,D,20210531,000000,0.3155,0.3347,0.2942,0.3342,0,0
SAND.V,D,20210601,000000,0.3342,0.3342,0.3106,0.3234,0,0
SAND.V,D,20210602,000000,0.3234,0.338,0.3126,0.3318,0,0
SAND.V,D,20210603,000000,0.3318,0.369,0.3216,0.3633,0,0
SAND.V,D,20210604,000000,0.3633,0.3697,0.3059,0.3338,0,0
SAND.V,D,20210605,000000,0.3338,0.3452,0.3097,0.3178,0,0
SAND.V,D,20210606,000000,0.3178,0.3312,0.3159,0.3249,0,0
SAND.V,D,20210607,000000,0.3249,0.3312,0.2915,0.2948,0,0
SAND.V,D,20210608,000000,0.2948,0.3004,0.2512,0.2816,0,0
SAND.V,D,20210609,000000,0.2816,0.2913,0.2628,0.2913,0,0
SAND.V,D,20210610,000000,0.2913,0.3046,0.2767,0.3,0,0
SAND.V,D,20210611,000000,0.3,0.342,0.2831,0.3069,0,0
SAND.V,D,20210612,000000,0.3069,0.3074,0.2562,0.2626,0,0
SAND.V,D,20210613,000000,0.2626,0.2777,0.2538,0.2768,0,0
SAND.V,D,20210614,000000,0.2768,0.2845,0.2687,0.2845,0,0
SAND.V,D,20210615,000000,0.2845,0.289,0.273,0.2864,0,0
SAND.V,D,20210616,000000,0.2864,0.3002,0.2668,0.2704,0,0
SAND.V,D,20210617,000000,0.2704,0.2846,0.2656,0.2716,0,0
SAND.V,D,20210618,000000,0.2716,0.2734,0.2426,0.2569,0,0
SAND.V,D,20210619,000000,0.2569,0.2581,0.2455,0.246,0,0
SAND.V,D,20210620,000000,0.246,0.2489,0.2209,0.2383,0,0
SAND.V,D,20210621,000000,0.2383,0.2395,0.1782,0.1797,0,0
SAND.V,D,20210622,000000,0.1797,0.193,0.1474,0.1742,0,0
SAND.V,D,20210623,000000,0.1742,0.2085,0.1668,0.1925,0,0
SAND.V,D,20210624,000000,0.1925,0.211,0.1799,0.2031,0,0
SAND.V,D,20210625,000000,0.2031,0.2113,0.1815,0.1835,0,0
SAND.V,D,20210626,000000,0.1835,0.1892,0.1709,0.1845,0,0
SAND.V,D,20210627,000000,0.1845,0.1904,0.1766,0.1902,0,0
SAND.V,D,20210628,000000,0.1902,0.2048,0.1881,0.204,0,0
SAND.V,D,20210629,000000,0.204,0.2291,0.2028,0.2264,0,0
SAND.V,D,20210630,000000,0.2264,0.2459,0.2122,0.2448,0,0
SAND.V,D,20210701,000000,0.2448,0.2713,0.2395,0.2522,0,0
SAND.V,D,20210702,000000,0.2522,0.2542,0.2216,0.2439,0,0
SAND.V,D,20210703,000000,0.2439,0.2745,0.235,0.2646,0,0
SAND.V,D,20210704,000000,0.2646,0.3007,0.2551,0.2763,0,0
SAND.V,D,20210705,000000,0.2763,0.2881,0.2573,0.2668,0,0
SAND.V,D,20210706,000000,0.2668,0.3391,0.2664,0.3096,0,0
SAND.V,D,20210707,000000,0.3096,0.4434,0.3084,0.3999,0,0
SAND.V,D,20210708,000000,0.3999,0.5356,0.3844,0.4263,0,0
SAND.V,D,20210709,000000,0.4263,0.5133,0.3703,0.4936,0,0
SAND.V,D,20210710,000000,0.4936,0.5442,0.4617,0.4914,0,0
SAND.V,D,20210711,000000,0.4914,0.5041,0.4541,0.4886,0,0
SAND.V,D,20210712,000000,0.4886,0.4906,0.4168,0.4176,0,0
SAND.V,D,20210713,000000,0.4176,0.4675,0.4082,0.4343,0,0
SAND.V,D,20210714,000000,0.4343,0.6187,0.383,0.5907,0,0
SAND.V,D,20210715,000000,0.5907,0.6917,0.5145,0.5422,0,0
SAND.V,D,20210716,000000,0.5422,0.6058,0.4782,0.4893,0,0
SAND.V,D,20210717,000000,0.4893,0.4912,0.4238,0.4482,0,0
SAND.V,D,20210718,000000,0.4482,0.5233,0.4468,0.4842,0,0
SAND.V,D,20210719,000000,0.4842,0.4874,0.4176,0.4398,0,0
SAND.V,D,20210720,000000,0.4398,0.4411,0.3637,0.3849,0,0
SAND.V,D,20210721,000000,0.3849,0.4831,0.3751,0.472,0,0
SAND.V,D,20210722,000000,0.472,0.5161,0.4658,0.4986,0,0
SAND.V,D,20210723,000000,0.4986,0.688,0.4972,0.6576,0,0
SAND.V,D,20210724,000000,0.6576,0.8451,0.6306,0.731,0,0
SAND.V,D,20210725,000000,0.731,0.7845,0.6716,0.756,0,0
SAND.V,D,20210726,000000,0.756,0.7657,0.5965,0.6558,0,0
SAND.V,D,20210727,000000,0.6558,0.7555,0.5758,0.6767,0,0
SAND.V,D,20210728,000000,0.6767,0.7554,0.6529,0.68,0,0
SAND.V,D,20210729,000000,0.68,0.698,0.6413,0.6637,0,0
SAND.V,D,20210730,000000,0.6637,0.6718,0.6201,0.6572,0,0
SAND.V,D,20210731,000000,0.6572,0.6738,0.6272,0.6392,0,0
SAND.V,D,20210801,000000,0.6392,0.6434,0.5783,0.5886,0,0
SAND.V,D,20210802,000000,0.5886,0.6509,0.5878,0.6121,0,0
SAND.V,D,20210803,000000,0.6121,0.6129,0.5767,0.5906,0,0
SAND.V,D,20210804,000000,0.5906,0.6641,0.5813,0.6514,0,0
SAND.V,D,20210805,000000,0.6514,0.659,0.6023,0.637,0,0
SAND.V,D,20210806,000000,0.637,0.6473,0.6173,0.6359,0,0
SAND.V,D,20210807,000000,0.6359,0.655,0.6148,0.6401,0,0
SAND.V,D,20210808,000000,0.6401,0.6706,0.6026,0.6155,0,0
SAND.V,D,20210809,000000,0.6155,0.6333,0.6,0.6263,0,0
SAND.V,D,20210810,000000,0.6263,0.7087,0.6153,0.6796,0,0
SAND.V,D,20210811,000000,0.6796,0.7385,0.6588,0.675,0,0
SAND.V,D,20210812,000000,0.663,0.667,0.6215,0.6363,0,0
SAND.V,D,20210813,000000,0.6363,0.6645,0.6307,0.6631,0,0
SAND.V,D,20210814,000000,0.6631,0.6643,0.6237,0.637,0,0
SAND.V,D,20210815,000000,0.637,0.6688,0.6111,0.6462,0,0
SAND.V,D,20210816,000000,0.6462,0.6941,0.6214,0.633,0,0
SAND.V,D,20210817,000000,0.633,0.6866,0.586,0.6092,0,0
SAND.V,D,20210818,000000,0.6092,0.6173,0.559,0.582,0,0
SAND.V,D,20210819,000000,0.582,0.5997,0.557,0.599,0,0
SAND.V,D,20210820,000000,0.599,0.6194,0.5865,0.6135,0,0
SAND.V,D,20210821,000000,0.6135,0.7183,0.6102,0.6615,0,0
SAND.V,D,20210822,000000,0.6615,0.7095,0.6252,0.6578,0,0
SAND.V,D,20210823,000000,0.6578,0.6939,0.6497,0.6771,0,0
SAND.V,D,20210824,000000,0.6771,0.6845,0.599,0.6147,0,0
SAND.V,D,20210825,000000,0.6147,0.7496,0.5903,0.7384,0,0
SAND.V,D,20210826,000000,0.7384,0.865,0.6744,0.6768,0,0
SAND.V,D,20210827,000000,0.6768,0.7198,0.6435,0.7099,0,0
SAND.V,D,20210828,000000,0.7099,0.8143,0.6944,0.7607,0,0
SAND.V,D,20210829,000000,0.7607,1.047,0.7407,1.004,0,0
SAND.V,D,20210830,000000,1.004,1.2,0.9534,0.9755,0,0
SAND.V,D,20210831,000000,0.9755,0.9964,0.8952,0.9534,0,0
SAND.V,D,20210901,000000,0.9534,1.13,0.9315,1.008,0,0
SAND.V,D,20210902,000000,1.008,1.061,0.9724,1.005,0,0
SAND.V,D,20210903,000000,1.005,1.018,0.9543,1.002,0,0
SAND.V,D,20210904,000000,1.002,1.098,0.972,0.9943,0,0
SAND.V,D,20210905,000000,0.9943,1.014,0.9506,0.977,0,0
SAND.V,D,20210906,000000,0.977,1.002,0.91,0.96,0,0
SAND.V,D,20210907,000000,0.96,0.9701,0.6165,0.7511,0,0
SAND.V,D,20210908,000000,0.7511,0.842,0.6871,0.7895,0,0
SAND.V,D,20210909,000000,0.7895,0.8819,0.7686,0.8722,0,0
SAND.V,D,20210910,000000,0.8722,0.8791,0.7542,0.7825,0,0
SAND.V,D,20210911,000000,0.7825,0.819,0.7636,0.8019,0,0
SAND.V,D,20210912,000000,0.8019,0.8487,0.7776,0.8127,0,0
SAND.V,D,20210913,000000,0.8127,0.8152,0.7102,0.7456,0,0
SAND.V,D,20210914,000000,0.7456,0.7945,0.7393,0.791,0,0
SAND.V,D,20210915,000000,0.791,0.8179,0.7654,0.8072,0,0
SAND.V,D,20210916,000000,0.8072,0.8388,0.7773,0.8202,0,0
SAND.V,D,20210917,000000,0.8202,0.8257,0.7588,0.7709,0,0
SAND.V,D,20210918,000000,0.7709,0.7846,0.7592,0.7782,0,0
SAND.V,D,20210919,000000,0.7782,0.7784,0.7352,0.7425,0,0
SAND.V,D,20210920,000000,0.7425,0.7438,0.6155,0.6349,0,0
SAND.V,D,20210921,000000,0.6349,0.6944,0.5817,0.5979,0,0
SAND.V,D,20210922,000000,0.5979,0.7021,0.5824,0.6941,0,0
SAND.V,D,20210923,000000,0.6941,0.7461,0.6869,0.7343,0,0
SAND.V,D,20210924,000000,0.7343,0.7502,0.6238,0.6796,0,0
SAND.V,D,20210925,000000,0.6796,0.6975,0.6495,0.6677,0,0
SAND.V,D,20210926,000000,0.6677,0.6872,0.6217,0.6563,0,0
SAND.V,D,20210927,000000,0.6563,0.6786,0.6308,0.6308,0,0
SAND.V,D,20210928,000000,0.6308,0.6367,0.5918,0.5939,0,0
SAND.V,D,20210929,000000,0.5939,0.6303,0.5854,0.6026,0,0
SAND.V,D,20210930,000000,0.6026,0.673,0.6009,0.6706,0,0
SAND.V,D,20211001,000000,0.6706,0.8227,0.6582,0.8089,0,0
SAND.V,D,20211002,000000,0.8089,0.8388,0.77,0.7865,0,0
SAND.V,D,20211003,000000,0.7865,0.8733,0.7607,0.8681,0,0
SAND.V,D,20211004,000000,0.8681,0.8728,0.7914,0.8229,0,0
SAND.V,D,20211005,000000,0.8229,0.8263,0.7695,0.805,0,0
SAND.V,D,20211006,000000,0.805,0.8422,0.7442,0.8175,0,0
SAND.V,D,20211007,000000,0.8175,0.8192,0.772,0.8003,0,0
SAND.V,D,20211008,000000,0.8003,0.8183,0.7708,0.7818,0,0
SAND.V,D,20211009,000000,0.7818,0.8088,0.7719,0.8001,0,0
SAND.V,D,20211010,000000,0.8001,0.8006,0.7437,0.7482,0,0
SAND.V,D,20211011,000000,0.7482,0.7722,0.7224,0.7416,0,0
SAND.V,D,20211012,000000,0.7416,0.7416,0.6839,0.7218,0,0
SAND.V,D,20211013,000000,0.7218,0.7455,0.7063,0.7441,0,0
SAND.V,D,20211014,000000,0.7441,0.7959,0.7332,0.7824,0,0
SAND.V,D,20211015,000000,0.7824,0.7914,0.7228,0.7407,0,0
SAND.V,D,20211016,000000,0.7407,0.7541,0.7321,0.7494,0,0
SAND.V,D,20211017,000000,0.7494,0.7619,0.7069,0.7231,0,0
SAND.V,D,20211018,000000,0.7231,0.7665,0.7174,0.7339,0,0
SAND.V,D,20211019,000000,0.7339,0.7411,0.7225,0.7325,0,0
SAND.V,D,20211020,000000,0.7325,0.7879,0.726,0.7769,0,0
SAND.V,D,20211021,000000,0.7769,0.8035,0.7506,0.7553,0,0
SAND.V,D,20211022,000000,0.7553,0.7792,0.7413,0.7564,0,0
SAND.V,D,20211023,000000,0.7564,0.7647,0.7415,0.7643,0,0
SAND.V,D,20211024,000000,0.7643,0.794,0.7566,0.7931,0,0
SAND.V,D,20211025,000000,0.7931,0.8193,0.7693,0.8061,0,0
SAND.V,D,20211026,000000,0.8061,0.8716,0.7997,0.8301,0,0
SAND.V,D,20211027,000000,0.8301,0.8882,0.7257,0.765,0,0
SAND.V,D,20211028,000000,0.765,0.9475,0.7491,0.9403,0,0
SAND.V,D,20211029,000000,0.9403,1.189,0.9158,1.164,0,0
SAND.V,D,20211030,000000,1.164,2.339,1.06,1.805,0,0
SAND.V,D,20211031,000000,1.805,2.441,1.444,1.574,0,0
SAND.V,D,20211101,000000,1.574,2.361,1.533,2.129,0,0
SAND.V,D,20211102,000000,2.129,3.34,2.082,3.064,0,0
SAND.V,D,20211103,000000,3.064,3.446,2.701,3.204,0,0
SAND.V,D,20211104,000000,3.204,3.292,2.603,2.701,0,0
SAND.V,D,20211105,000000,2.701,2.798,2.447,2.552,0,0
SAND.V,D,20211106,000000,2.552,2.86,2.527,2.704,0,0
SAND.V,D,20211107,000000,2.704,2.74,2.604,2.689,0,0
SAND.V,D,20211108,000000,2.689,2.758,2.465,2.572,0,0
SAND.V,D,20211109,000000,2.572,2.573,2.36,2.382,0,0
SAND.V,D,20211110,000000,2.382,2.713,2.039,2.293,0,0
SAND.V,D,20211111,000000,2.293,2.563,2.249,2.425,0,0
SAND.V,D,20211112,000000,2.425,2.833,2.381,2.628,0,0
SAND.V,D,20211113,000000,2.628,3.199,2.58,2.799,0,0
SAND.V,D,20211114,000000,2.799,2.974,2.741,2.837,0,0
SAND.V,D,20211115,000000,2.837,2.998,2.71,2.794,0,0
SAND.V,D,20211116,000000,2.794,3.398,2.323,3.243,0,0
SAND.V,D,20211117,000000,3.243,3.824,3.115,3.771,0,0
SAND.V,D,20211118,000000,3.771,4.695,3.589,4.317,0,0
SAND.V,D,20211119,000000,4.317,4.511,3.962,4.419,0,0
SAND.V,D,20211120,000000,4.419,4.453,4.019,4.216,0,0
SAND.V,D,20211121,000000,4.216,4.463,3.852,4.013,0,0
SAND.V,D,20211122,000000,4.013,4.983,3.738,4.966,0,0
SAND.V,D,20211123,000000,4.966,5.686,4.861,5.353,0,0
SAND.V,D,20211124,000000,5.362,7.99545,5.254,7.7099,0,0
SAND.V,D,20211125,000000,7.70805,8.47205,6.6912,7.1465,0,0
SAND.V,D,20211126,000000,7.14655,8.29,6.35505,7.0011,0,0
SAND.V,D,20211127,000000,6.9896,7.1112,6.19965,6.52765,0,0
SAND.V,D,20211128,000000,6.52875,7.48075,5.765,7.29295,0,0
SAND.V,D,20211129,000000,7.31225,7.94235,6.93635,7.12175,0,0
SAND.V,D,20211130,000000,7.1195,7.1857,6.6497,6.7959,0,0
SAND.V,D,20211201,000000,6.78505,7.0325,6.32795,6.51255,0,0
SAND.V,D,20211202,000000,6.5196,6.85175,6.01465,6.5309,0,0
SAND.V,D,20211203,000000,6.5272,6.95985,5.72455,5.95475,0,0
SAND.V,D,20211204,000000,5.95475,6.1973,4.2398,6.1474,0,0
SAND.V,D,20211205,000000,6.1474,6.1755,5.20975,5.3724,0,0
SAND.V,D,20211206,000000,5.374,5.69795,4.7707,5.5802,0,0
SAND.V,D,20211207,000000,5.5802,5.73685,5.2365,5.25505,0,0
SAND.V,D,20211208,000000,5.2534,5.49475,5.0253,5.2122,0,0
SAND.V,D,20211209,000000,5.2154,5.67865,5.1041,5.2868,0,0
SAND.V,D,20211210,000000,5.28625,5.37,4.934,4.9414,0,0
SAND.V,D,20211211,000000,4.9486,5.13495,4.7302,4.9981,0,0
SAND.V,D,20211212,000000,4.9922,5.4792,4.9883,5.4444,0,0
SAND.V,D,20211213,000000,5.44945,5.61585,4.687,4.88495,0,0
SAND.V,D,20211214,000000,4.881,4.90375,4.55365,4.74585,0,0
SAND.V,D,20211215,000000,4.7426,5.2025,4.42601,5.05093,0,0
SAND.V,D,20211216,000000,5.05063,5.35545,4.94168,5.0061,0,0
SAND.V,D,20211217,000000,5.0062,5.08344,4.68477,4.94228,0,0
SAND.V,D,20211218,000000,4.94808,5.28141,4.82853,5.09734,0,0
SAND.V,D,20211219,000000,5.09464,5.27188,4.98189,5.07643,0,0
SAND.V,D,20211220,000000,5.07643,5.08703,4.72564,4.91828,0,0
SAND.V,D,20211221,000000,4.91707,5.20318,4.88125,5.16366,0,0
SAND.V,D,20211222,000000,5.16827,5.26711,5.07072,5.1948,0,0
SAND.V,D,20211223,000000,5.19199,6.35534,5.03651,6.22481,0,0
SAND.V,D,20211224,000000,6.22209,6.45553,5.86553,5.90044,0,0
SAND.V,D,20211225,000000,5.90074,6.77584,5.76388,6.66056,0,0
SAND.V,D,20211226,000000,6.66076,6.96639,6.54447,6.75778,38152686,0
SAND.V,D,20211227,000000,6.75658,6.78049,6.3192,6.46744,45230300,0
SAND.V,D,20211228,000000,6.46864,6.48314,5.73587,5.94089,86145626,0
SAND.V,D,20211229,000000,5.93699,6.14613,5.7162,5.87507,64280844,0
SAND.V,D,20211230,000000,5.87467,6.0264,5.57111,5.85517,43970385,0
SAND.V,D,20211231,000000,5.85607,6.17912,5.73815,5.85109,47798162.067314,0
SAND.V,D,20220101,000000,5.85099,6.0273,5.82758,5.92568,23099326.180564,0
SAND.V,D,20220102,000000,5.92488,5.9946,5.82778,5.89098,23228203.861399,0
SAND.V,D,20220103,000000,5.89128,5.9883,5.57946,5.68887,30371838.349014,0
SAND.V,D,20220104,000000,5.68897,5.7169,5.4172,5.51065,38410289.05262,0
SAND.V,D,20220105,000000,5.5064,5.6548,4.70953,4.9668,57202832.820466,0
SAND.V,D,20220106,000000,4.9726,5.40168,4.71023,5.17368,86432330.263905,0
SAND.V,D,20220107,000000,5.17538,5.27867,4.74373,4.83802,67118902.524628,0
SAND.V,D,20220108,000000,4.83822,5.0397,4.46775,4.6456,38308881.557266,0
SAND.V,D,20220109,000000,4.6467,4.907,4.56694,4.7672,38764981.132282,0
SAND.V,D,20220110,000000,4.7671,4.7765,4.21628,4.4141,48849585.190946,0
SAND.V,D,20220111,000000,4.4143,4.6775,4.3585,4.65107,42515311.812311,0
SAND.V,D,20220112,000000,4.6517,5.21208,4.63976,5.11124,56444202.132337,0
SAND.V,D,20220113,000000,5.10944,5.21531,4.81923,4.82703,51253028.970215,0
SAND.V,D,20220114,000000,4.82683,4.97459,4.67494,4.91918,44162869.563819,0
SAND.V,D,20220115,000000,4.92177,4.94188,4.78019,4.86613,22840638.423294,0
SAND.V,D,20220116,000000,4.86613,5.06693,4.74607,4.86184,33707750.974745,0
SAND.V,D,20220117,000000,4.86254,4.95868,4.51711,4.58563,34629208.20222,0
SAND.V,D,20220118,000000,4.58813,4.64306,4.36581,4.50225,32728835.821472,0
SAND.V,D,20220119,000000,4.50195,4.5044,4.11965,4.28358,31373193.841692,0
SAND.V,D,20220120,000000,4.28208,4.45644,4.0007,4.05391,35551325.01367,0
SAND.V,D,20220121,000000,4.05651,4.05711,3.21907,3.31419,70746061.67634,0
SAND.V,D,20220122,000000,3.32496,3.40422,2.55821,2.94098,105919221.68495,0
SAND.V,D,20220123,000000,2.94008,3.24517,2.91397,2.9804,62952903.427961,0
SAND.V,D,20220124,000000,2.9817,3.13833,2.62573,2.98149,54147868.762772,0
SAND.V,D,20220125,000000,2.98029,3.10275,2.87256,3.03652,41653718.896604,0
SAND.V,D,20220126,000000,3.03852,3.41945,2.96678,3.05753,66516598.150914,0
SAND.V,D,20220127,000000,3.05943,3.55177,2.96688,3.35778,95815831.241539,0
SAND.V,D,20220128,000000,3.35164,3.56847,3.25648,3.44329,74799026.77748,0
SAND.V,D,20220129,000000,3.44329,3.91117,3.44329,3.81454,68209398.615299,0
SAND.V,D,20220130,000000,3.81504,4.07762,3.68387,3.90666,73531053.174677,0
SAND.V,D,20220131,000000,3.90706,4.16648,3.63705,4.06713,89308788.289127,0
SAND.V,D,20220201,000000,4.06743,4.11367,3.87143,3.96108,48919201.643216,0
SAND.V,D,20220202,000000,3.95947,4.02502,3.67063,3.71744,40588648.676204,0
SAND.V,D,20220203,000000,3.71764,3.73321,3.4939,3.63672,44235344.220107,0
SAND.V,D,20220204,000000,3.63572,3.97978,3.61074,3.94716,43786879.674464,0
SAND.V,D,20220205,000000,3.94766,4.50305,3.94176,4.36162,89289845.002802,0
SAND.V,D,20220206,000000,4.36592,4.69585,4.34214,4.5054,75735780.422498,0
SAND.V,D,20220207,000000,4.5003,4.86074,4.48974,4.73639,64171176.759389,0
SAND.V,D,20220208,000000,4.73861,4.75355,4.28936,4.69492,71647137.701209,0
SAND.V,D,20220209,000000,4.69592,4.86976,4.52597,4.78696,56779645.73226,0
SAND.V,D,20220210,000000,4.78608,4.78778,4.40997,4.50035,52804371.836621,0
SAND.V,D,20220211,000000,4.50165,4.54778,4.04522,4.08162,38155968.894806,0
SAND.V,D,20220212,000000,4.08122,4.39223,4.04781,4.24212,48415852.945693,0
SAND.V,D,20220213,000000,4.24242,4.33287,3.95607,4.11237,28412716.511278,0
SAND.V,D,20220214,000000,4.11107,4.12237,3.87192,3.9994,39874637.14754,0
SAND.V,D,20220215,000000,4.0001,4.3286,3.98639,4.29097,45900297.493845,0
SAND.V,D,20220216,000000,4.29217,4.45747,4.05783,4.22341,51192977.038164,0
SAND.V,D,20220217,000000,4.22693,4.25162,3.70425,3.79896,47147311.197958,0
SAND.V,D,20220218,000000,3.79756,3.84269,3.56254,3.59466,39287352.087807,0
SAND.V,D,20220219,000000,3.59466,3.65239,3.4054,3.47184,32362755.65465,0
SAND.V,D,20220220,000000,3.47163,3.5074,3.15428,3.27894,42179344.464157,0
SAND.V,D,20220221,000000,3.27394,3.41867,2.95118,2.98309,68157342.275406,0
SAND.V,D,20220222,000000,2.98259,3.18809,2.81993,3.08004,66514773.002386,0
SAND.V,D,20220223,000000,3.08154,3.29895,3.0016,3.06304,61875012.302209,0
SAND.V,D,20220224,000000,3.06274,3.11696,2.62991,2.94648,93672549.610775,0
SAND.V,D,20220225,000000,2.94798,3.18129,2.90326,3.18119,67230063.882492,0
SAND.V,D,20220226,000000,3.17789,3.27434,3.05612,3.10305,50533655.321737,0
SAND.V,D,20220227,000000,3.10154,3.14276,2.85423,2.92076,60446925.283784,0
SAND.V,D,20220228,000000,2.92057,3.22291,2.83003,3.14276,58265609.963087,0
SAND.V,D,20220301,000000,3.15106,3.38775,3.09654,3.35211,69517262.603237,0
SAND.V,D,20220302,000000,3.35151,3.43093,3.22447,3.29996,59154954.604212,0
SAND.V,D,20220303,000000,3.30016,3.30049,3.05521,3.14363,52846480.392224,0
SAND.V,D,20220304,000000,3.14454,3.16283,2.85957,2.90928,36938192.194275,0
SAND.V,D,20220305,000000,2.90787,3.04571,2.85907,3.02421,23432208.624383,0
SAND.V,D,20220306,000000,3.02491,3.06001,2.87526,2.91737,18126367.979976,0
SAND.V,D,20220307,000000,2.91657,2.94088,2.70504,2.79784,28567906.043194,0
SAND.V,D,20220308,000000,2.79814,2.89878,2.75513,2.80106,23119128.684108,0
SAND.V,D,20220309,000000,2.79996,3.016,2.79876,2.94549,22804335.762637,0
SAND.V,D,20220310,000000,2.94729,2.9876,2.76333,2.84384,20044331.446207,0
SAND.V,D,20220311,000000,2.84294,2.86505,2.74545,2.79536,16893904.522277,0
SAND.V,D,20220312,000000,2.79536,2.82907,2.7715,2.78928,9412438.4523096,0
SAND.V,D,20220313,000000,2.78928,2.94029,2.69454,2.71051,21651719.270753,0
SAND.V,D,20220314,000000,2.70764,2.78036,2.66877,2.74425,16324922.826119,0
SAND.V,D,20220315,000000,2.74485,2.77063,2.67053,2.74222,13753537.059935,0
SAND.V,D,20220316,000000,2.74292,3.18976,2.69054,3.18486,59288861.920207,0
SAND.V,D,20220317,000000,3.18135,3.36257,3.13893,3.25983,50458578.30512,0
SAND.V,D,20220318,000000,3.26213,3.27774,3.01921,3.14376,27968710.417847,0
SAND.V,D,20220319,000000,3.14467,3.29995,3.12657,3.21779,29957969.937258,0
SAND.V,D,20220320,000000,3.21791,3.2515,3.05072,3.10565,17818122.110914,0
SAND.V,D,20220321,000000,3.10585,3.13307,2.9991,3.09345,21454588.450734,0
SAND.V,D,20220322,000000,3.09434,3.2048,3.05353,3.13767,18515196.493751,0
SAND.V,D,20220323,000000,3.13555,3.34154,3.06763,3.259,33933170.791368,0
SAND.V,D,20220324,000000,3.25923,3.53141,3.2469,3.43827,58679558.221534,0
SAND.V,D,20220325,000000,3.43707,3.59061,3.341,3.37779,44497076.549426,0
SAND.V,D,20220326,000000,3.37695,3.41431,3.31516,3.38415,13654017.906954,0
SAND.V,D,20220327,000000,3.38345,3.55082,3.31556,3.52061,21367354.55355,0
SAND.V,D,20220328,000000,3.52106,3.68727,3.5007,3.58253,37648839.947873,0
SAND.V,D,20220329,000000,3.58569,3.65056,3.42873,3.48404,29952299.104443,0
SAND.V,D,20220330,000000,3.48374,3.60508,3.36435,3.52896,27854320.334561,0
SAND.V,D,20220331,000000,3.52986,3.85969,3.38071,3.41518,58064873.737493,0
SAND.V,D,20220401,000000,3.41562,3.55482,3.23337,3.53316,38911859.587268,0
SAND.V,D,20220402,000000,3.53371,3.68307,3.42813,3.5101,40994972.019621,0
SAND.V,D,20220403,000000,3.5121,3.56112,3.38291,3.53831,21589835.246683,0
SAND.V,D,20220404,000000,3.53996,3.59754,3.31359,3.44199,25021343.447235,0
SAND.V,D,20220405,000000,3.44223,3.49715,3.35791,3.38434,17158094.31579,0
SAND.V,D,20220406,000000,3.38494,3.39388,2.973,3.0595,33233669.756165,0
SAND.V,D,20220407,000000,3.0582,3.09931,2.8955,3.0397,22342662.305363,0
SAND.V,D,20220408,000000,3.0396,3.11832,2.92388,2.93347,17996883.443368,0
SAND.V,D,20220409,000000,2.93287,3.0046,2.86636,2.97059,12056087.378001,0
SAND.V,D,20220410,000000,2.97209,3.02891,2.93338,2.96429,8308148.442139,0
SAND.V,D,20220411,000000,2.96479,2.9694,2.65303,2.6548,22319905.083938,0
SAND.V,D,20220412,000000,2.6551,2.82597,2.64449,2.75032,22089851.86169,0
SAND.V,D,20220413,000000,2.75042,2.86465,2.71932,2.84435,15417049.897142,0
SAND.V,D,20220414,000000,2.84535,2.91908,2.70834,2.80998,22226089.746652,0
SAND.V,D,20220415,000000,2.80978,2.82426,2.74757,2.79576,10157069.5639,0
SAND.V,D,20220416,000000,2.79496,2.91328,2.76848,2.80876,11320682.248773,0
SAND.V,D,20220417,000000,2.81206,2.82807,2.74907,2.77586,6757259.0615112,0
SAND.V,D,20220418,000000,2.77555,2.78426,2.55366,2.75973,28506297.162762,0
SAND.V,D,20220419,000000,2.75973,3.02891,2.71711,2.87938,48820278.154119,0
SAND.V,D,20220420,000000,2.87948,3.09551,2.80736,2.87027,44447386.482477,0
SAND.V,D,20220421,000000,2.87127,2.94859,2.74907,2.76358,24455685.875627,0
SAND.V,D,20220422,000000,2.76028,2.81596,2.69974,2.74167,17896689.695434,0
SAND.V,D,20220423,000000,2.74165,2.76585,2.67023,2.73197,10197793.374169,0
SAND.V,D,20220424,000000,2.73275,2.77786,2.66167,2.76305,10607207.06308,0
SAND.V,D,20220425,000000,2.76105,2.83757,2.56681,2.73265,32512736.556763,0
SAND.V,D,20220426,000000,2.73315,2.74935,2.48885,2.54465,16350767.114628,0
SAND.V,D,20220427,000000,2.54625,2.5755,2.4368,2.52165,18384168.765104,0
SAND.V,D,20220428,000000,2.52175,2.57556,2.45995,2.4943,19091788.486276,0
SAND.V,D,20220429,000000,2.4958,2.52105,2.23002,2.27413,27009084.820786,0
SAND.V,D,20220430,000000,2.27423,2.34483,2.1146,2.1257,20833825.807006,0
SAND.V,D,20220501,000000,2.1253,2.17892,1.8366,2.0904,60744170.498489,0
SAND.V,D,20220502,000000,2.0908,2.19852,2.013,2.11381,38353656.340002,0
SAND.V,D,20220503,000000,2.1131,2.3037,2.08239,2.12639,41228285.232939,0
SAND.V,D,20220504,000000,2.12589,2.4132,2.10879,2.3929,32563285.155428,0
SAND.V,D,20220505,000000,2.39268,2.45831,2.05519,2.12907,36937670.718239,0
SAND.V,D,20220506,000000,2.12977,2.14479,1.9831,2.05479,25642073.647897,0
SAND.V,D,20220507,000000,2.05519,2.07069,1.92302,1.92402,19273678.198913,0
SAND.V,D,20220508,000000,1.92541,2.05238,1.87223,2.0078,36692097.619085,0
SAND.V,D,20220509,000000,2.0079,2.03939,1.70309,1.78314,45049871.861807,0
SAND.V,D,20220510,000000,1.78674,1.93113,1.63731,1.65474,49855255.550787,0
SAND.V,D,20220511,000000,1.65254,1.7941,1.07851,1.24876,101306403.64022,0
SAND.V,D,20220512,000000,1.24936,1.40422,0.91522,1.06772,91250444.685136,0
SAND.V,D,20220513,000000,1.06781,1.52551,1.04697,1.32774,102948327.22529,0
SAND.V,D,20220514,000000,1.32884,1.5295,1.19409,1.3341,92441428.677294,0
SAND.V,D,20220515,000000,1.33463,1.45117,1.30737,1.4128,34493856.056305,0
SAND.V,D,20220516,000000,1.41276,1.46199,1.27796,1.34565,26372068.540143,0
SAND.V,D,20220517,000000,1.34605,1.40425,1.28855,1.36482,22455773.878429,0
SAND.V,D,20220518,000000,1.36522,1.39209,1.19684,1.2257,24656477.47177,0
SAND.V,D,20220519,000000,1.2283,1.33863,1.13782,1.27023,29785278.495298,0
SAND.V,D,20220520,000000,1.27033,1.38339,1.21544,1.2508,34501338.002327,0
SAND.V,D,20220521,000000,1.2525,1.34265,1.24181,1.29941,24696723.435045,0
SAND.V,D,20220522,000000,1.29961,1.39548,1.29491,1.35647,33836910.83437,0
SAND.V,D,20220523,000000,1.35607,1.45999,1.32141,1.33556,47125921.034482,0
SAND.V,D,20220524,000000,1.33546,1.33546,1.21766,1.29688,30199813.808479,0
SAND.V,D,20220525,000000,1.29731,1.38497,1.23384,1.37465,53333191.272267,0
SAND.V,D,20220526,000000,1.37475,1.51603,1.2493,1.38388,109485081.22687,0
SAND.V,D,20220527,000000,1.38328,1.41139,1.25312,1.297,54436751.366959,0
SAND.V,D,20220528,000000,1.2968,1.32938,1.26453,1.29468,30881267.599703,0
SAND.V,D,20220529,000000,1.29488,1.31183,1.25436,1.29817,19928923.927857,0
SAND.V,D,20220530,000000,1.29807,1.46753,1.28895,1.43635,34297157.263701,0
SAND.V,D,20220531,000000,1.43879,1.52288,1.3767,1.43121,47667482.258443,0
SAND.V,D,20220601,000000,1.43325,1.46579,1.28531,1.30952,32605042.363501,0
SAND.V,D,20220602,000000,1.30902,1.34819,1.29563,1.34459,25163864.410318,0
SAND.V,D,20220603,000000,1.34499,1.37256,1.26671,1.30826,22720964.269554,0
SAND.V,D,20220604,000000,1.30906,1.31166,1.2515,1.29102,18485486.449318,0
SAND.V,D,20220605,000000,1.29242,1.31009,1.26887,1.2935,13237496.267996,0
SAND.V,D,20220606,000000,1.29388,1.39882,1.28449,1.34226,32499055.367345,0
SAND.V,D,20220607,000000,1.34253,1.35215,1.25774,1.32992,30064553.114819,0
SAND.V,D,20220608,000000,1.33092,1.33868,1.27708,1.30525,18062426.409361,0
SAND.V,D,20220609,000000,1.30525,1.32266,1.2781,1.28982,14010152.564835,0
SAND.V,D,20220610,000000,1.28982,1.29856,1.19009,1.21784,28885713.616717,0
SAND.V,D,20220611,000000,1.21784,1.22444,1.0508,1.07967,37891341.464282,0
SAND.V,D,20220612,000000,1.07968,1.09256,0.94997,0.99318,48868407.372461,0
SAND.V,D,20220613,000000,0.99328,0.99378,0.78762,0.85691,113414779.50634,0
SAND.V,D,20220614,000000,0.85722,0.95135,0.77734,0.84848,107297368.81969,0
SAND.V,D,20220615,000000,0.84878,0.93667,0.7868,0.9292,68161892.296211,0
SAND.V,D,20220616,000000,0.9297,0.950453,0.833099,0.857983,46124954.88221,0
SAND.V,D,20220617,000000,0.834039,0.890551,0.816671,0.859567,57399807.887348,0
SAND.V,D,20220618,000000,0.859176,0.868973,0.732529,0.780526,58225633.888237,0
SAND.V,D,20220619,000000,0.780326,0.862564,0.759643,0.847497,61825058.244338,0
SAND.V,D,20220620,000000,0.847597,0.886413,0.80675,0.848366,27157211.328911,0
SAND.V,D,20220621,000000,0.848965,0.96533,0.838976,0.906202,45970146.415126,0
SAND.V,D,20220622,000000,0.906102,1.014984,0.864035,0.944654,43598245.421165,0
SAND.V,D,20220623,000000,0.944178,1.029869,0.932167,0.984914,45597827.444528,0
SAND.V,D,20220624,000000,0.985014,1.11201,0.984415,1.096544,38090278.759133,0
SAND.V,D,20220625,000000,1.097743,1.329162,1.076722,1.303887,70051105.418213,0
SAND.V,D,20220626,000000,1.305086,1.348569,1.218269,1.238532,56691185.253371,0
SAND.V,D,20220627,000000,1.238744,1.263641,1.144946,1.18974,41156984.465602,0
SAND.V,D,20220628,000000,1.190639,1.230593,1.088278,1.111331,36258291.061,0
SAND.V,D,20220629,000000,1.11112,1.113862,1.021179,1.073,37017277.779809,0
SAND.V,D,20220630,000000,1.073059,1.08961,0.95554,1.023029,51836248.119729,0
SAND.V,D,20220701,000000,1.02407,1.171692,1.018576,1.072819,47217413.86989,0
SAND.V,D,20220702,000000,1.072319,1.079012,1.004194,1.051936,31701395.089397,0
SAND.V,D,20220703,000000,1.051371,1.053774,1.00707,1.04026,14476597.455784,0
SAND.V,D,20220704,000000,1.042075,1.223716,1.033781,1.211298,47066494.097206,0
SAND.V,D,20220705,000000,1.208348,1.229123,1.105483,1.196582,54663385.535458,0
SAND.V,D,20220706,000000,1.196682,1.282288,1.151132,1.253719,59438687.993928,0
SAND.V,D,20220707,000000,1.254419,1.317018,1.236538,1.285029,41925997.307517,0
SAND.V,D,20220708,000000,1.285897,1.313459,1.202371,1.226923,39119883.766738,0
SAND.V,D,20220709,000000,1.226005,1.247039,1.214394,1.230516,18643870.349208,0
SAND.V,D,20220710,000000,1.230426,1.236967,1.14714,1.165221,17581802.624096,0
SAND.V,D,20220711,000000,1.165217,1.165357,1.094683,1.115695,27457294.869277,0
SAND.V,D,20220712,000000,1.115428,1.152673,1.083361,1.102,35573406.063413,0
SAND.V,D,20220713,000000,1.10182,1.13981,1.05214,1.13568,53572211.869319,0
SAND.V,D,20220714,000000,1.13578,1.2174,1.11633,1.18298,70759137.702132,0
SAND.V,D,20220715,000000,1.18296,1.23101,1.1694,1.20181,61185145.777893,0
SAND.V,D,20220716,000000,1.20234,1.27137,1.19418,1.2443,54830163.533315,0
SAND.V,D,20220717,000000,1.24418,1.26571,1.17454,1.19935,42524568.515046,0
SAND.V,D,20220718,000000,1.19971,1.36845,1.17676,1.32317,122960504.96192,0
SAND.V,D,20220719,000000,1.323,1.47016,1.3211,1.45683,114509676.46881,0
SAND.V,D,20220720,000000,1.45673,1.49376,1.30487,1.35647,96733870.607542,0
SAND.V,D,20220721,000000,1.35607,1.39718,1.27504,1.37994,73579733.386676,0
SAND.V,D,20220722,000000,1.38085,1.43506,1.31855,1.33699,58876245.028798,0
SAND.V,D,20220723,000000,1.33689,1.37811,1.29398,1.32435,44513394.292445,0
SAND.V,D,20220724,000000,1.32411,1.3825,1.32292,1.3618,38939199.702903,0
SAND.V,D,20220725,000000,1.362,1.37568,1.22412,1.2567,49788291.074212,0
SAND.V,D,20220726,000000,1.25661,1.25863,1.12886,1.14826,47187084.455939,0
SAND.V,D,20220727,000000,1.14766,1.30298,1.14706,1.29284,47226641.909677,0
SAND.V,D,20220728,000000,1.29261,1.39131,1.2623,1.37197,74285319.749076,0
SAND.V,D,20220729,000000,1.37187,1.40887,1.29059,1.33225,70897796.970966,0
SAND.V,D,20220730,000000,1.33285,1.4317,1.30856,1.34674,68013781.94201,0
SAND.V,D,20220731,000000,1.34596,1.38919,1.31797,1.34091,45504281.65548,0
SAND.V,D,20220801,000000,1.34233,1.3495,1.27114,1.30369,47132438.915066,0
SAND.V,D,20220802,000000,1.30239,1.34811,1.24239,1.28452,51459501.739902,0
SAND.V,D,20220803,000000,1.28494,1.31624,1.22908,1.29242,37498133.032581,0
SAND.V,D,20220804,000000,1.2926,1.34501,1.25396,1.28144,47614904.428417,0
SAND.V,D,20220805,000000,1.28154,1.35474,1.27994,1.32092,38533926.306948,0
SAND.V,D,20220806,000000,1.32091,1.37385,1.31787,1.33454,30394033.668705,0
SAND.V,D,20220807,000000,1.33446,1.34341,1.29506,1.33334,22962609.126562,0
SAND.V,D,20220808,000000,1.33332,1.39177,1.31504,1.35631,51303582.89397,0
SAND.V,D,20220809,000000,1.3561,1.3839,1.26143,1.29615,52410273.576746,0
SAND.V,D,20220810,000000,1.29621,1.35068,1.25818,1.33576,43368283.039518,0
SAND.V,D,20220811,000000,1.3359,1.37042,1.31595,1.33335,49651296.219812,0
SAND.V,D,20220812,000000,1.33314,1.33376,1.28753,1.31465,33497548.84399,0
SAND.V,D,20220813,000000,1.31471,1.38866,1.31039,1.33463,54152661.597851,0
SAND.V,D,20220814,000000,1.33459,1.42685,1.31216,1.33724,89015919.866027,0
SAND.V,D,20220815,000000,1.3367,1.39954,1.29543,1.30763,63917665.400571,0
SAND.V,D,20220816,000000,1.30767,1.32458,1.26085,1.2756,44898132.195573,0
SAND.V,D,20220817,000000,1.27561,1.31375,1.20686,1.21812,53688410.250689,0
SAND.V,D,20220818,000000,1.21814,1.23987,1.19765,1.20984,41222701.520109,0
SAND.V,D,20220819,000000,1.21009,1.21218,1.03466,1.03974,73000966.881028,0
SAND.V,D,20220820,000000,1.04104,1.07904,1.00562,1.0379,61456495.807289,0
SAND.V,D,20220821,000000,1.03783,1.08416,1.0295,1.07392,34817490.924994,0
SAND.V,D,20220822,000000,1.07321,1.08063,1.01038,1.02163,41677202.119923,0
SAND.V,D,20220823,000000,1.02177,1.06489,1.01739,1.05362,34329354.680798,0
SAND.V,D,20220824,000000,1.0542,1.0769,1.02787,1.0601,34135242.980526,0
SAND.V,D,20220825,000000,1.06096,1.07163,1.03353,1.05419,36195005.047543,0
SAND.V,D,20220826,000000,1.05478,1.05946,0.97568,0.9889,40905279.162604,0
SAND.V,D,20220827,000000,0.98908,0.99219,0.93513,0.95478,44408386.553658,0
SAND.V,D,20220828,000000,0.95424,0.97986,0.94986,0.95931,27117996.994692,0
SAND.V,D,20220829,000000,0.95874,0.98488,0.91719,0.98072,39531627.559731,0
SAND.V,D,20220830,000000,0.98047,1.000739,0.931915,0.953826,32237723.014346,0
SAND.V,D,20220831,000000,0.954075,0.981612,0.938228,0.95779,31752656.64912,0
SAND.V,D,20220901,000000,0.95769,0.95999,0.907108,0.936985,40401273.013277,0
SAND.V,D,20220902,000000,0.936926,0.957821,0.916675,0.925558,71013764.295284,0
SAND.V,D,20220903,000000,0.925636,0.931689,0.912444,0.924905,48516307.960539,0
SAND.V,D,20220904,000000,0.924592,0.975253,0.920989,0.966576,77100250.596011,0
SAND.V,D,20220905,000000,0.9636,0.972397,0.9369,0.950795,42720510.410356,0
SAND.V,D,20220906,000000,0.950695,0.977398,0.8731,0.8856,42359583.022005,0
SAND.V,D,20220907,000000,0.8855,0.911191,0.851666,0.907264,34002221.66265,0
SAND.V,D,20220908,000000,0.909355,0.913105,0.888614,0.900863,47393544.612025,0
SAND.V,D,20220909,000000,0.920069,0.995455,0.920069,0.978458,80725304.603293,0
SAND.V,D,20220910,000000,0.978487,1.024435,0.964663,0.983983,107403403.85505,0
SAND.V,D,20220911,000000,0.984642,0.995677,0.954594,0.959911,93000665.805772,0
SAND.V,D,20220912,000000,0.959621,0.99939,0.949696,0.969081,95149474.006762,0
SAND.V,D,20220913,000000,0.96878,0.971976,0.878278,0.893588,133022259.17125,0
SAND.V,D,20220914,000000,0.887753,0.898112,0.867628,0.897259,84838016.269201,0
SAND.V,D,20220915,000000,0.897654,0.902871,0.855278,0.864557,102247804.65266,0
SAND.V,D,20220916,000000,0.863202,0.879565,0.844357,0.876934,64513952.492819,0
SAND.V,D,20220917,000000,0.876927,0.908338,0.870985,0.90148,77069951.474409,0
SAND.V,D,20220918,000000,0.901479,0.917511,0.812579,0.837465,100484918.60256,0
SAND.V,D,20220919,000000,0.836866,0.860015,0.808135,0.856786,115820606.03631,0
SAND.V,D,20220920,000000,0.856129,0.865733,0.833133,0.846916,102256199.19154,0
SAND.V,D,20220921,000000,0.847073,0.887458,0.810962,0.817662,119132360.98082,0
SAND.V,D,20220922,000000,0.817662,0.898028,0.801513,0.885801,125096944.24388,0
SAND.V,D,20220923,000000,0.882614,0.937792,0.849084,0.921834,187042819.01747,0
SAND.V,D,20220924,000000,0.921717,0.946875,0.89324,0.894894,115141531.71255,0
SAND.V,D,20220925,000000,0.894732,0.900321,0.856167,0.861871,104643552.01477,0
SAND.V,D,20220926,000000,0.861948,0.869835,0.835678,0.847794,101538906.02552,0
SAND.V,D,20220927,000000,0.847771,0.889831,0.833084,0.844481,123267074.3462,0
SAND.V,D,20220928,000000,0.844258,0.85593,0.814366,0.851097,100376644.92926,0
SAND.V,D,20220929,000000,0.851037,0.858479,0.827054,0.848531,84936264.088613,0
SAND.V,D,20220930,000000,0.848731,0.866828,0.833446,0.835863,92113481.854586,0
SAND.V,D,20221001,000000,0.835841,0.846901,0.829429,0.836378,72881404.179742,0
SAND.V,D,20221002,000000,0.836546,0.839282,0.820406,0.825104,74530911.071841,0
SAND.V,D,20221003,000000,0.824073,0.831134,0.800641,0.828291,96908461.125715,0
SAND.V,D,20221004,000000,0.828361,0.854477,0.827074,0.849453,99632773.489247,0
SAND.V,D,20221005,000000,0.850309,0.874809,0.834193,0.865969,118684311.30617,0
SAND.V,D,20221006,000000,0.857014,0.872556,0.844535,0.84933,112554020.19882,0
SAND.V,D,20221007,000000,0.844766,0.846504,0.82458,0.832076,80291005.417368,0
SAND.V,D,20221008,000000,0.833523,0.841656,0.821975,0.822417,68238493.786837,0
SAND.V,D,20221009,000000,0.822011,0.837801,0.82131,0.832263,54474975.573847,0
SAND.V,D,20221010,000000,0.832263,0.842,0.818899,0.821307,55509641.040736,0
SAND.V,D,20221011,000000,0.821389,0.822336,0.77621,0.780211,149166576.78244,0
SAND.V,D,20221012,000000,0.780226,0.788427,0.772169,0.782696,50275860.581445,0
SAND.V,D,20221013,000000,0.782802,0.782977,0.695255,0.769932,133708212.33144,0
SAND.V,D,20221014,000000,0.76992,0.797407,0.747639,0.748181,79132818.896187,0
SAND.V,D,20221015,000000,0.74768,0.777498,0.744764,0.768285,76312442.408159,0
SAND.V,D,20221016,000000,0.768254,0.787043,0.757103,0.784438,90763963.77989,0
SAND.V,D,20221017,000000,0.772585,0.794967,0.771184,0.784743,75189332.27988,0
SAND.V,D,20221018,000000,0.784737,0.804563,0.757646,0.77265,71273994.228909,0
SAND.V,D,20221019,000000,0.772481,0.775278,0.746753,0.75526,72282923.922712,0
SAND.V,D,20221020,000000,0.75182,0.753642,0.717217,0.725981,81948935.033329,0
SAND.V,D,20221021,000000,0.725744,0.744318,0.698477,0.740359,112387919.61603,0
SAND.V,D,20221022,000000,0.740305,0.74693,0.729197,0.743383,82170227.010395,0
SAND.V,D,20221023,000000,0.743518,0.755311,0.726771,0.750748,108120973.05276,0
SAND.V,D,20221024,000000,0.75114,0.764903,0.728896,0.739395,92482145.337754,0
SAND.V,D,20221025,000000,0.736661,0.777828,0.732582,0.769633,124095658.41386,0
SAND.V,D,20221026,000000,0.771316,0.786999,0.757397,0.783671,133094595.9001,0
SAND.V,D,20221027,000000,0.784164,0.822411,0.765029,0.772586,167922230.44289,0
SAND.V,D,20221028,000000,0.772299,0.805401,0.76168,0.799953,137569648.89975,0
SAND.V,D,20221029,000000,0.7979,0.834034,0.796127,0.816945,161116095.47322,0
SAND.V,D,20221030,000000,0.816961,0.944316,0.799386,0.855192,371324741.74616,0
SAND.V,D,20221031,000000,0.8557,0.912264,0.847654,0.881198,231485401.25885,0
SAND.V,D,20221101,000000,0.874833,0.913535,0.861368,0.863641,123604855.21936,0
SAND.V,D,20221102,000000,0.863633,0.86853,0.791518,0.804468,184816778.89788,0
SAND.V,D,20221103,000000,0.804163,0.849077,0.804163,0.80842,179733733.49474,0
SAND.V,D,20221104,000000,0.808238,0.886423,0.802554,0.882204,185579391.18667,0
SAND.V,D,20221105,000000,0.882111,0.983594,0.877143,0.92323,266144862.00686637,0
SAND.V,D,20221106,000000,0.922842,0.923961,0.861172,0.866797,132706067.22899665,0
SAND.V,D,20221107,000000,0.867088,0.867157,0.818219,0.832833,150328647.4316084,0
SAND.V,D,20221108,000000,0.833406,0.862505,0.670906,0.697814,211964034.6662004,0
SAND.V,D,20221109,000000,0.697849,0.721373,0.561071,0.571412,189762309.19146135,0
SAND.V,D,20221110,000000,0.574512,0.728919,0.564062,0.678745,134743695.1452783,0
SAND.V,D,20221111,000000,0.678869,0.765448,0.606792,0.627484,92763307.34280555,0
SAND.V,D,20221112,000000,0.627015,0.639897,0.586159,0.597131,115798662.09750089,0
SAND.V,D,20221113,000000,0.597305,0.670671,0.573987,0.588909,152832260.6572528,0
SAND.V,D,20221114,000000,0.592719,0.608547,0.547682,0.580554,128325462.40664518,0
SAND.V,D,20221115,000000,0.580484,0.617004,0.578126,0.597982,77519335.37367637,0
SAND.V,D,20221116,000000,0.599976,0.607311,0.568661,0.586671,71091074.21906467,0
SAND.V,D,20221117,000000,0.586651,0.590456,0.562934,0.580206,114621025.60560717,0
SAND.V,D,20221118,000000,0.580626,0.58988,0.569423,0.573707,131511564.14452384,0
SAND.V,D,20221119,000000,0.57366,0.61916,0.56508,0.595956,186586368.24466124,0
SAND.V,D,20221120,000000,0.595962,0.599955,0.546112,0.554749,154932830.3802636,0
SAND.V,D,20221121,000000,0.546631,0.559666,0.519507,0.532561,144560030.2559852,0
SAND.V,D,20221122,000000,0.532049,0.555111,0.517959,0.55122,177483264.99269164,0
SAND.V,D,20221123,000000,0.550432,0.571311,0.550182,0.566283,116011710.02792567,0
SAND.V,D,20221124,000000,0.566285,0.590886,0.552779,0.56277,71923133.9402729,0
SAND.V,D,20221125,000000,0.562125,0.565602,0.54549,0.562967,51729026.247504435,0
SAND.V,D,20221126,000000,0.565308,0.58143,0.556532,0.55756,50105350.924365245,0
SAND.V,D,20221127,000000,0.557581,0.592725,0.557278,0.58461,57137600.35049531,0
SAND.V,D,20221128,000000,0.58471,0.586119,0.535912,0.552336,79040088.60707851,0
SAND.V,D,20221129,000000,0.553294,0.571683,0.54678,0.563145,71963426.09155576,0
SAND.V,D,20221130,000000,0.563541,0.588272,0.56146,0.586932,63514892.26834832,0
SAND.V,D,20221201,000000,0.587166,0.596704,0.575241,0.57872,66026399.06339654,0
SAND.V,D,20221202,000000,0.578779,0.607889,0.573505,0.60385,70201203.94980374,0
SAND.V,D,20221203,000000,0.604303,0.60605,0.572566,0.576072,57780573.96285405,0
SAND.V,D,20221204,000000,0.575662,0.590335,0.5755,0.586448,52531246.53386388,0
SAND.V,D,20221205,000000,0.586482,0.634267,0.586111,0.614132,124348418.53237075,0
SAND.V,D,20221206,000000,0.614181,0.619801,0.60142,0.605228,80934457.08974081,0
SAND.V,D,20221207,000000,0.604282,0.624892,0.566834,0.581285,84822521.38346611,0
SAND.V,D,20221208,000000,0.581285,0.599588,0.571405,0.594351,56751526.9916039,0
SAND.V,D,20221209,000000,0.5944,0.596336,0.576684,0.578459,59651004.76455862,0
SAND.V,D,20221210,000000,0.57856,0.586872,0.57802,0.579769,46206159.45379055,0
SAND.V,D,20221211,000000,0.579769,0.58554,0.560568,0.563093,47492348.49523085,0
SAND.V,D,20221212,000000,0.562904,0.566125,0.547185,0.557839,46378134.232625976,0
SAND.V,D,20221213,000000,0.557665,0.575047,0.53345,0.563558,62597883.28156411,0
SAND.V,D,20221214,000000,0.563604,0.581862,0.549172,0.554768,75342225.79872704,0
SAND.V,D,20221215,000000,0.554797,0.555271,0.538115,0.539674,62327687.852773465,0
SAND.V,D,20221216,000000,0.539682,0.543108,0.456681,0.473353,92631586.73499678,0
SAND.V,D,20221217,000000,0.473353,0.481767,0.459818,0.479545,72643234.12570558,0
SAND.V,D,20221218,000000,0.479357,0.481667,0.472813,0.47425,23348455.101133022,0
SAND.V,D,20221219,000000,0.474972,0.474982,0.419686,0.428511,68905954.42801914,0
SAND.V,D,20221220,000000,0.428381,0.453201,0.427696,0.449729,71159646.37596555,0
SAND.V,D,20221221,000000,0.449729,0.452724,0.430653,0.436842,70360910.56891184,0
SAND.V,D,20221222,000000,0.436842,0.450902,0.423459,0.442913,73150050.41662419,0
SAND.V,D,20221223,000000,0.44261,0.459781,0.44201,0.455764,80349011.6032879,0
SAND.V,D,20221224,000000,0.456019,0.456627,0.445248,0.44631,52281122.329485334,0
SAND.V,D,20221225,000000,0.446341,0.450494,0.43417,0.441489,69479690.25857554,0
SAND.V,D,20221226,000000,0.441569,0.446472,0.436756,0.439199,78178258.96978965,0
SAND.V,D,20221227,000000,0.438799,0.448536,0.433477,0.436033,98658200.7923163,0
SAND.V,D,20221228,000000,0.436039,0.439152,0.407046,0.409856,132721542.63744271,0
SAND.V,D,20221229,000000,0.409664,0.413223,0.391059,0.397941,123408529.89241573,0
SAND.V,D,20221230,000000,0.397904,0.402539,0.380184,0.386361,107950144.4799876,0
SAND.V,D,20221231,000000,0.386626,0.391561,0.379277,0.380685,78658642.99689515,0
SAND.V,D,20230101,000000,0.380884,0.389204,0.375297,0.388168,88612063.79330353,0
SAND.V,D,20230102,000000,0.388244,0.413356,0.380392,0.409284,96475559.40399048,0
SAND.V,D,20230103,000000,0.409254,0.413978,0.401651,0.410413,85368736.84259978,0
SAND.V,D,20230104,000000,0.410325,0.442202,0.410244,0.430719,143945869.33374017,0
SAND.V,D,20230105,000000,0.430657,0.443969,0.42425,0.427784,112875541.94019037,0
SAND.V,D,20230106,000000,0.428073,0.433471,0.407076,0.431667,123561439.07832351,0
SAND.V,D,20230107,000000,0.432061,0.473454,0.428978,0.453433,162138531.73749426,0
SAND.V,D,20230108,000000,0.452214,0.514349,0.443003,0.497639,220504419.53039172,0
SAND.V,D,20230109,000000,0.497841,0.542776,0.488216,0.518894,206945989.53435645,0
SAND.V,D,20230110,000000,0.517685,0.527379,0.504423,0.515973,132061379.74653083,0
SAND.V,D,20230111,000000,0.51673,0.520184,0.487431,0.512454,102821858.66415082,0
SAND.V,D,20230112,000000,0.512901,0.544689,0.498077,0.532149,128075742.94314148,0
SAND.V,D,20230113,000000,0.531852,0.630557,0.524846,0.611155,197456635.12523606,0
SAND.V,D,20230114,000000,0.611445,0.71197,0.610085,0.656432,254804618.00897196,0
SAND.V,D,20230115,000000,0.656532,0.753756,0.617941,0.724046,240049345.46329403,0
SAND.V,D,20230116,000000,0.724189,0.734234,0.667332,0.704115,177844539.9898952,0
SAND.V,D,20230117,000000,0.704315,0.759308,0.680636,0.707072,122944974.85087758,0
SAND.V,D,20230118,000000,0.707677,0.754208,0.666058,0.710089,152347115.6986717,0
SAND.V,D,20230119,000000,0.711927,0.719134,0.676386,0.702767,80413931.16602542,0
SAND.V,D,20230120,000000,0.701572,0.774425,0.680686,0.758729,90975558.91041763,0
SAND.V,D,20230121,000000,0.759439,0.836234,0.759439,0.797625,158255257.0953189,0
SAND.V,D,20230122,000000,0.79645,0.850079,0.766369,0.79546,108701724.0164713,0
SAND.V,D,20230123,000000,0.795559,0.825624,0.77935,0.789918,85998873.93940325,0
SAND.V,D,20230124,000000,0.789917,0.806388,0.713491,0.729493,62776018.4192755,0
SAND.V,D,20230125,000000,0.728822,0.777155,0.705819,0.747827,84930816.25410365,0
SAND.V,D,20230126,000000,0.747929,0.766833,0.71715,0.73656,71578953.44125713,0
SAND.V,D,20230127,000000,0.736625,0.758314,0.711488,0.73895,60644266.21041163,0
SAND.V,D,20230128,000000,0.73865,0.777145,0.723546,0.732638,80004049.63290338,0
SAND.V,D,20230129,000000,0.732748,0.80004,0.725766,0.787438,119260587.08109707,0
SAND.V,D,20230130,000000,0.787968,0.80664,0.703616,0.716549,83456684.3590881,0
SAND.V,D,20230131,000000,0.721365,0.738753,0.710555,0.732265,55342808.367414095,0
SAND.V,D,20230201,000000,0.73246,0.773792,0.6853,0.761645,81184079.82586658,0
SAND.V,D,20230202,000000,0.761547,0.79848,0.734946,0.752459,88132046.90819848,0
SAND.V,D,20230203,000000,0.752251,0.775033,0.740718,0.763562,71688291.42705095,0
SAND.V,D,20230204,000000,0.764162,0.807464,0.747951,0.780269,77436780.87620902,0
SAND.V,D,20230205,000000,0.778754,0.782569,0.716415,0.733782,84934323.44408524,0
SAND.V,D,20230206,000000,0.733576,0.744793,0.710128,0.71703,86011124.47934149,0
SAND.V,D,20230207,000000,0.716943,0.927229,0.6997,0.892653,227743694.1929861,0
SAND.V,D,20230208,000000,0.892761,0.941302,0.812606,0.848269,255961902.83248168,0
SAND.V,D,20230209,000000,0.848569,0.859244,0.707983,0.718465,95173196.34606378,0
SAND.V,D,20230210,000000,0.719073,0.755675,0.712451,0.728908,69611405.30246495,0
SAND.V,D,20230211,000000,0.728756,0.750829,0.72314,0.744967,50139943.67945751,0
SAND.V,D,20230212,000000,0.744566,0.749278,0.684996,0.705069,59437000.43553258,0
SAND.V,D,20230213,000000,0.705572,0.706464,0.652285,0.673062,76413650.39272918,0
SAND.V,D,20230214,000000,0.67317,0.722581,0.662816,0.708868,95264167.05729358,0
SAND.V,D,20230215,000000,0.709085,0.76885,0.692978,0.751343,135233376.63921186,0
SAND.V,D,20230216,000000,0.750444,0.808246,0.720085,0.721946,212412734.76544622,0
SAND.V,D,20230217,000000,0.720246,0.768131,0.715879,0.763377,106959782.40433398,0
SAND.V,D,20230218,000000,0.764316,0.788548,0.753517,0.76473,63449408.58929469,0
SAND.V,D,20230219,000000,0.764721,0.832563,0.759813,0.792385,122712029.37837215,0
SAND.V,D,20230220,000000,0.792543,0.891079,0.750631,0.829965,260425841.38126978,0
SAND.V,D,20230221,000000,0.829683,0.84743,0.767878,0.777046,132037585.47065401,0
SAND.V,D,20230222,000000,0.777733,0.787627,0.732258,0.752701,68879291.4394658,0
SAND.V,D,20230223,000000,0.766147,0.779448,0.74304,0.754754,62275130.889980055,0
SAND.V,D,20230224,000000,0.754805,0.766445,0.705008,0.713394,77113921.45838109,0
SAND.V,D,20230225,000000,0.713592,0.724357,0.670901,0.702148,69177172.83232655,0
SAND.V,D,20230226,000000,0.702269,0.723357,0.700343,0.712116,41999271.32947594,0
SAND.V,D,20230227,000000,0.712135,0.732545,0.694969,0.711411,51614654.739547685,0
SAND.V,D,20230228,000000,0.711337,0.718864,0.677677,0.685789,52103767.98420384,0
SAND.V,D,20230301,000000,0.685531,0.714156,0.675902,0.70079,40962993.4061953,0
SAND.V,D,20230302,000000,0.700697,0.709745,0.673275,0.691163,38647140.3487494,0
SAND.V,D,20230303,000000,0.691156,0.692461,0.605641,0.638746,114136799.91588876,0
SAND.V,D,20230304,000000,0.640537,0.657738,0.604955,0.614742,52229499.781007245,0
SAND.V,D,20230305,000000,0.613949,0.639919,0.613744,0.617769,39642092.68681127,0
SAND.V,D,20230306,000000,0.617718,0.639881,0.59909,0.630055,65729652.98465359,0
SAND.V,D,20230307,000000,0.630863,0.635688,0.590616,0.601769,63635509.06543336,0
SAND.V,D,20230308,000000,0.601671,0.612699,0.561536,0.569465,51044021.253600925,0
SAND.V,D,20230309,000000,0.569844,0.589612,0.519885,0.528954,67619100.2693735,0
SAND.V,D,20230310,000000,0.528854,0.541016,0.505116,0.53932,81652839.25079973,0
SAND.V,D,20230311,000000,0.539604,0.557152,0.512377,0.526638,67011656.65321455,0
SAND.V,D,20230312,000000,0.526657,0.586986,0.518326,0.575027,64377175.61687166,0
SAND.V,D,20230313,000000,0.575405,0.628289,0.562655,0.62378,97501081.30110162,0
SAND.V,D,20230314,000000,0.623276,0.670363,0.600786,0.63992,85268829.33452184,0
SAND.V,D,20230315,000000,0.64476,0.656198,0.572492,0.587695,87970492.87335123,0
SAND.V,D,20230316,000000,0.587971,0.603086,0.577349,0.59546,50820078.08922386,0
SAND.V,D,20230317,000000,0.595554,0.688377,0.589902,0.678825,63570695.27169139,0
SAND.V,D,20230318,000000,0.678832,0.725572,0.666495,0.676261,114260691.98703514,0
SAND.V,D,20230319,000000,0.676261,0.706498,0.666199,0.693774,54671283.498892486,0
SAND.V,D,20230320,000000,0.692994,0.716309,0.645542,0.666044,92257664.15508296,0
SAND.V,D,20230321,000000,0.665746,0.689333,0.627645,0.672087,61688711.95897703,0
SAND.V,D,20230322,000000,0.672087,0.677157,0.622514,0.633597,73821265.3452249,0
SAND.V,D,20230323,000000,0.633632,0.673892,0.629302,0.657872,46281700.69864129,0
SAND.V,D,20230324,000000,0.657822,0.664425,0.617807,0.631651,47408601.04381614,0
SAND.V,D,20230325,000000,0.631771,0.643939,0.614379,0.621695,41355077.794142775,0
SAND.V,D,20230326,000000,0.621603,0.640444,0.618471,0.629349,23549814.198536392,0
SAND.V,D,20230327,000000,0.628491,0.635316,0.580546,0.590244,52148593.68355201,0
SAND.V,D,20230328,000000,0.590078,0.617261,0.587716,0.610037,34474845.544187374,0
SAND.V,D,20230329,000000,0.610139,0.647651,0.609864,0.641615,44745973.11683803,0
SAND.V,D,20230330,000000,0.641899,0.641992,0.606195,0.615273,40453512.327985115,0
SAND.V,D,20230331,000000,0.615371,0.631937,0.602714,0.629425,26403077.512672573,0
SAND.V,D,20230401,000000,0.629425,0.632885,0.618504,0.630526,27328669.326069452,0
SAND.V,D,20230402,000000,0.629234,0.645284,0.607513,0.61128,45031243.72420259,0
SAND.V,D,20230403,000000,0.61148,0.63118,0.596596,0.612069,59951690.500311375,0
SAND.V,D,20230404,000000,0.609644,0.641176,0.609539,0.635872,59740304.68982054,0
SAND.V,D,20230405,000000,0.635917,0.650449,0.626839,0.642832,38230349.529845685,0
SAND.V,D,20230406,000000,0.642909,0.659525,0.628524,0.633523,56140546.91043982,0
SAND.V,D,20230407,000000,0.633623,0.661377,0.629325,0.651206,63594692.66920915,0
SAND.V,D,20230408,000000,0.653854,0.657828,0.634456,0.636449,34110547.062285274,0
SAND.V,D,20230409,000000,0.636349,0.641333,0.622068,0.640328,27420701.15739259,0
SAND.V,D,20230410,000000,0.640328,0.651097,0.626033,0.650321,31558093.297934342,0
SAND.V,D,20230411,000000,0.650305,0.659128,0.646156,0.648466,49915992.99845937,0
SAND.V,D,20230412,000000,0.64854,0.672564,0.62114,0.645502,89174432.79608484,0
SAND.V,D,20230413,000000,0.645503,0.668502,0.641529,0.664638,77049652.48743495,0
SAND.V,D,20230414,000000,0.665039,0.692006,0.65355,0.682665,98074395.49806176,0
SAND.V,D,20230415,000000,0.682558,0.703377,0.678332,0.683315,92971735.52104138,0
SAND.V,D,20230416,000000,0.682813,0.698022,0.669981,0.695887,67598954.84801261,0
SAND.V,D,20230417,000000,0.695974,0.698077,0.671682,0.680587,98324693.02114068,0
SAND.V,D,20230418,000000,0.680526,0.71573,0.679655,0.69752,148029424.08853585,0
SAND.V,D,20230419,000000,0.697728,0.705336,0.625584,0.642733,145101767.01860583,0
