<TICKER>,<PER>,<DATE>,<TIME>,<OPEN>,<HIGH>,<LOW>,<CLOSE>,<VOL>,<OPENINT>
SAPP.V,D,20220516,000000,0.771729,0.771729,0.679073,0.679073,0.0031449764,0
SAPP.V,D,20220517,000000,0.788131,0.788131,0.788131,0.788131,0.03417961,0
SAPP.V,D,20220518,000000,0.791452,0.791452,0.774281,0.774281,0.0208847112,0
SAPP.V,D,20220519,000000,0.758585,0.775644,0.758585,0.775644,0.0490661047,0
SAPP.V,D,20220520,000000,0.777775,0.777775,0.743362,0.753689,0.408926884,0
SAPP.V,D,20220521,000000,0.758519,0.758519,0.758519,0.758519,0.01902131,0
SAPP.V,D,20220522,000000,0.758815,0.78,0.758815,0.778018,9.373759505999999,0
SAPP.V,D,20220523,000000,0.789801,0.790787,0.786082,0.786082,0.057334699999999995,0
SAPP.V,D,20220524,000000,0.754921,0.758418,0.748174,0.748174,5.668652111179999,0
SAPP.V,D,20220525,000000,0.765273,0.778117,0.755686,0.77782,0.0461611665,0
SAPP.V,D,20220526,000000,0.771597,0.771597,0.756497,0.769532,0.09149960557,0
SAPP.V,D,20220527,000000,0.752011,0.752011,0.746138,0.746138,4.654407955,0
SAPP.V,D,20220528,000000,0.743917,0.749793,0.743917,0.749793,0.024752018400000003,0
SAPP.V,D,20220529,000000,0.739208,0.745359,0.738198,0.738198,14.084520580000001,0
SAPP.V,D,20220530,000000,0.721517,0.756505,0.721517,0.751724,0.54977723,0
SAPP.V,D,20220531,000000,0.755057,0.755057,0.755057,0.755057,6.257263,0
SAPP.V,D,20220601,000000,0.733617,0.764257,0.723718,0.723718,0.04093052899999999,0
SAPP.V,D,20220602,000000,0.681249,0.688786,0.681249,0.688786,0.27019902490000003,0
SAPP.V,D,20220603,000000,0.63223,0.661933,0.63223,0.661933,0.18822613200000002,0
SAPP.V,D,20220604,000000,0.564543,0.750304,0.564543,0.750304,2.843709988,0
SAPP.V,D,20220605,000000,0.749567,0.756014,0.749567,0.756014,0.06549355879999999,0
SAPP.V,D,20220606,000000,0.771265,0.782264,0.771265,0.782264,0.0260636298,0
SAPP.V,D,20220607,000000,0.758097,0.785154,0.748062,0.785154,0.038226836300000004,0
SAPP.V,D,20220608,000000,0.768698,0.768698,0.756251,0.756251,0.1380558649,0
SAPP.V,D,20220609,000000,0.752769,0.757265,0.746469,0.746469,0.197884631,0
SAPP.V,D,20220610,000000,0.74263,0.752155,0.739381,0.739381,1.2609126309,0
SAPP.V,D,20220611,000000,0.780342,0.780693,0.780342,0.780693,0.0018166471999999999,0
SAPP.V,D,20220612,000000,0.763968,0.763968,0.732522,0.751699,8.493423049,0
SAPP.V,D,20220613,000000,0.693061,0.752202,0.693061,0.752202,14.852299000000002,0
SAPP.V,D,20220614,000000,0.732194,0.756447,0.732194,0.7396,26.979408260200003,0
SAPP.V,D,20220615,000000,0.72531,0.72531,0.688644,0.718409,0.93117928069,0
SAPP.V,D,20220616,000000,0.73674,0.74062,0.714449,0.714449,0.44786446199999996,0
SAPP.V,D,20220617,000000,0.714449,0.714449,0.685916,0.698189,9.387076567,0
SAPP.V,D,20220618,000000,0.694043,0.694043,0.615722,0.633131,17.02658712,0
SAPP.V,D,20220619,000000,0.627753,0.672362,0.627753,0.672362,28.853549,0
SAPP.V,D,20220620,000000,0.694037,0.699515,0.694037,0.699515,0.0253993465,0
SAPP.V,D,20220621,000000,0.718761,0.745141,0.718761,0.745141,0.4498378811,0
SAPP.V,D,20220622,000000,0.703397,0.703397,0.697938,0.6986,0.42484399219999996,0
SAPP.V,D,20220623,000000,0.707313,0.717074,0.707313,0.717074,7.271236,0
SAPP.V,D,20220624,000000,0.73142,0.7452,0.73142,0.7452,14.726348199999999,0
SAPP.V,D,20220625,000000,0.744462,0.749949,0.737633,0.741671,0.20543383059999998,0
SAPP.V,D,20220626,000000,0.746422,0.746422,0.744318,0.744318,1.388429763,0
SAPP.V,D,20220627,000000,0.736818,0.743654,0.718472,0.730689,3.8713852897,0
SAPP.V,D,20220628,000000,0.731224,0.731224,0.724943,0.724943,0.9031026082,0
SAPP.V,D,20220629,000000,0.699166,0.711865,0.689765,0.711865,31.557574413999998,0
SAPP.V,D,20220630,000000,0.71243,0.71243,0.674088,0.684716,27.2856906295,0
SAPP.V,D,20220701,000000,0.704039,0.707932,0.700055,0.707932,11.805399465999999,0
SAPP.V,D,20220702,000000,0.700771,0.708448,0.700771,0.708448,0.2942161431,0
SAPP.V,D,20220703,000000,0.706757,0.715837,0.700477,0.715837,10.957420444499999,0
SAPP.V,D,20220704,000000,0.740169,0.741117,0.740169,0.741117,21.78283998,0
SAPP.V,D,20220705,000000,0.754153,0.77442,0.713069,0.759591,3.99597291,0
SAPP.V,D,20220706,000000,0.760431,0.760431,0.760431,0.760431,0.246439,0
SAPP.V,D,20220707,000000,0.766791,0.766945,0.765289,0.76535,0.721013826,0
SAPP.V,D,20220708,000000,0.810883,0.830445,0.790317,0.815637,0.8075900890000001,0
SAPP.V,D,20220709,000000,0.801629,0.804065,0.799226,0.799226,0.278091991,0
SAPP.V,D,20220710,000000,0.786263,0.790566,0.77486,0.77486,5.33938115,0
SAPP.V,D,20220711,000000,0.771545,0.7753,0.766032,0.766032,0.3503121223,0
SAPP.V,D,20220712,000000,0.750126,0.750126,0.736488,0.736488,0.38239460010000004,0
SAPP.V,D,20220713,000000,0.736429,0.746945,0.723659,0.746945,28.829480560000004,0
SAPP.V,D,20220714,000000,0.763905,0.763905,0.744715,0.747069,0.0362433771,0
SAPP.V,D,20220715,000000,0.774927,0.807935,0.774927,0.807935,19.90862442,0
SAPP.V,D,20220716,000000,0.805814,0.818043,0.799521,0.818043,0.020620314,0
SAPP.V,D,20220717,000000,0.827239,0.827239,0.806705,0.806705,20.5984699,0
SAPP.V,D,20220718,000000,0.819024,0.856944,0.81866,0.835742,12.230620254000002,0
SAPP.V,D,20220719,000000,0.856278,0.911232,0.841554,0.900832,2.6037843389999997,0
SAPP.V,D,20220720,000000,0.903324,0.934705,0.903324,0.919172,23.762157249,0
SAPP.V,D,20220721,000000,0.885141,0.888006,0.868411,0.868411,0.0024350657000000004,0
SAPP.V,D,20220722,000000,0.888236,0.888236,0.888236,0.888236,0.003088061,0
SAPP.V,D,20220723,000000,0.892484,0.892484,0.871823,0.871823,10.611091493399998,0
SAPP.V,D,20220724,000000,0.891077,0.892358,0.88208,0.887574,2.8751035450000004,0
SAPP.V,D,20220725,000000,0.866281,0.874974,0.863154,0.874974,1.0431085378469998,0
SAPP.V,D,20220726,000000,0.869715,0.869715,0.826278,0.826278,22.32446716,0
SAPP.V,D,20220727,000000,0.843714,0.857729,0.843714,0.857729,1.2307294850000001,0
SAPP.V,D,20220728,000000,0.900378,0.92941,0.900378,0.92941,3.00312214,0
SAPP.V,D,20220729,000000,0.931683,0.943804,0.904468,0.904468,0.790470611876,0
SAPP.V,D,20220730,000000,0.907482,0.907482,0.904106,0.904106,0.097670227,0
SAPP.V,D,20220731,000000,0.907743,0.907743,0.903788,0.903788,5.412077508,0
SAPP.V,D,20220801,000000,0.88024,0.883684,0.874787,0.874787,0.46356730799999996,0
SAPP.V,D,20220802,000000,0.887911,0.887911,0.887911,0.887911,0.001284884,0
SAPP.V,D,20220803,000000,0.86492,0.895408,0.86492,0.895408,0.8595941203799999,0
SAPP.V,D,20220804,000000,0.868065,0.868065,0.868065,0.868065,0.001410055,0
SAPP.V,D,20220805,000000,0.860711,0.88209,0.860711,0.88209,0.6563606249999999,0
SAPP.V,D,20220807,000000,0.879874,0.881647,0.879874,0.881647,0.0743323722,0
SAPP.V,D,20220808,000000,0.925153,0.925153,0.91493,0.91493,0.278702982,0
SAPP.V,D,20220809,000000,0.896429,0.896429,0.896429,0.896429,0.0002376671,0
SAPP.V,D,20220810,000000,0.880275,0.880275,0.880275,0.880275,1.884604,0
SAPP.V,D,20220811,000000,0.925948,0.939802,0.925948,0.939802,0.0543740813,0
SAPP.V,D,20220812,000000,0.915631,0.923821,0.905457,0.923821,13.871891517,0
SAPP.V,D,20220813,000000,0.942277,0.942277,0.929152,0.929152,0.6818708689,0
SAPP.V,D,20220814,000000,0.927774,0.95013,0.926826,0.929,2.1663163922,0
SAPP.V,D,20220815,000000,0.916432,0.916432,0.9158,0.916412,2.726631281,0
SAPP.V,D,20220816,000000,0.916044,0.917948,0.902918,0.914091,4.490377780499999,0
SAPP.V,D,20220817,000000,0.887329,0.887895,0.887329,0.887895,0.367192834,0
SAPP.V,D,20220818,000000,0.869508,0.875379,0.869508,0.875379,0.22202075983,0
SAPP.V,D,20220819,000000,0.813828,0.813828,0.794808,0.804409,1.6082180397999999,0
SAPP.V,D,20220820,000000,0.774271,0.782434,0.774271,0.782434,0.09779104,0
SAPP.V,D,20220821,000000,0.78461,0.792258,0.78461,0.792258,0.47524204999999997,0
SAPP.V,D,20220822,000000,0.804857,0.807409,0.800411,0.801342,0.058228611,0
SAPP.V,D,20220823,000000,0.809486,0.809486,0.809486,0.809486,0.002868073,0
SAPP.V,D,20220825,000000,0.800152,0.800152,0.800152,0.800152,0.004089462,0
SAPP.V,D,20220826,000000,0.777997,0.777997,0.777997,0.777997,0.9175997,0
SAPP.V,D,20220827,000000,0.726161,0.726161,0.726161,0.726161,0.03876854,0
SAPP.V,D,20220831,000000,0.606183,0.695393,0.606183,0.695393,0.08506007,0
SAPP.V,D,20220901,000000,0.66924,0.66924,0.66924,0.66924,0,0
SAPP.V,D,20220902,000000,0.447157,0.447157,0.423161,0.423161,0.403546119,0
SAPP.V,D,20220903,000000,0.439765,0.439765,0.435846,0.435846,0.7979113818,0
SAPP.V,D,20220904,000000,0.438243,0.438243,0.43749,0.437932,2.1104783499999997,0
SAPP.V,D,20220905,000000,0.39595,0.39595,0.39595,0.39595,0,0
SAPP.V,D,20220906,000000,0.394708,0.394708,0.379351,0.379351,0.41317892100000003,0
SAPP.V,D,20220907,000000,0.379118,0.386579,0.379118,0.386579,66.7913075018,0
SAPP.V,D,20220908,000000,0.384156,0.387059,0.377575,0.387059,10.596826084,0
SAPP.V,D,20220909,000000,0.410506,0.425964,0.410506,0.425964,0.8972129460000002,0
SAPP.V,D,20220910,000000,0.429352,0.429933,0.423902,0.426784,2.0001373389999997,0
SAPP.V,D,20220911,000000,0.430026,0.431203,0.430026,0.431203,0.152569527,0
SAPP.V,D,20220912,000000,0.448358,0.469887,0.448358,0.469887,8.5197293,0
SAPP.V,D,20220913,000000,0.477318,0.477318,0.448349,0.448349,22.529605912,0
SAPP.V,D,20220914,000000,0.446852,0.449701,0.439968,0.441258,1.51534207,0
SAPP.V,D,20220915,000000,0.449535,0.449535,0.441133,0.441133,4.6484855199999995,0
SAPP.V,D,20220916,000000,0.439298,0.449772,0.439298,0.449772,2.8675125660000003,0
SAPP.V,D,20220917,000000,0.45705,0.467185,0.45705,0.46605,1.1684230020000002,0
SAPP.V,D,20220918,000000,0.468589,0.468589,0.461744,0.461744,2.97155363,0
SAPP.V,D,20220919,000000,0.439908,0.4554,0.433107,0.4554,2.31589792,0
SAPP.V,D,20220920,000000,0.461979,0.461979,0.45585,0.45585,3.62009689,0
SAPP.V,D,20220921,000000,0.450963,0.543586,0.450963,0.503483,1.5083000199999999,0
SAPP.V,D,20220922,000000,0.493203,0.559224,0.493203,0.518575,4.3299688614,0
SAPP.V,D,20220923,000000,0.519059,0.549877,0.519059,0.541591,49.5396815686928,0
SAPP.V,D,20220924,000000,0.548044,0.5667,0.548044,0.5667,63.60980813599999,0
SAPP.V,D,20220925,000000,0.569105,0.569105,0.563825,0.563825,0.8548287461999999,0
SAPP.V,D,20220926,000000,0.560361,0.572925,0.560361,0.572925,6.46707356,0
SAPP.V,D,20220927,000000,0.605561,0.606345,0.586469,0.586469,6.96222075,0
SAPP.V,D,20220928,000000,0.559201,0.574751,0.557727,0.574751,4.00791867171,0
SAPP.V,D,20220929,000000,0.593147,0.616777,0.589696,0.616777,28.281592301899998,0
SAPP.V,D,20220930,000000,0.680867,0.680867,0.655001,0.661851,22.60699927,0
SAPP.V,D,20221001,000000,0.663317,0.663317,0.655729,0.656144,0.07969904558,0
SAPP.V,D,20221002,000000,0.655333,0.655333,0.635881,0.642047,5.97895071,0
SAPP.V,D,20221003,000000,0.652422,0.652422,0.627708,0.629887,0.22126836,0
SAPP.V,D,20221004,000000,0.642671,0.642671,0.618315,0.62018,0.7024342480000001,0
SAPP.V,D,20221005,000000,0.631156,0.631156,0.602326,0.605207,0.13887195400000002,0
SAPP.V,D,20221006,000000,0.56987,0.686928,0.56987,0.618812,0.4067120231,0
SAPP.V,D,20221007,000000,0.56122,0.596793,0.559892,0.585572,0.195999426,0
SAPP.V,D,20221008,000000,0.596508,0.596508,0.53501,0.553378,0.51960664475,0
SAPP.V,D,20221009,000000,0.587145,0.587145,0.552704,0.560278,0.379654211,0
SAPP.V,D,20221010,000000,0.558066,0.558066,0.525768,0.525768,0.006607125500000001,0
SAPP.V,D,20221011,000000,0.519685,0.519685,0.172134,0.172134,11.17822578,0
SAPP.V,D,20221012,000000,0.195557,0.195557,0.107318,0.107318,14.751842660700001,0
SAPP.V,D,20221013,000000,0.064822,0.066778,0.051704,0.065653,2.9458922440000004,0
SAPP.V,D,20221014,000000,0.066179,0.149976,0.066179,0.149976,5.439696709,0
SAPP.V,D,20221017,000000,0.088597,0.088597,0.056786,0.056786,1.03145564,0
SAPP.V,D,20221018,000000,0.072061,0.072061,0.061788,0.061788,2.19233264,0
SAPP.V,D,20221019,000000,0.070976,0.070976,0.066166,0.069863,2.4997212720835003,0
SAPP.V,D,20221020,000000,0.072532,0.072544,0.068691,0.070398,0.2392781204723,0
SAPP.V,D,20221021,000000,0.067692,0.070004,0.067692,0.069963,1.13486374641,0
SAPP.V,D,20221022,000000,0.068384,0.070206,0.066151,0.066151,0.0832428703144,0
SAPP.V,D,20221023,000000,0.064832,0.064832,0.057479,0.057479,0.71444387,0
SAPP.V,D,20221024,000000,0.042717,0.046172,0.042717,0.046172,14.31740287,0
SAPP.V,D,20221025,000000,0.049095,0.049095,0.042617,0.043471,0.6840918758029999,0
SAPP.V,D,20221026,000000,0.04741,0.04741,0.045792,0.045792,0.3916708623499999,0
SAPP.V,D,20221027,000000,0.047788,0.0493253,0.047788,0.0479151,0.8041957429999999,0
SAPP.V,D,20221028,000000,0.0448333,0.048567,0.044743,0.048567,0.29793185139999995,0
SAPP.V,D,20221029,000000,0.0453517,0.0453517,0.0448047,0.0448047,1.26927394,0
SAPP.V,D,20221030,000000,0.0436878,0.0436878,0.0237863,0.0237863,0.195737688,0
SAPP.V,D,20221031,000000,0.0238333,0.0305863,0.0238333,0.0305863,5.605661,0
SAPP.V,D,20221101,000000,0.0274192,0.0331357,0.0242917,0.0331357,20.1318625,0
SAPP.V,D,20221102,000000,0.0408095,0.0408095,0.0408095,0.0408095,89.770153,0
SAPP.V,D,20221103,000000,0.0413043,0.0414068,0.0406278,0.0406278,0.04169222141,0
SAPP.V,D,20221104,000000,0.0541529,0.0559051,0.0541529,0.0559051,0.05117718,0
SAPP.V,D,20221105,000000,0.0533001,0.0596618,0.0533001,0.0596618,2.8145291,0
SAPP.V,D,20221106,000000,0.0616577,0.0638183,0.0616019,0.0637158,0.26566069906999995,0
SAPP.V,D,20221107,000000,0.0657697,0.0657697,0.0650037,0.0650037,47.39124995,0
SAPP.V,D,20221108,000000,0.0599714,0.0599714,0.0563988,0.0563988,8.6348488,0
SAPP.V,D,20221109,000000,0.0499117,0.053407,0.0462551,0.0462551,3.74085748837,0
SAPP.V,D,20221110,000000,0.0500306,0.0500306,0.0500306,0.0500306,1.25969,0
SAPP.V,D,20221111,000000,0.051107,0.0516999,0.0510428,0.0510428,0.091798554,0
SAPP.V,D,20221112,000000,0.0498357,0.0498357,0.0498357,0.0498357,0.0002970057,0
SAPP.V,D,20221114,000000,0.0484108,0.0484108,0.0484108,0.0484108,0.1413278,0
SAPP.V,D,20221115,000000,0.0497235,0.0506579,0.0410254,0.0410254,44.6069405812,0
SAPP.V,D,20221116,000000,0.0399052,0.0412079,0.0330673,0.0330673,0.0561373303,0
SAPP.V,D,20221117,000000,0.0307042,0.0321352,0.0307042,0.0321352,0.0171030174,0
SAPP.V,D,20221118,000000,0.0337864,0.0365854,0.0337864,0.0356537,1.525710692,0
SAPP.V,D,20221119,000000,0.0335802,0.0335802,0.0314277,0.0314277,0.0364524915,0
SAPP.V,D,20221120,000000,0.031976,0.031976,0.031976,0.031976,0.001214671,0
SAPP.V,D,20221121,000000,0.0308966,0.0308966,0.0296874,0.0296874,1.67234218,0
SAPP.V,D,20221122,000000,0.0277685,0.0277685,0.0265452,0.027517,1.3438603489999998,0
SAPP.V,D,20221123,000000,0.027825,0.027825,0.027825,0.027825,0.2264976,0
SAPP.V,D,20221124,000000,0.0315888,0.0315888,0.0313218,0.0313218,0.38974404,0
SAPP.V,D,20221125,000000,0.0257935,0.0277371,0.0257935,0.0277371,0.0901992817,0
SAPP.V,D,20221126,000000,0.0285387,0.0285387,0.027874,0.027874,0.0040000042,0
SAPP.V,D,20221127,000000,0.0274861,0.0286343,0.0274861,0.0286343,1.4849314999999998,0
SAPP.V,D,20221128,000000,0.025972,0.025972,0.025972,0.025972,0.003695999,0
SAPP.V,D,20221129,000000,0.0244933,0.0244933,0.0244933,0.0244933,0.004198006,0
SAPP.V,D,20221130,000000,0.0241957,0.025841,0.0241957,0.025841,0.15652183,0
SAPP.V,D,20221201,000000,0.0248631,0.0257905,0.0248631,0.0257905,0.09229601,0
SAPP.V,D,20221202,000000,0.0271146,0.0271146,0.0271146,0.0271146,2.180282,0
SAPP.V,D,20221203,000000,0.0221874,0.0244294,0.0198164,0.0244294,18.338150523800003,0
SAPP.V,D,20221204,000000,0.0268832,0.0268832,0.0228458,0.023241,0.2296164159,0
SAPP.V,D,20221205,000000,0.0225246,0.0225246,0.020973,0.020973,0.35499642,0
SAPP.V,D,20221206,000000,0.0214015,0.0214015,0.0203638,0.0203902,0.3273939477,0
SAPP.V,D,20221207,000000,0.0204992,0.0208604,0.0194935,0.0208566,5.03880742,0
SAPP.V,D,20221208,000000,0.0206811,0.0213494,0.0205606,0.0213494,1.55265044,0
SAPP.V,D,20221209,000000,0.0208327,0.0208327,0.0207627,0.0207627,0.7608049130000001,0
SAPP.V,D,20221210,000000,0.0204014,0.0218472,0.0202452,0.0207985,0.805234037,0
SAPP.V,D,20221212,000000,0.021476,0.021742,0.0212477,0.0212477,1.1358280299999999,0
SAPP.V,D,20221213,000000,0.0212598,0.0214364,0.0212598,0.0214364,0.46659561,0
SAPP.V,D,20221214,000000,0.0214938,0.0214938,0.021178,0.0213764,3.4347359399999995,0
SAPP.V,D,20221215,000000,0.0206758,0.0207034,0.0201925,0.0203306,1.47577341,0
SAPP.V,D,20221216,000000,0.0198627,0.0198627,0.0190273,0.0190273,1.28699519,0
SAPP.V,D,20221217,000000,0.0176635,0.0176635,0.0158612,0.0158612,0.70630682,0
SAPP.V,D,20221218,000000,0.0167786,0.0167786,0.0152389,0.0152389,0.7264161600000001,0
SAPP.V,D,20221219,000000,0.0153726,0.015727,0.014917,0.014917,3.11582936,0
SAPP.V,D,20221220,000000,0.0157563,0.0205073,0.0157563,0.0205073,0.42491240100000005,0
SAPP.V,D,20221221,000000,0.0178307,0.0182056,0.0178307,0.0182056,1.3255417102,0
SAPP.V,D,20221222,000000,0.0181665,0.018451,0.0181348,0.0181348,0.34610231,0
SAPP.V,D,20221223,000000,0.018199,0.018199,0.018199,0.018199,0.02142055,0
SAPP.V,D,20221224,000000,0.0185149,0.0185149,0.0185149,0.0185149,0,0
SAPP.V,D,20221225,000000,0.0179757,0.0179757,0.0179757,0.0179757,0.1052226,0
SAPP.V,D,20221226,000000,0.0175274,0.0175274,0.0175055,0.0175108,10.874822336,0
SAPP.V,D,20221227,000000,0.0168519,0.0168519,0.0167772,0.0167772,1.3244050399999998,0
SAPP.V,D,20221228,000000,0.0161634,0.0161634,0.0149955,0.0149955,1.535266821,0
SAPP.V,D,20221229,000000,0.0160775,0.0169756,0.0160775,0.0164489,2.0662990467999998,0
SAPP.V,D,20221230,000000,0.0162042,0.0162042,0.0161554,0.0161554,0.11490722,0
SAPP.V,D,20221231,000000,0.0169162,0.0172307,0.0169046,0.0172307,6.17257328,0
SAPP.V,D,20230101,000000,0.0171692,0.0171692,0.0165354,0.0165672,0.195983604,0
SAPP.V,D,20230102,000000,0.0166429,0.0166429,0.0162107,0.0162107,0.087512044,0
SAPP.V,D,20230103,000000,0.0158483,0.0158483,0.0158483,0.0158483,0.009011189,0
SAPP.V,D,20230104,000000,0.0148231,0.0163869,0.0148231,0.0159964,0.7884556829999999,0
SAPP.V,D,20230105,000000,0.0149686,0.0151751,0.0149686,0.0151751,0.10095986900000001,0
SAPP.V,D,20230107,000000,0.0137182,0.0137182,0.0137182,0.0137182,0.01596208,0
SAPP.V,D,20230108,000000,0.0142265,0.0142265,0.0138821,0.0139162,0.08527813309000001,0
SAPP.V,D,20230109,000000,0.014499,0.014499,0.014499,0.014499,1.166597,0
SAPP.V,D,20230110,000000,0.0142613,0.0150118,0.0127681,0.0150118,0.45964108676,0
SAPP.V,D,20230111,000000,0.015723,0.015723,0.0139229,0.0147412,0.5127391988600001,0
SAPP.V,D,20230112,000000,0.0145955,0.0145955,0.0126701,0.0126701,1.8787763392999999,0
SAPP.V,D,20230113,000000,0.0139267,0.016402,0.0139111,0.0162708,0.50598095,0
SAPP.V,D,20230114,000000,0.0171332,0.0187871,0.0171332,0.0187871,1.89721311201,0
SAPP.V,D,20230115,000000,0.0184706,0.0184706,0.0156727,0.0156727,0.6089500207899999,0
SAPP.V,D,20230116,000000,0.0154999,0.0156959,0.0151944,0.0151944,0.024173181800000006,0
SAPP.V,D,20230117,000000,0.0160234,0.0188378,0.0160234,0.0178993,1.70042752397,0
SAPP.V,D,20230118,000000,0.0174262,0.0185111,0.0174262,0.0185111,0.00014491778999999998,0
SAPP.V,D,20230119,000000,0.0165588,0.0172702,0.0165588,0.0172702,0.0622960968,0
SAPP.V,D,20230120,000000,0.0177249,0.0192484,0.0173952,0.0192395,0.8665575427000001,0
SAPP.V,D,20230121,000000,0.0248382,0.0248382,0.0207434,0.0218362,4.893928273299999,0
SAPP.V,D,20230122,000000,0.0220737,0.0237681,0.0220737,0.0234616,0.1783219901,0
SAPP.V,D,20230123,000000,0.0250193,0.0251545,0.022444,0.022444,0.80289467632,0
SAPP.V,D,20230124,000000,0.0252142,0.0252142,0.0224302,0.0224302,0.177709682,0
SAPP.V,D,20230125,000000,0.0238169,0.0238169,0.0223857,0.0223857,0.5333195233,0
SAPP.V,D,20230126,000000,0.0231248,0.0249331,0.0231248,0.0242766,5.547335497570001,0
SAPP.V,D,20230127,000000,0.0231906,0.0231906,0.0231906,0.0231906,0.04513797,0
SAPP.V,D,20230128,000000,0.0239974,0.0239974,0.023446,0.023446,0.09847536345,0
SAPP.V,D,20230129,000000,0.0234864,0.0239727,0.0227259,0.0239727,0.28263544851,0
SAPP.V,D,20230130,000000,0.0239384,0.0239384,0.0239384,0.0239384,0.002114928,0
SAPP.V,D,20230131,000000,0.0230721,0.0233158,0.02267,0.02267,0.1599723376,0
SAPP.V,D,20230201,000000,0.0227921,0.0227921,0.0227921,0.0227921,0.04927803,0
SAPP.V,D,20230203,000000,0.0229842,0.0229842,0.0227217,0.0227217,0.00603069,0
SAPP.V,D,20230209,000000,0.0270795,0.0270795,0.0270795,0.0270795,0.2392901,0
SAPP.V,D,20230214,000000,0.0195783,0.0195783,0.0195783,0.0195783,0.1333035,0
SAPP.V,D,20230215,000000,0.0182797,0.0182797,0.0182797,0.0182797,0,0
SAPP.V,D,20230220,000000,0.0244428,0.0244428,0.0244428,0.0244428,0.02843286,0
SAPP.V,D,20230224,000000,0.0244226,0.0244226,0.0244226,0.0244226,0.03885828,0
SAPP.V,D,20230227,000000,0.0241526,0.0241526,0.0241526,0.0241526,0.006263127,0
SAPP.V,D,20230228,000000,0.0264087,0.0264087,0.0264087,0.0264087,0.007936035,0
SAPP.V,D,20230301,000000,0.0247907,0.0247907,0.0245742,0.0245742,0.007825039,0
SAPP.V,D,20230304,000000,0.0380364,0.0380364,0.0245877,0.0245877,0.01050972,0
SAPP.V,D,20230313,000000,0.0258681,0.0258681,0.0258681,0.0258681,0.02900275,0
SAPP.V,D,20230314,000000,0.0251087,0.0251087,0.0251087,0.0251087,0.007852426,0
SAPP.V,D,20230316,000000,0.0249307,0.0249307,0.0249307,0.0249307,0.0450404,0
SAPP.V,D,20230317,000000,0.0315121,0.0315121,0.0315121,0.0315121,0.08819621,0
SAPP.V,D,20230324,000000,0.0353932,0.0353932,0.0353932,0.0353932,0.05353553,0
SAPP.V,D,20230325,000000,0.0349002,0.0349002,0.0349002,0.0349002,0.002062555,0
SAPP.V,D,20230327,000000,0.0336219,0.0336219,0.0336219,0.0336219,0,0
SAPP.V,D,20230329,000000,0.0350492,0.0363466,0.0350492,0.0363466,0.21593692999999997,0
SAPP.V,D,20230331,000000,0.0365596,0.0365596,0.0365596,0.0365596,0,0
SAPP.V,D,20230402,000000,0.0656731,0.0656731,0.0392089,0.0392089,0.13119834,0
SAPP.V,D,20230404,000000,0.0392407,0.0392407,0.0392407,0.0392407,0.002954837,0
SAPP.V,D,20230407,000000,0.0369623,0.0369623,0.0369623,0.0369623,0,0
SAPP.V,D,20230411,000000,0.0379424,0.0379424,0.0379424,0.0379424,0.1544436,0
SAPP.V,D,20230414,000000,0.0409246,0.0409246,0.0409246,0.0409246,0,0
SAPP.V,D,20230415,000000,0.0380676,0.0380676,0.0380676,0.0380676,0,0
