<TICKER>,<PER>,<DATE>,<TIME>,<OPEN>,<HIGH>,<LOW>,<CLOSE>,<VOL>,<OPENINT>
SSV.V,D,20220516,000000,8.58782,8.87345,7.94666,8.43218,1323.942561083905,0
SSV.V,D,20220517,000000,8.45,9.28691,8.28439,8.57869,1035.7249039014662,0
SSV.V,D,20220518,000000,8.64362,8.77058,7.56415,7.74592,1634.6672020378967,0
SSV.V,D,20220519,000000,7.77011,8.61224,7.51546,7.72904,861.2362154714801,0
SSV.V,D,20220520,000000,7.81396,8.30035,7.72172,7.78165,741.270640561933,0
SSV.V,D,20220521,000000,7.73773,7.89543,7.71903,7.81862,386.691510017826,0
SSV.V,D,20220522,000000,7.81263,8.41829,7.81263,8.41519,299.1355931894902,0
SSV.V,D,20220523,000000,8.41355,8.46927,7.88613,8.25458,637.4171577231898,0
SSV.V,D,20220524,000000,8.20814,8.23293,7.65081,7.80705,405.19312930290994,0
SSV.V,D,20220525,000000,7.80626,8.08319,7.77548,7.87643,667.3544206425687,0
SSV.V,D,20220526,000000,7.89401,8.03245,6.65777,7.48551,2929.5888413014936,0
SSV.V,D,20220527,000000,7.46153,7.46153,6.92667,6.92667,630.6492157487999,0
SSV.V,D,20220528,000000,7.04672,7.12896,6.9125,6.96705,196.8184854860169,0
SSV.V,D,20220529,000000,6.96626,7.21983,6.72034,7.15148,465.8359713346501,0
SSV.V,D,20220530,000000,7.15248,7.5505,6.8931,7.35885,903.4331976762178,0
SSV.V,D,20220531,000000,7.36384,7.79276,7.2492,7.48226,1062.4496888477777,0
SSV.V,D,20220601,000000,7.47926,7.52298,6.71395,6.95673,1111.7104036309297,0
SSV.V,D,20220602,000000,6.87712,7.01968,6.82185,6.97072,998.4971201807655,0
SSV.V,D,20220603,000000,7.07063,7.17362,6.73512,6.73613,1255.4334149562542,0
SSV.V,D,20220604,000000,6.8523,6.8523,6.45754,6.61204,3447.3285810498182,0
SSV.V,D,20220605,000000,6.73526,6.88115,6.58866,6.65574,1083.375830181807,0
SSV.V,D,20220606,000000,6.70889,7.38768,6.69331,7.23592,2891.4832794214713,0
SSV.V,D,20220607,000000,7.22714,7.22721,6.5443,7.08033,4684.136860167568,0
SSV.V,D,20220608,000000,7.11352,7.46444,6.91137,6.9175,3740.308011727903,0
SSV.V,D,20220609,000000,6.98583,7.33302,6.86564,7.19588,3243.6524987504754,0
SSV.V,D,20220610,000000,7.03352,7.05321,6.65907,6.71246,1344.8684950921056,0
SSV.V,D,20220611,000000,6.67056,6.79472,5.98199,5.99915,3391.5752780542557,0
SSV.V,D,20220612,000000,6.00878,6.17155,5.92689,6.14933,1974.4198495267221,0
SSV.V,D,20220613,000000,6.06427,6.06439,4.5931,4.75553,6424.9639612435285,0
SSV.V,D,20220614,000000,4.75495,5.47577,4.37173,5.13803,25315.371921212325,0
SSV.V,D,20220615,000000,5.13828,5.30688,4.31691,4.97862,37967.53524298573,0
SSV.V,D,20220616,000000,5.05353,5.05353,4.60563,4.61932,2291.425803736207,0
SSV.V,D,20220617,000000,4.49383,4.61839,4.36559,4.46987,20918.966779433005,0
SSV.V,D,20220618,000000,4.46528,4.47356,3.64562,3.90726,66665.79350609727,0
SSV.V,D,20220619,000000,3.92038,4.81362,3.92034,4.78865,32233.17437802396,0
SSV.V,D,20220620,000000,4.83529,4.86725,4.60564,4.77916,29706.244264101875,0
SSV.V,D,20220621,000000,4.76785,5.19644,4.70881,5.02277,1139.8526159653718,0
SSV.V,D,20220622,000000,5.03056,5.08111,4.59674,4.70809,2195.4888161656067,0
SSV.V,D,20220623,000000,4.71808,4.9984,4.7176,4.9943,729.1900512919767,0
SSV.V,D,20220624,000000,5.10619,5.10619,4.34575,4.72193,4527.729919887158,0
SSV.V,D,20220625,000000,4.75914,4.76373,4.413,4.5649,3065.380108759475,0
SSV.V,D,20220626,000000,4.58151,4.67594,4.40607,4.66449,1345.621385648019,0
SSV.V,D,20220627,000000,4.64745,4.64745,4.34656,4.42277,975.7585507601497,0
SSV.V,D,20220628,000000,4.44474,4.49389,4.39965,4.43392,1332.3465110357897,0
SSV.V,D,20220629,000000,4.38451,4.3846,4.16355,4.22138,766.2978582714213,0
SSV.V,D,20220630,000000,4.26064,4.26499,3.85309,3.92973,3627.047501489361,0
SSV.V,D,20220701,000000,3.87944,4.1581,3.87944,4.15619,2136.9383964755875,0
SSV.V,D,20220702,000000,4.11876,4.11876,4.00489,4.10926,3372.512184481371,0
SSV.V,D,20220703,000000,4.10127,4.15111,4.05192,4.11375,2184.345642979619,0
SSV.V,D,20220704,000000,4.12893,4.14912,3.9948,4.14912,975.7249303084401,0
SSV.V,D,20220705,000000,4.14912,4.47732,4.14912,4.43901,4103.86724483229,0
SSV.V,D,20220706,000000,4.5403,4.70162,4.48052,4.67665,1574.2277344725885,0
SSV.V,D,20220707,000000,4.73172,5.03136,4.72859,4.997,1586.5865420371101,0
SSV.V,D,20220708,000000,5.05645,5.34326,5.05645,5.34326,570.4965470136199,0
SSV.V,D,20220709,000000,5.37457,5.38577,5.15149,5.27233,1315.5912834771889,0
SSV.V,D,20220710,000000,5.26854,5.26914,5.09694,5.10883,1982.1774628802195,0
SSV.V,D,20220711,000000,5.13552,5.13552,5.0004,5.0004,720.8548192138495,0
SSV.V,D,20220712,000000,4.85832,5.46962,4.66873,4.67452,1424.6820360185097,0
SSV.V,D,20220713,000000,4.67413,5.95354,4.63918,5.67449,1378.22393146625,0
SSV.V,D,20220714,000000,5.62267,5.94694,5.20733,5.73196,3096.531840327708,0
SSV.V,D,20220715,000000,5.91005,8.10913,5.84069,7.60796,4108.1789033037685,0
SSV.V,D,20220716,000000,7.57517,7.89384,6.17986,7.21636,1717.3750363185995,0
SSV.V,D,20220717,000000,7.63567,9.90842,7.19878,7.66523,3098.2292859612376,0
SSV.V,D,20220718,000000,7.66683,8.7438,7.40603,7.88765,2167.668082907715,0
SSV.V,D,20220719,000000,7.88971,8.49924,7.18226,7.86748,3311.3423864593406,0
SSV.V,D,20220720,000000,7.8471,8.45762,7.2375,7.32897,2920.727858700293,0
SSV.V,D,20220721,000000,7.33378,7.61147,6.85569,7.61147,2770.9881108922805,0
SSV.V,D,20220722,000000,7.6117,8.11554,7.51473,7.51473,3229.951136461209,0
SSV.V,D,20220723,000000,7.50453,7.8201,7.27405,7.29339,1047.2732210461495,0
SSV.V,D,20220724,000000,7.2916,7.66772,7.10817,7.30649,1528.6972741907978,0
SSV.V,D,20220725,000000,7.23499,7.26088,6.43817,6.50939,1555.9343903082229,0
SSV.V,D,20220726,000000,6.40087,6.43073,5.83163,5.85012,5041.231705920559,0
SSV.V,D,20220727,000000,5.9868,7.60156,5.98446,7.45561,2256.3676050170593,0
SSV.V,D,20220728,000000,7.55979,9.50009,7.55956,9.0195,4474.733486572714,0
SSV.V,D,20220729,000000,9.09816,9.9626,8.27795,8.72147,2146.4906554261206,0
SSV.V,D,20220730,000000,8.76428,9.00315,8.44645,8.68008,739.04041031749,0
SSV.V,D,20220731,000000,8.54986,8.62348,8.3522,8.54145,809.32011904789,0
SSV.V,D,20220801,000000,8.2953,8.29563,7.52285,7.55777,2524.5536160788733,0
SSV.V,D,20220802,000000,7.50232,8.75983,7.19481,8.3274,974.6026496001398,0
SSV.V,D,20220803,000000,8.5058,9.20193,8.17236,8.93722,2346.832659339361,0
SSV.V,D,20220804,000000,9.0135,9.547,8.00034,8.41031,2379.7084791346006,0
SSV.V,D,20220805,000000,8.39894,9.21645,8.32995,8.93259,3304.3501827650184,0
SSV.V,D,20220806,000000,8.9291,9.26979,8.70605,8.77322,660.8853832836497,0
SSV.V,D,20220807,000000,8.79521,9.15965,8.64992,9.10183,1603.8593962176813,0
SSV.V,D,20220808,000000,9.12094,10.42503,9.03398,9.67836,2912.37766034835,0
SSV.V,D,20220809,000000,9.76385,9.76805,8.4431,8.62901,2265.599815179747,0
SSV.V,D,20220810,000000,8.72769,10.49762,8.48404,10.31689,2600.0415848278653,0
SSV.V,D,20220811,000000,10.31669,11.77388,10.31069,11.18763,3272.9439766739056,0
SSV.V,D,20220812,000000,11.10295,11.20538,10.52516,11.08083,1208.1427418151409,0
SSV.V,D,20220813,000000,11.35145,12.97639,11.35145,11.61041,1644.5976718937832,0
SSV.V,D,20220814,000000,11.62249,12.77934,10.70257,11.0137,2426.0241155123185,0
SSV.V,D,20220815,000000,11.00852,11.64704,10.03131,10.60093,2701.9162702657486,0
SSV.V,D,20220816,000000,10.59631,11.22709,9.88518,10.86364,1340.6445697699648,0
SSV.V,D,20220817,000000,10.86009,11.23079,10.0003,10.0391,933.5237904537786,0
SSV.V,D,20220818,000000,10.19142,13.00245,10.15761,12.52005,4721.277894093981,0
SSV.V,D,20220819,000000,12.52025,12.56356,9.8,9.8,4191.00059900004,0
SSV.V,D,20220820,000000,9.80049,10.04581,9.31802,9.39591,3598.067580467151,0
SSV.V,D,20220821,000000,9.43431,16.7735,9.40581,15.1809,14420.318505067264,0
SSV.V,D,20220822,000000,15.141,16.96934,12.70151,13.98248,6379.5060938502365,0
SSV.V,D,20220823,000000,13.98236,18.8382,13.98236,17.89236,5892.76207460102,0
SSV.V,D,20220824,000000,17.90482,18.63885,15.48563,16.40878,3261.773255875114,0
SSV.V,D,20220825,000000,16.38775,18.00234,15.70426,16.35831,4480.815389037968,0
SSV.V,D,20220826,000000,16.34026,18.42479,14.24434,14.25468,3016.5701815606385,0
SSV.V,D,20220827,000000,14.25953,15.26357,13.60974,13.84678,2336.6221004299655,0
SSV.V,D,20220828,000000,14.0229,14.8068,13.78866,14.35406,2883.584524853279,0
SSV.V,D,20220829,000000,14.31776,14.48226,13.26137,14.01036,2339.7636523250408,0
SSV.V,D,20220830,000000,13.95542,14.68971,12.60429,12.65677,1388.945680647113,0
SSV.V,D,20220831,000000,12.83401,14.3285,12.72012,12.84813,1418.2001438508112,0
SSV.V,D,20220901,000000,12.92,13.0293,12.34512,12.62824,1703.4908699749553,0
SSV.V,D,20220902,000000,12.64407,16.74758,12.462,16.6749,5290.938841847855,0
SSV.V,D,20220903,000000,16.66207,16.75268,14.0622,14.7468,3187.5611026798624,0
SSV.V,D,20220904,000000,14.7742,15.0107,13.7716,14.2604,1482.9581918185806,0
SSV.V,D,20220905,000000,14.264,15.5,13.8928,15.0416,2382.012505568112,0
SSV.V,D,20220906,000000,15.13321,17.09351,14.1113,14.4658,3805.9653127234305,0
SSV.V,D,20220907,000000,14.45905,15.016,13.49946,14.92574,3473.1846494147003,0
SSV.V,D,20220908,000000,15.09786,15.21566,14.08887,14.33425,566.0282856109213,0
SSV.V,D,20220909,000000,14.33985,16.3753,14.28794,15.4666,1327.1449906862003,0
SSV.V,D,20220910,000000,15.45513,16.46098,15.41897,15.69978,754.6648429741239,0
SSV.V,D,20220911,000000,15.71823,18.00486,15.68596,17.04219,2506.5678372644775,0
SSV.V,D,20220912,000000,17.14591,19.45344,16.58531,17.65086,3320.5356272019644,0
SSV.V,D,20220913,000000,17.6473,20.003,16.34491,16.64893,3993.292861379849,0
SSV.V,D,20220914,000000,16.64337,17.99982,15.32701,15.65781,2278.3397747102867,0
SSV.V,D,20220915,000000,15.69288,17.3126,14.06219,14.52755,2839.8180206272673,0
SSV.V,D,20220916,000000,14.51339,14.59883,12.5122,13.08099,2133.653202570102,0
SSV.V,D,20220917,000000,13.06629,14.54365,13.06629,13.42644,1875.0925876092358,0
SSV.V,D,20220918,000000,13.4257,14.1236,12.4053,12.461,1095.1657864595206,0
SSV.V,D,20220919,000000,12.46205,12.4998,11.25967,12.0164,1689.8530331276002,0
SSV.V,D,20220920,000000,12.0234,13.81488,11.44774,12.2925,1680.1700653165058,0
SSV.V,D,20220921,000000,12.263,13.31553,11.6864,11.75558,1544.6565268776542,0
SSV.V,D,20220922,000000,11.75017,12.1388,10.75,11.76902,815.8971867819165,0
SSV.V,D,20220923,000000,11.7678,12.25433,10.8954,11.19398,593.7899105306266,0
SSV.V,D,20220924,000000,11.21845,11.66878,11.0931,11.35662,306.4744884899902,0
SSV.V,D,20220925,000000,11.3556,11.80937,11.06171,11.27689,304.613047151035,0
SSV.V,D,20220926,000000,11.26084,11.58396,10.3769,10.5238,1955.6332581167198,0
SSV.V,D,20220927,000000,10.5115,12.9705,10.5103,11.89961,1749.9025976828439,0
SSV.V,D,20220928,000000,11.90911,12.38396,11.0045,11.6324,914.3825571379303,0
SSV.V,D,20220929,000000,11.6331,12.06299,11.1476,11.35564,840.9997328419721,0
SSV.V,D,20220930,000000,11.356,11.71107,11.2214,11.304,433.0523619896168,0
SSV.V,D,20221001,000000,11.303,11.39146,10.9339,10.9774,377.30426596232314,0
SSV.V,D,20221002,000000,10.9775,11.1725,10.8172,10.9553,287.7769068300549,0
SSV.V,D,20221003,000000,10.954,11.1096,10.53565,10.89818,494.1770106071822,0
SSV.V,D,20221004,000000,10.89937,11.9959,10.89937,11.6649,497.49794801295906,0
SSV.V,D,20221005,000000,11.6703,11.6703,11.12681,11.22742,737.3654099219696,0
SSV.V,D,20221006,000000,11.23035,11.56238,11.2284,11.42951,125.713255957273,0
SSV.V,D,20221007,000000,11.41635,11.42634,10.92674,11.01624,165.727533750367,0
SSV.V,D,20221008,000000,11.00432,11.03477,10.76909,10.86623,573.0217558421325,0
SSV.V,D,20221009,000000,10.83297,11.23905,10.816,11.14103,761.0324229493311,0
SSV.V,D,20221010,000000,11.12891,11.21082,10.8942,10.9205,512.3520201815455,0
SSV.V,D,20221011,000000,10.9201,10.9201,10.31257,10.34707,625.5078705683796,0
SSV.V,D,20221012,000000,10.34514,10.67107,10.34514,10.45081,476.3591527354979,0
SSV.V,D,20221013,000000,10.45261,10.65615,9.81891,10.64375,807.0156738493606,0
SSV.V,D,20221014,000000,10.64365,11.56636,10.56114,10.97291,1183.2420736254653,0
SSV.V,D,20221015,000000,10.97863,10.98377,10.47213,10.47733,352.42308435743206,0
SSV.V,D,20221016,000000,10.46533,10.59993,10.43262,10.53503,213.59525146103817,0
SSV.V,D,20221017,000000,10.53162,11.09377,10.41891,10.74605,314.7720162612168,0
SSV.V,D,20221018,000000,10.74641,11.04677,10.46831,10.58913,268.93252470034327,0
SSV.V,D,20221019,000000,10.58632,10.89452,10.2393,10.3,404.8105298488627,0
SSV.V,D,20221020,000000,10.2962,10.29881,9.84152,9.84152,815.4434808150601,0
SSV.V,D,20221021,000000,9.84631,9.85591,8.84982,9.34779,950.5618870265704,0
SSV.V,D,20221022,000000,9.33766,9.48448,9.14794,9.14822,335.28260660214,0
SSV.V,D,20221023,000000,9.14763,9.25271,8.82018,9.2032,1540.225226229681,0
SSV.V,D,20221024,000000,9.199,9.79468,9.12823,9.21668,213.14907123126085,0
SSV.V,D,20221025,000000,9.21134,12.00304,9.12692,11.20643,2782.199493268301,0
SSV.V,D,20221026,000000,11.16338,11.59301,10.64467,10.86712,2012.089571574299,0
SSV.V,D,20221027,000000,10.87943,12.7133,10.87943,11.72049,3801.1102083156647,0
SSV.V,D,20221028,000000,11.73662,11.89462,10.80142,11.79271,481.0254389948526,0
SSV.V,D,20221029,000000,11.79778,11.93976,10.91282,10.96603,1282.7356527988215,0
SSV.V,D,20221030,000000,10.96323,10.96323,10.26976,10.30576,691.1011931523202,0
SSV.V,D,20221031,000000,10.31186,10.7509,10.16548,10.17759,995.1900831802438,0
SSV.V,D,20221101,000000,10.17789,10.55151,9.90572,10.08649,328.7595644232417,0
SSV.V,D,20221102,000000,10.08629,10.8366,9.8164,9.92421,720.0096305527012,0
SSV.V,D,20221103,000000,9.9364,11.16918,9.9364,10.529,1053.7930511033321,0
SSV.V,D,20221104,000000,10.52689,11.6677,10.33819,10.93848,1841.1396927105775,0
SSV.V,D,20221105,000000,10.94006,11.48127,10.93085,10.98556,478.64007146427497,0
SSV.V,D,20221106,000000,10.98925,11.12407,10.75228,10.75775,366.461268880448,0
SSV.V,D,20221107,000000,10.76536,10.81281,9.87869,9.9964,2331.9989867970335,0
SSV.V,D,20221108,000000,10.0019,10.19406,7.97035,8.61437,1072.518924102358,0
SSV.V,D,20221109,000000,8.61437,8.84786,7.7526,7.7526,5509.262431521093,0
SSV.V,D,20221110,000000,7.79599,9.26956,7.0875,8.6139,1965.2021127812036,0
SSV.V,D,20221111,000000,8.70003,9.81633,7.3446,7.77632,1556.6264887488346,0
SSV.V,D,20221112,000000,7.71817,7.91064,7.2637,7.83827,924.7131262041969,0
SSV.V,D,20221113,000000,7.83487,7.94836,7.1582,7.59811,9731.00364138027,0
SSV.V,D,20221114,000000,7.59635,8.93626,7.22757,8.27217,31311.137129011102,0
SSV.V,D,20221115,000000,8.28995,8.87761,8.25583,8.46932,8210.86899741557,0
SSV.V,D,20221116,000000,8.45576,8.56227,7.90975,8.09812,10762.390313884345,0
SSV.V,D,20221117,000000,8.07479,10.74129,8.05444,10.18065,75172.81835024504,0
SSV.V,D,20221118,000000,10.18015,10.79145,9.54141,9.65968,40965.45978486177,0
SSV.V,D,20221119,000000,9.65608,10.13963,9.30842,9.72338,7593.961425382681,0
SSV.V,D,20221120,000000,9.7003,13.43775,9.67108,11.26086,152263.15089068963,0
SSV.V,D,20221121,000000,11.26086,11.85329,10.0504,10.41349,70680.97107169867,0
SSV.V,D,20221122,000000,10.38762,10.59897,9.69395,10.05461,29582.92026373044,0
SSV.V,D,20221123,000000,10.08767,11.16887,10.08767,10.4076,15516.071021639194,0
SSV.V,D,20221124,000000,10.39127,11.45903,10.14968,10.28226,26271.672318205496,0
SSV.V,D,20221125,000000,10.28725,10.79994,10.18208,10.46921,24497.313045341994,0
SSV.V,D,20221126,000000,10.47082,10.83839,9.75256,9.86678,8469.89082455857,0
SSV.V,D,20221127,000000,9.86987,10.3301,9.86987,10.10633,16947.143726553255,0
SSV.V,D,20221128,000000,9.86956,9.90425,9.60741,9.82586,7652.95595609168,0
SSV.V,D,20221129,000000,9.88944,10.31989,9.88944,10.31459,6869.774363644047,0
SSV.V,D,20221130,000000,10.34379,10.90065,10.34349,10.90055,10697.168176896017,0
SSV.V,D,20221201,000000,10.87996,10.91998,10.35804,10.56803,6862.846216262204,0
SSV.V,D,20221202,000000,10.49794,11.43214,10.49794,11.09187,45240.122686104434,0
SSV.V,D,20221203,000000,11.09164,11.15383,10.78301,10.84958,31584.30590972475,0
SSV.V,D,20221204,000000,10.81638,10.88939,10.63086,10.70534,10952.057243512809,0
SSV.V,D,20221205,000000,10.70974,11.21404,10.70974,10.79288,35739.12691115785,0
SSV.V,D,20221206,000000,10.79442,11.04931,10.2437,10.2472,5287.924450933598,0
SSV.V,D,20221207,000000,10.25889,10.4417,9.8994,10.124,9735.81001690742,0
SSV.V,D,20221208,000000,10.1563,10.30014,9.9713,10.21704,11490.238360654324,0
SSV.V,D,20221209,000000,10.22822,10.88431,10.16331,10.53863,5233.079421373232,0
SSV.V,D,20221210,000000,10.471,11.32419,9.5507,10.51469,14703.257958970415,0
SSV.V,D,20221211,000000,10.54979,13.16042,10.54979,11.78486,10247.80113583997,0
SSV.V,D,20221212,000000,11.78468,11.87447,10.87504,11.16921,2849.6203820061746,0
SSV.V,D,20221213,000000,11.17118,12.62644,10.67388,11.91486,4079.0744612865574,0
SSV.V,D,20221214,000000,11.89589,12.9387,11.6953,11.84641,3341.3783830617604,0
SSV.V,D,20221215,000000,11.84688,11.8499,10.94859,10.94899,1897.0102683626299,0
SSV.V,D,20221216,000000,10.94549,11.06481,10.10101,10.12101,1943.68501761999,0
SSV.V,D,20221217,000000,10.0011,10.17433,9.56366,9.81368,3051.4771800414796,0
SSV.V,D,20221218,000000,9.82518,10.58265,9.82498,10.0358,2868.700876635833,0
SSV.V,D,20221219,000000,10.0377,10.51136,9.30101,9.30101,1502.3168292584894,0
SSV.V,D,20221220,000000,9.28631,9.7453,9.282,9.60377,977.758895092514,0
SSV.V,D,20221221,000000,9.63059,10.36963,9.63059,9.9235,2466.1591789983318,0
SSV.V,D,20221222,000000,9.9172,10.2035,9.54065,9.62906,1275.5248508520388,0
SSV.V,D,20221223,000000,9.64715,9.9641,9.63746,9.88481,829.8556559586001,0
SSV.V,D,20221224,000000,9.86271,10.044,9.83892,10.044,898.4765213490499,0
SSV.V,D,20221225,000000,10.0259,10.18209,9.91531,10.04809,1134.5681149847205,0
SSV.V,D,20221226,000000,10.0542,10.16318,10.02369,10.04359,320.33831450236,0
SSV.V,D,20221227,000000,10.0534,10.53152,10.0531,10.14765,940.2857666376397,0
SSV.V,D,20221228,000000,10.12695,10.16226,9.94235,10.10304,891.4903896053498,0
SSV.V,D,20221229,000000,10.03468,10.31577,10.03468,10.31535,1127.2595001796503,0
SSV.V,D,20221230,000000,10.29967,10.39412,9.89235,9.93453,1107.3085022119,0
SSV.V,D,20221231,000000,9.94183,10.18431,9.93483,10.15662,1242.2516815505098,0
SSV.V,D,20230101,000000,10.10744,10.11673,9.80451,9.97631,1117.2950676845699,0
SSV.V,D,20230102,000000,9.97861,11.49222,9.97371,11.05787,5161.86984748118,0
SSV.V,D,20230103,000000,11.06326,11.58111,10.64443,10.71612,2436.781599385167,0
SSV.V,D,20230104,000000,10.71362,11.92091,10.71061,11.74112,2604.373448725983,0
SSV.V,D,20230105,000000,11.74602,12.29899,11.45703,12.19239,3218.592719768207,0
SSV.V,D,20230106,000000,12.15752,13.19604,11.59091,13.07178,2724.679755676251,0
SSV.V,D,20230107,000000,13.04089,13.10415,12.47948,12.49678,2962.251736385153,0
SSV.V,D,20230108,000000,12.49785,14.49797,12.39282,14.27776,5091.866001201647,0
SSV.V,D,20230109,000000,14.26839,14.6424,13.5856,13.5856,4801.347465420891,0
SSV.V,D,20230110,000000,13.59596,14.47629,13.39239,14.34867,3513.69795796641,0
SSV.V,D,20230111,000000,14.34515,14.34529,13.39606,13.69656,1693.1249309202174,0
SSV.V,D,20230112,000000,13.69493,14.41531,13.06497,14.40538,4520.801336593453,0
SSV.V,D,20230113,000000,14.41014,14.50586,13.79181,14.32203,2617.480116126132,0
SSV.V,D,20230114,000000,14.32685,15.62697,14.31978,15.11466,3784.7150207482487,0
SSV.V,D,20230115,000000,15.10306,15.39271,14.04817,14.42393,3265.475848762938,0
SSV.V,D,20230116,000000,14.42752,15.37346,14.32602,14.9961,3368.4653348726047,0
SSV.V,D,20230117,000000,14.99505,17.87525,14.67633,16.70354,12775.429241210688,0
SSV.V,D,20230118,000000,16.70337,18.90141,15.75953,16.32678,9098.415555633637,0
SSV.V,D,20230119,000000,16.32708,18.77162,16.135,18.21187,8716.598011253305,0
SSV.V,D,20230120,000000,18.22099,21.5742,18.14792,20.0107,13204.69431577289,0
SSV.V,D,20230121,000000,19.9888,21.03933,17.98422,18.11328,6918.362293673379,0
SSV.V,D,20230122,000000,18.11364,19.32067,17.26435,17.69606,5447.63576226066,0
SSV.V,D,20230123,000000,17.70356,19.68787,17.69494,18.88923,3733.051818607648,0
SSV.V,D,20230124,000000,18.90212,20.87361,18.90212,19.28217,4367.359182166629,0
SSV.V,D,20230125,000000,19.05307,19.36352,17.5503,18.98104,3829.220328203798,0
SSV.V,D,20230126,000000,18.96072,19.32299,17.5368,17.70302,4533.277164759362,0
SSV.V,D,20230127,000000,17.7283,17.97684,16.76382,17.46185,6590.285732035405,0
SSV.V,D,20230128,000000,17.41232,17.75944,16.39871,16.41748,5027.843422179924,0
SSV.V,D,20230129,000000,16.44359,17.82408,16.2538,17.23046,7511.096718899962,0
SSV.V,D,20230130,000000,17.24046,20.3201,16.46569,18.28578,15626.790938182905,0
SSV.V,D,20230131,000000,18.28848,19.9632,17.61237,19.00741,16681.14694801102,0
SSV.V,D,20230201,000000,19.02965,23.07891,18.27633,21.98414,21533.636738491823,0
SSV.V,D,20230202,000000,21.9842,30.05691,21.70585,23.53354,21239.722498385065,0
SSV.V,D,20230203,000000,23.55648,28.942,22.89366,27.20198,15934.502534027075,0
SSV.V,D,20230204,000000,27.23948,29.40206,25.53989,26.00264,12997.31007686654,0
SSV.V,D,20230205,000000,26.00208,26.81635,24.31216,25.54899,11035.529892707813,0
SSV.V,D,20230206,000000,25.54174,29.15087,23.9083,28.32315,14380.225619361412,0
SSV.V,D,20230207,000000,28.22303,30.93401,26.57217,30.10921,15857.921139201371,0
SSV.V,D,20230208,000000,30.11531,31.00248,27.5203,28.19117,9801.604822158217,0
SSV.V,D,20230209,000000,27.98438,35.79556,27.9651,28.45785,36799.21685757299,0
SSV.V,D,20230210,000000,28.40024,34.4566,26.49797,27.66535,27106.053187604924,0
SSV.V,D,20230211,000000,27.64095,30.49144,26.6945,29.32303,11311.896060453775,0
SSV.V,D,20230212,000000,29.43454,32.13288,28.69648,29.89109,8375.120619841182,0
SSV.V,D,20230213,000000,29.84628,30.05891,26.20671,28.84856,11636.047123004138,0
SSV.V,D,20230214,000000,28.87482,34.44863,28.62351,33.84075,12232.368549494528,0
SSV.V,D,20230215,000000,33.77188,36.24449,31.60539,35.38467,8675.535347866675,0
SSV.V,D,20230216,000000,35.20134,37.91475,34.04859,34.04927,11107.008988669975,0
SSV.V,D,20230217,000000,33.96842,36.75571,33.13698,36.06961,8800.20585401525,0
SSV.V,D,20230218,000000,36.28593,36.33567,34.74635,35.16052,3583.399572736565,0
SSV.V,D,20230219,000000,35.21353,36.42304,34.13018,34.26928,5767.113448554769,0
SSV.V,D,20230220,000000,34.24818,34.787,31.89267,32.02278,7839.954423194616,0
SSV.V,D,20230221,000000,32.02978,35.87349,31.64855,33.94631,7544.979489268224,0
SSV.V,D,20230222,000000,33.74777,36.6958,31.3093,36.25286,7406.779538166635,0
SSV.V,D,20230223,000000,36.43189,42.89309,36.19602,39.94789,21906.81391735903,0
SSV.V,D,20230224,000000,39.96079,40.96428,36.00324,38.05152,12127.26710495596,0
SSV.V,D,20230225,000000,37.9148,41.36208,36.51679,40.62424,12076.684190429765,0
SSV.V,D,20230226,000000,40.71114,45.82275,39.30953,44.16442,160795.89442014042,0
SSV.V,D,20230227,000000,44.14265,49.90399,43.02129,49.59298,163757.17855483212,0
SSV.V,D,20230228,000000,49.59298,49.85299,40.76571,42.70726,272569.97002449224,0
SSV.V,D,20230301,000000,42.44849,46.90328,40.85572,42.13548,230106.1925817681,0
SSV.V,D,20230302,000000,42.13506,44.44711,38.56846,41.46373,173632.5494323066,0
SSV.V,D,20230303,000000,41.54374,45.47773,36.50256,40.15281,492329.02972051076,0
SSV.V,D,20230304,000000,40.10281,41.40414,35.13176,37.33261,286355.2642913789,0
SSV.V,D,20230305,000000,37.27261,39.9632,35.50319,38.77426,238886.48811130048,0
SSV.V,D,20230306,000000,38.79427,39.33,36.69523,38.44769,116702.22869740706,0
SSV.V,D,20230307,000000,38.48654,40.92427,38.07962,39.48803,156208.62821759668,0
SSV.V,D,20230308,000000,39.44803,41.90749,37.06555,37.64849,151589.2013472588,0
SSV.V,D,20230309,000000,37.45625,38.56961,35.14316,35.14316,106369.16047816515,0
SSV.V,D,20230310,000000,35.13351,35.90108,29.41765,32.94819,325522.57334402564,0
SSV.V,D,20230311,000000,32.85754,34.51086,28.60552,31.23885,286882.5287462527,0
SSV.V,D,20230312,000000,31.26908,35.23672,30.1058,34.39469,247011.70300750286,0
SSV.V,D,20230313,000000,34.3644,41.82992,34.3644,39.69974,409004.0847141194,0
SSV.V,D,20230314,000000,39.69737,43.27391,37.42729,39.44144,268068.0703763696,0
SSV.V,D,20230315,000000,39.48436,41.71165,34.63534,36.01276,242460.25331397046,0
SSV.V,D,20230316,000000,35.91988,38.93795,35.26299,38.17482,208679.04165499308,0
SSV.V,D,20230317,000000,38.24461,41.0804,36.76569,39.09655,242043.88622577966,0
SSV.V,D,20230318,000000,39.22733,41.06445,37.0895,37.83316,244005.1221827746,0
SSV.V,D,20230319,000000,37.83316,41.00613,37.17639,39.41869,157592.8723770715,0
SSV.V,D,20230320,000000,39.33805,39.95315,35.96114,36.39235,139556.31638877816,0
SSV.V,D,20230321,000000,36.48268,38.90133,34.70933,38.47272,203325.33428935095,0
SSV.V,D,20230322,000000,38.51285,39.2629,34.16014,35.39602,240548.52926224767,0
SSV.V,D,20230323,000000,35.40675,37.37656,34.62323,36.01511,150102.05883118298,0
SSV.V,D,20230324,000000,36.07488,36.41777,33.58657,33.62393,130591.10873130649,0
SSV.V,D,20230325,000000,33.59725,35.51619,33.42773,34.25319,117534.5734272671,0
SSV.V,D,20230326,000000,34.16311,38.42455,33.91286,37.80267,181982.47199150894,0
SSV.V,D,20230327,000000,37.81155,38.99728,34.54312,35.40663,277195.18781910086,0
SSV.V,D,20230328,000000,35.42664,37.79151,34.47103,37.08446,219193.35538081938,0
SSV.V,D,20230329,000000,37.12447,39.39221,36.8829,37.18706,248223.41823352725,0
SSV.V,D,20230330,000000,37.19115,38.14992,34.66728,35.33989,219461.76219009055,0
SSV.V,D,20230331,000000,35.42956,39.12782,35.19528,38.05761,154109.52009055455,0
SSV.V,D,20230401,000000,38.05761,38.4496,36.84768,37.54389,120559.62503884237,0
SSV.V,D,20230402,000000,37.62392,38.58543,35.82434,36.23281,107653.57515470409,0
SSV.V,D,20230403,000000,36.21244,37.39196,35.51598,36.56462,93582.46407968727,0
SSV.V,D,20230404,000000,36.64429,38.85476,36.24725,38.19947,178304.94924245751,0
SSV.V,D,20230405,000000,38.16907,40.88185,37.54276,39.50461,218034.24329379422,0
SSV.V,D,20230406,000000,39.52462,40.26167,37.99443,38.97364,90655.11981776761,0
SSV.V,D,20230407,000000,38.94363,39.47973,36.92177,37.03739,70267.77663861867,0
SSV.V,D,20230408,000000,37.00737,37.90553,36.02837,36.39455,50294.61085379259,0
SSV.V,D,20230409,000000,36.33416,36.65905,34.44203,35.70248,117316.36736041866,0
SSV.V,D,20230410,000000,35.69497,35.88187,34.54243,35.56879,56905.966693804825,0
SSV.V,D,20230411,000000,35.63884,36.97251,34.40403,35.03465,117527.04881951028,0
SSV.V,D,20230412,000000,34.95457,35.06258,32.79243,34.15662,97968.16058627308,0
SSV.V,D,20230413,000000,34.16663,35.8165,32.99065,35.23379,115814.04408259543,0
SSV.V,D,20230414,000000,35.26382,36.56251,33.61922,35.07909,146243.5002677611,0
SSV.V,D,20230415,000000,35.09876,35.62239,33.82974,33.98022,103734.01703295202,0
SSV.V,D,20230416,000000,33.9602,34.80852,33.06841,34.36335,174290.76552496813,0
SSV.V,D,20230417,000000,34.40338,35.51165,33.28993,34.76911,90527.13334137567,0
SSV.V,D,20230418,000000,34.80052,35.93437,34.34511,34.97629,70394.26657064557,0
SSV.V,D,20230419,000000,34.9963,35.09667,30.33122,30.72566,165066.91202789487,0
