<TICKER>,<PER>,<DATE>,<TIME>,<OPEN>,<HIGH>,<LOW>,<CLOSE>,<VOL>,<OPENINT>
WAXP.V,D,20200129,000000,0.02639,0.02684,0.02609,0.02684,0,0
WAXP.V,D,20200131,000000,0.02746,0.02746,0.02494,0.02494,0,0
WAXP.V,D,20200203,000000,0.02492,0.02508,0.0248,0.02508,0,0
WAXP.V,D,20200204,000000,0.02508,0.0266,0.02476,0.02623,0,0
WAXP.V,D,20200205,000000,0.02623,0.02797,0.02623,0.02797,0,0
WAXP.V,D,20200206,000000,0.02797,0.02878,0.0279,0.02878,0,0
WAXP.V,D,20200207,000000,0.02878,0.03217,0.02878,0.03168,0,0
WAXP.V,D,20200208,000000,0.03168,0.03197,0.03108,0.03128,0,0
WAXP.V,D,20200210,000000,0.0321,0.0321,0.02997,0.03115,0,0
WAXP.V,D,20200211,000000,0.03115,0.03594,0.03115,0.03142,0,0
WAXP.V,D,20200212,000000,0.03142,0.03632,0.03142,0.03508,0,0
WAXP.V,D,20200213,000000,0.03044,0.03192,0.03044,0.03055,0,0
WAXP.V,D,20200214,000000,0.03055,0.06625,0.02994,0.06304,0,0
WAXP.V,D,20200215,000000,0.06304,0.09727,0.05859,0.06159,0,0
WAXP.V,D,20200216,000000,0.06159,0.06956,0.05212,0.06,0,0
WAXP.V,D,20200217,000000,0.06,0.06107,0.0588,0.0595,0,0
WAXP.V,D,20200218,000000,0.0595,0.0595,0.05109,0.05109,0,0
WAXP.V,D,20200219,000000,0.05093,0.05093,0.04657,0.04838,0,0
WAXP.V,D,20200220,000000,0.04988,0.04988,0.04411,0.04411,0,0
WAXP.V,D,20200221,000000,0.04536,0.05628,0.04536,0.05206,0,0
WAXP.V,D,20200222,000000,0.05206,0.05299,0.04617,0.04669,0,0
WAXP.V,D,20200223,000000,0.04669,0.0543,0.04669,0.05017,0,0
WAXP.V,D,20200224,000000,0.05017,0.05017,0.04571,0.0465,0,0
WAXP.V,D,20200225,000000,0.04656,0.04656,0.04009,0.04009,0,0
WAXP.V,D,20200226,000000,0.03949,0.04251,0.03289,0.03915,0,0
WAXP.V,D,20200227,000000,0.03525,0.04785,0.03525,0.04776,0,0
WAXP.V,D,20200228,000000,0.04776,0.05382,0.0408,0.04371,0,0
WAXP.V,D,20200229,000000,0.04528,0.04528,0.03962,0.04158,0,0
WAXP.V,D,20200301,000000,0.04158,0.04831,0.04014,0.0426,0,0
WAXP.V,D,20200302,000000,0.04275,0.04553,0.03887,0.04553,0,0
WAXP.V,D,20200303,000000,0.0427,0.04766,0.04117,0.04498,0,0
WAXP.V,D,20200304,000000,0.04498,0.0492,0.04424,0.04622,0,0
WAXP.V,D,20200305,000000,0.04622,0.0478,0.04508,0.04757,0,0
WAXP.V,D,20200306,000000,0.04757,0.05456,0.04757,0.04869,0,0
WAXP.V,D,20200307,000000,0.04869,0.04869,0.04518,0.04556,0,0
WAXP.V,D,20200308,000000,0.04556,0.04556,0.03714,0.03814,0,0
WAXP.V,D,20200309,000000,0.03814,0.04123,0.03737,0.03899,0,0
WAXP.V,D,20200310,000000,0.03899,0.04233,0.03832,0.04113,0,0
WAXP.V,D,20200311,000000,0.04113,0.04113,0.03741,0.03897,0,0
WAXP.V,D,20200312,000000,0.03897,0.03897,0.01805,0.01897,0,0
WAXP.V,D,20200313,000000,0.019,0.02762,0.015,0.02362,0,0
WAXP.V,D,20200314,000000,0.02362,0.03262,0.02362,0.02978,0,0
WAXP.V,D,20200315,000000,0.02978,0.03082,0.02703,0.02703,0,0
WAXP.V,D,20200316,000000,0.02703,0.034,0.02295,0.03376,0,0
WAXP.V,D,20200317,000000,0.03376,0.04135,0.03346,0.0399,0,0
WAXP.V,D,20200318,000000,0.0399,0.04241,0.03438,0.03438,0,0
WAXP.V,D,20200319,000000,0.03438,0.08787,0.03244,0.03912,0,0
WAXP.V,D,20200320,000000,0.03912,0.05003,0.03201,0.03862,0,0
WAXP.V,D,20200321,000000,0.03862,0.04357,0.032,0.03647,0,0
WAXP.V,D,20200322,000000,0.03647,0.0378,0.0301,0.032,0,0
WAXP.V,D,20200323,000000,0.032,0.0335,0.02183,0.03223,0,0
WAXP.V,D,20200324,000000,0.03223,0.0335,0.0243,0.03309,0,0
WAXP.V,D,20200325,000000,0.03309,0.03349,0.0281,0.03149,0,0
WAXP.V,D,20200326,000000,0.03149,0.0335,0.02802,0.03131,0,0
WAXP.V,D,20200327,000000,0.03131,0.0334,0.02802,0.03139,0,0
WAXP.V,D,20200328,000000,0.03139,0.03139,0.026,0.02947,0,0
WAXP.V,D,20200329,000000,0.02947,0.0314,0.02702,0.028,0,0
WAXP.V,D,20200330,000000,0.028,0.03275,0.02703,0.03099,0,0
WAXP.V,D,20200331,000000,0.03099,0.0324,0.02815,0.02996,0,0
WAXP.V,D,20200401,000000,0.02996,0.03086,0.0271,0.03086,0,0
WAXP.V,D,20200402,000000,0.03086,0.0311,0.0254,0.03034,0,0
WAXP.V,D,20200403,000000,0.03034,0.0311,0.02852,0.03028,0,0
WAXP.V,D,20200404,000000,0.03028,0.0305,0.02875,0.03,0,0
WAXP.V,D,20200405,000000,0.03,0.03027,0.02855,0.03015,0,0
WAXP.V,D,20200406,000000,0.03015,0.0318,0.02905,0.0318,0,0
WAXP.V,D,20200407,000000,0.0318,0.033,0.02983,0.03107,0,0
WAXP.V,D,20200408,000000,0.03107,0.03161,0.03,0.03115,0,0
WAXP.V,D,20200409,000000,0.03115,0.03133,0.02985,0.0311,0,0
WAXP.V,D,20200410,000000,0.0311,0.03262,0.02799,0.02871,0,0
WAXP.V,D,20200411,000000,0.02871,0.031,0.02799,0.02905,0,0
WAXP.V,D,20200412,000000,0.02905,0.03037,0.02812,0.02963,0,0
WAXP.V,D,20200413,000000,0.02963,0.02976,0.02763,0.02857,0,0
WAXP.V,D,20200414,000000,0.02857,0.02916,0.02799,0.02912,0,0
WAXP.V,D,20200415,000000,0.02912,0.0302,0.02772,0.02821,0,0
WAXP.V,D,20200416,000000,0.02821,0.02999,0.02638,0.02869,0,0
WAXP.V,D,20200417,000000,0.02869,0.02949,0.0274,0.0279,0,0
WAXP.V,D,20200418,000000,0.0279,0.0292,0.02745,0.02912,0,0
WAXP.V,D,20200419,000000,0.02912,0.0294,0.0276,0.02825,0,0
WAXP.V,D,20200420,000000,0.02825,0.0295,0.027,0.0276,0,0
WAXP.V,D,20200421,000000,0.0276,0.0288,0.02671,0.02739,0,0
WAXP.V,D,20200422,000000,0.02739,0.0283,0.02672,0.02801,0,0
WAXP.V,D,20200423,000000,0.02801,0.0294,0.02733,0.0288,0,0
WAXP.V,D,20200424,000000,0.0288,0.0335,0.02783,0.03016,0,0
WAXP.V,D,20200425,000000,0.03016,0.0312,0.02872,0.02938,0,0
WAXP.V,D,20200426,000000,0.02938,0.0308,0.0289,0.03069,0,0
WAXP.V,D,20200427,000000,0.03069,0.032,0.02951,0.03104,0,0
WAXP.V,D,20200428,000000,0.03104,0.03109,0.0297,0.03079,0,0
WAXP.V,D,20200429,000000,0.03079,0.0335,0.0299,0.03228,0,0
WAXP.V,D,20200430,000000,0.03228,0.03734,0.03021,0.03087,0,0
WAXP.V,D,20200501,000000,0.03087,0.03689,0.03046,0.0347,0,0
WAXP.V,D,20200502,000000,0.0347,0.03899,0.03374,0.03898,0,0
WAXP.V,D,20200503,000000,0.03898,0.03898,0.0334,0.035,0,0
WAXP.V,D,20200504,000000,0.035,0.0389,0.03168,0.03478,0,0
WAXP.V,D,20200505,000000,0.03478,0.03478,0.033,0.03389,0,0
WAXP.V,D,20200506,000000,0.03389,0.03419,0.0327,0.03415,0,0
WAXP.V,D,20200507,000000,0.03415,0.03419,0.03267,0.03395,0,0
WAXP.V,D,20200508,000000,0.03395,0.0343,0.0321,0.03423,0,0
WAXP.V,D,20200509,000000,0.03423,0.03688,0.03369,0.03637,0,0
WAXP.V,D,20200510,000000,0.03637,0.04035,0.03019,0.03249,0,0
WAXP.V,D,20200511,000000,0.03249,0.03249,0.02979,0.03105,0,0
WAXP.V,D,20200512,000000,0.03105,0.03372,0.03034,0.03319,0,0
WAXP.V,D,20200513,000000,0.03319,0.03328,0.0316,0.03255,0,0
WAXP.V,D,20200514,000000,0.03255,0.03255,0.03059,0.03227,0,0
WAXP.V,D,20200515,000000,0.03227,0.03273,0.02933,0.03029,0,0
WAXP.V,D,20200516,000000,0.03029,0.032,0.02957,0.0312,0,0
WAXP.V,D,20200517,000000,0.0312,0.03269,0.03065,0.0319,0,0
WAXP.V,D,20200518,000000,0.0319,0.0345,0.03124,0.03377,0,0
WAXP.V,D,20200519,000000,0.03377,0.03379,0.03162,0.0336,0,0
WAXP.V,D,20200520,000000,0.0336,0.043,0.03311,0.0409,0,0
WAXP.V,D,20200521,000000,0.0409,0.05334,0.03701,0.04638,0,0
WAXP.V,D,20200522,000000,0.04638,0.0474,0.04011,0.04615,0,0
WAXP.V,D,20200523,000000,0.04615,0.04699,0.0425,0.0445,0,0
WAXP.V,D,20200524,000000,0.0445,0.05513,0.04336,0.049,0,0
WAXP.V,D,20200525,000000,0.049,0.0534,0.0452,0.04891,0,0
WAXP.V,D,20200526,000000,0.04891,0.05276,0.04465,0.04815,0,0
WAXP.V,D,20200527,000000,0.04815,0.04815,0.04321,0.047,0,0
WAXP.V,D,20200528,000000,0.047,0.047,0.0438,0.04522,0,0
WAXP.V,D,20200529,000000,0.04522,0.04553,0.04337,0.04485,0,0
WAXP.V,D,20200530,000000,0.04485,0.05083,0.04485,0.04882,0,0
WAXP.V,D,20200531,000000,0.04882,0.05148,0.04609,0.0473,0,0
WAXP.V,D,20200601,000000,0.0473,0.04976,0.04602,0.04975,0,0
WAXP.V,D,20200602,000000,0.04975,0.04975,0.0435,0.04561,0,0
WAXP.V,D,20200603,000000,0.04561,0.04727,0.04423,0.04727,0,0
WAXP.V,D,20200604,000000,0.04727,0.0795,0.04601,0.075,0,0
WAXP.V,D,20200605,000000,0.075,0.0818,0.06572,0.08001,0,0
WAXP.V,D,20200606,000000,0.08001,0.08179,0.07046,0.07595,0,0
WAXP.V,D,20200607,000000,0.07595,0.086,0.06923,0.08308,0,0
WAXP.V,D,20200608,000000,0.08308,0.086,0.076,0.08334,0,0
WAXP.V,D,20200609,000000,0.08334,0.08334,0.07279,0.078,0,0
WAXP.V,D,20200610,000000,0.078,0.09,0.0581,0.06298,0,0
WAXP.V,D,20200611,000000,0.06298,0.06298,0.049,0.05069,0,0
WAXP.V,D,20200612,000000,0.05069,0.07751,0.04876,0.05638,0,0
WAXP.V,D,20200613,000000,0.05638,0.05963,0.05502,0.05651,0,0
WAXP.V,D,20200614,000000,0.05651,0.05799,0.054,0.0547,0,0
WAXP.V,D,20200615,000000,0.0547,0.05838,0.04844,0.05522,0,0
WAXP.V,D,20200616,000000,0.05522,0.05711,0.05307,0.05693,0,0
WAXP.V,D,20200617,000000,0.05693,0.05963,0.0537,0.05961,0,0
WAXP.V,D,20200618,000000,0.05961,0.05998,0.05481,0.05662,0,0
WAXP.V,D,20200619,000000,0.05662,0.05662,0.05247,0.0542,0,0
WAXP.V,D,20200620,000000,0.0542,0.05446,0.05261,0.05402,0,0
WAXP.V,D,20200621,000000,0.05402,0.05651,0.05335,0.05557,0,0
WAXP.V,D,20200622,000000,0.05557,0.06127,0.05473,0.05895,0,0
WAXP.V,D,20200623,000000,0.05895,0.05895,0.05614,0.05717,0,0
WAXP.V,D,20200624,000000,0.05717,0.05744,0.05248,0.05447,0,0
WAXP.V,D,20200625,000000,0.05447,0.057,0.05001,0.05493,0,0
WAXP.V,D,20200626,000000,0.05493,0.05549,0.0514,0.05221,0,0
WAXP.V,D,20200627,000000,0.05221,0.05347,0.04803,0.04911,0,0
WAXP.V,D,20200628,000000,0.04911,0.05233,0.045,0.04976,0,0
WAXP.V,D,20200629,000000,0.04976,0.05225,0.04728,0.05097,0,0
WAXP.V,D,20200630,000000,0.05097,0.05298,0.04938,0.05114,0,0
WAXP.V,D,20200701,000000,0.05114,0.05325,0.04972,0.05153,0,0
WAXP.V,D,20200702,000000,0.05153,0.057,0.05021,0.05442,0,0
WAXP.V,D,20200703,000000,0.05442,0.05878,0.05219,0.05877,0,0
WAXP.V,D,20200704,000000,0.05877,0.06078,0.05595,0.05998,0,0
WAXP.V,D,20200705,000000,0.05998,0.05998,0.0558,0.05692,0,0
WAXP.V,D,20200706,000000,0.05692,0.05917,0.0545,0.05706,0,0
WAXP.V,D,20200707,000000,0.05706,0.05852,0.05485,0.05744,0,0
WAXP.V,D,20200708,000000,0.05744,0.05744,0.0555,0.05631,0,0
WAXP.V,D,20200709,000000,0.05631,0.05639,0.05298,0.05436,0,0
WAXP.V,D,20200710,000000,0.05436,0.05484,0.05252,0.05477,0,0
WAXP.V,D,20200711,000000,0.05477,0.055,0.05314,0.05497,0,0
WAXP.V,D,20200712,000000,0.05497,0.05537,0.0538,0.05477,0,0
WAXP.V,D,20200713,000000,0.05477,0.058,0.05376,0.0555,0,0
WAXP.V,D,20200714,000000,0.0555,0.05674,0.05323,0.05538,0,0
WAXP.V,D,20200715,000000,0.05538,0.059,0.05489,0.0587,0,0
WAXP.V,D,20200716,000000,0.0587,0.0587,0.0537,0.05591,0,0
WAXP.V,D,20200717,000000,0.05591,0.05595,0.05376,0.05471,0,0
WAXP.V,D,20200718,000000,0.05471,0.05471,0.05217,0.05352,0,0
WAXP.V,D,20200719,000000,0.05352,0.0545,0.05275,0.0542,0,0
WAXP.V,D,20200720,000000,0.0542,0.0616,0.05275,0.05645,0,0
WAXP.V,D,20200721,000000,0.05645,0.05645,0.0534,0.05489,0,0
WAXP.V,D,20200722,000000,0.05489,0.056,0.05363,0.05546,0,0
WAXP.V,D,20200723,000000,0.05546,0.056,0.05372,0.05492,0,0
WAXP.V,D,20200724,000000,0.05492,0.055,0.0535,0.05428,0,0
WAXP.V,D,20200725,000000,0.05428,0.05485,0.0535,0.05449,0,0
WAXP.V,D,20200726,000000,0.05449,0.05449,0.0518,0.05349,0,0
WAXP.V,D,20200727,000000,0.05349,0.05349,0.048,0.04934,0,0
WAXP.V,D,20200728,000000,0.04934,0.052,0.0485,0.052,0,0
WAXP.V,D,20200729,000000,0.052,0.05385,0.05051,0.05247,0,0
WAXP.V,D,20200730,000000,0.05247,0.0538,0.04971,0.05248,0,0
WAXP.V,D,20200731,000000,0.05248,0.05248,0.0502,0.05107,0,0
WAXP.V,D,20200801,000000,0.05107,0.0525,0.05025,0.05139,0,0
WAXP.V,D,20200802,000000,0.05139,0.05182,0.048,0.04856,0,0
WAXP.V,D,20200803,000000,0.04856,0.0508,0.0482,0.04976,0,0
WAXP.V,D,20200804,000000,0.04976,0.05046,0.048,0.04963,0,0
WAXP.V,D,20200805,000000,0.04963,0.04966,0.04815,0.04903,0,0
WAXP.V,D,20200806,000000,0.04903,0.0494,0.04815,0.04914,0,0
WAXP.V,D,20200807,000000,0.04914,0.05064,0.04729,0.04918,0,0
WAXP.V,D,20200808,000000,0.04918,0.0515,0.0476,0.05121,0,0
WAXP.V,D,20200809,000000,0.05121,0.0535,0.05041,0.05328,0,0
WAXP.V,D,20200810,000000,0.05328,0.0538,0.05071,0.0538,0,0
WAXP.V,D,20200811,000000,0.0538,0.0565,0.05018,0.0521,0,0
WAXP.V,D,20200812,000000,0.0521,0.05248,0.05012,0.05179,0,0
WAXP.V,D,20200813,000000,0.05179,0.05322,0.05,0.05201,0,0
WAXP.V,D,20200814,000000,0.05201,0.05308,0.05131,0.05267,0,0
WAXP.V,D,20200815,000000,0.05267,0.05308,0.0517,0.05262,0,0
WAXP.V,D,20200816,000000,0.05262,0.054,0.05176,0.05398,0,0
WAXP.V,D,20200817,000000,0.05398,0.05709,0.05289,0.05655,0,0
WAXP.V,D,20200818,000000,0.05655,0.05746,0.05234,0.05599,0,0
WAXP.V,D,20200819,000000,0.05599,0.05599,0.05059,0.05184,0,0
WAXP.V,D,20200820,000000,0.05184,0.05333,0.05,0.05332,0,0
WAXP.V,D,20200821,000000,0.05332,0.0542,0.05062,0.05203,0,0
WAXP.V,D,20200822,000000,0.05203,0.053,0.04925,0.05253,0,0
WAXP.V,D,20200823,000000,0.05253,0.053,0.05026,0.05174,0,0
WAXP.V,D,20200824,000000,0.05174,0.053,0.05101,0.05285,0,0
WAXP.V,D,20200825,000000,0.05285,0.05286,0.04868,0.05011,0,0
WAXP.V,D,20200826,000000,0.05011,0.0514,0.04868,0.0514,0,0
WAXP.V,D,20200827,000000,0.0514,0.0514,0.0461,0.04745,0,0
WAXP.V,D,20200828,000000,0.04745,0.051,0.04611,0.04968,0,0
WAXP.V,D,20200829,000000,0.04968,0.05083,0.048,0.05027,0,0
WAXP.V,D,20200830,000000,0.05027,0.052,0.04913,0.05083,0,0
WAXP.V,D,20200831,000000,0.05083,0.0514,0.04913,0.04925,0,0
WAXP.V,D,20200901,000000,0.04925,0.04989,0.04818,0.04896,0,0
WAXP.V,D,20200902,000000,0.04896,0.0498,0.04435,0.04664,0,0
WAXP.V,D,20200903,000000,0.04664,0.04727,0.03725,0.03725,0,0
WAXP.V,D,20200904,000000,0.03723,0.03912,0.03687,0.03895,0,0
WAXP.V,D,20200905,000000,0.03895,0.03958,0.03524,0.03583,0,0
WAXP.V,D,20200906,000000,0.03583,0.03888,0.03361,0.03629,0,0
WAXP.V,D,20200907,000000,0.03629,0.03682,0.03309,0.03535,0,0
WAXP.V,D,20200908,000000,0.03535,0.03642,0.03403,0.03558,0,0
WAXP.V,D,20200909,000000,0.03558,0.03747,0.03449,0.03658,0,0
WAXP.V,D,20200910,000000,0.03658,0.04317,0.03637,0.0426,0,0
WAXP.V,D,20200911,000000,0.04243,0.04256,0.03955,0.04106,0,0
WAXP.V,D,20200912,000000,0.04106,0.0425,0.04026,0.04186,0,0
WAXP.V,D,20200913,000000,0.04209,0.04209,0.03899,0.03985,0,0
WAXP.V,D,20200914,000000,0.03985,0.04062,0.03804,0.03994,0,0
WAXP.V,D,20200915,000000,0.03994,0.04005,0.0374,0.03819,0,0
WAXP.V,D,20200916,000000,0.03819,0.0384,0.03539,0.03683,0,0
WAXP.V,D,20200917,000000,0.03683,0.03776,0.03633,0.0375,0,0
WAXP.V,D,20200918,000000,0.0375,0.04245,0.03715,0.03812,0,0
WAXP.V,D,20200919,000000,0.03812,0.03896,0.0381,0.03847,0,0
WAXP.V,D,20200920,000000,0.03847,0.03871,0.03699,0.03785,0,0
WAXP.V,D,20200921,000000,0.03785,0.04688,0.03365,0.04308,0,0
WAXP.V,D,20200922,000000,0.04379,0.04664,0.03736,0.04161,0,0
WAXP.V,D,20200923,000000,0.04166,0.04195,0.0359,0.03652,0,0
WAXP.V,D,20200924,000000,0.03652,0.03994,0.0364,0.0384,0,0
WAXP.V,D,20200925,000000,0.0384,0.03879,0.03655,0.03864,0,0
WAXP.V,D,20200926,000000,0.03864,0.03952,0.03756,0.03918,0,0
WAXP.V,D,20200927,000000,0.03918,0.03976,0.03792,0.03918,0,0
WAXP.V,D,20200928,000000,0.03918,0.04077,0.03744,0.0388,0,0
WAXP.V,D,20200929,000000,0.0388,0.04079,0.03866,0.04,0,0
WAXP.V,D,20200930,000000,0.04,0.04113,0.0392,0.0409,0,0
WAXP.V,D,20201001,000000,0.0409,0.04152,0.03721,0.03782,0,0
WAXP.V,D,20201002,000000,0.03782,0.03876,0.03595,0.03667,0,0
WAXP.V,D,20201003,000000,0.03675,0.04196,0.03675,0.03764,0,0
WAXP.V,D,20201004,000000,0.03781,0.03816,0.03686,0.03736,0,0
WAXP.V,D,20201005,000000,0.03736,0.03919,0.03721,0.03882,0,0
WAXP.V,D,20201006,000000,0.03882,0.04226,0.03639,0.03647,0,0
WAXP.V,D,20201007,000000,0.03664,0.041,0.03631,0.03867,0,0
WAXP.V,D,20201008,000000,0.03867,0.04343,0.038,0.04093,0,0
WAXP.V,D,20201009,000000,0.04093,0.04445,0.0396,0.04307,0,0
WAXP.V,D,20201010,000000,0.04094,0.04244,0.03985,0.04106,0,0
WAXP.V,D,20201011,000000,0.04106,0.04129,0.04039,0.04048,0,0
WAXP.V,D,20201012,000000,0.04048,0.04101,0.03935,0.04035,0,0
WAXP.V,D,20201013,000000,0.04035,0.04072,0.03884,0.04012,0,0
WAXP.V,D,20201014,000000,0.04012,0.04069,0.03919,0.03952,0,0
WAXP.V,D,20201015,000000,0.03952,0.04049,0.03858,0.03923,0,0
WAXP.V,D,20201016,000000,0.03923,0.03943,0.03769,0.03826,0,0
WAXP.V,D,20201017,000000,0.03826,0.03898,0.03788,0.03882,0,0
WAXP.V,D,20201018,000000,0.03882,0.03926,0.03832,0.03849,0,0
WAXP.V,D,20201019,000000,0.03849,0.03896,0.03793,0.03857,0,0
WAXP.V,D,20201020,000000,0.03857,0.03873,0.03667,0.03709,0,0
WAXP.V,D,20201021,000000,0.03709,0.03856,0.03709,0.03802,0,0
WAXP.V,D,20201022,000000,0.03802,0.03821,0.03689,0.03777,0,0
WAXP.V,D,20201023,000000,0.03777,0.03892,0.03731,0.03826,0,0
WAXP.V,D,20201024,000000,0.03826,0.0402,0.03823,0.03937,0,0
WAXP.V,D,20201025,000000,0.03905,0.03905,0.03741,0.03786,0,0
WAXP.V,D,20201026,000000,0.03794,0.04008,0.03665,0.03738,0,0
WAXP.V,D,20201027,000000,0.03738,0.0396,0.03674,0.0379,0,0
WAXP.V,D,20201028,000000,0.03775,0.03804,0.03476,0.03524,0,0
WAXP.V,D,20201029,000000,0.03555,0.036,0.035,0.03545,0,0
WAXP.V,D,20201030,000000,0.03545,0.03556,0.03314,0.0347,0,0
WAXP.V,D,20201031,000000,0.0347,0.03555,0.0343,0.03456,0,0
WAXP.V,D,20201101,000000,0.03456,0.03468,0.03409,0.03431,0,0
WAXP.V,D,20201102,000000,0.03431,0.03471,0.0325,0.03308,0,0
WAXP.V,D,20201103,000000,0.03308,0.03338,0.03075,0.03178,0,0
WAXP.V,D,20201104,000000,0.03178,0.03197,0.03021,0.03173,0,0
WAXP.V,D,20201105,000000,0.03173,0.03239,0.03128,0.03204,0,0
WAXP.V,D,20201106,000000,0.03204,0.0352,0.03164,0.03485,0,0
WAXP.V,D,20201107,000000,0.03485,0.03563,0.03228,0.03327,0,0
WAXP.V,D,20201108,000000,0.03327,0.03471,0.03309,0.03415,0,0
WAXP.V,D,20201109,000000,0.03415,0.03548,0.03352,0.03543,0,0
WAXP.V,D,20201110,000000,0.03543,0.03912,0.03524,0.03734,0,0
WAXP.V,D,20201111,000000,0.03734,0.03804,0.03686,0.03749,0,0
WAXP.V,D,20201112,000000,0.03749,0.03942,0.03607,0.03705,0,0
WAXP.V,D,20201113,000000,0.03705,0.03908,0.037,0.03788,0,0
WAXP.V,D,20201114,000000,0.03788,0.03805,0.03591,0.03677,0,0
WAXP.V,D,20201115,000000,0.03677,0.03694,0.03591,0.03655,0,0
WAXP.V,D,20201116,000000,0.03614,0.03636,0.03524,0.03571,0,0
WAXP.V,D,20201117,000000,0.03582,0.0368,0.03565,0.03626,0,0
WAXP.V,D,20201118,000000,0.03598,0.03598,0.03201,0.03349,0,0
WAXP.V,D,20201119,000000,0.03378,0.03393,0.03256,0.03321,0,0
WAXP.V,D,20201120,000000,0.03321,0.03426,0.03286,0.03375,0,0
WAXP.V,D,20201121,000000,0.03375,0.03538,0.03346,0.03515,0,0
WAXP.V,D,20201122,000000,0.03515,0.03586,0.03401,0.03488,0,0
WAXP.V,D,20201123,000000,0.03488,0.03665,0.03433,0.03578,0,0
WAXP.V,D,20201124,000000,0.03578,0.04144,0.03542,0.04048,0,0
WAXP.V,D,20201125,000000,0.04048,0.04426,0.03983,0.04112,0,0
WAXP.V,D,20201126,000000,0.04112,0.04408,0.03362,0.03622,0,0
WAXP.V,D,20201127,000000,0.03622,0.03716,0.03468,0.03612,0,0
WAXP.V,D,20201128,000000,0.03612,0.03723,0.03522,0.03678,0,0
WAXP.V,D,20201129,000000,0.03678,0.03806,0.03605,0.03687,0,0
WAXP.V,D,20201130,000000,0.03687,0.038,0.03596,0.03784,0,0
WAXP.V,D,20201201,000000,0.03784,0.03975,0.03629,0.03814,0,0
WAXP.V,D,20201202,000000,0.03814,0.04153,0.0376,0.04151,0,0
WAXP.V,D,20201203,000000,0.04151,0.04186,0.03985,0.04105,0,0
WAXP.V,D,20201204,000000,0.04105,0.04118,0.03772,0.03788,0,0
WAXP.V,D,20201205,000000,0.03788,0.04137,0.03766,0.04022,0,0
WAXP.V,D,20201206,000000,0.04022,0.04045,0.03862,0.03941,0,0
WAXP.V,D,20201207,000000,0.03941,0.04095,0.03886,0.04047,0,0
WAXP.V,D,20201208,000000,0.04047,0.04169,0.03902,0.03921,0,0
WAXP.V,D,20201209,000000,0.03921,0.0394,0.03667,0.03827,0,0
WAXP.V,D,20201210,000000,0.03827,0.03938,0.03757,0.03845,0,0
WAXP.V,D,20201211,000000,0.03845,0.03845,0.03653,0.03696,0,0
WAXP.V,D,20201212,000000,0.03696,0.03907,0.0369,0.03868,0,0
WAXP.V,D,20201213,000000,0.03868,0.03925,0.038,0.03895,0,0
WAXP.V,D,20201214,000000,0.03895,0.04021,0.03841,0.04002,0,0
WAXP.V,D,20201215,000000,0.04002,0.04039,0.03922,0.03994,0,0
WAXP.V,D,20201216,000000,0.03994,0.04055,0.03923,0.04034,0,0
WAXP.V,D,20201217,000000,0.04034,0.04068,0.03887,0.03966,0,0
WAXP.V,D,20201218,000000,0.03966,0.04292,0.03909,0.04059,0,0
WAXP.V,D,20201219,000000,0.04059,0.04484,0.04021,0.04464,0,0
WAXP.V,D,20201220,000000,0.04464,0.04718,0.04169,0.04463,0,0
WAXP.V,D,20201221,000000,0.04463,0.04628,0.03985,0.04262,0,0
WAXP.V,D,20201222,000000,0.04262,0.04262,0.03891,0.04011,0,0
WAXP.V,D,20201223,000000,0.04011,0.04058,0.03331,0.03373,0,0
WAXP.V,D,20201224,000000,0.03373,0.03597,0.03181,0.03595,0,0
WAXP.V,D,20201225,000000,0.03595,0.03682,0.03515,0.03602,0,0
WAXP.V,D,20201226,000000,0.03602,0.03604,0.03488,0.0356,0,0
WAXP.V,D,20201227,000000,0.0356,0.03745,0.03498,0.03648,0,0
WAXP.V,D,20201228,000000,0.03648,0.03773,0.03607,0.03714,0,0
WAXP.V,D,20201229,000000,0.03714,0.03779,0.03384,0.03609,0,0
WAXP.V,D,20201230,000000,0.03609,0.03617,0.03446,0.0351,0,0
WAXP.V,D,20201231,000000,0.0351,0.03689,0.03467,0.03578,0,0
WAXP.V,D,20210101,000000,0.03578,0.03695,0.03501,0.03652,0,0
WAXP.V,D,20210102,000000,0.03652,0.03964,0.03607,0.03671,0,0
WAXP.V,D,20210103,000000,0.03671,0.03698,0.03478,0.03561,0,0
WAXP.V,D,20210104,000000,0.03561,0.03693,0.0327,0.03521,0,0
WAXP.V,D,20210105,000000,0.03521,0.03775,0.0337,0.03613,0,0
WAXP.V,D,20210106,000000,0.03613,0.03831,0.0352,0.03793,0,0
WAXP.V,D,20210107,000000,0.03793,0.04041,0.03696,0.03865,0,0
WAXP.V,D,20210108,000000,0.03865,0.04952,0.03789,0.04374,0,0
WAXP.V,D,20210109,000000,0.04374,0.04403,0.03864,0.04296,0,0
WAXP.V,D,20210110,000000,0.04296,0.04343,0.0385,0.04006,0,0
WAXP.V,D,20210111,000000,0.04006,0.04013,0.03425,0.03635,0,0
WAXP.V,D,20210112,000000,0.03635,0.03889,0.0356,0.03735,0,0
WAXP.V,D,20210113,000000,0.03735,0.03963,0.03635,0.03933,0,0
WAXP.V,D,20210114,000000,0.03933,0.04083,0.03883,0.04025,0,0
WAXP.V,D,20210115,000000,0.04025,0.04783,0.0382,0.04075,0,0
WAXP.V,D,20210116,000000,0.04075,0.04711,0.04059,0.04342,0,0
WAXP.V,D,20210117,000000,0.04342,0.04686,0.04029,0.04368,0,0
WAXP.V,D,20210118,000000,0.04368,0.04565,0.04187,0.04447,0,0
WAXP.V,D,20210119,000000,0.04447,0.04551,0.04316,0.04347,0,0
WAXP.V,D,20210120,000000,0.04347,0.04409,0.04067,0.0439,0,0
WAXP.V,D,20210121,000000,0.0439,0.04572,0.03956,0.03973,0,0
WAXP.V,D,20210122,000000,0.03973,0.04732,0.03677,0.04699,0,0
WAXP.V,D,20210123,000000,0.04699,0.04732,0.04202,0.04399,0,0
WAXP.V,D,20210124,000000,0.04399,0.04419,0.04237,0.0439,0,0
WAXP.V,D,20210125,000000,0.0439,0.04459,0.04255,0.04323,0,0
WAXP.V,D,20210126,000000,0.04323,0.04327,0.04042,0.04256,0,0
WAXP.V,D,20210127,000000,0.04256,0.04261,0.03796,0.03954,0,0
WAXP.V,D,20210128,000000,0.03954,0.04269,0.03916,0.04202,0,0
WAXP.V,D,20210129,000000,0.04202,0.04728,0.03408,0.04201,0,0
WAXP.V,D,20210130,000000,0.04201,0.05007,0.04039,0.04118,0,0
WAXP.V,D,20210131,000000,0.04118,0.04123,0.03958,0.04057,0,0
WAXP.V,D,20210201,000000,0.04057,0.04171,0.0388,0.0403,0,0
WAXP.V,D,20210202,000000,0.0403,0.0431,0.03931,0.04239,0,0
WAXP.V,D,20210203,000000,0.04239,0.04607,0.04149,0.04475,0,0
WAXP.V,D,20210204,000000,0.04475,0.04604,0.04253,0.04373,0,0
WAXP.V,D,20210205,000000,0.04373,0.0472,0.04339,0.0472,0,0
WAXP.V,D,20210206,000000,0.0472,0.04908,0.04528,0.04702,0,0
WAXP.V,D,20210207,000000,0.04702,0.04774,0.04343,0.04494,0,0
WAXP.V,D,20210208,000000,0.04494,0.04813,0.04365,0.04767,0,0
WAXP.V,D,20210209,000000,0.04767,0.05351,0.04728,0.05016,0,0
WAXP.V,D,20210210,000000,0.05016,0.05265,0.04909,0.0514,0,0
WAXP.V,D,20210211,000000,0.0514,0.06663,0.0506,0.06288,0,0
WAXP.V,D,20210212,000000,0.06288,0.06611,0.05885,0.06385,0,0
WAXP.V,D,20210213,000000,0.06385,0.07662,0.06039,0.06801,0,0
WAXP.V,D,20210214,000000,0.06801,0.07001,0.06113,0.06344,0,0
WAXP.V,D,20210215,000000,0.06344,0.07658,0.05693,0.07601,0,0
WAXP.V,D,20210216,000000,0.07601,0.08048,0.06836,0.07241,0,0
WAXP.V,D,20210217,000000,0.07241,0.07774,0.06679,0.07575,0,0
WAXP.V,D,20210218,000000,0.07575,0.09175,0.07513,0.08172,0,0
WAXP.V,D,20210219,000000,0.08172,0.08687,0.07349,0.08634,0,0
WAXP.V,D,20210220,000000,0.08634,0.08706,0.07899,0.08064,0,0
WAXP.V,D,20210221,000000,0.08064,0.1037,0.07786,0.09587,0,0
WAXP.V,D,20210222,000000,0.09587,0.1104,0.07363,0.1101,0,0
WAXP.V,D,20210223,000000,0.1101,0.1101,0.06756,0.07947,0,0
WAXP.V,D,20210224,000000,0.07947,0.08788,0.07273,0.0805,0,0
WAXP.V,D,20210225,000000,0.0805,0.0855,0.07507,0.07514,0,0
WAXP.V,D,20210226,000000,0.07514,0.07807,0.06999,0.07529,0,0
WAXP.V,D,20210227,000000,0.07529,0.0822,0.07489,0.08081,0,0
WAXP.V,D,20210228,000000,0.08081,0.08193,0.06692,0.07224,0,0
WAXP.V,D,20210301,000000,0.07224,0.07848,0.07079,0.07794,0,0
WAXP.V,D,20210302,000000,0.07794,0.08327,0.07456,0.08183,0,0
WAXP.V,D,20210303,000000,0.08183,0.1036,0.07953,0.1008,0,0
WAXP.V,D,20210304,000000,0.1008,0.1482,0.09503,0.1171,0,0
WAXP.V,D,20210305,000000,0.1171,0.1344,0.1093,0.1157,0,0
WAXP.V,D,20210306,000000,0.1157,0.1172,0.1052,0.1135,0,0
WAXP.V,D,20210307,000000,0.1135,0.1277,0.1113,0.1245,0,0
WAXP.V,D,20210308,000000,0.1245,0.1706,0.123,0.1657,0,0
WAXP.V,D,20210309,000000,0.1657,0.208,0.1642,0.1735,0,0
WAXP.V,D,20210310,000000,0.1735,0.1824,0.1557,0.1695,0,0
WAXP.V,D,20210311,000000,0.1695,0.1981,0.1615,0.1857,0,0
WAXP.V,D,20210312,000000,0.1857,0.2663,0.1746,0.2478,0,0
WAXP.V,D,20210313,000000,0.2478,0.3277,0.2323,0.2854,0,0
WAXP.V,D,20210314,000000,0.2854,0.308,0.2611,0.2745,0,0
WAXP.V,D,20210315,000000,0.2745,0.296,0.2491,0.2803,0,0
WAXP.V,D,20210316,000000,0.2803,0.2812,0.2419,0.2505,0,0
WAXP.V,D,20210317,000000,0.2505,0.2634,0.198,0.2496,0,0
WAXP.V,D,20210318,000000,0.2496,0.2515,0.2216,0.2405,0,0
WAXP.V,D,20210319,000000,0.2405,0.2517,0.2318,0.242,0,0
WAXP.V,D,20210320,000000,0.242,0.2428,0.2022,0.2145,0,0
WAXP.V,D,20210321,000000,0.2145,0.2457,0.2067,0.2299,0,0
WAXP.V,D,20210322,000000,0.2299,0.2452,0.2137,0.2152,0,0
WAXP.V,D,20210323,000000,0.2152,0.2375,0.1961,0.2289,0,0
WAXP.V,D,20210324,000000,0.2289,0.2471,0.208,0.2147,0,0
WAXP.V,D,20210325,000000,0.2147,0.2347,0.2052,0.2238,0,0
WAXP.V,D,20210326,000000,0.2238,0.2375,0.2164,0.2371,0,0
WAXP.V,D,20210327,000000,0.2371,0.2548,0.2234,0.2531,0,0
WAXP.V,D,20210328,000000,0.2531,0.2723,0.2393,0.269,0,0
WAXP.V,D,20210329,000000,0.269,0.2864,0.2549,0.2752,0,0
WAXP.V,D,20210330,000000,0.2752,0.319,0.2652,0.2988,0,0
WAXP.V,D,20210331,000000,0.2988,0.3431,0.2985,0.3118,0,0
WAXP.V,D,20210401,000000,0.3118,0.3147,0.2786,0.3075,0,0
WAXP.V,D,20210402,000000,0.3075,0.3092,0.2885,0.3088,0,0
WAXP.V,D,20210403,000000,0.3088,0.3088,0.2492,0.2615,0,0
WAXP.V,D,20210404,000000,0.2615,0.2845,0.2565,0.282,0,0
WAXP.V,D,20210405,000000,0.282,0.283,0.2451,0.2482,0,0
WAXP.V,D,20210406,000000,0.2482,0.2934,0.2163,0.233,0,0
WAXP.V,D,20210407,000000,0.233,0.2336,0.1765,0.2003,0,0
WAXP.V,D,20210408,000000,0.2003,0.2334,0.1982,0.2281,0,0
WAXP.V,D,20210409,000000,0.2281,0.2489,0.2245,0.2453,0,0
WAXP.V,D,20210410,000000,0.2453,0.2625,0.2368,0.2511,0,0
WAXP.V,D,20210411,000000,0.2511,0.2514,0.216,0.2433,0,0
WAXP.V,D,20210412,000000,0.2433,0.2871,0.2308,0.2593,0,0
WAXP.V,D,20210413,000000,0.2593,0.2696,0.247,0.2599,0,0
WAXP.V,D,20210414,000000,0.2599,0.2644,0.2239,0.2421,0,0
WAXP.V,D,20210415,000000,0.2421,0.2536,0.2394,0.2507,0,0
WAXP.V,D,20210416,000000,0.2507,0.2513,0.2203,0.2397,0,0
WAXP.V,D,20210417,000000,0.2397,0.2397,0.2246,0.2374,0,0
WAXP.V,D,20210418,000000,0.2374,0.2527,0.1907,0.2091,0,0
WAXP.V,D,20210419,000000,0.2091,0.2223,0.1927,0.2048,0,0
WAXP.V,D,20210420,000000,0.2048,0.2264,0.1778,0.2178,0,0
WAXP.V,D,20210421,000000,0.2178,0.2247,0.2048,0.2083,0,0
WAXP.V,D,20210422,000000,0.2083,0.2088,0.1704,0.1791,0,0
WAXP.V,D,20210423,000000,0.1791,0.1955,0.1217,0.1713,0,0
WAXP.V,D,20210424,000000,0.1713,0.1732,0.1527,0.1651,0,0
WAXP.V,D,20210425,000000,0.1651,0.1877,0.1601,0.1734,0,0
WAXP.V,D,20210426,000000,0.1734,0.2002,0.1731,0.1999,0,0
WAXP.V,D,20210427,000000,0.1999,0.2302,0.1953,0.2272,0,0
WAXP.V,D,20210428,000000,0.2272,0.255,0.225,0.2394,0,0
WAXP.V,D,20210429,000000,0.2394,0.2623,0.2301,0.2528,0,0
WAXP.V,D,20210430,000000,0.2528,0.2721,0.2457,0.2683,0,0
WAXP.V,D,20210501,000000,0.2683,0.2798,0.254,0.2664,0,0
WAXP.V,D,20210502,000000,0.2664,0.2908,0.2552,0.2803,0,0
WAXP.V,D,20210503,000000,0.2803,0.3075,0.2716,0.2779,0,0
WAXP.V,D,20210504,000000,0.2779,0.2963,0.251,0.2612,0,0
WAXP.V,D,20210505,000000,0.2612,0.2789,0.2373,0.2746,0,0
WAXP.V,D,20210506,000000,0.2746,0.2751,0.2407,0.2432,0,0
WAXP.V,D,20210507,000000,0.2432,0.2581,0.2318,0.2383,0,0
WAXP.V,D,20210508,000000,0.2383,0.2577,0.2361,0.2518,0,0
WAXP.V,D,20210509,000000,0.2518,0.2549,0.2248,0.2399,0,0
WAXP.V,D,20210510,000000,0.2399,0.2558,0.2151,0.2285,0,0
WAXP.V,D,20210511,000000,0.2285,0.2621,0.2197,0.2505,0,0
WAXP.V,D,20210512,000000,0.2505,0.2614,0.2071,0.2082,0,0
WAXP.V,D,20210513,000000,0.2082,0.2218,0.1812,0.1865,0,0
WAXP.V,D,20210514,000000,0.1865,0.2081,0.1853,0.1984,0,0
WAXP.V,D,20210515,000000,0.1984,0.203,0.1882,0.1886,0,0
WAXP.V,D,20210516,000000,0.1886,0.1987,0.1764,0.1831,0,0
WAXP.V,D,20210517,000000,0.1831,0.1843,0.1611,0.1695,0,0
WAXP.V,D,20210518,000000,0.1695,0.1914,0.1611,0.178,0,0
WAXP.V,D,20210519,000000,0.178,0.1799,0.1033,0.1299,0,0
WAXP.V,D,20210520,000000,0.1299,0.1645,0.1107,0.1522,0,0
WAXP.V,D,20210521,000000,0.1522,0.1698,0.1295,0.1594,0,0
WAXP.V,D,20210522,000000,0.1594,0.1934,0.1467,0.1702,0,0
WAXP.V,D,20210523,000000,0.1702,0.1706,0.1088,0.1354,0,0
WAXP.V,D,20210524,000000,0.1354,0.1559,0.1128,0.1482,0,0
WAXP.V,D,20210525,000000,0.1482,0.1516,0.1322,0.1471,0,0
WAXP.V,D,20210526,000000,0.1471,0.1633,0.1397,0.1611,0,0
WAXP.V,D,20210527,000000,0.1611,0.1634,0.1438,0.1555,0,0
WAXP.V,D,20210528,000000,0.1555,0.1749,0.1451,0.1493,0,0
WAXP.V,D,20210529,000000,0.1493,0.1551,0.1376,0.1446,0,0
WAXP.V,D,20210530,000000,0.1446,0.1518,0.136,0.1487,0,0
WAXP.V,D,20210531,000000,0.1487,0.1574,0.1375,0.152,0,0
WAXP.V,D,20210601,000000,0.152,0.1552,0.1396,0.1494,0,0
WAXP.V,D,20210602,000000,0.1494,0.1624,0.1463,0.1577,0,0
WAXP.V,D,20210603,000000,0.1577,0.1644,0.1539,0.1613,0,0
WAXP.V,D,20210604,000000,0.1613,0.1687,0.1523,0.1578,0,0
WAXP.V,D,20210605,000000,0.1578,0.1667,0.1551,0.1596,0,0
WAXP.V,D,20210606,000000,0.1596,0.1638,0.1551,0.1633,0,0
WAXP.V,D,20210607,000000,0.1633,0.1811,0.148,0.1526,0,0
WAXP.V,D,20210608,000000,0.1526,0.1575,0.1401,0.1536,0,0
WAXP.V,D,20210609,000000,0.1536,0.1553,0.1455,0.1526,0,0
WAXP.V,D,20210610,000000,0.1526,0.1548,0.1425,0.1445,0,0
WAXP.V,D,20210611,000000,0.1445,0.1588,0.1421,0.1471,0,0
WAXP.V,D,20210612,000000,0.1471,0.1484,0.136,0.1427,0,0
WAXP.V,D,20210613,000000,0.1427,0.1531,0.1381,0.1504,0,0
WAXP.V,D,20210614,000000,0.1504,0.1571,0.1471,0.1512,0,0
WAXP.V,D,20210615,000000,0.1512,0.155,0.1482,0.1523,0,0
WAXP.V,D,20210616,000000,0.1523,0.1565,0.1406,0.1438,0,0
WAXP.V,D,20210617,000000,0.1438,0.1484,0.1391,0.1416,0,0
WAXP.V,D,20210618,000000,0.1416,0.1448,0.131,0.1382,0,0
WAXP.V,D,20210619,000000,0.1382,0.145,0.1353,0.1383,0,0
WAXP.V,D,20210620,000000,0.1383,0.145,0.1323,0.141,0,0
WAXP.V,D,20210621,000000,0.141,0.142,0.1101,0.1116,0,0
WAXP.V,D,20210622,000000,0.1116,0.12,0.07828,0.08968,0,0
WAXP.V,D,20210623,000000,0.08968,0.098,0.08647,0.09451,0,0
WAXP.V,D,20210624,000000,0.09451,0.1011,0.0908,0.0995,0,0
WAXP.V,D,20210625,000000,0.0995,0.1016,0.09081,0.09176,0,0
WAXP.V,D,20210626,000000,0.09176,0.09639,0.08708,0.09375,0,0
WAXP.V,D,20210627,000000,0.09375,0.09571,0.09035,0.09538,0,0
WAXP.V,D,20210628,000000,0.09538,0.1023,0.09356,0.102,0,0
WAXP.V,D,20210629,000000,0.102,0.1092,0.101,0.109,0,0
WAXP.V,D,20210630,000000,0.109,0.1186,0.1054,0.1179,0,0
WAXP.V,D,20210701,000000,0.1179,0.1199,0.1083,0.1192,0,0
WAXP.V,D,20210702,000000,0.1192,0.1192,0.1091,0.1155,0,0
WAXP.V,D,20210703,000000,0.1155,0.1191,0.11,0.1174,0,0
WAXP.V,D,20210704,000000,0.1174,0.1284,0.1147,0.1277,0,0
WAXP.V,D,20210705,000000,0.1277,0.1545,0.122,0.1339,0,0
WAXP.V,D,20210706,000000,0.1339,0.1356,0.1295,0.133,0,0
WAXP.V,D,20210707,000000,0.133,0.1469,0.1306,0.1426,0,0
WAXP.V,D,20210708,000000,0.1426,0.1526,0.1275,0.13,0,0
WAXP.V,D,20210709,000000,0.13,0.1326,0.1177,0.1308,0,0
WAXP.V,D,20210710,000000,0.1308,0.1309,0.1261,0.1295,0,0
WAXP.V,D,20210711,000000,0.1295,0.1328,0.1243,0.1325,0,0
WAXP.V,D,20210712,000000,0.1325,0.1329,0.1253,0.1286,0,0
WAXP.V,D,20210713,000000,0.1286,0.1299,0.1239,0.1283,0,0
WAXP.V,D,20210714,000000,0.1283,0.1371,0.1179,0.136,0,0
WAXP.V,D,20210715,000000,0.136,0.1484,0.1267,0.1281,0,0
WAXP.V,D,20210716,000000,0.1281,0.1299,0.1195,0.1236,0,0
WAXP.V,D,20210717,000000,0.1236,0.1254,0.1192,0.1239,0,0
WAXP.V,D,20210718,000000,0.1239,0.1296,0.1209,0.1234,0,0
WAXP.V,D,20210719,000000,0.1234,0.1258,0.1132,0.1144,0,0
WAXP.V,D,20210720,000000,0.1144,0.1146,0.09525,0.1055,0,0
WAXP.V,D,20210721,000000,0.1055,0.1189,0.1034,0.1165,0,0
WAXP.V,D,20210722,000000,0.1165,0.1241,0.1143,0.1201,0,0
WAXP.V,D,20210723,000000,0.1201,0.13,0.119,0.13,0,0
WAXP.V,D,20210724,000000,0.13,0.1388,0.13,0.1352,0,0
WAXP.V,D,20210725,000000,0.1352,0.1375,0.1302,0.1366,0,0
WAXP.V,D,20210726,000000,0.1366,0.1439,0.1352,0.1407,0,0
WAXP.V,D,20210727,000000,0.1407,0.2046,0.1406,0.1553,0,0
WAXP.V,D,20210728,000000,0.1553,0.1553,0.145,0.1496,0,0
WAXP.V,D,20210729,000000,0.1496,0.1539,0.1439,0.1528,0,0
WAXP.V,D,20210730,000000,0.1528,0.1599,0.1459,0.156,0,0
WAXP.V,D,20210731,000000,0.156,0.1587,0.1518,0.1551,0,0
WAXP.V,D,20210801,000000,0.1551,0.1685,0.1491,0.1508,0,0
WAXP.V,D,20210802,000000,0.1508,0.1591,0.147,0.1554,0,0
WAXP.V,D,20210803,000000,0.1554,0.1568,0.1487,0.1563,0,0
WAXP.V,D,20210804,000000,0.1563,0.1714,0.1511,0.17,0,0
WAXP.V,D,20210805,000000,0.17,0.1728,0.1612,0.1724,0,0
WAXP.V,D,20210806,000000,0.1724,0.1782,0.1674,0.1782,0,0
WAXP.V,D,20210807,000000,0.1782,0.188,0.1746,0.1873,0,0
WAXP.V,D,20210808,000000,0.1873,0.1873,0.1721,0.1751,0,0
WAXP.V,D,20210809,000000,0.1751,0.18,0.1647,0.1792,0,0
WAXP.V,D,20210810,000000,0.1792,0.1857,0.1727,0.1848,0,0
WAXP.V,D,20210811,000000,0.1848,0.1979,0.1806,0.189,0,0
WAXP.V,D,20210812,000000,0.1809,0.1813,0.1747,0.1775,0,0
WAXP.V,D,20210813,000000,0.1775,0.1878,0.172,0.1878,0,0
WAXP.V,D,20210814,000000,0.1878,0.1899,0.1826,0.1871,0,0
WAXP.V,D,20210815,000000,0.1871,0.1941,0.1833,0.1934,0,0
WAXP.V,D,20210816,000000,0.1934,0.1948,0.1848,0.1883,0,0
WAXP.V,D,20210817,000000,0.1883,0.1897,0.1785,0.1789,0,0
WAXP.V,D,20210818,000000,0.1789,0.1878,0.1681,0.1702,0,0
WAXP.V,D,20210819,000000,0.1702,0.1814,0.1628,0.1793,0,0
WAXP.V,D,20210820,000000,0.1793,0.1858,0.176,0.1809,0,0
WAXP.V,D,20210821,000000,0.1809,0.188,0.1792,0.1868,0,0
WAXP.V,D,20210822,000000,0.1868,0.1877,0.18,0.1867,0,0
WAXP.V,D,20210823,000000,0.1867,0.5474,0.1836,0.3952,0,0
WAXP.V,D,20210824,000000,0.3952,0.459,0.3198,0.3308,0,0
WAXP.V,D,20210825,000000,0.3308,0.3598,0.2957,0.3491,0,0
WAXP.V,D,20210826,000000,0.3491,0.4124,0.3265,0.3729,0,0
WAXP.V,D,20210827,000000,0.3729,0.4126,0.3412,0.3866,0,0
WAXP.V,D,20210828,000000,0.3866,0.4001,0.3645,0.3777,0,0
WAXP.V,D,20210829,000000,0.3777,0.3889,0.3494,0.3626,0,0
WAXP.V,D,20210830,000000,0.3626,0.3643,0.3209,0.3421,0,0
WAXP.V,D,20210831,000000,0.3421,0.356,0.3327,0.3425,0,0
WAXP.V,D,20210901,000000,0.3425,0.3521,0.3336,0.3482,0,0
WAXP.V,D,20210902,000000,0.3482,0.371,0.3407,0.366,0,0
WAXP.V,D,20210903,000000,0.366,0.3673,0.353,0.3593,0,0
WAXP.V,D,20210904,000000,0.3593,0.3792,0.3479,0.3778,0,0
WAXP.V,D,20210905,000000,0.3778,0.3778,0.3562,0.361,0,0
WAXP.V,D,20210906,000000,0.361,0.3638,0.3499,0.3551,0,0
WAXP.V,D,20210907,000000,0.3551,0.3585,0.263,0.2779,0,0
WAXP.V,D,20210908,000000,0.2779,0.3082,0.2456,0.284,0,0
WAXP.V,D,20210909,000000,0.284,0.3164,0.274,0.3023,0,0
WAXP.V,D,20210910,000000,0.3023,0.3099,0.2681,0.276,0,0
WAXP.V,D,20210911,000000,0.276,0.3337,0.276,0.3233,0,0
WAXP.V,D,20210912,000000,0.3233,0.3266,0.2954,0.3091,0,0
WAXP.V,D,20210913,000000,0.3091,0.3097,0.2701,0.282,0,0
WAXP.V,D,20210914,000000,0.282,0.2883,0.2766,0.2878,0,0
WAXP.V,D,20210915,000000,0.2878,0.292,0.2799,0.2917,0,0
WAXP.V,D,20210916,000000,0.2917,0.3079,0.2792,0.2848,0,0
WAXP.V,D,20210917,000000,0.2848,0.2882,0.2783,0.2877,0,0
WAXP.V,D,20210918,000000,0.2877,0.2908,0.2809,0.2876,0,0
WAXP.V,D,20210919,000000,0.2876,0.2876,0.2706,0.2731,0,0
WAXP.V,D,20210920,000000,0.2731,0.2813,0.2229,0.2259,0,0
WAXP.V,D,20210921,000000,0.2259,0.2322,0.1953,0.1994,0,0
WAXP.V,D,20210922,000000,0.1994,0.2309,0.193,0.228,0,0
WAXP.V,D,20210923,000000,0.228,0.2719,0.2209,0.2564,0,0
WAXP.V,D,20210924,000000,0.2564,0.2564,0.2133,0.2323,0,0
WAXP.V,D,20210925,000000,0.2323,0.2338,0.2179,0.2261,0,0
WAXP.V,D,20210926,000000,0.2261,0.2316,0.2005,0.216,0,0
WAXP.V,D,20210927,000000,0.216,0.2354,0.2062,0.2063,0,0
WAXP.V,D,20210928,000000,0.2063,0.2086,0.1942,0.1951,0,0
WAXP.V,D,20210929,000000,0.1951,0.2066,0.193,0.198,0,0
WAXP.V,D,20210930,000000,0.198,0.2873,0.1972,0.2345,0,0
WAXP.V,D,20211001,000000,0.2345,0.2731,0.2344,0.2626,0,0
WAXP.V,D,20211002,000000,0.2626,0.275,0.253,0.2664,0,0
WAXP.V,D,20211003,000000,0.2664,0.3172,0.2608,0.2947,0,0
WAXP.V,D,20211004,000000,0.2947,0.3084,0.2884,0.3016,0,0
WAXP.V,D,20211005,000000,0.3016,0.3089,0.292,0.306,0,0
WAXP.V,D,20211006,000000,0.306,0.3501,0.291,0.3057,0,0
WAXP.V,D,20211007,000000,0.3057,0.3057,0.2908,0.2957,0,0
WAXP.V,D,20211008,000000,0.2957,0.2975,0.2815,0.2928,0,0
WAXP.V,D,20211009,000000,0.2928,0.2946,0.2757,0.2806,0,0
WAXP.V,D,20211010,000000,0.2806,0.2854,0.2719,0.274,0,0
WAXP.V,D,20211011,000000,0.274,0.2823,0.2668,0.2741,0,0
WAXP.V,D,20211012,000000,0.2741,0.2841,0.2546,0.2828,0,0
WAXP.V,D,20211013,000000,0.2828,0.2905,0.2733,0.29,0,0
WAXP.V,D,20211014,000000,0.29,0.2943,0.2851,0.2908,0,0
WAXP.V,D,20211015,000000,0.2908,0.2908,0.2681,0.2713,0,0
WAXP.V,D,20211016,000000,0.2713,0.2826,0.2692,0.282,0,0
WAXP.V,D,20211017,000000,0.282,0.282,0.2701,0.2758,0,0
WAXP.V,D,20211018,000000,0.2758,0.2949,0.2704,0.2925,0,0
WAXP.V,D,20211019,000000,0.2925,0.2959,0.2832,0.295,0,0
WAXP.V,D,20211020,000000,0.295,0.3095,0.2796,0.2986,0,0
WAXP.V,D,20211021,000000,0.2986,0.303,0.2856,0.2887,0,0
WAXP.V,D,20211022,000000,0.2887,0.3086,0.2865,0.3058,0,0
WAXP.V,D,20211023,000000,0.3058,0.3114,0.2981,0.3087,0,0
WAXP.V,D,20211024,000000,0.3087,0.3325,0.3045,0.313,0,0
WAXP.V,D,20211025,000000,0.313,0.3155,0.3004,0.3104,0,0
WAXP.V,D,20211026,000000,0.3104,0.3292,0.3071,0.32,0,0
WAXP.V,D,20211027,000000,0.32,0.3373,0.2897,0.3115,0,0
WAXP.V,D,20211028,000000,0.3115,0.3488,0.3104,0.3402,0,0
WAXP.V,D,20211029,000000,0.3402,0.3873,0.3402,0.3645,0,0
WAXP.V,D,20211030,000000,0.3645,0.4466,0.3436,0.4183,0,0
WAXP.V,D,20211031,000000,0.4183,0.6191,0.3741,0.3929,0,0
WAXP.V,D,20211101,000000,0.3929,0.4962,0.3918,0.4398,0,0
WAXP.V,D,20211102,000000,0.4398,0.496,0.4342,0.4745,0,0
WAXP.V,D,20211103,000000,0.4745,0.4896,0.4436,0.4619,0,0
WAXP.V,D,20211104,000000,0.4619,0.4962,0.4406,0.4761,0,0
WAXP.V,D,20211105,000000,0.4761,0.5999,0.4736,0.5341,0,0
WAXP.V,D,20211106,000000,0.5341,0.5543,0.501,0.524,0,0
WAXP.V,D,20211107,000000,0.524,0.5452,0.502,0.5099,0,0
WAXP.V,D,20211108,000000,0.5099,0.5132,0.4708,0.4946,0,0
WAXP.V,D,20211109,000000,0.4946,0.5196,0.4763,0.5014,0,0
WAXP.V,D,20211110,000000,0.5014,0.5399,0.4839,0.4971,0,0
WAXP.V,D,20211111,000000,0.4971,0.5649,0.4871,0.5436,0,0
WAXP.V,D,20211112,000000,0.5436,0.5877,0.53,0.5731,0,0
WAXP.V,D,20211113,000000,0.5731,0.6049,0.5598,0.5604,0,0
WAXP.V,D,20211114,000000,0.5604,0.7987,0.5599,0.7977,0,0
WAXP.V,D,20211115,000000,0.7977,0.8897,0.7012,0.7354,0,0
WAXP.V,D,20211116,000000,0.7354,0.836,0.7023,0.8123,0,0
WAXP.V,D,20211117,000000,0.8123,0.9838,0.7627,0.9334,0,0
WAXP.V,D,20211118,000000,0.9334,0.9767,0.8458,0.8627,0,0
WAXP.V,D,20211119,000000,0.8627,0.9482,0.8618,0.9203,0,0
WAXP.V,D,20211120,000000,0.9203,0.9323,0.8811,0.9018,0,0
WAXP.V,D,20211121,000000,0.9018,0.9023,0.7945,0.7973,0,0
WAXP.V,D,20211122,000000,0.7973,0.8996,0.7517,0.799,0,0
WAXP.V,D,20211123,000000,0.799,0.8012,0.7453,0.7899,0,0
WAXP.V,D,20211124,000000,0.79,0.8971301024,0.7665,0.88879650120000,0,0
WAXP.V,D,20211125,000000,0.889308108,0.9574049706,0.76906232,0.8221235805,0,0
WAXP.V,D,20211126,000000,0.82455312180000,0.8573486684,0.6921271272,0.719516434,0,0
WAXP.V,D,20211127,000000,0.7173085842,0.74430294,0.6525596698,0.709051209,0,0
WAXP.V,D,20211128,000000,0.7009659874,0.7201707256,0.6246250636,0.71967652580000,0,0
WAXP.V,D,20211129,000000,0.72044953330000,0.793705,0.717906981,0.743466112,0,0
WAXP.V,D,20211130,000000,0.743896956,0.7463237067,0.6812959539,0.6960313608,0,0
WAXP.V,D,20211201,000000,0.69521300,0.69659595,0.64537794,0.6551298488,0,0
WAXP.V,D,20211202,000000,0.65038200,0.6601887755,0.6032366379,0.6290914728,0,0
WAXP.V,D,20211203,000000,0.6305339272,0.632274576,0.5559637254,0.5645531073,0,0
WAXP.V,D,20211204,000000,0.5648293728,0.59259948,0.4068204304,0.522506754,0,0
WAXP.V,D,20211205,000000,0.51874700,0.5273845808,0.450192494,0.46033665720000,0,0
WAXP.V,D,20211206,000000,0.46032600,0.497555506,0.4056835068,0.49109372760000,0,0
WAXP.V,D,20211207,000000,0.49224736,0.5100631536,0.4711519187,0.4788433356,0,0
WAXP.V,D,20211208,000000,0.4815999162,0.7425063872,0.455547108,0.5962136007,0,0
WAXP.V,D,20211209,000000,0.5977244143,0.7142729748,0.5638743325,0.57417744,0,0
WAXP.V,D,20211210,000000,0.5733403265,0.5866331835,0.5035395552,0.5210998782,0,0
WAXP.V,D,20211211,000000,0.5219700948,0.539019726,0.5009529828,0.52773,0,0
WAXP.V,D,20211212,000000,0.52671400,0.5346634834,0.5082075597,0.5242519778,0,0
WAXP.V,D,20211213,000000,0.52131000,0.5317980274,0.4373262882,0.4511057362,0,0
WAXP.V,D,20211214,000000,0.450374496,0.450374496,0.42384384,0.4403410511,0,0
WAXP.V,D,20211215,000000,0.43913997,0.469582,0.416508,0.458875,0,0
WAXP.V,D,20211216,000000,0.459676,0.493096,0.459275,0.464539,0,0
WAXP.V,D,20211217,000000,0.464139,0.490998,0.450435,0.47639,0,0
WAXP.V,D,20211218,000000,0.47399,0.486595,0.455082,0.47599,0,0
WAXP.V,D,20211219,000000,0.47419,0.485045,0.46694,0.47549,0,0
WAXP.V,D,20211220,000000,0.47469,0.47579,0.425985,0.447034,0,0
WAXP.V,D,20211221,000000,0.446378,0.459484,0.436475,0.458783,0,0
WAXP.V,D,20211222,000000,0.458783,0.467587,0.452381,0.463885,0,0
WAXP.V,D,20211223,000000,0.463932,0.497349,0.448334,0.492446,0,0
WAXP.V,D,20211224,000000,0.491196,0.526263,0.486743,0.488244,0,0
WAXP.V,D,20211225,000000,0.487492,0.516758,0.478787,0.507254,0,0
WAXP.V,D,20211226,000000,0.507203,0.512456,0.489496,0.506803,3856625,0
WAXP.V,D,20211227,000000,0.506853,0.52026,0.497699,0.507552,9617862,0
WAXP.V,D,20211228,000000,0.507152,0.511802,0.450145,0.455146,11101661,0
WAXP.V,D,20211229,000000,0.455791,0.477748,0.432143,0.458592,13396211,0
WAXP.V,D,20211230,000000,0.458792,0.464246,0.433543,0.44839,7088580,0
WAXP.V,D,20211231,000000,0.44949,0.472247,0.440188,0.450145,8666370.948955,0
WAXP.V,D,20220101,000000,0.449845,0.461,0.446455,0.457591,3476654.4631013,0
WAXP.V,D,20220102,000000,0.457546,0.524852,0.456691,0.495099,29692282.949507,0
WAXP.V,D,20220103,000000,0.495399,0.509651,0.4653,0.474047,10942177.145158,0
WAXP.V,D,20220104,000000,0.474047,0.4829,0.458954,0.468053,9534631.5385184,0
WAXP.V,D,20220105,000000,0.467806,0.4789,0.413859,0.427015,8857705.522565,0
WAXP.V,D,20220106,000000,0.428257,0.442911,0.415058,0.441056,13848874.872172,0
WAXP.V,D,20220107,000000,0.4407,0.4409,0.39992,0.415317,11310365.298331,0
WAXP.V,D,20220108,000000,0.414359,0.432957,0.39656,0.4103,6831796.846903,0
WAXP.V,D,20220109,000000,0.4097,0.4245,0.40096,0.4191,5654998.9653374,0
WAXP.V,D,20220110,000000,0.4198,0.4226,0.368963,0.39,10776040.625001,0
WAXP.V,D,20220111,000000,0.39,0.4224,0.379962,0.40224,20976200.278482,0
WAXP.V,D,20220112,000000,0.40184,0.420168,0.395079,0.418867,9277659.6717086,0
WAXP.V,D,20220113,000000,0.418968,0.422811,0.395798,0.396459,8134241.5528624,0
WAXP.V,D,20220114,000000,0.395998,0.411506,0.392957,0.405862,8291975.1783115,0
WAXP.V,D,20220115,000000,0.405762,0.412465,0.40062,0.410105,6233447.1108929,0
WAXP.V,D,20220116,000000,0.410605,0.415966,0.402801,0.410964,6477335.1316646,0
WAXP.V,D,20220117,000000,0.411064,0.413365,0.390156,0.394958,9125727.5195667,0
WAXP.V,D,20220118,000000,0.395058,0.39922,0.379152,0.387055,7160988.4822761,0
WAXP.V,D,20220119,000000,0.387055,0.389256,0.361708,0.370611,8075515.1668972,0
WAXP.V,D,20220120,000000,0.369911,0.381076,0.358436,0.360872,9029496.8759517,0
WAXP.V,D,20220121,000000,0.360672,0.361436,0.285986,0.293688,19968206.289544,0
WAXP.V,D,20220122,000000,0.292888,0.29849,0.23407,0.263079,24966297.576792,0
WAXP.V,D,20220123,000000,0.263479,0.302791,0.262579,0.282256,26139105.60082,0
WAXP.V,D,20220124,000000,0.282256,0.293959,0.240072,0.26778,29881715.336738,0
WAXP.V,D,20220125,000000,0.26778,0.280384,0.260778,0.276438,19573467.479013,0
WAXP.V,D,20220126,000000,0.277839,0.312856,0.275393,0.285171,22254976.462792,0
WAXP.V,D,20220127,000000,0.285871,0.304252,0.279568,0.295648,14571413.719397,0
WAXP.V,D,20220128,000000,0.296148,0.312194,0.293317,0.309693,10376543.474891,0
WAXP.V,D,20220129,000000,0.309893,0.323597,0.307762,0.316595,11325214.940185,0
WAXP.V,D,20220130,000000,0.315795,0.344003,0.314794,0.324997,14791162.631597,0
WAXP.V,D,20220131,000000,0.32483,0.335168,0.309424,0.330398,11546030.255693,0
WAXP.V,D,20220201,000000,0.330365,0.336001,0.321761,0.326563,8436037.4609825,0
WAXP.V,D,20220202,000000,0.326263,0.336368,0.315726,0.319055,11402514.443398,0
WAXP.V,D,20220203,000000,0.319387,0.341236,0.31452,0.337269,15965017.77379,0
WAXP.V,D,20220204,000000,0.336768,0.35775,0.335268,0.357486,19199096.283828,0
WAXP.V,D,20220205,000000,0.35735,0.380228,0.35735,0.373862,14245665.070952,0
WAXP.V,D,20220206,000000,0.373624,0.384731,0.363081,0.37535,15477853.502233,0
WAXP.V,D,20220207,000000,0.375087,0.391013,0.371497,0.387871,11158027.12875,0
WAXP.V,D,20220208,000000,0.387871,0.390373,0.353418,0.368168,16556376.154292,0
WAXP.V,D,20220209,000000,0.368368,0.373873,0.356249,0.372973,8430510.7597314,0
WAXP.V,D,20220210,000000,0.373273,0.3752,0.348613,0.353747,11947705.060316,0
WAXP.V,D,20220211,000000,0.354048,0.362981,0.329732,0.330999,10515392.724558,0
WAXP.V,D,20220212,000000,0.330899,0.338403,0.320892,0.329565,9246191.9999588,0
WAXP.V,D,20220213,000000,0.330165,0.336802,0.319291,0.328497,7791327.9181574,0
WAXP.V,D,20220214,000000,0.328364,0.370222,0.315157,0.341305,36081720.007861,0
WAXP.V,D,20220215,000000,0.341505,0.357815,0.341205,0.355813,14200478.841875,0
WAXP.V,D,20220216,000000,0.355649,0.363818,0.341705,0.35081,4969508.3651594,0
WAXP.V,D,20220217,000000,0.35061,0.352976,0.319624,0.324127,9449385.545433,0
WAXP.V,D,20220218,000000,0.323694,0.330231,0.306984,0.308685,7178140.802146,0
WAXP.V,D,20220219,000000,0.308685,0.328497,0.307785,0.313988,10590240.540584,0
WAXP.V,D,20220220,000000,0.313957,0.317791,0.287715,0.294847,5771916.4366427,0
WAXP.V,D,20220221,000000,0.295318,0.303552,0.275138,0.275838,6434894.2182123,0
WAXP.V,D,20220222,000000,0.275938,0.278111,0.255802,0.276166,7663473.1642622,0
WAXP.V,D,20220223,000000,0.276366,0.292546,0.273264,0.276766,7286952.9063143,0
WAXP.V,D,20220224,000000,0.276866,0.28044,0.241821,0.266106,12766751.002453,0
WAXP.V,D,20220225,000000,0.26638,0.287944,0.26608,0.287944,6162493.7771171,0
WAXP.V,D,20220226,000000,0.287415,0.310955,0.285743,0.293717,11499440.874679,0
WAXP.V,D,20220227,000000,0.294147,0.30022,0.281241,0.286243,6088223.2597423,0
WAXP.V,D,20220228,000000,0.286643,0.307654,0.278211,0.304722,7729518.3550624,0
WAXP.V,D,20220301,000000,0.304822,0.323362,0.303922,0.315795,8764627.1270733,0
WAXP.V,D,20220302,000000,0.315995,0.320596,0.303491,0.309793,5501007.3159957,0
WAXP.V,D,20220303,000000,0.310193,0.311093,0.291058,0.29869,4330169.2964371,0
WAXP.V,D,20220304,000000,0.29899,0.29989,0.275955,0.278484,5250361.3138681,0
WAXP.V,D,20220305,000000,0.278656,0.291587,0.275455,0.291087,4833877.3823432,0
WAXP.V,D,20220306,000000,0.291087,0.294488,0.276955,0.284485,3197116.4562494,0
WAXP.V,D,20220307,000000,0.284485,0.284485,0.264979,0.270381,4097041.8479559,0
WAXP.V,D,20220308,000000,0.269881,0.278756,0.26838,0.272855,4231635.196164,0
WAXP.V,D,20220309,000000,0.272655,0.288458,0.271754,0.287057,3722987.6379342,0
WAXP.V,D,20220310,000000,0.286657,0.312062,0.280956,0.286915,29659894.789576,0
WAXP.V,D,20220311,000000,0.287015,0.288715,0.267453,0.273555,7707897.3059795,0
WAXP.V,D,20220312,000000,0.273355,0.283828,0.271854,0.275128,6370223.4232947,0
WAXP.V,D,20220313,000000,0.275355,0.279656,0.26538,0.26568,4451889.8336166,0
WAXP.V,D,20220314,000000,0.265353,0.270354,0.260826,0.267754,4542601.6529948,0
WAXP.V,D,20220315,000000,0.268427,0.271081,0.260126,0.269181,3540332.7464484,0
WAXP.V,D,20220316,000000,0.269981,0.276383,0.262853,0.276383,4914332.4649925,0
WAXP.V,D,20220317,000000,0.276383,0.279284,0.271254,0.278439,3021894.9307301,0
WAXP.V,D,20220318,000000,0.278639,0.285871,0.272436,0.281941,3226823.914772,0
WAXP.V,D,20220319,000000,0.282126,0.291375,0.281541,0.286815,3232679.3609014,0
WAXP.V,D,20220320,000000,0.286915,0.289545,0.282113,0.286743,3211487.09833,0
WAXP.V,D,20220321,000000,0.286314,0.291417,0.277639,0.285814,12816988.111567,0
WAXP.V,D,20220322,000000,0.286143,0.293947,0.282741,0.289445,4748363.9893261,0
WAXP.V,D,20220323,000000,0.289545,0.298119,0.283713,0.293918,5239386.2422542,0
WAXP.V,D,20220324,000000,0.293947,0.317459,0.293217,0.314326,13374120.102722,0
WAXP.V,D,20220325,000000,0.314457,0.320224,0.307523,0.311925,5838555.6162909,0
WAXP.V,D,20220326,000000,0.312156,0.328064,0.308323,0.328031,5768994.1864435,0
WAXP.V,D,20220327,000000,0.327431,0.37525,0.32543,0.348739,31050950.286018,0
WAXP.V,D,20220328,000000,0.347739,0.36721,0.346269,0.349605,11436246.594848,0
WAXP.V,D,20220329,000000,0.34994,0.381514,0.337135,0.352176,14682945.393477,0
WAXP.V,D,20220330,000000,0.351776,0.365883,0.344072,0.356307,11045375.262978,0
WAXP.V,D,20220331,000000,0.356707,0.372374,0.341068,0.346004,8537310.4191083,0
WAXP.V,D,20220401,000000,0.346304,0.384754,0.3318,0.368547,17583522.94147,0
WAXP.V,D,20220402,000000,0.368611,0.395158,0.360272,0.377551,22444457.7035,0
WAXP.V,D,20220403,000000,0.378851,0.383653,0.360344,0.371749,11150451.334981,0
WAXP.V,D,20220404,000000,0.371649,0.385154,0.342003,0.359608,15947837.104513,0
WAXP.V,D,20220405,000000,0.359308,0.362409,0.344434,0.346635,6392978.5212649,0
WAXP.V,D,20220406,000000,0.346435,0.34807,0.3001,0.308031,7270977.9703328,0
WAXP.V,D,20220407,000000,0.3081,0.309931,0.290729,0.30283,5535932.0047355,0
WAXP.V,D,20220408,000000,0.30333,0.3116,0.294859,0.297619,5338528.5331136,0
WAXP.V,D,20220409,000000,0.297819,0.303191,0.291116,0.29996,3510842.2232071,0
WAXP.V,D,20220410,000000,0.30039,0.302591,0.293988,0.29939,2716217.2778335,0
WAXP.V,D,20220411,000000,0.29876,0.29906,0.26518,0.26518,7148503.3095156,0
WAXP.V,D,20220412,000000,0.26518,0.281456,0.259478,0.273182,5666183.0799425,0
WAXP.V,D,20220413,000000,0.273182,0.292188,0.270581,0.288787,10886553.266102,0
WAXP.V,D,20220414,000000,0.289087,0.292588,0.276555,0.281056,4996129.3502821,0
WAXP.V,D,20220415,000000,0.280728,0.282628,0.273827,0.276555,5018936.3346017,0
WAXP.V,D,20220416,000000,0.276855,0.280028,0.269854,0.272154,2937058.9381938,0
WAXP.V,D,20220417,000000,0.272927,0.273455,0.267553,0.270754,2450434.816491,0
WAXP.V,D,20220418,000000,0.270654,0.271227,0.251825,0.26738,4079514.3579255,0
WAXP.V,D,20220419,000000,0.26748,0.276655,0.264679,0.273155,3391748.0927287,0
WAXP.V,D,20220420,000000,0.272955,0.277756,0.266653,0.271654,3737661.9550752,0
WAXP.V,D,20220421,000000,0.272354,0.290558,0.268254,0.270927,8458055.5801937,0
WAXP.V,D,20220422,000000,0.270754,0.281628,0.266127,0.272154,4906620.6221717,0
WAXP.V,D,20220423,000000,0.272054,0.288829,0.270754,0.279956,8381885.1478803,0
WAXP.V,D,20220424,000000,0.279156,0.288758,0.268227,0.272655,8310108.1699407,0
WAXP.V,D,20220425,000000,0.272827,0.274327,0.251825,0.267253,5261902.1656681,0
WAXP.V,D,20220426,000000,0.267253,0.270027,0.248225,0.252025,3135322.7706752,0
WAXP.V,D,20220427,000000,0.251725,0.253,0.2408,0.2505,3349734.4442265,0
WAXP.V,D,20220428,000000,0.250225,0.255426,0.244624,0.2506,3765073.4210271,0
WAXP.V,D,20220429,000000,0.250125,0.250925,0.2354,0.236824,2743897.7064509,0
WAXP.V,D,20220430,000000,0.236624,0.238624,0.224422,0.224522,4676284.3976449,0
WAXP.V,D,20220501,000000,0.2243,0.225223,0.2049,0.2191,7303357.3174499,0
WAXP.V,D,20220502,000000,0.219322,0.224622,0.2111,0.216222,3058994.2978034,0
WAXP.V,D,20220503,000000,0.216222,0.223978,0.211379,0.212479,6287757.2332996,0
WAXP.V,D,20220504,000000,0.211979,0.2277,0.205359,0.225,8766846.6189958,0
WAXP.V,D,20220505,000000,0.225355,0.23223,0.19866,0.202759,12955080.694871,0
WAXP.V,D,20220506,000000,0.202559,0.20318,0.186863,0.19538,6720325.7664844,0
WAXP.V,D,20220507,000000,0.194881,0.197161,0.188962,0.188962,3488831.6149757,0
WAXP.V,D,20220508,000000,0.187962,0.189381,0.175747,0.179746,5620115.9925745,0
WAXP.V,D,20220509,000000,0.179446,0.179646,0.145156,0.15037,14225518.824336,0
WAXP.V,D,20220510,000000,0.15007,0.161368,0.135259,0.143043,15106235.918124,0
WAXP.V,D,20220511,000000,0.142857,0.154423,0.101264,0.107232,29176536.619155,0
WAXP.V,D,20220512,000000,0.107859,0.112946,0.076534,0.094962,23203111.438726,0
WAXP.V,D,20220513,000000,0.094933,0.123751,0.092939,0.116502,10671027.860583,0
WAXP.V,D,20220514,000000,0.115803,0.132574,0.112375,0.120231,13969974.410148,0
WAXP.V,D,20220515,000000,0.12002,0.13294,0.119532,0.132541,7498434.1628953,0
WAXP.V,D,20220516,000000,0.13294,0.137049,0.121717,0.126123,3406210.4109635,0
WAXP.V,D,20220517,000000,0.126336,0.130856,0.121841,0.127734,2329392.3342011,0
WAXP.V,D,20220518,000000,0.128932,0.135637,0.117059,0.119844,4555227.7775556,0
WAXP.V,D,20220519,000000,0.120132,0.124588,0.110867,0.12209,5643312.1140983,0
WAXP.V,D,20220520,000000,0.12179,0.126099,0.117259,0.119956,3533653.8050152,0
WAXP.V,D,20220521,000000,0.120256,0.129219,0.117847,0.125736,5752095.9683587,0
WAXP.V,D,20220522,000000,0.125836,0.143727,0.125524,0.138833,22617380.821102,0
WAXP.V,D,20220523,000000,0.139333,0.143827,0.13284,0.135138,7073132.7515816,0
WAXP.V,D,20220524,000000,0.135238,0.135238,0.123851,0.130031,8963379.3700002,0
WAXP.V,D,20220525,000000,0.129931,0.132055,0.124263,0.126947,8315777.0103309,0
WAXP.V,D,20220526,000000,0.126661,0.131142,0.112465,0.117183,13066359.162177,0
WAXP.V,D,20220527,000000,0.117071,0.118981,0.106493,0.109291,16269710.602669,0
WAXP.V,D,20220528,000000,0.108776,0.110785,0.10717,0.109771,15578182.518757,0
WAXP.V,D,20220529,000000,0.109769,0.110686,0.106693,0.110282,3649639.1698753,0
WAXP.V,D,20220530,000000,0.110477,0.122214,0.110378,0.121515,10171945.034781,0
WAXP.V,D,20220531,000000,0.121503,0.129496,0.120404,0.122402,8239982.3480208,0
WAXP.V,D,20220601,000000,0.122305,0.130096,0.115872,0.116795,10306905.643088,0
WAXP.V,D,20220602,000000,0.1167,0.182136,0.115884,0.132181,103351684.05128,0
WAXP.V,D,20220603,000000,0.132481,0.14397,0.125494,0.130886,42912309.589127,0
WAXP.V,D,20220604,000000,0.130886,0.133071,0.127066,0.128802,18435137.237533,0
WAXP.V,D,20220605,000000,0.128703,0.132293,0.12589,0.130178,15644150.017982,0
WAXP.V,D,20220606,000000,0.130277,0.137584,0.129877,0.133588,43831885.152669,0
WAXP.V,D,20220607,000000,0.133488,0.134185,0.122308,0.130194,30226585.952995,0
WAXP.V,D,20220608,000000,0.129992,0.130499,0.124209,0.12552,16720154.947264,0
WAXP.V,D,20220609,000000,0.125518,0.126191,0.122091,0.122797,15450797.578966,0
WAXP.V,D,20220610,000000,0.122895,0.123396,0.109579,0.112855,17360148.339768,0
WAXP.V,D,20220611,000000,0.112757,0.114276,0.101481,0.105379,7772220.4350906,0
WAXP.V,D,20220612,000000,0.105779,0.105978,0.09328,0.099378,12997748.55449,0
WAXP.V,D,20220613,000000,0.099078,0.099078,0.078382,0.084882,64993672.04056,0
WAXP.V,D,20220614,000000,0.084682,0.085565,0.07509,0.080403,128686363.08081,0
WAXP.V,D,20220615,000000,0.080403,0.087977,0.076462,0.087568,61896058.568831,0
WAXP.V,D,20220616,000000,0.087568,0.0907001,0.0822012,0.0861792,12365766.865592,0
WAXP.V,D,20220617,000000,0.0828027,0.0870774,0.0807213,0.0862194,29661486.620227,0
WAXP.V,D,20220618,000000,0.0864969,0.0876911,0.0750887,0.0786723,98799285.901386,0
WAXP.V,D,20220619,000000,0.0787722,0.0868956,0.0779883,0.0859967,28080332.440323,0
WAXP.V,D,20220620,000000,0.0859967,0.0892927,0.0826924,0.088103,12036598.989304,0
WAXP.V,D,20220621,000000,0.0880942,0.0945149,0.0875036,0.0924075,18899472.763845,0
WAXP.V,D,20220622,000000,0.0916083,0.0923076,0.0865047,0.087912,7474721.1621211,0
WAXP.V,D,20220623,000000,0.0881118,0.0918081,0.0877122,0.0908091,4056820.299695,0
WAXP.V,D,20220624,000000,0.0907092,0.0988169,0.0906093,0.0984222,21197376.107111,0
WAXP.V,D,20220625,000000,0.0982017,0.1078277,0.0968351,0.1058259,10901727.611004,0
WAXP.V,D,20220626,000000,0.1056239,0.1059279,0.0998411,0.1013381,6414509.1865661,0
WAXP.V,D,20220627,000000,0.1010393,0.1159014,0.0982391,0.10101,37293559.353946,0
WAXP.V,D,20220628,000000,0.1012028,0.1073023,0.1012028,0.1031771,12364332.898567,0
WAXP.V,D,20220629,000000,0.1031719,0.1031719,0.0947681,0.0973742,5892354.9056834,0
WAXP.V,D,20220630,000000,0.0975828,0.0976817,0.0849936,0.0876946,9256190.1173267,0
WAXP.V,D,20220701,000000,0.0877945,0.0946957,0.0874949,0.0918988,7868601.8034459,0
WAXP.V,D,20220702,000000,0.0918988,0.0932879,0.0891019,0.0924889,6106442.8519672,0
WAXP.V,D,20220703,000000,0.0928884,0.0938872,0.089883,0.0916807,3156714.1989793,0
WAXP.V,D,20220704,000000,0.0915808,0.0967837,0.0907727,0.0961844,4908257.614849,0
WAXP.V,D,20220705,000000,0.0963842,0.0983818,0.0906002,0.0945958,6162633.0117071,0
WAXP.V,D,20220706,000000,0.0948955,0.0954948,0.0925888,0.094396,5076013.9580391,0
WAXP.V,D,20220707,000000,0.094396,0.0987308,0.0943866,0.0981411,4362222.8400665,0
WAXP.V,D,20220708,000000,0.098241,0.1000399,0.0955426,0.0977413,3946808.7636797,0
WAXP.V,D,20220709,000000,0.0978413,0.1007395,0.0974415,0.0998401,3341681.8053659,0
WAXP.V,D,20220710,000000,0.1003398,0.1043374,0.098341,0.1038273,9301790.6208442,0
WAXP.V,D,20220711,000000,0.1039376,0.1113332,0.1011393,0.1014087,24878625.523156,0
WAXP.V,D,20220712,000000,0.1015289,0.1015289,0.092907,0.0933066,9562952.1589022,0
WAXP.V,D,20220713,000000,0.0930106,0.094905,0.0872127,0.0922169,5333515.8032965,0
WAXP.V,D,20220714,000000,0.0924167,0.0946337,0.0894284,0.0930441,3945390.8354149,0
WAXP.V,D,20220715,000000,0.093344,0.0969515,0.0924445,0.0963711,3892151.1489878,0
WAXP.V,D,20220716,000000,0.0963711,0.09978,0.0940718,0.0982803,2822728.4344811,0
WAXP.V,D,20220717,000000,0.0983734,0.099977,0.0957808,0.0970748,2469280.2568397,0
WAXP.V,D,20220718,000000,0.0970748,0.1038938,0.0957665,0.1012767,5255291.320335,0
WAXP.V,D,20220719,000000,0.1011757,0.108022,0.100591,0.107917,3819823.4728834,0
WAXP.V,D,20220720,000000,0.1079,0.109509,0.102196,0.103905,4814853.2696476,0
WAXP.V,D,20220721,000000,0.10391,0.104707,0.09971,0.103026,6274936.018167,0
WAXP.V,D,20220722,000000,0.102726,0.105921,0.101319,0.102222,3413596.8110352,0
WAXP.V,D,20220723,000000,0.102023,0.103609,0.09949,0.100219,2219531.301548,0
WAXP.V,D,20220724,000000,0.10032,0.103595,0.10032,0.103221,2014669.2087168,0
WAXP.V,D,20220725,000000,0.103121,0.10402,0.097101,0.098908,2796818.3628254,0
WAXP.V,D,20220726,000000,0.099009,0.09901,0.091503,0.092914,3796420.4513344,0
WAXP.V,D,20220727,000000,0.093213,0.099724,0.093013,0.098624,4085083.1918627,0
WAXP.V,D,20220728,000000,0.098726,0.105023,0.09862,0.103821,5769162.2583131,0
WAXP.V,D,20220729,000000,0.103826,0.107332,0.100228,0.104043,8517296.5406574,0
WAXP.V,D,20220730,000000,0.104243,0.110339,0.104043,0.107036,6855784.0565723,0
WAXP.V,D,20220731,000000,0.106638,0.112318,0.10393,0.109226,6627254.3568388,0
WAXP.V,D,20220801,000000,0.109126,0.125436,0.106038,0.115233,26376492.689436,0
WAXP.V,D,20220802,000000,0.114934,0.144955,0.114435,0.11942,74901423.987947,0
WAXP.V,D,20220803,000000,0.119524,0.119726,0.110729,0.114429,5336561.2004468,0
WAXP.V,D,20220804,000000,0.114426,0.114539,0.109908,0.110804,6376968.2654106,0
WAXP.V,D,20220805,000000,0.110804,0.115823,0.110703,0.113623,2598758.7922262,0
WAXP.V,D,20220806,000000,0.113423,0.115705,0.112717,0.113626,2575537.0908114,0
WAXP.V,D,20220807,000000,0.113626,0.114102,0.111818,0.113672,1730224.1869155,0
WAXP.V,D,20220808,000000,0.113762,0.117122,0.112363,0.115514,2412089.71747,0
WAXP.V,D,20220809,000000,0.115514,0.118324,0.111119,0.113024,3953320.8010332,0
WAXP.V,D,20220810,000000,0.112924,0.117719,0.109527,0.117234,4886514.2712835,0
WAXP.V,D,20220811,000000,0.117534,0.127958,0.117234,0.124058,5737160.330548,0
WAXP.V,D,20220812,000000,0.124058,0.126351,0.119748,0.124357,7343876.9141231,0
WAXP.V,D,20220813,000000,0.124656,0.126667,0.122255,0.123848,2985000.3867266,0
WAXP.V,D,20220814,000000,0.123947,0.128651,0.12163,0.123037,4429199.2869487,0
WAXP.V,D,20220815,000000,0.123137,0.129325,0.120734,0.12483,7113482.7925697,0
WAXP.V,D,20220816,000000,0.12483,0.127723,0.121798,0.124611,4181699.5041089,0
WAXP.V,D,20220817,000000,0.12451,0.126418,0.116199,0.118508,5188992.8927601,0
WAXP.V,D,20220818,000000,0.118109,0.119707,0.116802,0.118004,1892836.9336757,0
WAXP.V,D,20220819,000000,0.118112,0.118512,0.1017,0.10181,3045408.1746252,0
WAXP.V,D,20220820,000000,0.102004,0.103912,0.098692,0.099999,1811282.4915501,0
WAXP.V,D,20220821,000000,0.099898,0.103622,0.099283,0.102997,1387496.8944458,0
WAXP.V,D,20220822,000000,0.103108,0.10393,0.096113,0.097483,3348659.8277375,0
WAXP.V,D,20220823,000000,0.097385,0.102399,0.096497,0.101801,2490993.6663216,0
WAXP.V,D,20220824,000000,0.10179,0.108301,0.099796,0.104308,8576882.2978776,0
WAXP.V,D,20220825,000000,0.104308,0.107488,0.102598,0.105803,3059049.8080397,0
WAXP.V,D,20220826,000000,0.105801,0.106701,0.099499,0.10001,2623628.3096251,0
WAXP.V,D,20220827,000000,0.09991,0.100209,0.094006,0.094803,2619069.2993956,0
WAXP.V,D,20220828,000000,0.094903,0.104604,0.094303,0.0981,11246042.020322,0
WAXP.V,D,20220829,000000,0.097699,0.099318,0.093905,0.098606,2450373.6464841,0
WAXP.V,D,20220830,000000,0.098611,0.1008091,0.0957019,0.0973088,1681262.1715083,0
WAXP.V,D,20220831,000000,0.0974078,0.101302,0.0969068,0.098799,2112087.5257783,0
WAXP.V,D,20220901,000000,0.098799,0.099099,0.0947905,0.0966942,1465076.6272035,0
WAXP.V,D,20220902,000000,0.0967961,0.098698,0.0950076,0.0961154,1646407.6165333,0
WAXP.V,D,20220903,000000,0.0962254,0.0976907,0.09475,0.09556,777398.70501891,0
WAXP.V,D,20220904,000000,0.0955596,0.09754,0.0942,0.09636,670646.64329456,0
WAXP.V,D,20220905,000000,0.09648,0.09716,0.09419,0.0953295,735523.87065072,0
WAXP.V,D,20220906,000000,0.0953495,0.0977098,0.0885011,0.08936,2124634.5742588,0
WAXP.V,D,20220907,000000,0.0891053,0.0916137,0.0862965,0.0909045,2215767.8896348,0
WAXP.V,D,20220908,000000,0.0910064,0.1021143,0.090109,0.0956172,9494784.2560514,0
WAXP.V,D,20220909,000000,0.0956134,0.0994318,0.0949104,0.0991337,3237492.0571209,0
WAXP.V,D,20220910,000000,0.0994408,0.099937,0.0974282,0.0993199,1328343.0518739,0
WAXP.V,D,20220911,000000,0.0994258,0.10333,0.0984325,0.1006251,7780078.7246957,0
WAXP.V,D,20220912,000000,0.1008252,0.1033145,0.0994129,0.1017203,1743434.9217463,0
WAXP.V,D,20220913,000000,0.1014304,0.1027216,0.0910036,0.0915018,3546768.0304865,0
WAXP.V,D,20220914,000000,0.0920018,0.0928186,0.0901009,0.091823,3651966.7988351,0
WAXP.V,D,20220915,000000,0.0918239,0.0944019,0.0886814,0.0901919,6775694.0646915,0
WAXP.V,D,20220916,000000,0.0899955,0.0915908,0.0888911,0.0902,1705709.444781,0
WAXP.V,D,20220917,000000,0.090091,0.0926093,0.089891,0.0921,1140915.8888745,0
WAXP.V,D,20220918,000000,0.09199,0.09366,0.08685,0.08696,1484100.3995545,0
WAXP.V,D,20220919,000000,0.0851815,0.0881176,0.0828917,0.0879088,2928369.5407388,0
WAXP.V,D,20220920,000000,0.0880088,0.0884,0.0847169,0.0855086,2113201.1812743,0
WAXP.V,D,20220921,000000,0.0855086,0.0889,0.0839,0.0843084,6034395.1099339,0
WAXP.V,D,20220922,000000,0.0844,0.0876,0.0834,0.0865913,1964148.8803712,0
WAXP.V,D,20220923,000000,0.0866,0.0893,0.0849,0.087,2217841.5639795,0
WAXP.V,D,20220924,000000,0.087093,0.0882071,0.0865991,0.0875779,1032229.0895641,0
WAXP.V,D,20220925,000000,0.0876088,0.0878988,0.08531,0.08531,635187.4725481,0
WAXP.V,D,20220926,000000,0.0852609,0.08621,0.0832583,0.08532,1148612.7494928,0
WAXP.V,D,20220927,000000,0.0851915,0.0878812,0.0839,0.0841916,1603957.0536517,0
WAXP.V,D,20220928,000000,0.0842,0.0861014,0.0820836,0.08556,1894592.9432641,0
WAXP.V,D,20220929,000000,0.08562,0.0857814,0.0830983,0.08501,1017868.8710862,0
WAXP.V,D,20220930,000000,0.08501,0.08733,0.0845,0.0861,2182662.8158458,0
WAXP.V,D,20221001,000000,0.08611,0.08647,0.0846015,0.08513,982629.61733246,0
WAXP.V,D,20221002,000000,0.0850685,0.0856986,0.08371,0.084,618077.66538572,0
WAXP.V,D,20221003,000000,0.0840584,0.0852485,0.08303,0.0850885,995658.13907448,0
WAXP.V,D,20221004,000000,0.0850955,0.0876463,0.0841768,0.0872562,3806859.8601741,0
WAXP.V,D,20221005,000000,0.0872362,0.0875563,0.0847785,0.0855271,2221713.0159251,0
WAXP.V,D,20221006,000000,0.0854771,0.0866947,0.0847936,0.0848544,1833931.9673602,0
WAXP.V,D,20221007,000000,0.0849253,0.0861303,0.0839208,0.0856428,2260469.4358626,0
WAXP.V,D,20221008,000000,0.0856503,0.0879714,0.0856203,0.0863807,2334842.8448354,0
WAXP.V,D,20221009,000000,0.0864925,0.0876575,0.0850985,0.0868487,1244339.5272921,0
WAXP.V,D,20221010,000000,0.0869487,0.0874687,0.0837816,0.0845615,1526468.7629505,0
WAXP.V,D,20221011,000000,0.08451,0.08451,0.0815504,0.0819626,1527872.1792297,0
WAXP.V,D,20221012,000000,0.0819218,0.0833058,0.0814784,0.0824225,1212908.0805647,0
WAXP.V,D,20221013,000000,0.08246,0.0833683,0.0737434,0.0800064,4369347.5680975,0
WAXP.V,D,20221014,000000,0.0800032,0.0819366,0.0787063,0.0793316,2229777.6478489,0
WAXP.V,D,20221015,000000,0.0788932,0.0824674,0.0788932,0.0806448,2927272.0277105,0
WAXP.V,D,20221016,000000,0.0807048,0.0815833,0.0795316,0.0810032,2794788.7443171,0
WAXP.V,D,20221017,000000,0.080994,0.083475,0.0793424,0.0829917,2274762.2226331,0
WAXP.V,D,20221018,000000,0.0830925,0.0838567,0.0798016,0.080674,2089141.9573167,0
WAXP.V,D,20221019,000000,0.0805548,0.0808032,0.0774154,0.07836,2444267.7501691,0
WAXP.V,D,20221020,000000,0.0780992,0.0802332,0.0769131,0.0780645,1422569.601694,0
WAXP.V,D,20221021,000000,0.0781253,0.0786884,0.0745093,0.0773754,2981384.8881496,0
WAXP.V,D,20221022,000000,0.0774231,0.0791871,0.0762561,0.078237,2125507.3293444,0
WAXP.V,D,20221023,000000,0.0784471,0.0792671,0.0771285,0.0790295,1766877.0622422,0
WAXP.V,D,20221024,000000,0.0790595,0.079798,0.0767177,0.0780431,1117891.1795539,0
WAXP.V,D,20221025,000000,0.0781831,0.0820597,0.0772946,0.0809959,2062107.4333395,0
WAXP.V,D,20221026,000000,0.0809775,0.0840102,0.0803517,0.0833033,1749404.997526,0
WAXP.V,D,20221027,000000,0.0833633,0.084967,0.0818849,0.0824449,2335244.6094182,0
WAXP.V,D,20221028,000000,0.082555,0.0837559,0.0804432,0.0833683,1717734.1318861,0
WAXP.V,D,20221029,000000,0.0833358,0.0851038,0.0825231,0.0843794,2793180.4249393,0
WAXP.V,D,20221030,000000,0.0842594,0.0864164,0.0830141,0.0837167,3009644.7794203,0
WAXP.V,D,20221031,000000,0.0837167,0.0844076,0.0820189,0.0832933,2459005.7211718,0
WAXP.V,D,20221101,000000,0.082995,0.0836849,0.082386,0.0827909,725180.88839585,0
WAXP.V,D,20221102,000000,0.0826901,0.0827909,0.0786937,0.079296,3155829.8608186,0
WAXP.V,D,20221103,000000,0.079396,0.0824983,0.0793952,0.0812984,2668767.6840781,0
WAXP.V,D,20221104,000000,0.0811,0.0865052,0.0806992,0.0863052,6789945.3347981,0
WAXP.V,D,20221105,000000,0.0866061,0.0886089,0.0863052,0.0869043,4038950.052315025,0
WAXP.V,D,20221106,000000,0.0869026,0.0897036,0.0857017,0.0861052,6015480.688391762,0
WAXP.V,D,20221107,000000,0.0859069,0.0866061,0.0831075,0.0839109,4000589.6777149844,0
WAXP.V,D,20221108,000000,0.0841168,0.0848,0.0684889,0.0717145,6156499.473107499,0
WAXP.V,D,20221109,000000,0.0715139,0.0740169,0.0519397,0.053854,8476760.068399819,0
WAXP.V,D,20221110,000000,0.0536935,0.0656625,0.0520707,0.0619653,4847795.571921522,0
WAXP.V,D,20221111,000000,0.0619715,0.0716997,0.0566808,0.0585,5075146.265274779,0
WAXP.V,D,20221112,000000,0.0583058,0.0634582,0.0554001,0.0560988,7710343.583967926,0
WAXP.V,D,20221113,000000,0.0560988,0.0589936,0.0513,0.0525264,6904874.849340101,0
WAXP.V,D,20221114,000000,0.0525264,0.0539244,0.0473242,0.0509235,5328443.879875223,0
WAXP.V,D,20221115,000000,0.0510208,0.0577422,0.0509286,0.054945,5046880.238495604,0
WAXP.V,D,20221116,000000,0.0547331,0.0573449,0.0522467,0.0539509,6124494.27723739,0
WAXP.V,D,20221117,000000,0.0538461,0.0545525,0.0516545,0.0530586,1744780.2472165185,0
WAXP.V,D,20221118,000000,0.0529597,0.0542549,0.0524407,0.0532382,3154887.6122693787,0
WAXP.V,D,20221119,000000,0.0532382,0.0581354,0.053133,0.0562409,6829819.522863521,0
WAXP.V,D,20221120,000000,0.0563413,0.0601308,0.0550168,0.0552171,7085232.140008584,0
WAXP.V,D,20221121,000000,0.0553152,0.0584187,0.053518,0.0543342,6410173.534749717,0
WAXP.V,D,20221122,000000,0.0544346,0.0668191,0.0544341,0.0580245,20943502.708258513,0
WAXP.V,D,20221123,000000,0.0579292,0.0599286,0.057625,0.059035,4758196.099849587,0
WAXP.V,D,20221124,000000,0.059236,0.0685245,0.059236,0.0621478,18756747.712540697,0
WAXP.V,D,20221125,000000,0.062247,0.0627516,0.0589569,0.0597659,2174371.7257191776,0
WAXP.V,D,20221126,000000,0.0598653,0.061262,0.0591627,0.0594649,2836858.264084029,0
WAXP.V,D,20221127,000000,0.059265,0.0597659,0.0588611,0.059563,752059.8353009566,0
WAXP.V,D,20221128,000000,0.0594637,0.05997,0.0552696,0.0567784,4355287.244999527,0
WAXP.V,D,20221129,000000,0.0566779,0.0577699,0.0560764,0.0574787,1287435.9833410715,0
WAXP.V,D,20221130,000000,0.0575787,0.0592041,0.0571811,0.0592041,1246354.4834818079,0
WAXP.V,D,20221201,000000,0.0591047,0.0617068,0.0589059,0.0611031,2903593.20703925,0
WAXP.V,D,20221202,000000,0.0613031,0.063105,0.0586064,0.0609037,5154599.938116582,0
WAXP.V,D,20221203,000000,0.0610037,0.0610055,0.0590059,0.0591059,2015730.4613656092,0
WAXP.V,D,20221204,000000,0.0591118,0.0660066,0.0588118,0.0597119,6962674.913474545,0
WAXP.V,D,20221205,000000,0.0596119,0.0609079,0.0589029,0.0593018,1545591.4280022725,0
WAXP.V,D,20221206,000000,0.0593012,0.0594018,0.0581977,0.0583988,1800695.2189126709,0
WAXP.V,D,20221207,000000,0.0582988,0.0595,0.0552044,0.0568,6299883.230524673,0
WAXP.V,D,20221208,000000,0.0567,0.0586,0.0555,0.0571057,10681800.372163123,0
WAXP.V,D,20221209,000000,0.057104,0.0579012,0.0569057,0.0573017,1220533.2563661213,0
WAXP.V,D,20221210,000000,0.0574023,0.0643994,0.0573017,0.0587988,15793839.234265551,0
WAXP.V,D,20221211,000000,0.0588994,0.0591006,0.0577058,0.0577058,1222535.4572188572,0
WAXP.V,D,20221212,000000,0.0579058,0.0579058,0.0552028,0.0565045,1358549.6124265336,0
WAXP.V,D,20221213,000000,0.0565051,0.0588053,0.0549077,0.0571863,6019207.534168679,0
WAXP.V,D,20221214,000000,0.0571863,0.0577,0.0557983,0.0563039,1021232.1368044475,0
WAXP.V,D,20221215,000000,0.0562,0.0575115,0.0548055,0.055011,2235220.2698845332,0
WAXP.V,D,20221216,000000,0.055011,0.0553055,0.0505101,0.0506101,1693006.5359347393,0
WAXP.V,D,20221217,000000,0.050405,0.050405,0.0470052,0.0485068,2666732.510181895,0
WAXP.V,D,20221218,000000,0.0488063,0.0491054,0.0483048,0.0488063,669052.7279206795,0
WAXP.V,D,20221219,000000,0.0490064,0.0492079,0.0448004,0.0454,2663308.165027406,0
WAXP.V,D,20221220,000000,0.0456995,0.0476048,0.0449991,0.0476014,1664477.2276531034,0
WAXP.V,D,20221221,000000,0.0477019,0.0518,0.0476014,0.0481019,5405040.446914388,0
WAXP.V,D,20221222,000000,0.0481019,0.0503,0.0472957,0.0481928,6239189.384824209,0
WAXP.V,D,20221223,000000,0.0483923,0.048902,0.0478919,0.0483947,1015271.0260009039,0
WAXP.V,D,20221224,000000,0.0483952,0.049897,0.0480952,0.048699,1090442.1045015752,0
WAXP.V,D,20221225,000000,0.0486976,0.0487976,0.0472953,0.0476933,457458.901817717,0
WAXP.V,D,20221226,000000,0.0475943,0.0478957,0.0470887,0.0470896,692153.7116427321,0
WAXP.V,D,20221227,000000,0.047291,0.0481904,0.0466809,0.0471816,1186585.5103698506,0
WAXP.V,D,20221228,000000,0.0469817,0.0470816,0.0433748,0.0436768,3500375.6424830733,0
WAXP.V,D,20221229,000000,0.0437768,0.0444751,0.0419832,0.0424805,3284765.349770351,0
WAXP.V,D,20221230,000000,0.0423801,0.0430797,0.0404834,0.0414469,5069930.062307754,0
WAXP.V,D,20221231,000000,0.0414429,0.0420475,0.0413709,0.0416627,5076159.19752364,0
WAXP.V,D,20230101,000000,0.0416597,0.0420157,0.0414226,0.0420102,5005801.365002849,0
WAXP.V,D,20230102,000000,0.0420097,0.0427263,0.0415981,0.0426394,4804609.582935851,0
WAXP.V,D,20230103,000000,0.0426389,0.0427113,0.0419732,0.0423265,4858004.149201278,0
WAXP.V,D,20230104,000000,0.0423215,0.0437995,0.0422827,0.0436376,6031128.929062724,0
WAXP.V,D,20230105,000000,0.0436266,0.0440976,0.0429882,0.0436453,5161739.882589638,0
WAXP.V,D,20230106,000000,0.0436203,0.0443287,0.042314,0.0440543,5222135.666370164,0
WAXP.V,D,20230107,000000,0.0439868,0.0452864,0.0437873,0.0446888,2338722.1325255735,0
WAXP.V,D,20230108,000000,0.0446937,0.0466925,0.0432922,0.046393,2271182.75507554,0
WAXP.V,D,20230109,000000,0.0463944,0.0504,0.0463944,0.0484005,4403960.900608398,0
WAXP.V,D,20230110,000000,0.0484,0.049596,0.0476976,0.0493069,2474501.7524440703,0
WAXP.V,D,20230111,000000,0.0493074,0.0503995,0.0485981,0.0502,3686393.051552283,0
WAXP.V,D,20230112,000000,0.0503965,0.0516979,0.0490946,0.0514051,3515257.4117950452,0
WAXP.V,D,20230113,000000,0.0514046,0.0552094,0.0510923,0.0546055,4301414.161135581,0
WAXP.V,D,20230114,000000,0.0548049,0.0707141,0.054606,0.0619031,35555045.276120186,0
WAXP.V,D,20230115,000000,0.0619037,0.0633019,0.057604,0.0610177,5533711.429111797,0
WAXP.V,D,20230116,000000,0.0611183,0.0618185,0.0576219,0.0591006,9398453.765924139,0
WAXP.V,D,20230117,000000,0.0593018,0.0616012,0.0582052,0.0608061,4403432.869283103,0
WAXP.V,D,20230118,000000,0.0608067,0.0650007,0.0570949,0.0576971,9689118.507086007,0
WAXP.V,D,20230119,000000,0.0576965,0.0708929,0.0566989,0.0620975,34890169.0323954,0
WAXP.V,D,20230120,000000,0.0620043,0.0763,0.0612006,0.0691117,57165475.238619216,0
WAXP.V,D,20230121,000000,0.0692118,0.0699133,0.0674243,0.0679136,12286544.753638573,0
WAXP.V,D,20230122,000000,0.0678102,0.0719115,0.0664093,0.0671134,8528663.956833027,0
WAXP.V,D,20230123,000000,0.0674135,0.0682095,0.066306,0.0678108,4028832.31071539,0
WAXP.V,D,20230124,000000,0.0678095,0.0807145,0.0671107,0.0687021,30263706.305435225,0
WAXP.V,D,20230125,000000,0.0687021,0.0779093,0.0663066,0.0697118,24753218.480117787,0
WAXP.V,D,20230126,000000,0.0699126,0.0713114,0.0686048,0.0698077,8034326.9797044825,0
WAXP.V,D,20230127,000000,0.0700056,0.0707049,0.0674061,0.0700336,5272885.789819463,0
WAXP.V,D,20230128,000000,0.0701245,0.0765161,0.0695153,0.0712142,10262725.659077048,0
WAXP.V,D,20230129,000000,0.0714157,0.073714,0.0705162,0.0734029,4000155.325094982,0
WAXP.V,D,20230130,000000,0.0735029,0.0737015,0.0644039,0.0654039,12702957.839541847,0
WAXP.V,D,20230131,000000,0.0654046,0.0673034,0.0641955,0.066706,7294763.574791487,0
WAXP.V,D,20230201,000000,0.066806,0.076203,0.0666013,0.071805,28315897.233025406,0
WAXP.V,D,20230202,000000,0.0718043,0.0804121,0.0716079,0.0769154,19956797.929509155,0
WAXP.V,D,20230203,000000,0.0770162,0.0793151,0.0747,0.0764061,5513186.555242419,0
WAXP.V,D,20230204,000000,0.0764069,0.0773054,0.0747052,0.0770077,2161777.39793352,0
WAXP.V,D,20230205,000000,0.0770069,0.0846093,0.0733147,0.0750195,15851550.10191829,0
WAXP.V,D,20230206,000000,0.0748194,0.0815163,0.0748194,0.0800032,12101054.35194094,0
WAXP.V,D,20230207,000000,0.0800032,0.0824016,0.0769023,0.0822049,7787519.90198677,0
WAXP.V,D,20230208,000000,0.0823041,0.0824041,0.0771085,0.079104,6414919.830858873,0
WAXP.V,D,20230209,000000,0.0791055,0.0822016,0.0714186,0.0718065,12276059.137656968,0
WAXP.V,D,20230210,000000,0.0719065,0.0754158,0.0717086,0.0730117,6534678.809330833,0
WAXP.V,D,20230211,000000,0.0730124,0.0777078,0.0729102,0.0773077,4232125.832662269,0
WAXP.V,D,20230212,000000,0.077407,0.0779093,0.0742104,0.0751045,2899147.238186428,0
WAXP.V,D,20230213,000000,0.0753075,0.0756136,0.0682641,0.070438,2999821.792256795,0
WAXP.V,D,20230214,000000,0.0704352,0.0730277,0.0692277,0.0728284,4288071.002191819,0
WAXP.V,D,20230215,000000,0.0729386,0.0785133,0.0721231,0.077914,3245904.4845909495,0
WAXP.V,D,20230216,000000,0.0779125,0.0794143,0.0759083,0.0761221,4394361.131114186,0
WAXP.V,D,20230217,000000,0.0761099,0.0789055,0.0747075,0.0787079,2646881.1441356544,0
WAXP.V,D,20230218,000000,0.0786102,0.0792111,0.0771146,0.0777124,1852214.026597565,0
WAXP.V,D,20230219,000000,0.0777124,0.078711,0.0766214,0.0774178,2031362.5187430328,0
WAXP.V,D,20230220,000000,0.0773162,0.0819123,0.0752218,0.0815073,5211782.646505904,0
WAXP.V,D,20230221,000000,0.0814057,0.0845068,0.077707,0.0834142,15453826.938416159,0
WAXP.V,D,20230222,000000,0.0835142,0.085912,0.0784078,0.0812065,5315084.837990591,0
WAXP.V,D,20230223,000000,0.0812008,0.0889116,0.0802152,0.0888124,9696338.960214032,0
WAXP.V,D,20230224,000000,0.0889124,0.0924148,0.08371,0.0853983,14492961.354100315,0
WAXP.V,D,20230225,000000,0.0856983,0.0876026,0.0803145,0.0822058,8175784.083036837,0
WAXP.V,D,20230226,000000,0.0821049,0.0836075,0.0811065,0.0828075,1436616.5298856827,0
WAXP.V,D,20230227,000000,0.0830042,0.0839059,0.0803072,0.0832042,3717382.7397475257,0
WAXP.V,D,20230228,000000,0.083405,0.0848051,0.0816992,0.0828141,3253890.8884491967,0
WAXP.V,D,20230301,000000,0.0827165,0.0894018,0.0816098,0.087314,8129642.015851362,0
WAXP.V,D,20230302,000000,0.0871131,0.0883106,0.0809968,0.0834067,6359698.04575731,0
WAXP.V,D,20230303,000000,0.0833075,0.0833075,0.0743097,0.0753045,4271904.789892853,0
WAXP.V,D,20230304,000000,0.0753053,0.0760084,0.0707035,0.072005,2799698.6134103294,0
WAXP.V,D,20230305,000000,0.071605,0.0728036,0.0700056,0.0714086,4882018.145832042,0
WAXP.V,D,20230306,000000,0.0713078,0.0724993,0.0685055,0.0716957,6033946.447529893,0
WAXP.V,D,20230307,000000,0.0715936,0.0718928,0.06679,0.0671013,3511666.8103256216,0
WAXP.V,D,20230308,000000,0.0671,0.0697,0.0645929,0.0646968,7337979.898186071,0
WAXP.V,D,20230309,000000,0.0650922,0.0659789,0.0587882,0.0596095,2662638.8052993272,0
WAXP.V,D,20230310,000000,0.0594059,0.0607273,0.0558955,0.0607184,3726764.956084189,0
WAXP.V,D,20230311,000000,0.060615,0.0657705,0.0588993,0.0602335,9137453.320939377,0
WAXP.V,D,20230312,000000,0.0603439,0.0638988,0.0587093,0.0635007,1976934.7791154522,0
WAXP.V,D,20230313,000000,0.0636004,0.0701134,0.0624121,0.0698107,4419293.970145757,0
WAXP.V,D,20230314,000000,0.0697738,0.0738425,0.0682197,0.0715574,5869104.486713614,0
WAXP.V,D,20230315,000000,0.0719057,0.0727661,0.0659619,0.0673852,3391330.790125072,0
WAXP.V,D,20230316,000000,0.0674715,0.068711,0.0656282,0.0681693,6855425.451616432,0
WAXP.V,D,20230317,000000,0.0681673,0.07141,0.0672469,0.071213,4623505.374009585,0
WAXP.V,D,20230318,000000,0.0711049,0.0738879,0.070189,0.0707312,2948888.921202793,0
WAXP.V,D,20230319,000000,0.0705109,0.0730184,0.0698993,0.07212,1350139.503244202,0
WAXP.V,D,20230320,000000,0.0722167,0.0762493,0.0707496,0.0737683,4707438.0146412905,0
WAXP.V,D,20230321,000000,0.0738679,0.0746969,0.0677525,0.0708217,2717148.782382651,0
WAXP.V,D,20230322,000000,0.0711262,0.0725299,0.066196,0.0671963,3086460.9198174253,0
WAXP.V,D,20230323,000000,0.0671863,0.070189,0.0666809,0.0695506,3592870.398178591,0
WAXP.V,D,20230324,000000,0.0696487,0.0699473,0.0662768,0.0670717,1472232.7534792053,0
WAXP.V,D,20230325,000000,0.0670737,0.0689641,0.0669796,0.0676656,1932704.5706501568,0
WAXP.V,D,20230326,000000,0.0678678,0.0688619,0.0676649,0.0684773,807045.1077247431,0
WAXP.V,D,20230327,000000,0.0684752,0.0686713,0.0630428,0.0641301,2723643.76003393,0
WAXP.V,D,20230328,000000,0.0642302,0.0668327,0.0634197,0.0656256,3886146.8221326536,0
WAXP.V,D,20230329,000000,0.0656256,0.0687172,0.0651254,0.0684027,1983143.766474014,0
WAXP.V,D,20230330,000000,0.0680163,0.0696153,0.06661,0.0676189,1416819.4498425126,0
WAXP.V,D,20230331,000000,0.0676189,0.0714007,0.0673067,0.0697132,6136472.544125985,0
WAXP.V,D,20230401,000000,0.0698147,0.0725297,0.069814,0.0713257,3702100.7205512943,0
WAXP.V,D,20230402,000000,0.0714264,0.0722296,0.0687467,0.069443,1638705.8460132258,0
WAXP.V,D,20230403,000000,0.069443,0.0697342,0.0671242,0.0679265,3228404.818478427,0
WAXP.V,D,20230404,000000,0.0681266,0.0705134,0.0680231,0.0696348,3961377.6153145568,0
WAXP.V,D,20230405,000000,0.0696355,0.0771278,0.0694271,0.0763275,10223463.822066251,0
WAXP.V,D,20230406,000000,0.0763275,0.0782156,0.0727269,0.0738251,4998064.68213341,0
WAXP.V,D,20230407,000000,0.0739266,0.0815407,0.0730328,0.077057,16553447.91937411,0
WAXP.V,D,20230408,000000,0.0773572,0.07825,0.0745298,0.0749292,2657814.622917586,0
WAXP.V,D,20230409,000000,0.0749292,0.0754385,0.0713442,0.0735441,1938095.8247749659,0
WAXP.V,D,20230410,000000,0.0735448,0.0746537,0.071851,0.0740599,3427321.059744522,0
WAXP.V,D,20230411,000000,0.0740599,0.0762617,0.0740599,0.0746739,2172133.366445836,0
WAXP.V,D,20230412,000000,0.0746739,0.0750765,0.0714707,0.0728568,1730758.060952626,0
WAXP.V,D,20230413,000000,0.0728561,0.0743669,0.0724543,0.0739709,3394781.3504326004,0
WAXP.V,D,20230414,000000,0.0738708,0.0757825,0.0730569,0.0745626,1907495.2132250941,0
WAXP.V,D,20230415,000000,0.0745618,0.0746739,0.0733689,0.0739658,1053000.220206955,0
WAXP.V,D,20230416,000000,0.0738657,0.0751511,0.0732593,0.0747523,3828307.12322751,0
WAXP.V,D,20230417,000000,0.0748509,0.0749592,0.0721497,0.07274,859994.8803774451,0
WAXP.V,D,20230418,000000,0.072748,0.1051252,0.0722318,0.0759129,96915692.29633123,0
WAXP.V,D,20230419,000000,0.0759114,0.0774302,0.0711327,0.0713364,6875628.34471392,0
