<TICKER>,<PER>,<DATE>,<TIME>,<OPEN>,<HIGH>,<LOW>,<CLOSE>,<VOL>,<OPENINT>
WBTC.V,D,20190327,000000,4678.66,4885.61,2814.42,2814.42,0,0
WBTC.V,D,20190328,000000,2814.42,4829.81,2777.49,4829.81,0,0
WBTC.V,D,20190329,000000,4829.81,5039.91,3205.9,3205.9,0,0
WBTC.V,D,20190330,000000,3205.9,4740.03,3181.04,4740.03,0,0
WBTC.V,D,20190331,000000,4740.03,4969.76,3424.72,4968.34,0,0
WBTC.V,D,20190401,000000,4968.34,4968.34,3149.07,3149.07,0,0
WBTC.V,D,20190402,000000,3149.07,5366.82,3149.07,3480.02,0,0
WBTC.V,D,20190403,000000,3480.02,4877.31,3400.9,4382.48,0,0
WBTC.V,D,20190404,000000,4382.48,5149.92,3635.61,3648.26,0,0
WBTC.V,D,20190405,000000,3648.26,7277.9,3648.26,3660.58,0,0
WBTC.V,D,20190408,000000,3862.54,3983.32,3862.54,3983.32,0,0
WBTC.V,D,20190410,000000,3878.6,5124.8,3878.6,3902.58,0,0
WBTC.V,D,20190414,000000,3619.66,5060.4,3619.66,3710.96,0,0
WBTC.V,D,20190416,000000,3526.6,5007,3526.6,5007,0,0
WBTC.V,D,20190417,000000,5007,5010.6,3674.44,3674.44,0,0
WBTC.V,D,20190421,000000,3827.12,4938.7,3746.6,4938.7,0,0
WBTC.V,D,20190422,000000,4938.7,6862.25,4938.7,6862.25,0,0
WBTC.V,D,20190423,000000,6862.25,6862.25,6485.08,6485.08,0,0
WBTC.V,D,20190424,000000,6485.08,7073.73,6485.08,7073.73,0,0
WBTC.V,D,20190425,000000,7073.73,7073.73,2830.32,4589.7,0,0
WBTC.V,D,20190426,000000,4589.7,4698.19,3448.16,3449.72,0,0
WBTC.V,D,20190428,000000,3499.78,4923.26,3485,4376.4,0,0
WBTC.V,D,20190429,000000,4376.4,4882.46,4338.75,4882.46,0,0
WBTC.V,D,20190504,000000,5242.36,6544.4,5098.09,6544.4,0,0
WBTC.V,D,20190505,000000,6544.4,6557.6,4264.08,4264.08,0,0
WBTC.V,D,20190507,000000,4517.94,6743.6,4385.03,6743.6,0,0
WBTC.V,D,20190508,000000,6743.6,6856.8,4456.92,6856.8,0,0
WBTC.V,D,20190509,000000,6856.8,6856.8,5494.86,5892.96,0,0
WBTC.V,D,20190510,000000,5892.96,5959.87,5892.96,5959.87,0,0
WBTC.V,D,20190511,000000,5959.87,6668.05,5292.1,6668.05,0,0
WBTC.V,D,20190512,000000,6668.05,6668.05,5173.85,5173.85,0,0
WBTC.V,D,20190513,000000,5173.85,5404.91,5173.85,5404.91,0,0
WBTC.V,D,20190514,000000,5404.91,6015.33,5404.91,5993.62,0,0
WBTC.V,D,20190516,000000,6862.46,10232.34,6862.46,7299.37,0,0
WBTC.V,D,20190517,000000,7299.37,7299.37,6757.58,6757.58,0,0
WBTC.V,D,20190518,000000,6757.58,6757.58,6457.3,6480.69,0,0
WBTC.V,D,20190523,000000,6743.84,6803.12,6743.84,6803.12,0,0
WBTC.V,D,20190524,000000,6803.12,6914.2,5141.97,5141.97,0,0
WBTC.V,D,20190528,000000,5599.7,10396.53,5591.87,5591.87,0,0
WBTC.V,D,20190530,000000,5553.76,9719.99,5241.67,5241.67,0,0
WBTC.V,D,20190531,000000,5241.67,5508.85,5241.67,5508.85,0,0
WBTC.V,D,20190604,000000,5141.97,5141.97,3857.6,3857.6,0,0
WBTC.V,D,20190605,000000,3857.6,9297.46,3857.6,5671.53,0,0
WBTC.V,D,20190606,000000,5671.53,6123.51,5671.53,6123.51,0,0
WBTC.V,D,20190607,000000,6123.51,9480.02,4067.5,7126.86,0,0
WBTC.V,D,20190608,000000,7126.86,8466.02,6608.58,6894.52,0,0
WBTC.V,D,20190611,000000,6994.95,9803.95,6915.96,7629.38,0,0
WBTC.V,D,20190612,000000,7629.38,10077.45,7629.38,10035.36,0,0
WBTC.V,D,20190613,000000,10035.36,10203.6,4372.24,7405.26,0,0
WBTC.V,D,20190616,000000,7815.46,10741.2,7244.94,8364.71,0,0
WBTC.V,D,20190617,000000,8364.71,10954.06,8217.6,8217.6,0,0
WBTC.V,D,20190618,000000,8217.6,9718.1,7935.3,7935.3,0,0
WBTC.V,D,20190619,000000,7935.3,10631.28,7935.3,9280.84,0,0
WBTC.V,D,20190620,000000,9280.84,10341.26,9029.21,9138.09,0,0
WBTC.V,D,20190621,000000,9138.09,11841.2,7992.81,8333.24,0,0
WBTC.V,D,20190622,000000,8333.24,12376.4,8333.24,9901.12,0,0
WBTC.V,D,20190625,000000,9959.04,12661.2,5612.08,9527.55,0,0
WBTC.V,D,20190630,000000,9551.33,11597.3,5260.42,9258.69,0,0
WBTC.V,D,20190703,000000,9305.28,12083.78,9305.28,10044.13,0,0
WBTC.V,D,20190704,000000,10044.13,10044.13,9410.24,10016.08,0,0
WBTC.V,D,20190705,000000,10016.08,11516,5196.59,9235.83,0,0
WBTC.V,D,20190708,000000,9830.27,16992.43,9830.27,12727.87,0,0
WBTC.V,D,20190709,000000,12727.87,15563.84,6330.22,9578.46,0,0
WBTC.V,D,20190710,000000,9578.46,13831.63,6765.72,11450.35,0,0
WBTC.V,D,20190711,000000,11450.35,11450.35,10374.47,10629.6,0,0
WBTC.V,D,20190718,000000,8362.86,12260.86,8362.86,8559.77,0,0
WBTC.V,D,20190721,000000,8658.96,12223.44,8533.64,12223.44,0,0
WBTC.V,D,20190722,000000,12223.44,12223.44,10259.3,10274.51,0,0
WBTC.V,D,20190726,000000,10378.09,11886.65,10369.58,10395.89,0,0
WBTC.V,D,20190727,000000,10395.89,11187.18,9824,11187.18,0,0
WBTC.V,D,20190728,000000,11187.18,11402.1,10137.31,10137.31,0,0
WBTC.V,D,20190729,000000,10137.31,11384.82,10121.95,11384.82,0,0
WBTC.V,D,20190731,000000,11330.28,11809.8,10499.79,10499.79,0,0
WBTC.V,D,20190803,000000,10451.78,11989.08,10451.78,11989.08,0,0
WBTC.V,D,20190804,000000,11989.08,12025.8,11989.08,12025.8,0,0
WBTC.V,D,20190806,000000,12592.26,12592.26,9039.86,9039.86,0,0
WBTC.V,D,20190808,000000,9041.86,11943.72,8849.41,10917.44,0,0
WBTC.V,D,20190809,000000,10917.44,11365.38,10388.8,11365.38,0,0
WBTC.V,D,20190810,000000,11365.38,11862.01,11138.04,11218.48,0,0
WBTC.V,D,20190811,000000,11218.48,15363.69,10983.96,15363.69,0,0
WBTC.V,D,20190812,000000,15363.69,15363.69,10990.79,10990.79,0,0
WBTC.V,D,20190813,000000,10990.79,14603.4,10852.41,14603.4,0,0
WBTC.V,D,20190814,000000,14603.4,14603.4,7584.55,7584.55,0,0
WBTC.V,D,20190815,000000,7584.55,10680.74,7584.55,9349.88,0,0
WBTC.V,D,20190816,000000,9349.88,10464.54,7787.22,7787.22,0,0
WBTC.V,D,20190823,000000,8011.08,9876.03,8011.08,9876.03,0,0
WBTC.V,D,20190906,000000,8848.04,9564.89,8598.91,9564.89,0,0
WBTC.V,D,20190911,000000,10159.76,10159.76,10030.58,10030.58,0,0
WBTC.V,D,20190913,000000,10182.88,10712.04,10182.88,10185.52,0,0
WBTC.V,D,20190914,000000,10185.52,10597.29,10185.52,10578.4,0,0
WBTC.V,D,20190915,000000,10578.4,10610.88,10516.14,10516.14,0,0
WBTC.V,D,20190916,000000,10516.14,10980.68,10486.05,10486.05,0,0
WBTC.V,D,20190917,000000,10486.05,11018.7,10187.1,10187.1,0,0
WBTC.V,D,20190918,000000,10299,10299,10000,10001,0,0
WBTC.V,D,20190919,000000,9455.66,11050.5,9455.66,10122.26,0,0
WBTC.V,D,20190920,000000,10122.26,10122.26,9996.31,9996.31,0,0
WBTC.V,D,20190921,000000,9996.31,10133.36,9851.58,10133.36,0,0
WBTC.V,D,20190922,000000,10000,10000,10000,10000,0,0
WBTC.V,D,20190923,000000,9951.05,9951.05,9467.7,9626.46,0,0
WBTC.V,D,20190924,000000,9626.46,9626.46,7972.25,8619.82,0,0
WBTC.V,D,20190925,000000,8619.82,8813.99,8619.82,8779.95,0,0
WBTC.V,D,20190926,000000,8779.95,8779.95,7457.75,7457.75,0,0
WBTC.V,D,20190927,000000,10000,10000,10000,10000,0,0
WBTC.V,D,20190928,000000,10000,10000,7527.8,7527.8,0,0
WBTC.V,D,20190929,000000,7820.63,7991.93,7620.33,7974.96,0,0
WBTC.V,D,20190930,000000,7974.96,9293.08,7974.96,9073.5,0,0
WBTC.V,D,20191001,000000,8079.9,8079.9,8079.9,8079.9,0,0
WBTC.V,D,20191002,000000,8819.5,9053,8536.98,8536.98,0,0
WBTC.V,D,20191003,000000,8079.9,8984,7352,7352,0,0
WBTC.V,D,20191004,000000,7352,8089.9,7352,7363,0,0
WBTC.V,D,20191005,000000,7363,7500.1,7363,7500.1,0,0
WBTC.V,D,20191006,000000,7500.1,7500.1,7500.1,7500.1,0,0
WBTC.V,D,20191007,000000,7500.1,7572,7500.1,7572,0,0
WBTC.V,D,20191008,000000,8483.03,8511.23,8112.83,8112.83,0,0
WBTC.V,D,20191009,000000,8112.83,8665.66,5835.78,8526.39,0,0
WBTC.V,D,20191010,000000,8526.39,9011.31,8451.46,8474.47,0,0
WBTC.V,D,20191011,000000,7572,7572,7572,7572,0,0
WBTC.V,D,20191012,000000,7997.55,8374.19,7959.98,8374.19,0,0
WBTC.V,D,20191013,000000,8374.19,8524.39,8374.19,8506.25,0,0
WBTC.V,D,20191014,000000,7572,7572,7572,7572,0,0
WBTC.V,D,20191015,000000,7572,7572,7572,7572,0,0
WBTC.V,D,20191016,000000,8476.71,8476.71,7916.63,7916.63,0,0
WBTC.V,D,20191017,000000,7916.63,8420.6,7916.63,8420.6,0,0
WBTC.V,D,20191018,000000,8420.6,8420.6,7657.69,8233.01,0,0
WBTC.V,D,20191019,000000,7572,7572,7572,7572,0,0
WBTC.V,D,20191020,000000,7572,7572,7572,7572,0,0
WBTC.V,D,20191021,000000,8354.16,8354.16,8208.08,8208.08,0,0
WBTC.V,D,20191022,000000,7572,7572,7572,7572,0,0
WBTC.V,D,20191023,000000,8067.08,8067.08,7322.4,7322.4,0,0
WBTC.V,D,20191024,000000,7572,7572,7572,7572,0,0
WBTC.V,D,20191025,000000,7572,7572,7572,7572,0,0
WBTC.V,D,20191026,000000,8180.55,9188.16,8107.2,9188.16,0,0
WBTC.V,D,20191027,000000,9188.16,9770.02,9188.16,9770.02,0,0
WBTC.V,D,20191028,000000,9770.02,9770.02,8194.05,8194.05,0,0
WBTC.V,D,20191029,000000,8194.05,9255.46,8194.05,9255.46,0,0
WBTC.V,D,20191030,000000,8655.4,8655.4,8655.4,8655.4,0,0
WBTC.V,D,20191031,000000,8887.87,9655.36,8842.83,9642.58,0,0
WBTC.V,D,20191101,000000,8655.4,8655.4,8655.4,8655.4,0,0
WBTC.V,D,20191102,000000,8655.4,8655.4,8655.4,8655.4,0,0
WBTC.V,D,20191103,000000,8655.4,8655.4,8655.4,8655.4,0,0
WBTC.V,D,20191104,000000,9607.2,10256.95,8354.75,8392.05,0,0
WBTC.V,D,20191105,000000,8655.4,8655.4,8655.4,8655.4,0,0
WBTC.V,D,20191106,000000,8503.2,9519.93,8503.2,9519.93,0,0
WBTC.V,D,20191107,000000,8655.4,8655.4,8655.4,8655.4,0,0
WBTC.V,D,20191108,000000,9285.96,9285.96,8916.73,8916.73,0,0
WBTC.V,D,20191109,000000,8655.4,8900,8655.4,8900,0,0
WBTC.V,D,20191110,000000,8977.84,9180.57,8977.84,9085.92,0,0
WBTC.V,D,20191111,000000,9200,9200,8900,8900,0,0
WBTC.V,D,20191112,000000,8900,9640,8800,9000,0,0
WBTC.V,D,20191113,000000,9000,9654.2,8800,8950,0,0
WBTC.V,D,20191114,000000,8950,8950,8950,8950,0,0
WBTC.V,D,20191115,000000,8950,8950,8950,8950,0,0
WBTC.V,D,20191116,000000,8992.5,9121.37,8672.15,8672.15,0,0
WBTC.V,D,20191117,000000,8950,8950,8950,8950,0,0
WBTC.V,D,20191118,000000,8747.66,8747.66,8341.16,8341.16,0,0
WBTC.V,D,20191119,000000,8341.16,8341.16,8217.33,8217.33,0,0
WBTC.V,D,20191120,000000,8950,8950,8950,8950,0,0
WBTC.V,D,20191121,000000,8950,8950,8950,8950,0,0
WBTC.V,D,20191122,000000,8950,8950,8950,8950,0,0
WBTC.V,D,20191123,000000,8950,8950,8950,8950,0,0
WBTC.V,D,20191124,000000,8950,8950,8950,8950,0,0
WBTC.V,D,20191125,000000,6557.61,6828.47,6557.61,6799.23,0,0
WBTC.V,D,20191126,000000,8950,8950,8950,8950,0,0
WBTC.V,D,20191127,000000,8950,8950,8950,8950,0,0
WBTC.V,D,20191128,000000,7116.83,7389.98,6061.48,7389.98,0,0
WBTC.V,D,20191129,000000,7389.98,7669.53,7389.98,7669.53,0,0
WBTC.V,D,20191130,000000,7669.53,7669.53,7168.62,7168.62,0,0
WBTC.V,D,20191201,000000,6855.8,6855.8,6855.8,6855.8,0,0
WBTC.V,D,20191202,000000,6855.8,6855.8,6855.8,6855.8,0,0
WBTC.V,D,20191203,000000,6855.8,6855.8,6855.8,6855.8,0,0
WBTC.V,D,20191204,000000,6958.08,6958.08,5823.37,5823.37,0,0
WBTC.V,D,20191205,000000,6855.8,6855.8,6855.8,6855.8,0,0
WBTC.V,D,20191206,000000,5926.87,5956.44,5926.87,5956.44,0,0
WBTC.V,D,20191207,000000,5956.44,7463.4,5905.69,7463.4,0,0
WBTC.V,D,20191208,000000,7463.4,7628.53,7326.41,7326.41,0,0
WBTC.V,D,20191209,000000,6855.8,6855.8,6831.5,6831.5,0,0
WBTC.V,D,20191210,000000,6831.5,6831.5,6831.5,6831.5,0,0
WBTC.V,D,20191211,000000,6831.5,6831.5,6831.5,6831.5,0,0
WBTC.V,D,20191212,000000,6965.09,7252.5,6965.09,7252.5,0,0
WBTC.V,D,20191213,000000,7252.5,7252.5,7219.51,7248.5,0,0
WBTC.V,D,20191214,000000,6831.5,6831.5,6831.5,6831.5,0,0
WBTC.V,D,20191215,000000,6831.5,6831.5,6831.5,6831.5,0,0
WBTC.V,D,20191216,000000,7137,7137,6634,6899.36,0,0
WBTC.V,D,20191217,000000,6899.36,6899.36,6349.72,6471.83,0,0
WBTC.V,D,20191218,000000,6831.5,6831.5,6831.5,6831.5,0,0
WBTC.V,D,20191219,000000,7052.71,7057.05,6800.43,7057.05,0,0
WBTC.V,D,20191220,000000,6831.5,6831.5,6831.5,6831.5,0,0
WBTC.V,D,20191221,000000,7071.9,7115.62,7013.6,7115.62,0,0
WBTC.V,D,20191222,000000,6831.5,6831.5,6831.5,6831.5,0,0
WBTC.V,D,20191223,000000,7396.85,7396.85,6069.38,6198.76,0,0
WBTC.V,D,20191224,000000,6198.76,7673.52,6194.89,7673.52,0,0
WBTC.V,D,20191225,000000,6831.5,6831.5,6831.5,6831.5,0,0
WBTC.V,D,20191226,000000,7498.49,7536.26,6511.56,6793.19,0,0
WBTC.V,D,20191227,000000,6831.5,7956,6831.5,7956,0,0
WBTC.V,D,20191228,000000,6524.87,6619.48,6524.87,6619.48,0,0
WBTC.V,D,20191229,000000,7956,7956,7956,7956,0,0
WBTC.V,D,20191230,000000,7956,7956,7956,7956,0,0
WBTC.V,D,20191231,000000,7956,7956,7956,7956,0,0
WBTC.V,D,20200101,000000,7956,7956,7956,7956,0,0
WBTC.V,D,20200102,000000,6742.88,6742.88,6331.02,6331.02,0,0
WBTC.V,D,20200103,000000,7956,7956,6690.8,6690.8,0,0
WBTC.V,D,20200104,000000,6682.97,6942.17,6615.75,6617.1,0,0
WBTC.V,D,20200105,000000,6690.8,6690.8,6690.8,6690.8,0,0
WBTC.V,D,20200106,000000,6671.77,8193.66,6671.77,8193.66,0,0
WBTC.V,D,20200107,000000,6690.8,6690.8,6690.8,6690.8,0,0
WBTC.V,D,20200108,000000,6690.8,6690.8,6690.8,6690.8,0,0
WBTC.V,D,20200109,000000,6690.8,6690.8,6690.8,6690.8,0,0
WBTC.V,D,20200110,000000,6690.8,6690.8,6690.8,6690.8,0,0
WBTC.V,D,20200111,000000,6690.8,6690.8,6690.8,6690.8,0,0
WBTC.V,D,20200112,000000,6690.8,6690.8,6690.8,6690.8,0,0
WBTC.V,D,20200113,000000,8322.57,8322.57,7320.08,7321.52,0,0
WBTC.V,D,20200114,000000,6690.8,7812,6690.8,7812,0,0
WBTC.V,D,20200115,000000,7812,7812,7812,7812,0,0
WBTC.V,D,20200116,000000,8468.91,8468.91,6557.04,6557.04,0,0
WBTC.V,D,20200117,000000,7812,11000,7812,8009.6,0,0
WBTC.V,D,20200118,000000,8009.6,8009.6,8009.6,8009.6,0,0
WBTC.V,D,20200119,000000,8009.6,17995,8009.6,8541,0,0
WBTC.V,D,20200120,000000,8541,8541,8541,8541,0,0
WBTC.V,D,20200121,000000,8541,8800,8541,8800,0,0
WBTC.V,D,20200122,000000,8800,8801,8800,8800,0,0
WBTC.V,D,20200123,000000,8800,8800,8550,8550,0,0
WBTC.V,D,20200124,000000,8550,8550,8550,8550,0,0
WBTC.V,D,20200125,000000,8550,8550,7538.3,7538.3,0,0
WBTC.V,D,20200126,000000,7538.3,7538.3,7501.1,7501.6,0,0
WBTC.V,D,20200127,000000,7501.6,7501.6,7501.6,7501.6,0,0
WBTC.V,D,20200128,000000,7501.6,9310,7501.6,9278.9,0,0
WBTC.V,D,20200129,000000,9278.9,9278.9,8473.2,8473.2,0,0
WBTC.V,D,20200130,000000,8473.2,8473.2,8473.2,8473.2,0,0
WBTC.V,D,20200131,000000,10656.83,10656.83,10143.86,10143.86,0,0
WBTC.V,D,20200201,000000,8473.2,8473.2,8473.2,8473.2,0,0
WBTC.V,D,20200202,000000,8473.2,8473.2,8473.2,8473.2,0,0
WBTC.V,D,20200203,000000,8473.2,8473.2,8473.2,8473.2,0,0
WBTC.V,D,20200204,000000,8473.2,8473.2,8473.2,8473.2,0,0
WBTC.V,D,20200205,000000,8473.2,8473.2,8473.2,8473.2,0,0
WBTC.V,D,20200206,000000,8473.2,8473.2,8473.2,8473.2,0,0
WBTC.V,D,20200207,000000,8473.2,8473.2,8473.2,8473.2,0,0
WBTC.V,D,20200208,000000,12591.79,12595.18,8722.66,8722.66,0,0
WBTC.V,D,20200209,000000,8473.2,9800,8473.2,9107.2,0,0
WBTC.V,D,20200210,000000,9107.2,9107.2,9107.2,9107.2,0,0
WBTC.V,D,20200211,000000,9107.2,9107.2,9107.2,9107.2,0,0
WBTC.V,D,20200212,000000,9293.22,10762.3,9293.22,10722.38,0,0
WBTC.V,D,20200213,000000,10722.38,10844.45,10722.38,10737.03,0,0
WBTC.V,D,20200214,000000,9107.2,9107.2,9107.2,9107.2,0,0
WBTC.V,D,20200215,000000,9107.2,11370,8976.9,10909,0,0
WBTC.V,D,20200216,000000,10588.7,10588.7,10001.03,10001.03,0,0
WBTC.V,D,20200217,000000,10001.03,10334.1,9462.87,9462.87,0,0
WBTC.V,D,20200218,000000,10909,10909,10330,10640,0,0
WBTC.V,D,20200219,000000,10640,10640,10640,10640,0,0
WBTC.V,D,20200220,000000,10640,10640,10588,10588,0,0
WBTC.V,D,20200221,000000,10588,10588,10588,10588,0,0
WBTC.V,D,20200222,000000,10588,10588,8703.5,8703.5,0,0
WBTC.V,D,20200223,000000,8703.5,8703.5,8703.5,8703.5,0,0
WBTC.V,D,20200224,000000,8703.5,8703.5,8703.5,8703.5,0,0
WBTC.V,D,20200225,000000,8703.5,8703.5,8703.5,8703.5,0,0
WBTC.V,D,20200226,000000,8703.5,8703.5,8703.5,8703.5,0,0
WBTC.V,D,20200227,000000,8703.5,8703.5,8703.5,8703.5,0,0
WBTC.V,D,20200228,000000,8703.5,8703.5,8703.5,8703.5,0,0
WBTC.V,D,20200229,000000,8703.5,8703.5,8703.5,8703.5,0,0
WBTC.V,D,20200301,000000,8703.5,8703.5,8703.5,8703.5,0,0
WBTC.V,D,20200302,000000,8703.5,8703.5,8703.5,8703.5,0,0
WBTC.V,D,20200303,000000,8703.5,8703.5,8703.5,8703.5,0,0
WBTC.V,D,20200304,000000,8703.5,8703.5,8703.5,8703.5,0,0
WBTC.V,D,20200305,000000,8703.5,8703.5,8703.5,8703.5,0,0
WBTC.V,D,20200306,000000,8703.5,8703.5,8703.5,8703.5,0,0
WBTC.V,D,20200307,000000,8703.5,8703.5,8703.5,8703.5,0,0
WBTC.V,D,20200308,000000,8703.5,8703.5,8703.5,8703.5,0,0
WBTC.V,D,20200309,000000,8152.93,8291.76,7652.05,7652.05,0,0
WBTC.V,D,20200310,000000,8703.5,8703.5,8703.5,8703.5,0,0
WBTC.V,D,20200311,000000,8703.5,8703.5,8703.5,8703.5,0,0
WBTC.V,D,20200312,000000,8703.5,8703.5,6477.6,6603.5,0,0
WBTC.V,D,20200313,000000,6603.5,6603.5,4482.8,5160.4,0,0
WBTC.V,D,20200314,000000,5160.4,5160.4,4943.4,4943.4,0,0
WBTC.V,D,20200315,000000,8342.79,8407.45,6395.15,6395.15,0,0
WBTC.V,D,20200316,000000,4943.4,4943.4,4943.4,4943.4,0,0
WBTC.V,D,20200317,000000,4943.4,4943.4,4943.4,4943.4,0,0
WBTC.V,D,20200318,000000,4943.4,4943.4,4943.4,4943.4,0,0
WBTC.V,D,20200319,000000,4943.4,4943.4,4943.4,4943.4,0,0
WBTC.V,D,20200320,000000,4943.4,4943.4,4943.4,4943.4,0,0
WBTC.V,D,20200321,000000,4943.4,4943.4,4943.4,4943.4,0,0
WBTC.V,D,20200322,000000,4943.4,4943.4,4943.4,4943.4,0,0
WBTC.V,D,20200323,000000,4943.4,4943.4,4943.4,4943.4,0,0
WBTC.V,D,20200324,000000,4943.4,4943.4,4943.4,4943.4,0,0
WBTC.V,D,20200325,000000,4943.4,4943.4,4943.4,4943.4,0,0
WBTC.V,D,20200326,000000,4943.4,4943.4,4943.4,4943.4,0,0
WBTC.V,D,20200327,000000,4943.4,4943.4,4943.4,4943.4,0,0
WBTC.V,D,20200328,000000,4943.4,4943.4,4943.4,4943.4,0,0
WBTC.V,D,20200329,000000,4943.4,4943.4,4943.4,4943.4,0,0
WBTC.V,D,20200330,000000,4943.4,4943.4,4943.4,4943.4,0,0
WBTC.V,D,20200331,000000,4943.4,4943.4,4943.4,4943.4,0,0
WBTC.V,D,20200401,000000,4943.4,7700,4943.4,6290,0,0
WBTC.V,D,20200402,000000,6290,6560,6290,6560,0,0
WBTC.V,D,20200403,000000,6560,6560,6560,6560,0,0
WBTC.V,D,20200404,000000,6560,6560,6560,6560,0,0
WBTC.V,D,20200405,000000,7946.95,9392.93,6572.48,7144,0,0
WBTC.V,D,20200406,000000,7144,8581,7065.6,7065.6,0,0
WBTC.V,D,20200407,000000,7200,7200,6089,6089,0,0
WBTC.V,D,20200408,000000,6089,7100,6089,7100,0,0
WBTC.V,D,20200409,000000,7100,7100,7100,7100,0,0
WBTC.V,D,20200410,000000,7100,7100,7100,7100,0,0
WBTC.V,D,20200411,000000,7050.57,7075.1,6495.95,6495.95,0,0
WBTC.V,D,20200412,000000,6495.95,6523.04,6461.13,6461.13,0,0
WBTC.V,D,20200413,000000,7100,7100,7100,7100,0,0
WBTC.V,D,20200414,000000,7100,7100,7100,7100,0,0
WBTC.V,D,20200415,000000,7100,7100,5402.6,5402.6,0,0
WBTC.V,D,20200416,000000,5402.6,5402.6,5402.6,5402.6,0,0
WBTC.V,D,20200417,000000,5402.6,5402.6,5402.6,5402.6,0,0
WBTC.V,D,20200418,000000,8786.66,9651.56,7504.89,7504.89,0,0
WBTC.V,D,20200419,000000,5402.6,5402.6,5402.6,5402.6,0,0
WBTC.V,D,20200420,000000,5402.6,7130,5402.6,6850.1,0,0
WBTC.V,D,20200421,000000,6817.18,6908.4,6817.18,6908.4,0,0
WBTC.V,D,20200422,000000,6850.1,6850.1,6850.1,6850.1,0,0
WBTC.V,D,20200423,000000,6850.1,7473,6850.1,7473,0,0
WBTC.V,D,20200424,000000,7501.47,8634.2,7501.47,8634.2,0,0
WBTC.V,D,20200425,000000,7473,7473,7473,7473,0,0
WBTC.V,D,20200426,000000,7473,7473,7473,7473,0,0
WBTC.V,D,20200427,000000,7473,7473,7473,7473,0,0
WBTC.V,D,20200428,000000,7473,7473,7473,7473,0,0
WBTC.V,D,20200429,000000,9055.56,9915.3,9055.56,9566.11,0,0
WBTC.V,D,20200430,000000,9566.11,9566.11,7906.33,7945.52,0,0
WBTC.V,D,20200501,000000,8800,8800,8800,8800,0,0
WBTC.V,D,20200502,000000,8800,8800,8800,8800,0,0
WBTC.V,D,20200503,000000,8800,8800,8800,8800,0,0
WBTC.V,D,20200504,000000,8800,8800,8800,8800,0,0
WBTC.V,D,20200505,000000,8800,8800,8800,8800,0,0
WBTC.V,D,20200506,000000,8800,8800,8800,8800,0,0
WBTC.V,D,20200507,000000,7669.33,9159.52,7669.33,9159.52,0,0
WBTC.V,D,20200508,000000,9159.52,10048.15,9123.72,10048.15,0,0
WBTC.V,D,20200509,000000,8800,8800,8800,8800,0,0
WBTC.V,D,20200510,000000,8800,8800,8800,8800,0,0
WBTC.V,D,20200511,000000,8800,8800,7072,7072,0,0
WBTC.V,D,20200512,000000,7072,8490,7072,8490,0,0
WBTC.V,D,20200513,000000,8490,9000,8490,9000,0,0
WBTC.V,D,20200514,000000,9000,9600,9000,9300.1,0,0
WBTC.V,D,20200515,000000,9300.1,10000,9300.1,9600,0,0
WBTC.V,D,20200516,000000,9600,9600,9600,9600,0,0
WBTC.V,D,20200517,000000,9600,9600,9600,9600,0,0
WBTC.V,D,20200518,000000,9600,9600,9600,9600,0,0
WBTC.V,D,20200519,000000,10199.67,10199.67,9209.77,9209.77,0,0
WBTC.V,D,20200520,000000,9600,9600,9600,9600,0,0
WBTC.V,D,20200521,000000,9600,9600,9600,9600,0,0
WBTC.V,D,20200522,000000,9600,9600,9600,9600,0,0
WBTC.V,D,20200523,000000,9600,9600,9600,9600,0,0
WBTC.V,D,20200524,000000,9600,9600,9600,9600,0,0
WBTC.V,D,20200525,000000,9600,9600,9600,9600,0,0
WBTC.V,D,20200526,000000,9600,9600,9600,9600,0,0
WBTC.V,D,20200527,000000,8626.2,8939.87,8626.2,8883.62,0,0
WBTC.V,D,20200528,000000,9600,9600,9600,9600,0,0
WBTC.V,D,20200529,000000,9600,10269,9600,10169,0,0
WBTC.V,D,20200530,000000,10169,10169,10169,10169,0,0
WBTC.V,D,20200531,000000,10169,10169,9501,9501,0,0
WBTC.V,D,20200601,000000,9510.2,10186.54,9510.2,9965.63,0,0
WBTC.V,D,20200602,000000,9501,10410,9501,10410,0,0
WBTC.V,D,20200603,000000,10410,10410,9689,9766,0,0
WBTC.V,D,20200604,000000,9766,9766,9765.9,9766,0,0
WBTC.V,D,20200605,000000,9766,9843,9766,9843,0,0
WBTC.V,D,20200606,000000,9552.78,11619.84,9552.78,9632.36,0,0
WBTC.V,D,20200607,000000,9623.2,9623.2,9623.2,9623.2,0,0
WBTC.V,D,20200608,000000,9623.2,9623.2,9623.2,9623.2,0,0
WBTC.V,D,20200609,000000,9623.2,9920,9623.2,9868.7,0,0
WBTC.V,D,20200610,000000,9708.76,9868.32,9708.76,9868.32,0,0
WBTC.V,D,20200611,000000,9868.7,9868.7,9868.7,9868.7,0,0
WBTC.V,D,20200612,000000,9868.7,9919.9,9868.7,9919.9,0,0
WBTC.V,D,20200613,000000,9919.9,9919.9,9919.9,9919.9,0,0
WBTC.V,D,20200614,000000,9919.9,9919.9,9919.9,9919.9,0,0
WBTC.V,D,20200615,000000,9919.9,9919.9,9919.9,9919.9,0,0
WBTC.V,D,20200616,000000,9919.9,9919.9,9919.9,9919.9,0,0
WBTC.V,D,20200617,000000,9919.9,9919.9,9919.9,9919.9,0,0
WBTC.V,D,20200618,000000,9919.9,9977,9000,9976.9,0,0
WBTC.V,D,20200619,000000,9976.9,9976.9,9976.9,9976.9,0,0
WBTC.V,D,20200620,000000,9976.9,9977,9300.1,9976.9,0,0
WBTC.V,D,20200621,000000,9976.9,9976.9,9300,9450,0,0
WBTC.V,D,20200622,000000,9450,9450,9450,9450,0,0
WBTC.V,D,20200623,000000,9680.91,10844.94,9675.34,10844.94,0,0
WBTC.V,D,20200624,000000,9450,9450,9450,9450,0,0
WBTC.V,D,20200625,000000,9450,9450,8443.5,8443.5,0,0
WBTC.V,D,20200626,000000,8443.5,8443.5,8443.5,8443.5,0,0
WBTC.V,D,20200627,000000,9130.21,14518.26,8786.03,9523.54,0,0
WBTC.V,D,20200628,000000,8443.5,8443.5,8443.5,8443.5,0,0
WBTC.V,D,20200629,000000,8443.5,8443.5,8443.5,8443.5,0,0
WBTC.V,D,20200630,000000,8443.5,8443.5,8443.5,8443.5,0,0
WBTC.V,D,20200701,000000,8443.5,8443.5,8443.5,8443.5,0,0
WBTC.V,D,20200702,000000,9965.19,9965.19,8971.27,9440.1,0,0
WBTC.V,D,20200703,000000,10500,10500,10500,10500,0,0
WBTC.V,D,20200704,000000,10500,10500,10500,10500,0,0
WBTC.V,D,20200705,000000,10500,10500,10300,10400,0,0
WBTC.V,D,20200706,000000,10400,10400,10400,10400,0,0
WBTC.V,D,20200707,000000,10400,10400,9368.9,9469,0,0
WBTC.V,D,20200708,000000,9469,9469,9369,9419,0,0
WBTC.V,D,20200709,000000,9419,9419,9419,9419,0,0
WBTC.V,D,20200710,000000,9419,9419,8728.7,8728.7,0,0
WBTC.V,D,20200711,000000,8728.7,8728.7,8728.7,8728.7,0,0
WBTC.V,D,20200712,000000,8728.7,8728.7,8728.7,8728.7,0,0
WBTC.V,D,20200713,000000,9317.77,9317.77,8769.19,9221.91,0,0
WBTC.V,D,20200714,000000,9228.65,9552.26,8793.27,9072.8,0,0
WBTC.V,D,20200715,000000,9072.8,9459.82,9011.19,9459.82,0,0
WBTC.V,D,20200716,000000,9459.82,9459.82,8904.9,8904.9,0,0
WBTC.V,D,20200717,000000,8904.9,9422.34,8698.95,9422.34,0,0
WBTC.V,D,20200718,000000,9422.34,9443.36,8718.36,9434.18,0,0
WBTC.V,D,20200719,000000,9434.18,9474.07,8755.22,9474.07,0,0
WBTC.V,D,20200720,000000,9474.07,9474.07,9421.02,9421.02,0,0
WBTC.V,D,20200721,000000,9281.09,11351.82,9281.09,11351.82,0,0
WBTC.V,D,20200722,000000,8728.7,8728.7,8728.7,8728.7,0,0
WBTC.V,D,20200723,000000,12203.65,12726.76,10033.66,10033.66,0,0
WBTC.V,D,20200724,000000,10033.66,10177.44,9730.08,9730.08,0,0
WBTC.V,D,20200725,000000,9817.64,9980.25,9232.7,9980.25,0,0
WBTC.V,D,20200726,000000,10307.19,10505.88,9998.19,10113.43,0,0
WBTC.V,D,20200727,000000,10113.43,10883.89,10113.43,10883.89,0,0
WBTC.V,D,20200728,000000,11352.14,12573.25,10397.53,12573.25,0,0
WBTC.V,D,20200729,000000,12573.25,15334.62,10779.79,11334.28,0,0
WBTC.V,D,20200730,000000,11334.28,11335.93,10813.59,10813.59,0,0
WBTC.V,D,20200731,000000,10813.59,13032.92,10813.59,13032.92,0,0
WBTC.V,D,20200801,000000,11295,11851,10966,11851,0,0
WBTC.V,D,20200802,000000,12013.58,12400.15,11027.72,11027.72,0,0
WBTC.V,D,20200803,000000,10876.53,11044.86,10672.99,10672.99,0,0
WBTC.V,D,20200804,000000,10672.99,11194.18,10634.47,11194.18,0,0
WBTC.V,D,20200805,000000,11194.18,11752.05,11164.45,11752.05,0,0
WBTC.V,D,20200806,000000,11752.05,11771.27,11300.42,11626.48,0,0
WBTC.V,D,20200807,000000,11626.48,15897.23,11461.09,14063.83,0,0
WBTC.V,D,20200808,000000,11851,11851,11851,11851,0,0
WBTC.V,D,20200809,000000,12386.98,15000,12000,12000,0,0
WBTC.V,D,20200810,000000,11896.69,14276.89,11896.69,14038.94,0,0
WBTC.V,D,20200811,000000,14038.94,14038.94,10819.56,10819.56,0,0
WBTC.V,D,20200812,000000,11850,11851,11850,11851,0,0
WBTC.V,D,20200813,000000,11092.99,12519.62,11092.99,12213.64,0,0
WBTC.V,D,20200814,000000,12213.64,12602.78,12059.03,12059.03,0,0
WBTC.V,D,20200815,000000,12010.01,12394.65,12010.01,12394.65,0,0
WBTC.V,D,20200816,000000,12394.65,12454.28,12215.92,12275.51,0,0
WBTC.V,D,20200817,000000,12898,12898,12000,12000,0,0
WBTC.V,D,20200818,000000,12793.24,12793.24,11837.12,11837.12,0,0
WBTC.V,D,20200819,000000,11837.12,11995.58,11525.16,11525.16,0,0
WBTC.V,D,20200820,000000,13000,13013,8791.45,8791.49,0,0
WBTC.V,D,20200821,000000,8791.49,11365.55,8782.71,11350.69,0,0
WBTC.V,D,20200822,000000,11573.46,11962.18,11573.46,11950.51,0,0
WBTC.V,D,20200823,000000,11950.51,12117.58,11535,11535,0,0
WBTC.V,D,20200824,000000,11535,11991.53,11535,11638.84,0,0
WBTC.V,D,20200825,000000,11638.84,11638.84,11183.26,11183.26,0,0
WBTC.V,D,20200826,000000,11183.26,13760.27,11183.26,11696.23,0,0
WBTC.V,D,20200827,000000,11696.23,13483.91,11342.35,11365.01,0,0
WBTC.V,D,20200828,000000,13751,13751,13700,13700,0,0
WBTC.V,D,20200829,000000,11569.82,12054.5,11514.92,12054.5,0,0
WBTC.V,D,20200830,000000,11328.8,15515.5,11328.8,15515.5,0,0
WBTC.V,D,20200831,000000,11681.39,20191.33,11606.52,11786.05,0,0
WBTC.V,D,20200901,000000,11786.05,12344.12,11786.05,11962.47,0,0
WBTC.V,D,20200902,000000,11962.47,11962.47,11397.9,11443.49,0,0
WBTC.V,D,20200903,000000,11443.49,11443.49,10160.38,10163.43,0,0
WBTC.V,D,20200904,000000,10163.43,10551.07,10163.43,10488.26,0,0
WBTC.V,D,20200905,000000,10488.26,10488.26,10106.96,10157.8,0,0
WBTC.V,D,20200906,000000,10157.8,10342.45,10157.8,10301.41,0,0
WBTC.V,D,20200907,000000,10301.41,10462.11,10301.41,10410.22,0,0
WBTC.V,D,20200908,000000,10410.22,10410.22,10128.54,10138.67,0,0
WBTC.V,D,20200909,000000,10138.67,10290.22,10138.67,10249.31,0,0
WBTC.V,D,20200910,000000,10249.31,10428.45,10249.31,10366.37,0,0
WBTC.V,D,20200911,000000,10366.37,10460.89,10366.37,10429.7,0,0
WBTC.V,D,20200912,000000,10429.7,10510.69,10429.7,10448,0,0
WBTC.V,D,20200913,000000,10448,10448,10301.36,10322.03,0,0
WBTC.V,D,20200914,000000,10251,10807.1,10251,10680.27,0,0
WBTC.V,D,20200915,000000,10680.27,11011,10632.72,10792.68,0,0
WBTC.V,D,20200916,000000,10792.68,11116.21,10670.96,10963.65,0,0
WBTC.V,D,20200917,000000,10989.97,11065.54,10945.14,10988.92,0,0
WBTC.V,D,20200918,000000,10988.92,11003.52,10937.89,10948.83,0,0
WBTC.V,D,20200919,000000,10948.83,11127.94,10948.83,11105.78,0,0
WBTC.V,D,20200920,000000,11089.38,11097.19,10776.87,10934.52,0,0
WBTC.V,D,20200921,000000,10943.69,10943.69,10416.06,10428.56,0,0
WBTC.V,D,20200922,000000,10421.11,10585.68,10366.96,10537.93,0,0
WBTC.V,D,20200923,000000,10537.93,10549.34,10151.04,10245.74,0,0
WBTC.V,D,20200924,000000,10248.33,10796.69,10248.33,10775.21,0,0
WBTC.V,D,20200925,000000,10775.21,10775.21,10694.12,10726.2,0,0
WBTC.V,D,20200926,000000,10726.2,10766.43,10726.2,10766.43,0,0
WBTC.V,D,20200927,000000,10750.96,10836.73,10624.51,10799.66,0,0
WBTC.V,D,20200928,000000,10813.81,10813.81,10699,10720.4,0,0
WBTC.V,D,20200929,000000,10755.04,10875.06,10651.04,10847.14,0,0
WBTC.V,D,20200930,000000,10862.97,10862.97,10771.87,10779.42,0,0
WBTC.V,D,20201001,000000,10787.98,10923.91,10464.95,10632.52,0,0
WBTC.V,D,20201002,000000,10632.52,10677.97,10090.68,10576.37,0,0
WBTC.V,D,20201003,000000,10576.37,10609.9,10506.8,10547.94,0,0
WBTC.V,D,20201004,000000,10547.94,10707.8,10525.41,10666.76,0,0
WBTC.V,D,20201005,000000,10666.76,10805.59,10631.12,10804.89,0,0
WBTC.V,D,20201006,000000,10795.11,10795.11,10603.9,10603.9,0,0
WBTC.V,D,20201007,000000,10612.6,10695.28,10558.95,10676.17,0,0
WBTC.V,D,20201008,000000,10676.17,10965.05,10542.73,10936.83,0,0
WBTC.V,D,20201009,000000,10936.83,11157.25,10843.03,11061.45,0,0
WBTC.V,D,20201010,000000,11061.45,11485.67,11058.15,11310,0,0
WBTC.V,D,20201011,000000,11312.87,11398.26,11312.87,11386.89,0,0
WBTC.V,D,20201012,000000,11386.89,11562.84,11386.89,11551.3,0,0
WBTC.V,D,20201013,000000,11545.43,11569.16,11320.31,11433.02,0,0
WBTC.V,D,20201014,000000,11433.02,11586.78,11299.69,11423.41,0,0
WBTC.V,D,20201015,000000,11429.3,11531.33,11429.3,11508.31,0,0
WBTC.V,D,20201016,000000,11515.7,11536.32,11144.33,11330.12,0,0
WBTC.V,D,20201017,000000,11330.12,11411.8,11156.35,11370.16,0,0
WBTC.V,D,20201018,000000,11370.16,11518.01,11343.73,11516.71,0,0
WBTC.V,D,20201019,000000,11516.71,11826.21,11122.21,11759.35,0,0
WBTC.V,D,20201020,000000,11780.39,11993.31,11780.39,11921.78,0,0
WBTC.V,D,20201021,000000,11921.78,12851.55,11921.78,12825.92,0,0
WBTC.V,D,20201022,000000,12825.92,13016.23,12825.92,12990.25,0,0
WBTC.V,D,20201023,000000,12931.92,13024.01,12716.3,12915.9,0,0
WBTC.V,D,20201024,000000,12915.9,13170.76,12859.85,13098.99,0,0
WBTC.V,D,20201025,000000,13098.99,13325.31,12834.32,13014.6,0,0
WBTC.V,D,20201026,000000,13034.69,13082.5,12989.71,13069.43,0,0
WBTC.V,D,20201027,000000,13069.43,13700.6,13069.43,13631.01,0,0
WBTC.V,D,20201028,000000,13602.11,13793.51,12889.53,13222.9,0,0
WBTC.V,D,20201029,000000,13222.9,13556.4,12905.4,13399.3,0,0
WBTC.V,D,20201030,000000,13435.26,13633.78,13435.26,13548.31,0,0
WBTC.V,D,20201031,000000,13497.28,13943.7,13202.9,13664,0,0
WBTC.V,D,20201101,000000,13664,13753.8,13466.9,13621.2,0,0
WBTC.V,D,20201102,000000,13775.48,13775.48,13522.38,13571.24,0,0
WBTC.V,D,20201103,000000,13571.24,14107.92,13571.24,14022.38,0,0
WBTC.V,D,20201104,000000,14022.38,14186.05,14022.38,14143.57,0,0
WBTC.V,D,20201105,000000,14006.59,15677.29,13976,15531.79,0,0
WBTC.V,D,20201106,000000,15581.2,15606.21,15537.61,15575.03,0,0
WBTC.V,D,20201107,000000,15565.08,15565.08,14525.88,14791.73,0,0
WBTC.V,D,20201108,000000,14791.73,15570.3,14791.73,15415.69,0,0
WBTC.V,D,20201109,000000,15415.69,15415.69,15017.97,15297.97,0,0
WBTC.V,D,20201110,000000,15297.97,15586.23,15198.49,15261.61,0,0
WBTC.V,D,20201111,000000,15261.61,15749.74,15261.61,15652.32,0,0
WBTC.V,D,20201112,000000,15652.32,16470.34,15595.69,16271.34,0,0
WBTC.V,D,20201113,000000,16271.34,17005.18,16266.04,16304.19,0,0
WBTC.V,D,20201114,000000,16304.19,16304.19,15734.95,16066.9,0,0
WBTC.V,D,20201115,000000,16066.9,16092.54,15513.96,15949.02,0,0
WBTC.V,D,20201116,000000,15949.02,16775.78,15949.02,16715.9,0,0
WBTC.V,D,20201117,000000,16706.41,17681.54,16706.41,17681.54,0,0
WBTC.V,D,20201118,000000,17658.26,18192.88,17350.26,17766.78,0,0
WBTC.V,D,20201119,000000,17766.78,17927.1,17389.15,17794.97,0,0
WBTC.V,D,20201120,000000,17794.97,19324.88,17794.97,18635.8,0,0
WBTC.V,D,20201121,000000,18635.8,20328.69,18635.8,18655.34,0,0
WBTC.V,D,20201122,000000,18655.34,19275.54,17937.12,18373.93,0,0
WBTC.V,D,20201123,000000,18373.93,20009.92,18334.81,18371.36,0,0
WBTC.V,D,20201124,000000,18356.32,19157.16,18356.32,19141.83,0,0
WBTC.V,D,20201125,000000,19149.83,19149.83,17936.1,18676.32,0,0
WBTC.V,D,20201126,000000,18693.93,18693.93,17050.48,17174.14,0,0
WBTC.V,D,20201127,000000,17151.65,17287.42,16898.29,17121.39,0,0
WBTC.V,D,20201128,000000,17121.39,17920.45,17121.39,17710.63,0,0
WBTC.V,D,20201129,000000,17710.63,19031.04,17710.63,18184.32,0,0
WBTC.V,D,20201130,000000,18199.23,19765.62,18199.23,19686.87,0,0
WBTC.V,D,20201201,000000,19697.9,19933.41,18159.34,18786.37,0,0
WBTC.V,D,20201202,000000,18786.37,19361.14,18349.03,19236.32,0,0
WBTC.V,D,20201203,000000,19198.16,19926.9,19198.16,19415.16,0,0
WBTC.V,D,20201204,000000,19415.16,19415.16,17830.51,18647.96,0,0
WBTC.V,D,20201205,000000,18647.96,19698.66,18647.96,19149.32,0,0
WBTC.V,D,20201206,000000,19149.32,19497.62,19106.22,19359.12,0,0
WBTC.V,D,20201207,000000,19359.12,19359.12,18964.45,19153.74,0,0
WBTC.V,D,20201208,000000,19197.88,19287.01,18216.03,18322.1,0,0
WBTC.V,D,20201209,000000,18322.1,18633.73,17651,18527.43,0,0
WBTC.V,D,20201210,000000,18538.79,18538.79,18224.92,18250.47,0,0
WBTC.V,D,20201211,000000,18241.4,18297.1,17531.3,18038.1,0,0
WBTC.V,D,20201212,000000,18038.1,18954.78,18038.1,18831.85,0,0
WBTC.V,D,20201213,000000,18803.72,19676.88,18803.72,19180.68,0,0
WBTC.V,D,20201214,000000,19184.4,19358.66,19011.8,19262.77,0,0
WBTC.V,D,20201215,000000,19262.77,19602.38,19048.03,19436.92,0,0
WBTC.V,D,20201216,000000,19436.92,21544.15,19285.47,21348.36,0,0
WBTC.V,D,20201217,000000,21348.36,23750.45,21238.35,22811.94,0,0
WBTC.V,D,20201218,000000,22811.94,23307.08,22386.66,23144.32,0,0
WBTC.V,D,20201219,000000,23144.32,24145.7,22774.6,23830.8,0,0
WBTC.V,D,20201220,000000,23830.8,24283.18,23080.86,23471.41,0,0
WBTC.V,D,20201221,000000,23471.41,24123.57,22002.9,22723.25,0,0
WBTC.V,D,20201222,000000,22723.25,23824.86,22372.55,23808.06,0,0
WBTC.V,D,20201223,000000,23808.06,24090.92,22607.76,23214.14,0,0
WBTC.V,D,20201224,000000,23214.14,23798.5,22716.4,23724.9,0,0
WBTC.V,D,20201225,000000,23724.9,24781.3,23438.9,24697.5,0,0
WBTC.V,D,20201226,000000,24697.5,26791.17,24460.3,26434.34,0,0
WBTC.V,D,20201227,000000,26434.34,28369.32,25854.44,26238.08,0,0
WBTC.V,D,20201228,000000,26230.63,28293.5,26230.63,27038.61,0,0
WBTC.V,D,20201229,000000,27038.61,28025.68,26730.84,27338.02,0,0
WBTC.V,D,20201230,000000,27341.63,28947.39,27341.63,28866.5,0,0
WBTC.V,D,20201231,000000,28889.63,29021.6,28262.33,28955.25,0,0
WBTC.V,D,20210101,000000,28955.25,29406.65,28595.68,29384.73,0,0
WBTC.V,D,20210102,000000,29407.38,33466.84,29049.98,32200.05,0,0
WBTC.V,D,20210103,000000,32177.88,33096.54,32177.88,33050.25,0,0
WBTC.V,D,20210104,000000,33050.25,33050.25,31953.68,32030.55,0,0
WBTC.V,D,20210105,000000,32030.55,34072.33,32030.55,34024.67,0,0
WBTC.V,D,20210106,000000,34055.48,38605.72,34055.48,36862.47,0,0
WBTC.V,D,20210107,000000,36886.71,39518.89,36886.71,39416.24,0,0
WBTC.V,D,20210108,000000,39416.24,40636.24,39416.24,40615.92,0,0
WBTC.V,D,20210109,000000,40615.92,40615.92,40148.14,40180.33,0,0
WBTC.V,D,20210110,000000,40180.33,40180.33,38133.32,38240.28,0,0
WBTC.V,D,20210111,000000,38240.28,38240.28,35378.89,35442.79,0,0
WBTC.V,D,20210112,000000,35442.79,35442.79,33986.88,34058.4,0,0
WBTC.V,D,20210113,000000,34058.4,37492.99,34058.4,37362.16,0,0
WBTC.V,D,20210114,000000,37362.16,39273.05,37362.16,39194.74,0,0
WBTC.V,D,20210115,000000,39194.74,39194.74,36757.06,36826.96,0,0
WBTC.V,D,20210116,000000,36790.32,38747.52,35307.66,36020.21,0,0
WBTC.V,D,20210117,000000,36007.25,36007.25,35807.25,35875.35,0,0
WBTC.V,D,20210118,000000,35875.35,36732.91,35875.35,36659.66,0,0
WBTC.V,D,20210119,000000,36659.66,36659.66,35932.79,36040.59,0,0
WBTC.V,D,20210120,000000,36040.59,36040.59,35469.43,35536.88,0,0
WBTC.V,D,20210121,000000,35536.88,35536.88,30818.71,30871.14,0,0
WBTC.V,D,20210122,000000,30871.14,33107.04,30871.14,33041.03,0,0
WBTC.V,D,20210123,000000,32999.79,33197.29,31568.28,32135.96,0,0
WBTC.V,D,20210124,000000,32171.5,32412.79,32171.5,32412.79,0,0
WBTC.V,D,20210125,000000,32412.79,32598.02,32275.27,32307.55,0,0
WBTC.V,D,20210126,000000,32307.55,32581.55,32307.55,32549.04,0,0
WBTC.V,D,20210127,000000,32549.04,32549.04,30398.71,30423.05,0,0
WBTC.V,D,20210128,000000,30423.05,33711.42,30423.05,33443.87,0,0
WBTC.V,D,20210129,000000,33443.87,34354.84,33443.87,34245.23,0,0
WBTC.V,D,20210130,000000,34245.23,34352.14,34245.23,34352.14,0,0
WBTC.V,D,20210131,000000,34352.14,34352.14,33126.65,33176.36,0,0
WBTC.V,D,20210201,000000,33176.36,33603.01,33176.36,33603.01,0,0
WBTC.V,D,20210202,000000,33603.01,35631,33603.01,35595.48,0,0
WBTC.V,D,20210203,000000,35595.48,37828.05,35595.48,37752.69,0,0
WBTC.V,D,20210204,000000,37752.69,37752.69,36983.42,36983.42,0,0
WBTC.V,D,20210205,000000,36983.42,38501.79,36983.42,38348.55,0,0
WBTC.V,D,20210206,000000,38348.55,39620.41,38348.55,39384.81,0,0
WBTC.V,D,20210207,000000,39384.81,39384.81,38864.93,38907.69,0,0
WBTC.V,D,20210208,000000,38907.69,46576.72,38907.69,46437.41,0,0
WBTC.V,D,20210209,000000,46437.41,46602.59,46425.85,46509.57,0,0
WBTC.V,D,20210210,000000,46509.57,46509.57,44733.84,44845.98,0,0
WBTC.V,D,20210211,000000,44845.98,48006.18,44845.98,48006.18,0,0
WBTC.V,D,20210212,000000,48006.18,48006.18,47326.44,47407.08,0,0
WBTC.V,D,20210213,000000,47407.08,47407.08,47151.49,47217.6,0,0
WBTC.V,D,20210214,000000,47217.6,48750.18,47217.6,48638.27,0,0
WBTC.V,D,20210215,000000,48638.27,48991.11,47835.84,47931.72,0,0
WBTC.V,D,20210216,000000,47931.72,49233.81,47931.72,49150.2,0,0
WBTC.V,D,20210217,000000,49150.2,52207.06,49150.2,52154.91,0,0
WBTC.V,D,20210218,000000,52154.91,52154.91,51545.18,51591.61,0,0
WBTC.V,D,20210219,000000,51591.61,55989.4,51591.61,55927.88,0,0
WBTC.V,D,20210220,000000,55927.88,56012.64,55833.76,55872.89,0,0
WBTC.V,D,20210221,000000,55872.89,57584.89,55872.89,57446.96,0,0
WBTC.V,D,20210222,000000,57446.96,57446.96,54072.46,54104.93,0,0
WBTC.V,D,20210223,000000,54104.93,54104.93,48615.09,48884.03,0,0
WBTC.V,D,20210224,000000,48884.03,49787.91,48884.03,49713.3,0,0
WBTC.V,D,20210225,000000,49713.3,49713.3,46988.7,47082.87,0,0
WBTC.V,D,20210226,000000,47082.87,47082.87,46296.71,46324.5,0,0
WBTC.V,D,20210227,000000,46324.5,46324.5,46168.29,46186.77,0,0
WBTC.V,D,20210228,000000,46186.77,46186.77,45224.82,45351.55,0,0
WBTC.V,D,20210301,000000,45351.55,49734.34,45351.55,49684.71,0,0
WBTC.V,D,20210302,000000,49684.71,49684.71,48496.36,48501.21,0,0
WBTC.V,D,20210303,000000,48501.21,50493.34,48501.21,50442.94,0,0
WBTC.V,D,20210304,000000,50442.94,50442.94,48363.74,48412.1,0,0
WBTC.V,D,20210305,000000,48412.1,48824.15,48412.1,48824.15,0,0
WBTC.V,D,20210306,000000,48824.15,49137.26,48824.15,48990.59,0,0
WBTC.V,D,20210307,000000,48990.59,51371.89,48990.59,51168.04,0,0
WBTC.V,D,20210308,000000,51168.04,52719.45,51168.04,52457.43,0,0
WBTC.V,D,20210309,000000,52457.43,55148.41,52457.43,55038.56,0,0
WBTC.V,D,20210310,000000,55038.56,56005.1,55038.56,55949.2,0,0
WBTC.V,D,20210311,000000,55949.2,57925.03,55949.2,57867.22,0,0
WBTC.V,D,20210312,000000,57867.22,57867.22,57239.04,57244.77,0,0
WBTC.V,D,20210313,000000,57244.77,61240.97,57244.77,61179.79,0,0
WBTC.V,D,20210314,000000,61179.79,61179.79,58975.29,59057.89,0,0
WBTC.V,D,20210315,000000,59057.89,59057.89,55108.36,55720.68,0,0
WBTC.V,D,20210316,000000,55720.68,56981.94,55720.68,56925.01,0,0
WBTC.V,D,20210317,000000,56925.01,58967.91,56925.01,58897.22,0,0
WBTC.V,D,20210318,000000,58897.22,58897.22,57620.26,57643.32,0,0
WBTC.V,D,20210319,000000,57643.32,58118.27,57643.32,58118.27,0,0
WBTC.V,D,20210320,000000,58118.27,58275.64,58095.53,58101.34,0,0
WBTC.V,D,20210321,000000,58101.34,58101.34,57369.21,57374.95,0,0
WBTC.V,D,20210322,000000,57374.95,57374.95,54079.13,54089.95,0,0
WBTC.V,D,20210323,000000,54089.95,54409.81,54089.95,54263.05,0,0
WBTC.V,D,20210324,000000,54263.05,54263.05,52177.49,52292.56,0,0
WBTC.V,D,20210325,000000,52292.56,52292.56,51315.56,51387.43,0,0
WBTC.V,D,20210326,000000,51387.43,55165.54,51387.43,55055.43,0,0
WBTC.V,D,20210327,000000,55059.44,56422.9,55059.44,55857.3,0,0
WBTC.V,D,20210328,000000,55863.73,55863.73,55758.7,55781.01,0,0
WBTC.V,D,20210329,000000,55781.01,57683.73,55781.01,57626.1,0,0
WBTC.V,D,20210330,000000,57626.1,58899.1,57626.1,58840.32,0,0
WBTC.V,D,20210331,000000,58840.32,58911.39,58746.76,58852.59,0,0
WBTC.V,D,20210401,000000,58852.59,58852.59,58719.07,58730.82,0,0
WBTC.V,D,20210402,000000,58730.82,59105.78,58730.82,58987.8,0,0
WBTC.V,D,20210403,000000,58987.8,58987.8,57040.73,57069.26,0,0
WBTC.V,D,20210404,000000,57081.09,59495.16,57081.09,58228.42,0,0
WBTC.V,D,20210405,000000,58277.65,59237.8,58277.65,59119.56,0,0
WBTC.V,D,20210406,000000,59119.56,59119.56,58004.55,58010.35,0,0
WBTC.V,D,20210407,000000,58010.35,58010.35,55851.27,56007.93,0,0
WBTC.V,D,20210408,000000,56007.93,58142.54,56007.93,58084.46,0,0
WBTC.V,D,20210409,000000,58084.46,58164.96,58060.36,58101.04,0,0
WBTC.V,D,20210410,000000,58101.04,59844.58,58101.04,59784.8,0,0
WBTC.V,D,20210411,000000,59784.8,60040.43,59784.8,59968.45,0,0
WBTC.V,D,20210412,000000,59968.45,59968.45,59690.16,59845.76,0,0
WBTC.V,D,20210413,000000,59845.76,63622.04,59845.76,63558.48,0,0
WBTC.V,D,20210414,000000,63558.48,63558.48,62913.9,63027.23,0,0
WBTC.V,D,20210415,000000,63027.23,63296.26,63027.23,63233.03,0,0
WBTC.V,D,20210416,000000,63233.03,63233.03,61373.42,61416.41,0,0
WBTC.V,D,20210417,000000,61416.41,61416.41,60026.04,60056.07,0,0
WBTC.V,D,20210418,000000,60056.07,60056.07,56201.82,56224.32,0,0
WBTC.V,D,20210419,000000,56224.32,56224.32,55602.16,55663.41,0,0
WBTC.V,D,20210420,000000,55663.41,56496.06,55663.41,56462.16,0,0
WBTC.V,D,20210421,000000,56462.16,56462.16,53733.31,53781.73,0,0
WBTC.V,D,20210422,000000,53781.73,53781.73,51645.21,51712.44,0,0
WBTC.V,D,20210423,000000,51712.44,51712.44,51034.73,51157.56,0,0
WBTC.V,D,20210424,000000,51157.56,51157.56,49985.69,50095.94,0,0
WBTC.V,D,20210425,000000,50095.94,50095.94,49047.29,49120.97,0,0
WBTC.V,D,20210426,000000,49120.97,54116.35,49120.97,54056.88,0,0
WBTC.V,D,20210427,000000,54056.88,55128.55,54056.88,55073.48,0,0
WBTC.V,D,20210428,000000,55073.48,55073.48,54823.06,54877.94,0,0
WBTC.V,D,20210429,000000,54877.94,54877.94,53554.79,53576.22,0,0
WBTC.V,D,20210430,000000,53576.22,57815.73,53576.22,57752.19,0,0
WBTC.V,D,20210501,000000,57752.19,57901,57752.19,57843.16,0,0
WBTC.V,D,20210502,000000,57843.16,57843.16,56578.21,56600.86,0,0
WBTC.V,D,20210503,000000,56600.86,57309.46,56600.86,57252.27,0,0
WBTC.V,D,20210504,000000,57252.27,57252.27,53100.31,53244.07,0,0
WBTC.V,D,20210505,000000,53244.07,57564.39,53244.07,57506.88,0,0
WBTC.V,D,20210506,000000,57506.88,57506.88,56419.36,56498.38,0,0
WBTC.V,D,20210507,000000,56498.38,57431.7,56498.38,57431.7,0,0
WBTC.V,D,20210508,000000,57431.7,59178.9,57431.7,59002.07,0,0
WBTC.V,D,20210509,000000,59002.07,59576.65,58294.18,58352.47,0,0
WBTC.V,D,20210510,000000,58352.47,156156.68,55853.25,55870.01,0,0
WBTC.V,D,20210511,000000,55870.01,56974.51,55870.01,56804.27,0,0
WBTC.V,D,20210512,000000,56804.27,56804.27,49499.13,49553.58,0,0
WBTC.V,D,20210513,000000,49553.58,49899.4,49553.58,49750.3,0,0
WBTC.V,D,20210514,000000,49750.3,49987.74,49750.3,49937.85,0,0
WBTC.V,D,20210515,000000,49937.85,49937.85,46775.29,46822.07,0,0
WBTC.V,D,20210516,000000,46822.07,46822.07,46490.71,46537.2,0,0
WBTC.V,D,20210517,000000,46537.2,46537.2,43482.46,43595.69,0,0
WBTC.V,D,20210518,000000,43595.69,43595.69,42886.02,42928.91,0,0
WBTC.V,D,20210519,000000,42928.91,42928.91,36477.7,36753.48,0,0
WBTC.V,D,20210520,000000,36753.48,40840.98,36753.48,40638,0,0
WBTC.V,D,20210521,000000,40638,40638,37346.65,37387.74,0,0
WBTC.V,D,20210522,000000,37387.74,37566.48,37387.74,37528.99,0,0
WBTC.V,D,20210523,000000,37528.99,37528.99,34682.12,34716.84,0,0
WBTC.V,D,20210524,000000,34716.84,38876.6,34716.84,38876.6,0,0
WBTC.V,D,20210525,000000,38876.6,38876.6,38329.78,38425.75,0,0
WBTC.V,D,20210526,000000,38425.75,39609.44,38425.75,39334.38,0,0
WBTC.V,D,20210527,000000,39334.38,39334.38,38523.42,38538.84,0,0
WBTC.V,D,20210528,000000,38538.84,38538.84,35638.1,35680.92,0,0
WBTC.V,D,20210529,000000,35680.92,35680.92,34296.61,34604.66,0,0
WBTC.V,D,20210530,000000,34604.66,35733.92,34604.66,35662.59,0,0
WBTC.V,D,20210531,000000,35662.59,37365.41,35662.59,37328.12,0,0
WBTC.V,D,20210601,000000,37328.12,37328.12,36672.5,36720.19,0,0
WBTC.V,D,20210602,000000,36720.19,37652.13,36720.19,37614.56,0,0
WBTC.V,D,20210603,000000,37614.56,39308.12,37614.56,39268.89,0,0
WBTC.V,D,20210604,000000,39268.89,39268.89,36809.89,36898.36,0,0
WBTC.V,D,20210605,000000,36898.36,36898.36,35524.18,35538.4,0,0
WBTC.V,D,20210606,000000,35538.4,35870.17,35538.4,35798.57,0,0
WBTC.V,D,20210607,000000,35798.57,35798.57,33582.86,33616.44,0,0
WBTC.V,D,20210608,000000,33616.44,33616.44,33409.38,33442.79,0,0
WBTC.V,D,20210609,000000,33442.79,37428.97,33442.79,37428.97,0,0
WBTC.V,D,20210610,000000,37428.97,37428.97,36677.11,36680.78,0,0
WBTC.V,D,20210611,000000,36680.78,37414.66,36680.78,37377.32,0,0
WBTC.V,D,20210612,000000,37377.32,37377.32,35541.78,35541.78,0,0
WBTC.V,D,20210613,000000,35541.78,39056.39,35541.78,39017.37,0,0
WBTC.V,D,20210614,000000,39017.37,40607.68,39017.37,40567.16,0,0
WBTC.V,D,20210615,000000,40567.16,40567.16,40161.86,40202.02,0,0
WBTC.V,D,20210616,000000,40202.02,40202.02,38345.41,38383.76,0,0
WBTC.V,D,20210617,000000,38383.76,38383.76,38082.3,38120.38,0,0
WBTC.V,D,20210618,000000,38120.38,38120.38,35830.29,35866.12,0,0
WBTC.V,D,20210619,000000,35866.12,35866.12,35515.38,35550.9,0,0
WBTC.V,D,20210620,000000,35550.9,35637.86,35550.9,35637.86,0,0
WBTC.V,D,20210621,000000,35637.86,35637.86,31652.62,31652.62,0,0
WBTC.V,D,20210622,000000,31652.62,32570.12,31652.62,32537.58,0,0
WBTC.V,D,20210623,000000,32537.58,33712.32,32537.58,33712.32,0,0
WBTC.V,D,20210624,000000,33712.32,34719.14,33712.32,34684.49,0,0
WBTC.V,D,20210625,000000,34684.49,34684.49,31590.7,31593.86,0,0
WBTC.V,D,20210626,000000,31593.86,32339.66,31593.86,32307.35,0,0
WBTC.V,D,20210627,000000,32307.35,34748.52,32307.35,34748.52,0,0
WBTC.V,D,20210628,000000,34748.52,34748.52,34487.11,34521.6,0,0
WBTC.V,D,20210629,000000,34521.6,35973.21,34521.6,35901.41,0,0
WBTC.V,D,20210630,000000,35901.41,35901.41,35056.39,35091.45,0,0
WBTC.V,D,20210701,000000,35091.45,35091.45,33543.11,33543.11,0,0
WBTC.V,D,20210702,000000,33543.11,33838.34,33543.11,33838.34,0,0
WBTC.V,D,20210703,000000,33838.34,34717.52,33838.34,34682.84,0,0
WBTC.V,D,20210704,000000,34682.84,35323.26,34682.84,35287.97,0,0
WBTC.V,D,20210705,000000,35287.97,35287.97,33702.79,33702.79,0,0
WBTC.V,D,20210706,000000,33702.79,34271.9,33702.79,34271.9,0,0
WBTC.V,D,20210707,000000,34271.9,34271.9,33880.79,33914.67,0,0
WBTC.V,D,20210708,000000,33914.67,33914.67,32870.72,32874.01,0,0
WBTC.V,D,20210709,000000,32874.01,33838,32874.01,33804.2,0,0
WBTC.V,D,20210710,000000,33804.2,33804.2,33511.78,33548.65,0,0
WBTC.V,D,20210711,000000,33548.65,34283.55,33548.65,34283.55,0,0
WBTC.V,D,20210712,000000,34283.55,34283.55,33068.66,33121.6,0,0
WBTC.V,D,20210713,000000,33121.6,33121.6,32717.83,32737.47,0,0
WBTC.V,D,20210714,000000,32737.47,32853.32,32737.47,32820.5,0,0
WBTC.V,D,20210715,000000,32820.5,32820.5,31848.34,31861.09,0,0
WBTC.V,D,20210716,000000,31861.09,31861.09,31392.34,31401.76,0,0
WBTC.V,D,20210717,000000,31401.76,31578.19,31401.76,31546.64,0,0
WBTC.V,D,20210718,000000,31546.64,31838.11,31546.64,31806.3,0,0
WBTC.V,D,20210719,000000,31806.3,31806.3,30829.04,30847.55,0,0
WBTC.V,D,20210720,000000,30847.55,30847.55,29774.69,29795.55,0,0
WBTC.V,D,20210721,000000,29795.55,32139.48,29795.55,32139.48,0,0
WBTC.V,D,20210722,000000,32139.48,32299.47,32139.48,32299.47,0,0
WBTC.V,D,20210723,000000,32290.73,33616.69,31998.47,33595.79,0,0
WBTC.V,D,20210724,000000,33595.79,34540.34,33433.99,34305.15,0,0
WBTC.V,D,20210725,000000,34282.56,35369.93,34282.56,35366.39,0,0
WBTC.V,D,20210726,000000,35366.39,37269.52,35366.39,37254.61,0,0
WBTC.V,D,20210727,000000,37254.61,39496.69,37254.61,39480.89,0,0
WBTC.V,D,20210728,000000,39480.89,40030.01,39480.89,40030.01,0,0
WBTC.V,D,20210729,000000,40030.01,40030.52,40014.51,40030.52,0,0
WBTC.V,D,20210730,000000,40030.52,42274.06,40030.52,42231.83,0,0
WBTC.V,D,20210731,000000,42231.83,42231.83,41242.46,41516.19,0,0
WBTC.V,D,20210801,000000,41516.19,41516.19,39791.02,39866.77,0,0
WBTC.V,D,20210802,000000,39866.77,39866.77,39127.2,39158.53,0,0
WBTC.V,D,20210803,000000,39158.53,39158.53,38120.56,38181.66,0,0
WBTC.V,D,20210804,000000,38181.66,39818.04,38181.66,39778.3,0,0
WBTC.V,D,20210805,000000,39778.3,42319.27,39778.3,40888.18,0,0
WBTC.V,D,20210806,000000,40888.18,42895.03,40888.18,42852.18,0,0
WBTC.V,D,20210807,000000,42830.01,44701.48,42540.98,44594.01,0,0
WBTC.V,D,20210808,000000,44617.96,44617.96,43705.03,43827.75,0,0
WBTC.V,D,20210809,000000,43789.79,47284.2,43789.79,46303.07,0,0
WBTC.V,D,20210810,000000,46303.07,46433.88,44768.8,45585.63,0,0
WBTC.V,D,20210811,000000,45585.63,45964.49,45047.1,45616.52,0,0
WBTC.V,D,20210812,000000,45547.58,45547.58,44403.31,44425.52,0,0
WBTC.V,D,20210813,000000,44425.52,47832.93,44425.52,47818.58,0,0
WBTC.V,D,20210814,000000,47815.75,48156.87,46175.01,47101.49,0,0
WBTC.V,D,20210815,000000,47102.03,47109.97,47001.84,47062.96,0,0
WBTC.V,D,20210816,000000,47062.96,47062.96,45904.44,45918.21,0,0
WBTC.V,D,20210817,000000,45918.21,45918.21,44657.62,44684.43,0,0
WBTC.V,D,20210818,000000,44684.43,44759.25,44684.43,44696.65,0,0
WBTC.V,D,20210819,000000,44696.65,46761.49,44696.65,46747.46,0,0
WBTC.V,D,20210820,000000,46747.46,49336.45,46747.46,49336.45,0,0
WBTC.V,D,20210821,000000,49336.45,49336.45,48687.06,48867.87,0,0
WBTC.V,D,20210822,000000,48867.87,49289.71,48867.87,49289.71,0,0
WBTC.V,D,20210823,000000,49289.71,49570.58,49289.71,49521.06,0,0
WBTC.V,D,20210824,000000,49521.06,49521.06,47690.54,47690.54,0,0
WBTC.V,D,20210825,000000,47690.54,49045.44,47690.54,48996.44,0,0
WBTC.V,D,20210826,000000,48996.44,48996.44,46828.79,46847.53,0,0
WBTC.V,D,20210827,000000,46847.53,49137.19,46847.53,49088.1,0,0
WBTC.V,D,20210828,000000,49088.1,49088.1,48909.12,48918.9,0,0
WBTC.V,D,20210829,000000,48918.9,48918.9,48794.26,48794.26,0,0
WBTC.V,D,20210830,000000,48794.26,48794.26,46988.61,47040.3,0,0
WBTC.V,D,20210831,000000,47040.3,47253.58,47040.3,47159.26,0,0
WBTC.V,D,20210901,000000,47159.26,48888.85,47159.26,48888.85,0,0
WBTC.V,D,20210902,000000,48888.85,49330.05,48888.85,49330.05,0,0
WBTC.V,D,20210903,000000,49330.05,50169.57,49330.05,50019.51,0,0
WBTC.V,D,20210904,000000,50019.51,50184.97,49935.29,49935.29,0,0
WBTC.V,D,20210905,000000,49935.29,51939.51,49935.29,51784.16,0,0
WBTC.V,D,20210906,000000,51784.16,52851.4,51784.16,52693.32,0,0
WBTC.V,D,20210907,000000,52693.32,52693.32,46781.34,46903.17,0,0
WBTC.V,D,20210908,000000,46903.17,46903.17,46036.59,46073.45,0,0
WBTC.V,D,20210909,000000,46073.45,46439.24,46073.45,46392.85,0,0
WBTC.V,D,20210910,000000,46392.85,46392.85,44821.7,44848.61,0,0
WBTC.V,D,20210911,000000,44848.61,45256.45,44848.61,45161.6,0,0
WBTC.V,D,20210912,000000,45161.6,46141.82,45161.6,46049.72,0,0
WBTC.V,D,20210913,000000,46049.72,46049.72,44927.09,44949.57,0,0
WBTC.V,D,20210914,000000,44949.57,47176.14,44949.57,47129.01,0,0
WBTC.V,D,20210915,000000,47129.01,48196.6,47129.01,48196.6,0,0
WBTC.V,D,20210916,000000,48196.6,48196.6,47764.47,47812.23,0,0
WBTC.V,D,20210917,000000,47812.23,47812.23,47274.33,47297.98,0,0
WBTC.V,D,20210918,000000,47297.98,48360.77,47297.98,48312.46,0,0
WBTC.V,D,20210919,000000,48312.46,48312.46,47223.41,47237.58,0,0
WBTC.V,D,20210920,000000,47237.58,47237.58,42891.12,42925.46,0,0
WBTC.V,D,20210921,000000,42925.46,42925.46,40656.67,40701.45,0,0
WBTC.V,D,20210922,000000,40701.45,43576.15,40701.45,43571.79,0,0
WBTC.V,D,20210923,000000,43571.79,44938.76,43571.79,44880.4,0,0
WBTC.V,D,20210924,000000,44880.4,44880.4,42775.57,42839.84,0,0
WBTC.V,D,20210925,000000,42839.84,42839.84,42679.19,42713.37,0,0
WBTC.V,D,20210926,000000,42713.37,43201.79,42713.37,43201.79,0,0
WBTC.V,D,20210927,000000,43201.79,43201.79,42183.29,42183.29,0,0
WBTC.V,D,20210928,000000,42183.29,42183.29,41040.37,41056.79,0,0
WBTC.V,D,20210929,000000,41056.79,41664.05,41056.79,41539.43,0,0
WBTC.V,D,20210930,000000,41539.43,43917,41539.43,43829.34,0,0
WBTC.V,D,20211001,000000,43829.34,48357.01,43829.34,48164.35,0,0
WBTC.V,D,20211002,000000,48170.16,48361.5,47499.43,47789.76,0,0
WBTC.V,D,20211003,000000,47669.02,48282.28,47669.02,48234.05,0,0
WBTC.V,D,20211004,000000,48234.05,49326.19,48234.05,49276.91,0,0
WBTC.V,D,20211005,000000,49276.91,51555.77,49276.91,51504.27,0,0
WBTC.V,D,20211006,000000,51504.27,55401.2,50493.8,55345.85,0,0
WBTC.V,D,20211007,000000,55343.24,55343.24,53770.31,53797.21,0,0
WBTC.V,D,20211008,000000,53796.22,54111.14,53796.22,54003.24,0,0
WBTC.V,D,20211009,000000,54003.24,55132.94,54003.24,55023.01,0,0
WBTC.V,D,20211010,000000,55023.01,55023.01,54700.24,54700.24,0,0
WBTC.V,D,20211011,000000,54700.24,57613.8,54700.24,57556.3,0,0
WBTC.V,D,20211012,000000,57556.3,57556.3,56010.9,56066.91,0,0
WBTC.V,D,20211013,000000,56066.91,57483.74,56066.91,57426.37,0,0
WBTC.V,D,20211014,000000,57426.37,57531.29,57359.21,57416.57,0,0
WBTC.V,D,20211015,000000,57416.57,61870.01,57416.57,61746.64,0,0
WBTC.V,D,20211016,000000,61746.64,61746.64,60877.77,60877.77,0,0
WBTC.V,D,20211017,000000,60877.77,61582.06,60877.77,61582.06,0,0
WBTC.V,D,20211018,000000,61582.06,62100.2,61582.06,62100.2,0,0
WBTC.V,D,20211019,000000,62100.2,64348.25,62100.2,64348.25,0,0
WBTC.V,D,20211020,000000,64348.25,66351.13,64348.25,66087.04,0,0
WBTC.V,D,20211021,000000,66087.04,66087.04,62097.11,62346.24,0,0
WBTC.V,D,20211022,000000,62346.24,62346.24,60693.59,60693.59,0,0
WBTC.V,D,20211023,000000,60693.59,61435.72,60693.59,61374.4,0,0
WBTC.V,D,20211024,000000,61374.4,61374.4,60863.56,60924.42,0,0
WBTC.V,D,20211025,000000,60924.42,64603.18,60924.42,63152.13,0,0
WBTC.V,D,20211026,000000,63152.13,63152.13,60376,60376,0,0
WBTC.V,D,20211027,000000,60376,60376,58464.42,58464.42,0,0
WBTC.V,D,20211028,000000,58464.42,60731.33,58464.42,60670.72,0,0
WBTC.V,D,20211029,000000,60670.72,62344.78,60670.72,62344.78,0,0
WBTC.V,D,20211030,000000,62344.78,62344.78,61891.91,61953.8,0,0
WBTC.V,D,20211031,000000,61953.8,61953.8,61349.75,61411.1,0,0
WBTC.V,D,20211101,000000,61411.1,61411.1,60960.98,60960.98,0,0
WBTC.V,D,20211102,000000,60960.98,63323.31,60960.98,63260.05,0,0
WBTC.V,D,20211103,000000,63260.05,63260.05,62929.93,62929.93,0,0
WBTC.V,D,20211104,000000,62929.93,62929.93,61448.47,61448.47,0,0
WBTC.V,D,20211105,000000,61448.47,61448.47,61019.66,61080.68,0,0
WBTC.V,D,20211106,000000,61080.68,61591.29,61080.68,61591.29,0,0
WBTC.V,D,20211107,000000,61591.29,63366.08,61591.29,63366.08,0,0
WBTC.V,D,20211108,000000,63366.08,67616.69,63366.08,67549.14,0,0
WBTC.V,D,20211109,000000,67549.14,67549.14,66939.24,66939.24,0,0
WBTC.V,D,20211110,000000,66939.24,66939.24,64926.06,64926.06,0,0
WBTC.V,D,20211111,000000,64926.06,64926.06,64820.8,64885.62,0,0
WBTC.V,D,20211112,000000,64885.62,64885.62,64130.64,64220.46,0,0
WBTC.V,D,20211113,000000,64220.46,64473.97,64220.46,64473.97,0,0
WBTC.V,D,20211114,000000,64473.97,65574.57,64473.97,65509.06,0,0
WBTC.V,D,20211115,000000,65509.06,65509.06,63614.06,63677.67,0,0
WBTC.V,D,20211116,000000,63677.67,63677.67,60102.89,60108.9,0,0
WBTC.V,D,20211117,000000,60108.9,60425.97,60108.9,60365.6,0,0
WBTC.V,D,20211118,000000,60365.6,60365.6,56930.68,56987.61,0,0
WBTC.V,D,20211119,000000,56987.61,58194.36,56987.61,58194.36,0,0
WBTC.V,D,20211120,000000,58194.36,59829.43,58194.36,59769.66,0,0
WBTC.V,D,20211121,000000,59769.66,59769.66,58700.83,58759.53,0,0
WBTC.V,D,20211122,000000,58759.53,58759.53,56303.06,56303.06,0,0
WBTC.V,D,20211123,000000,56303.06,57796.87,56303.06,57566.6,0,0
WBTC.V,D,20211124,000000,57607.33,58548.98,54920.48,57058,0,0
WBTC.V,D,20211125,000000,57058,59434,56963,58803,0,0
WBTC.V,D,20211126,000000,58803,59377.48,53583.08,54115.81,0,0
WBTC.V,D,20211127,000000,54171.91,55325.52,53573.24,54925.18,0,0
WBTC.V,D,20211128,000000,54961,56690,53547.32,56105.33,0,0
WBTC.V,D,20211129,000000,56105.33,58837,56105.33,58153,0,0
WBTC.V,D,20211130,000000,58003,59196,56063,57342,0,0
WBTC.V,D,20211201,000000,57316,59084,56571,57067,0,0
WBTC.V,D,20211202,000000,57067,57404,55874,56864,0,0
WBTC.V,D,20211203,000000,56864,57533.18,51743.53,53461.71,0,0
WBTC.V,D,20211204,000000,53558,53852.95,44637.91,49229.16,0,0
WBTC.V,D,20211205,000000,49230.33,49795.93,47890.16,49230.32,0,0
WBTC.V,D,20211206,000000,49230.3,50959.46,47269.9,50780.68,0,0
WBTC.V,D,20211207,000000,50780,51950,50105,50393,0,0
WBTC.V,D,20211208,000000,50201,51257.06,48709.52,50184.37,0,0
WBTC.V,D,20211209,000000,50317.32,50872.26,47363.78,47929.83,0,0
WBTC.V,D,20211210,000000,47929.83,50050,47482,47737,0,0
WBTC.V,D,20211211,000000,47683,49245.52,46780.73,48975.93,0,0
WBTC.V,D,20211212,000000,49049,50744.51,48669.69,50132.92,0,0
WBTC.V,D,20211213,000000,50352.78,50352.78,45907.67,46927.46,0,0
WBTC.V,D,20211214,000000,46907.67,48644.23,46336.12,48302.71,0,0
WBTC.V,D,20211215,000000,48194,49496.44,46637.91,48774.15,0,0
WBTC.V,D,20211216,000000,48819.6,49400.92,47579.71,47966.99,0,0
WBTC.V,D,20211217,000000,47750.42,48002.6,45525,46536.61,0,0
WBTC.V,D,20211218,000000,46447.47,47343.83,45563.42,46775.8,0,0
WBTC.V,D,20211219,000000,46707.44,48087.83,46453.73,47433.37,0,0
WBTC.V,D,20211220,000000,47402.25,47402.25,45585.07,46820.44,0,0
WBTC.V,D,20211221,000000,46794.03,49281,46683.9,49281,0,0
WBTC.V,D,20211222,000000,49224.18,49566.52,48470.58,49011.79,0,0
WBTC.V,D,20211223,000000,48995.49,51378.54,48110.32,50807.21,0,0
WBTC.V,D,20211224,000000,50766.9,51828.48,50539.01,50775.48,0,0
WBTC.V,D,20211225,000000,50751.33,51123.06,50196.39,50643.91,0,0
WBTC.V,D,20211226,000000,50576.82,51277.83,49473.22,51004.09,25,0
WBTC.V,D,20211227,000000,50992.88,52020.9,50469.72,50978.59,30,0
WBTC.V,D,20211228,000000,51066.12,51066.12,47332.53,47697.17,134,0
WBTC.V,D,20211229,000000,47653.43,48128.12,46666.1,47223.94,107,0
WBTC.V,D,20211230,000000,47280.23,47931.08,46015.6,47065.61,87,0
WBTC.V,D,20211231,000000,47126.42,48568.61,45717.97,46349.23,115.61624205805,0
WBTC.V,D,20220101,000000,46362.14,47900.29,46251.15,47440.74,148.43423632988,0
WBTC.V,D,20220102,000000,47405.04,47955.29,46712.77,47280.35,95.276599079351,0
WBTC.V,D,20220103,000000,47353.77,47532,45731.9,46232.3,79.006221169766,0
WBTC.V,D,20220104,000000,46227.72,47502,45632.34,46097.4,137.08995868997,0
WBTC.V,D,20220105,000000,46096.58,47018.2,42511.85,43257.87,227.36729724995,0
WBTC.V,D,20220106,000000,43456.8,43771.1,42507.65,43203.08,136.73737152992,0
WBTC.V,D,20220107,000000,43167.46,43216.48,40996.1,41516.2,78.821107492186,0
WBTC.V,D,20220108,000000,41585.64,42301.3,40596.38,41910.3,60.084099810416,0
WBTC.V,D,20220109,000000,41900.2,42759.4,41263.5,42215.7,48.844515228137,0
WBTC.V,D,20220110,000000,42270.3,42270.3,39747.52,41583.6,74.805222050417,0
WBTC.V,D,20220111,000000,41573.1,43069.61,41320.8,42753.97,53.702328880113,0
WBTC.V,D,20220112,000000,42703.27,44327.32,42476.59,43878.14,49.681124186075,0
WBTC.V,D,20220113,000000,43865.54,44453.02,42397.19,42635.55,43.308183638812,0
WBTC.V,D,20220114,000000,42624.9,43481.69,41882.45,43290.71,108.66328956555,0
WBTC.V,D,20220115,000000,43283.08,43785.98,42630.05,43285.73,144.42572421905,0
WBTC.V,D,20220116,000000,43273.93,43494.29,42640.21,43227.78,36.48096312349,0
WBTC.V,D,20220117,000000,43234.87,43311.72,41631.05,42104.74,47.201515289764,0
WBTC.V,D,20220118,000000,42089.53,42622.14,41327.02,42471.88,45.139046266576,0
WBTC.V,D,20220119,000000,42491.94,42576.22,41160.66,41983.29,68.686839066804,0
WBTC.V,D,20220120,000000,41975.79,43483.54,40989.5,41241.55,119.62046064257,0
WBTC.V,D,20220121,000000,41232.84,41232.84,35570.61,36000.1,279.37461019566,0
WBTC.V,D,20220122,000000,36230.84,36800.34,34247.45,34890.16,91.366035213931,0
WBTC.V,D,20220123,000000,34913.57,36142.13,34692.54,35527.8,59.51489889337,0
WBTC.V,D,20220124,000000,35541.81,37461.13,33082.52,36364.51,161.71487592375,0
WBTC.V,D,20220125,000000,36404.52,37475.68,35729.12,36699.24,106.45285936637,0
WBTC.V,D,20220126,000000,36747.84,38982.38,36319.48,36496.64,93.489325952727,0
WBTC.V,D,20220127,000000,36529.2,37095.04,35585.74,36726.15,92.786210276803,0
WBTC.V,D,20220128,000000,36774.78,38024.7,36192.25,37690,56.101249662956,0
WBTC.V,D,20220129,000000,37710.11,38696.11,37356.1,38149.44,119.6093952726,0
WBTC.V,D,20220130,000000,38137.24,38342.4,37384.25,37808.92,55.673784748052,0
WBTC.V,D,20220131,000000,37858.14,38756.64,36702.17,38426.24,36.271368439262,0
WBTC.V,D,20220201,000000,38406.62,39230.21,38064.63,38660.62,61.498683329607,0
WBTC.V,D,20220202,000000,38699.04,38889.74,36722.15,37081.44,44.239579923597,0
WBTC.V,D,20220203,000000,37115.67,37144.08,36295.91,36961.37,25.779242164502,0
WBTC.V,D,20220204,000000,36931.17,40881.93,36884.75,40681.02,107.93912001626,0
WBTC.V,D,20220205,000000,40673.71,41915.32,40628.18,41595.54,117.14090370136,0
WBTC.V,D,20220206,000000,41578.43,42075.43,41226.92,41601.63,61.076973692842,0
WBTC.V,D,20220207,000000,41667.82,44474.19,41650.21,44088.14,53.84648608681,0
WBTC.V,D,20220208,000000,44094.65,45433.78,42725.89,44118.87,75.845035629254,0
WBTC.V,D,20220209,000000,44129.08,44816,43194.11,44609.26,31.943696906244,0
WBTC.V,D,20220210,000000,44582.94,45844.52,43296.83,43986.47,43.504461200433,0
WBTC.V,D,20220211,000000,43969.76,44021.19,41309.64,42184.85,35.787345093484,0
WBTC.V,D,20220212,000000,42179,43008.89,41778.15,42201.19,16.242103998238,0
WBTC.V,D,20220213,000000,42187,42749.73,41912.73,42402.53,21.29267219953,0
WBTC.V,D,20220214,000000,42393.12,42827.88,41612.55,42687.1,29.167493483002,0
WBTC.V,D,20220215,000000,42729.92,44491.28,42491.58,44256.94,61.004148249041,0
WBTC.V,D,20220216,000000,44223.92,44761.64,43358.3,44042.01,19.137109653797,0
WBTC.V,D,20220217,000000,44007.09,44192.99,40127.56,40726.69,38.322130265091,0
WBTC.V,D,20220218,000000,40662.84,40962.05,39640.07,39949.16,103.95149940376,0
WBTC.V,D,20220219,000000,39959.46,40439.35,39657.52,40044.11,34.666121175084,0
WBTC.V,D,20220220,000000,40038.41,40145.97,38044.11,38861.32,47.134234305257,0
WBTC.V,D,20220221,000000,38889.05,39485.69,36915.56,37578.78,82.282041741283,0
WBTC.V,D,20220222,000000,37518.05,38278.25,36414.62,37899.33,50.595681754569,0
WBTC.V,D,20220223,000000,37950.06,39211.61,37178.69,37641.97,57.520075279519,0
WBTC.V,D,20220224,000000,37637.67,39181.28,34423.84,37866.64,90.332571324778,0
WBTC.V,D,20220225,000000,37949.17,39594.97,37949.17,39389.58,38.71263890007,0
WBTC.V,D,20220226,000000,39373.38,40043.51,38616.04,39125.44,30.571511973201,0
WBTC.V,D,20220227,000000,39116.35,39840.73,37090.74,37864.64,44.401358425209,0
WBTC.V,D,20220228,000000,37771.3,44187.58,37397.85,42901.24,70.218392840312,0
WBTC.V,D,20220301,000000,43035.81,44934.66,42917.16,44204.96,41.384765084905,0
WBTC.V,D,20220302,000000,44117.23,45277.45,43433.03,44119.23,29.245768267621,0
WBTC.V,D,20220303,000000,44133.54,44165.75,41893.98,42535.61,27.123624291065,0
WBTC.V,D,20220304,000000,42501.4,42632.69,38606.72,38982.9,59.285132151228,0
WBTC.V,D,20220305,000000,38995.5,39593.32,38623.52,39476.94,58.775320627498,0
WBTC.V,D,20220306,000000,39464.94,39649.69,38123.22,38977.29,85.25978391354,0
WBTC.V,D,20220307,000000,39000.5,39507.6,37213.96,38195.06,50.61947350292,0
WBTC.V,D,20220308,000000,38235.77,39333.47,37882.37,38567.41,38.338581825175,0
WBTC.V,D,20220309,000000,38558.01,42556.21,38558.01,41901.28,32.93208947238,0
WBTC.V,D,20220310,000000,41850.77,42120.42,38638.55,39550.11,109.25374140679,0
WBTC.V,D,20220311,000000,38874.1,39066.46,38800.41,38968.44,0.82489959629433,0
WBTC.V,D,20220312,000000,38863.22,39373.32,38632.99,39151.19,5.3314775743505,0
WBTC.V,D,20220313,000000,39165.41,39252.99,37653.71,37665.79,12.27017737569,0
WBTC.V,D,20220314,000000,37652.85,39861.14,37615.31,39393.82,14.516856826141,0
WBTC.V,D,20220315,000000,39314.82,39730.2,37872.79,39087.55,7.9863637606886,0
WBTC.V,D,20220316,000000,39165.85,41966.79,38722.77,40759.03,45.035875339345,0
WBTC.V,D,20220317,000000,40960.12,42103.44,40593.68,41016.61,25.416309554464,0
WBTC.V,D,20220318,000000,41028.98,42724.13,40045.35,41784.01,41.130136676982,0
WBTC.V,D,20220319,000000,41644.04,42224,41373.8,41827.62,15.186189341171,0
WBTC.V,D,20220320,000000,41732.2,42107.57,40731.78,41154.14,3.2863892355673,0
WBTC.V,D,20220321,000000,41181.12,41433.86,40335.07,41049.43,12.257758496227,0
WBTC.V,D,20220322,000000,40984.89,43217.28,40780.09,42384.12,17.168321621627,0
WBTC.V,D,20220323,000000,42447.37,42821.95,41728.49,42529.71,20.912986228596,0
WBTC.V,D,20220324,000000,42529.71,44333.19,42423.38,44072.88,21.866348307066,0
WBTC.V,D,20220325,000000,43942.26,45123.06,43685.8,44372.17,33.081754964106,0
WBTC.V,D,20220326,000000,44277.7,44814.92,44104.83,44385.95,10.169114258122,0
WBTC.V,D,20220327,000000,44401.05,46738.72,44391.75,46547.41,21.941683803759,0
WBTC.V,D,20220328,000000,46566.07,48205.17,46360,47641.45,36.058655278465,0
WBTC.V,D,20220329,000000,47567.52,48106.23,47115.93,47325.45,32.864195320073,0
WBTC.V,D,20220330,000000,47240.59,47701.21,46622.3,46980.99,29.148672511311,0
WBTC.V,D,20220331,000000,46992.59,47584.62,45547.06,45789.33,22.874941686293,0
WBTC.V,D,20220401,000000,45793.33,46704.44,44287.36,46330.09,42.398103164298,0
WBTC.V,D,20220402,000000,46326.96,47174.26,45639.69,46280.7,19.21947832162,0
WBTC.V,D,20220403,000000,46294.61,46795.41,45564.97,46795.41,16.029971117441,0
WBTC.V,D,20220404,000000,46925.36,47377.31,45162.04,46470.14,31.212092491848,0
WBTC.V,D,20220405,000000,46488.5,47193.65,45567.06,45905.68,21.90407790558,0
WBTC.V,D,20220406,000000,45960.79,46033.4,43264.4,43838.3,27.844318348832,0
WBTC.V,D,20220407,000000,43864.7,43919.19,42824.6,43525.45,18.651356423848,0
WBTC.V,D,20220408,000000,43515.15,43974.08,42487.79,42655.56,40.72786829328,0
WBTC.V,D,20220409,000000,42634.25,42661.06,42134.15,42563.87,13.364840711762,0
WBTC.V,D,20220410,000000,42581.97,43408.72,42462.39,42892.86,14.057346642833,0
WBTC.V,D,20220411,000000,42667.63,42715.44,39423.32,39450.63,19.628227288925,0
WBTC.V,D,20220412,000000,39416.22,40641.89,39269.95,39712.41,64.290423689721,0
WBTC.V,D,20220413,000000,39656.19,41537.76,39553.96,41213.96,80.728925754943,0
WBTC.V,D,20220414,000000,41210.84,41490.6,39590.92,39970.29,32.96823799994,0
WBTC.V,D,20220415,000000,39973.49,40863.47,39811.88,40448.89,41.811016652131,0
WBTC.V,D,20220416,000000,40436.59,40678.43,40033.6,40468.69,5.9379286445944,0
WBTC.V,D,20220417,000000,40626.86,40666.63,39878.37,40192.54,13.639602631,0
WBTC.V,D,20220418,000000,40204.74,41414.72,38653.86,40812.94,161.00291191323,0
WBTC.V,D,20220419,000000,40784.33,41712.14,40571.17,41314.76,54.855538693653,0
WBTC.V,D,20220420,000000,41307.16,42183.74,40906.29,41511.75,34.8950459633,0
WBTC.V,D,20220421,000000,41476.89,42909.58,40573.36,40730.97,30.098765665016,0
WBTC.V,D,20220422,000000,40711.37,40825.06,39253.25,39599.36,56.379746815965,0
WBTC.V,D,20220423,000000,39618.72,40000.7,39291.23,39912.38,36.010689374662,0
WBTC.V,D,20220424,000000,39908.99,40013.9,38951.79,39631.32,45.53155274479,0
WBTC.V,D,20220425,000000,39639.83,40385.48,38276.15,40208.24,27.87676616901,0
WBTC.V,D,20220426,000000,40259.85,40787.86,37862.39,38370.64,31.954600223077,0
WBTC.V,D,20220427,000000,38305.53,39446.5,37894.11,39259.43,58.638906746224,0
WBTC.V,D,20220428,000000,39237.82,40327.93,38891.1,39801.98,71.934630390666,0
WBTC.V,D,20220429,000000,39876.19,39914.79,38187.92,38566.46,18.855379848648,0
WBTC.V,D,20220430,000000,38520.25,38782.58,38183.62,38301.83,17.930251208592,0
WBTC.V,D,20220501,000000,38297.5,38638.86,37482.15,38325.8,49.361402579475,0
WBTC.V,D,20220502,000000,38335.33,39106.91,38062.11,38659.17,29.334511715999,0
WBTC.V,D,20220503,000000,38659.5,38849.68,37511.7,37786.72,50.773790882544,0
WBTC.V,D,20220504,000000,37796.52,39962.5,37632.14,39746,31.83585259591,0
WBTC.V,D,20220505,000000,39758.05,39835.35,35667.57,36455.01,74.285346961773,0
WBTC.V,D,20220506,000000,36453.91,36656.63,35438.06,35950.1,44.945222835538,0
WBTC.V,D,20220507,000000,35939.71,36158.78,35151.27,35182.36,70.404230041326,0
WBTC.V,D,20220508,000000,35114.18,35689.06,33786.38,34450.66,30.500364311254,0
WBTC.V,D,20220509,000000,34398.28,34398.28,30449.66,30888.12,63.052233189771,0
WBTC.V,D,20220510,000000,30717.46,32585.82,29876.54,30416.17,64.857535348181,0
WBTC.V,D,20220511,000000,30176.62,32058.86,27765.49,28826.65,153.96602407827,0
WBTC.V,D,20220512,000000,28894.71,29990.26,25483.69,28404.05,127.66264500991,0
WBTC.V,D,20220513,000000,28388.24,31053.02,28282.53,30081.95,252.59262154329,0
WBTC.V,D,20220514,000000,28612.01,31131.42,28461,29550.24,3.152709327064,0
WBTC.V,D,20220515,000000,31005.93,32454.8,29228.27,31202.17,18.76170756295,0
WBTC.V,D,20220516,000000,31016.53,32562.47,29019.54,29967.22,6.045980108014,0
WBTC.V,D,20220517,000000,30021.22,31254.65,29362.87,30311.53,13.814542197711,0
WBTC.V,D,20220518,000000,30531.36,30652.97,28721.81,29099.8,24.749223313394,0
WBTC.V,D,20220519,000000,29115.08,30614.14,28649.71,30503.61,100.89357673958,0
WBTC.V,D,20220520,000000,30554.52,30959.13,28490.04,29058.15,44.535288381464,0
WBTC.V,D,20220521,000000,29058.15,29883.81,28812.71,29653.14,4.6721022484833,0
WBTC.V,D,20220522,000000,29230.63,30480.12,28974.72,30100.05,21.205100599564,0
WBTC.V,D,20220523,000000,30343.83,30976.15,28896.46,29082.47,20.220569156295,0
WBTC.V,D,20220524,000000,29547.84,29903.75,28438.58,29861.02,21.572379892765,0
WBTC.V,D,20220525,000000,29306.9,30471.7,29033.49,30122.23,14.26629468252,0
WBTC.V,D,20220526,000000,29674.19,30185.44,28027.22,29345.6,15.555763224667,0
WBTC.V,D,20220527,000000,29341.57,30111.12,28079.05,29454.26,11.182902461894,0
WBTC.V,D,20220528,000000,28427.47,29782.81,28200.24,28866.4,11.354554066463,0
WBTC.V,D,20220529,000000,28840.36,29808.52,28740.74,29100.79,4.1747655938636,0
WBTC.V,D,20220530,000000,29481.97,32602.45,29100.4,31628.28,9.9745129805129,0
WBTC.V,D,20220531,000000,31546.94,32568.58,30982.04,31454.94,16.108733678896,0
WBTC.V,D,20220601,000000,31524.74,32324.89,29178.05,29836.78,16.899032675974,0
WBTC.V,D,20220602,000000,29425.57,30618.98,29311.61,30600.8,6.2930551903552,0
WBTC.V,D,20220603,000000,30143.61,30894.6,29135.26,30020.04,25.376713380143,0
WBTC.V,D,20220604,000000,29619.52,30098.41,29249.89,29687.41,13.858677721403,0
WBTC.V,D,20220605,000000,29740.04,30420.54,29271.99,29776.28,13.500829020874,0
WBTC.V,D,20220606,000000,29775.98,32065.66,29618.48,31748.14,66.31474894579,0
WBTC.V,D,20220607,000000,31464.53,31507.07,29261.98,31390.8,110.26451680557,0
WBTC.V,D,20220608,000000,31340.49,31408.48,29855.49,30365.75,42.447615165343,0
WBTC.V,D,20220609,000000,30343.81,30425.47,29980.74,30031.8,45.878987696345,0
WBTC.V,D,20220610,000000,30031.8,30233.48,28885.35,29243.28,222.03622849476,0
WBTC.V,D,20220611,000000,29241.31,29398.73,28123.38,28525.33,152.96406111801,0
WBTC.V,D,20220612,000000,28411.51,28787.85,26669.95,27145.42,35.946203080255,0
WBTC.V,D,20220613,000000,27092.65,27588.91,22448.27,22982.64,624.08342046481,0
WBTC.V,D,20220614,000000,23031.24,23122.66,20330.05,21527.26,2785.7546984282,0
WBTC.V,D,20220615,000000,21479.71,22432.99,20050.01,22366.09,3867.7405880782,0
WBTC.V,D,20220616,000000,22382.87,22523.97,20675.21,20713.56,944.77195048459,0
WBTC.V,D,20220617,000000,20227.65,21271,20227.65,20543.22,1945.6511424085,0
WBTC.V,D,20220618,000000,20565.59,20739.1,17571.58,18494.5,7377.799018824,0
WBTC.V,D,20220619,000000,18800.09,20592,17948.08,20385,9040.3716433476,0
WBTC.V,D,20220620,000000,20407,20930,19636,20342,18.188950108244,0
WBTC.V,D,20220621,000000,20250,21600,20250,20710,32.471180010423,0
WBTC.V,D,20220622,000000,20184.69,20904.29,19780,19780,1084.4791730214,0
WBTC.V,D,20220623,000000,20020,21001,19986,20742,1804.9474072757,0
WBTC.V,D,20220624,000000,20666.51,21381.42,20666.51,21282.39,1116.6874692173,0
WBTC.V,D,20220625,000000,21292.09,21501.14,20898.79,21480.85,514.5220822656,0
WBTC.V,D,20220626,000000,21484.85,21844.5,21116.22,21366.26,636.99971726035,0
WBTC.V,D,20220627,000000,21333.48,21562.11,20514.41,20787.08,19.308046699353,0
WBTC.V,D,20220628,000000,20721.8,21791.42,20152.21,20327.47,140.39907557974,0
WBTC.V,D,20220629,000000,20333.46,20398.29,19836.89,20270.34,892.75268870964,0
WBTC.V,D,20220630,000000,20250.47,20283.63,18635.24,18757.86,3594.4546904442,0
WBTC.V,D,20220701,000000,18838,20835,18838,19355,4150.2098643385,0
WBTC.V,D,20220702,000000,19343,19399,18957,19294,1102.4319886363,0
WBTC.V,D,20220703,000000,19298.58,19604.98,18751.09,19273.81,3614.0235796626,0
WBTC.V,D,20220704,000000,19259,20028,19067,19932,242.72179445318,0
WBTC.V,D,20220705,000000,19934.25,20718.38,19289.42,20312.73,174.94539028436,0
WBTC.V,D,20220706,000000,20309.04,20431.8,19732.97,20323.72,663.12555247851,0
WBTC.V,D,20220707,000000,20337,21797.13,20248.7,21630.21,175.53397994307,0
WBTC.V,D,20220708,000000,21634.31,22441.83,21165.17,21689.28,201.83587371876,0
WBTC.V,D,20220709,000000,21662.39,21917.54,21340.69,21660.3,122.8018865106,0
WBTC.V,D,20220710,000000,21684.21,21716.46,20627.25,21000.29,104.89669227845,0
WBTC.V,D,20220711,000000,21009.79,21009.79,20122.47,20189.51,129.26472555151,0
WBTC.V,D,20220712,000000,20168.83,20168.83,19290.19,19316.46,205.38602461735,0
WBTC.V,D,20220713,000000,19351.8,20110.77,18905.18,19873.1,294.14386354752,0
WBTC.V,D,20220714,000000,19893.58,20903.26,19619.13,20452.62,346.77415832822,0
WBTC.V,D,20220715,000000,20469.31,21184.38,20373.67,20959.91,174.74812349251,0
WBTC.V,D,20220716,000000,20949.91,21570.69,20465.81,21192.44,125.88316743617,0
WBTC.V,D,20220717,000000,21183.26,21676.2,20854.24,20991.34,164.71022851192,0
WBTC.V,D,20220718,000000,21037.79,22788.92,20742.89,21630.12,283.91960506146,0
WBTC.V,D,20220719,000000,21652.02,23798.91,21558.56,23647.98,427.28680216546,0
WBTC.V,D,20220720,000000,23619.6,24277.84,22943.04,23590.28,489.11518846936,0
WBTC.V,D,20220721,000000,23566.99,23655.5,22323.95,23217.3,299.60118900097,0
WBTC.V,D,20220722,000000,23234.27,23736.68,22522.88,22741.4,255.87215559919,0
WBTC.V,D,20220723,000000,22738.5,23006.78,21942.62,22239.82,279.52788976785,0
WBTC.V,D,20220724,000000,22250.42,22913.27,22234.72,22828.64,166.80097557884,0
WBTC.V,D,20220725,000000,22794.63,23040.08,21542.07,22028.36,226.52603001581,0
WBTC.V,D,20220726,000000,22012.88,22026.08,20717,20931.74,252.39527763731,0
WBTC.V,D,20220727,000000,20959.44,23114.71,20929.44,22673.44,199.72405492061,0
WBTC.V,D,20220728,000000,22682.94,24206.22,22646.42,23953.39,482.6843615065,0
WBTC.V,D,20220729,000000,23949.43,24379.63,23425.66,23853.08,227.32787076966,0
WBTC.V,D,20220730,000000,23835.67,24645.79,23642.07,23906.43,152.36477723923,0
WBTC.V,D,20220731,000000,23858.99,24208.98,23418.36,23598.03,146.21297431516,0
WBTC.V,D,20220801,000000,23579.03,23594.66,22845.85,23010.8,207.9072040253,0
WBTC.V,D,20220802,000000,23005.2,23446.53,22654.47,23077.12,200.76965733652,0
WBTC.V,D,20220803,000000,23085.22,23615.71,22695.4,23309.23,116.98218463687,0
WBTC.V,D,20220804,000000,23285.85,23300.09,22415.8,22492.1,165.84093905156,0
WBTC.V,D,20220805,000000,22495.07,23478.29,22466.05,23147.4,184.08628462989,0
WBTC.V,D,20220806,000000,23119.59,23354.87,23001.45,23184.73,53.970002677387,0
WBTC.V,D,20220807,000000,23205.14,23404.41,22860.21,23287.79,64.458541234445,0
WBTC.V,D,20220808,000000,23309.73,24244.71,23073.52,23851.96,154.3606245929,0
WBTC.V,D,20220809,000000,23840.36,23935.89,22905.44,23210.04,132.90833007206,0
WBTC.V,D,20220810,000000,23196.34,24241.27,22567.02,23983.45,181.01306436384,0
WBTC.V,D,20220811,000000,23982.09,24895.25,23818.77,24192.47,223.71335655451,0
WBTC.V,D,20220812,000000,24200.29,24253.51,23611.2,24113.49,172.08329313705,0
WBTC.V,D,20220813,000000,24126.79,24903.2,24070.99,24476.89,121.3763351864,0
WBTC.V,D,20220814,000000,24511.26,25021.5,24145.85,24321.04,134.32871967681,0
WBTC.V,D,20220815,000000,24335.03,25218.51,23888.01,24035.67,201.72741090988,0
WBTC.V,D,20220816,000000,24035.07,24253.65,23675.88,23973.16,127.92551822449,0
WBTC.V,D,20220817,000000,23939.85,24438.18,23182.36,23371.24,155.22510020277,0
WBTC.V,D,20220818,000000,23368.87,23614.94,23243.47,23363.43,107.69150977989,0
WBTC.V,D,20220819,000000,23383.74,23426.84,20975.5,21032.7,218.47940312184,0
WBTC.V,D,20220820,000000,21031.75,21365.22,20768.34,21103.9,175.89743368995,0
WBTC.V,D,20220821,000000,21090.38,21798.34,21066.35,21527.45,99.611133022447,0
WBTC.V,D,20220822,000000,21539.07,21674.02,20886.72,21081.8,131.89200773256,0
WBTC.V,D,20220823,000000,21095.84,21682.85,20903.3,21500.72,153.63575808237,0
WBTC.V,D,20220824,000000,21507.9,21909,21155.54,21622.35,148.67209446248,0
WBTC.V,D,20220825,000000,21611.13,21836.11,21323.07,21597.05,156.78579857694,0
WBTC.V,D,20220826,000000,21586.25,21883.49,20553.19,20635.16,224.04561273701,0
WBTC.V,D,20220827,000000,20651.16,20685.45,19852.79,19914.5,210.92367570091,0
WBTC.V,D,20220828,000000,19852.1,20177.01,19815.01,19977.4,127.81904746301,0
WBTC.V,D,20220829,000000,19970.6,20404.4,19529.13,20218.72,186.97412976264,0
WBTC.V,D,20220830,000000,20222.92,20581.13,19582.49,19910.19,221.6009662082,0
WBTC.V,D,20220831,000000,19881.59,20475.3,19749.97,20251.3,194.85335161206,0
WBTC.V,D,20220901,000000,20279.8,20304.1,19585.02,20108.99,203.18683595124,0
WBTC.V,D,20220902,000000,20095.1,20450.15,19783.89,19988.1,244.26723535142,0
WBTC.V,D,20220903,000000,20000.4,20072.31,19663.8,19766.9,119.14467353464,0
WBTC.V,D,20220904,000000,19768.5,19972.6,19609.2,19898.3,125.98242858833,0
WBTC.V,D,20220905,000000,19880,20078.6,19668.9,19779.58,152.4650675027,0
WBTC.V,D,20220906,000000,19771.28,20208.22,18765.7,18977.9,358.52859569758,0
WBTC.V,D,20220907,000000,18991.4,19489.2,18561.84,19387.26,273.16075060119,0
WBTC.V,D,20220908,000000,19404.26,19458.84,19047.51,19335.4,223.95130525718,0
WBTC.V,D,20220909,000000,19352.8,21434.76,19265.1,21265.63,287.34628251612,0
WBTC.V,D,20220910,000000,21294.98,21786,21145.73,21579.7,183.43642216816,0
WBTC.V,D,20220911,000000,21653.55,21858.61,21354.93,21492.96,134.56658992811,0
WBTC.V,D,20220912,000000,21516.76,22481.82,21516.76,22349.97,290.8751712498,0
WBTC.V,D,20220913,000000,22341.9,22718.19,19912.99,20142.5,382.53506291646,0
WBTC.V,D,20220914,000000,20134.1,20516.01,19658.79,20218.86,311.7655323444,0
WBTC.V,D,20220915,000000,20159.64,20387.38,19525.49,19821.12,301.69298735329,0
WBTC.V,D,20220916,000000,19814.82,19899.8,19344.97,19737,166.50380456955,0
WBTC.V,D,20220917,000000,19735.9,20186.92,19696.9,20030.9,144.80854216539,0
WBTC.V,D,20220918,000000,20050.8,20144.5,19406.4,19443.9,124.21390558945,0
WBTC.V,D,20220919,000000,19455.55,19671.83,18281.5,19544.41,374.38265992787,0
WBTC.V,D,20220920,000000,19524.25,19670.8,18746.3,18945.6,240.6648005954,0
WBTC.V,D,20220921,000000,18867,20168.4,18354.7,18466.7,308.79389255754,0
WBTC.V,D,20220922,000000,18472.9,19485.5,18172.4,19179.1,326.20547352674,0
WBTC.V,D,20220923,000000,19194.42,19510.6,18529.25,19008,268.73064350441,0
WBTC.V,D,20220924,000000,19017.27,19401.05,18897.1,18929.51,194.27102127846,0
WBTC.V,D,20220925,000000,18945.49,19163.56,18732.01,18739,132.22796561029,0
WBTC.V,D,20220926,000000,18727.9,19318.13,18651.59,19099.5,274.03510185062,0
WBTC.V,D,20220927,000000,19100.9,20382.8,18858.6,19020.1,396.42883015443,0
WBTC.V,D,20220928,000000,18980.3,19731.13,18478.65,19588.8,461.26498880651,0
WBTC.V,D,20220929,000000,19603.5,19652.4,18846.28,19444.1,358.30653077527,0
WBTC.V,D,20220930,000000,19448.8,20150.5,19173.08,19365.5,462.37324060403,0
WBTC.V,D,20221001,000000,19324.13,19477.3,19191,19289.6,170.95352408243,0
WBTC.V,D,20221002,000000,19275,19383.4,19031,19181.4,141.36842512883,0
WBTC.V,D,20221003,000000,19203.02,19638.46,18909.89,19542.45,323.21589429521,0
WBTC.V,D,20221004,000000,19547.35,20464.79,19511.25,20303.19,371.28319920743,0
WBTC.V,D,20221005,000000,20302.26,20383.81,19739.7,20066.01,318.73446378992,0
WBTC.V,D,20221006,000000,20053.71,20443.57,19894.29,19924.59,432.81842075867,0
WBTC.V,D,20221007,000000,19937.39,20063.91,19319.55,19561.58,351.36509622747,0
WBTC.V,D,20221008,000000,19568.32,19619.97,19242.02,19315.54,182.48880828541,0
WBTC.V,D,20221009,000000,19323.04,19563.9,19283.3,19480.81,193.13124111749,0
WBTC.V,D,20221010,000000,19469.24,19524.04,19123.62,19243.43,268.13552088629,0
WBTC.V,D,20221011,000000,19241.59,19257.95,18868.7,19005.54,355.61566996054,0
WBTC.V,D,20221012,000000,19003.71,19208.97,18978.7,19177.66,240.38751831974,0
WBTC.V,D,20221013,000000,19185.96,19499.45,18219.12,19406.48,435.87889904129,0
WBTC.V,D,20221014,000000,19399.35,19963.1,19090.37,19106.08,466.79260690018,0
WBTC.V,D,20221015,000000,19111.46,19231.34,19046.1,19073.74,166.16181696571,0
WBTC.V,D,20221016,000000,19074.37,19414.31,18987.22,19149.77,158.42324551175,0
WBTC.V,D,20221017,000000,19126.37,19661.26,19126.37,19526.69,349.22848580378,0
WBTC.V,D,20221018,000000,19514.29,19700.39,19097.48,19309.46,375.64144881733,0
WBTC.V,D,20221019,000000,19291.32,19369.25,19096.59,19200.7,284.0883529265,0
WBTC.V,D,20221020,000000,19197.1,19344.88,18917.6,19064.69,276.7095706166,0
WBTC.V,D,20221021,000000,19054.59,19255.67,18688.34,19163.33,246.95346380273,0
WBTC.V,D,20221022,000000,19154.04,19248.28,19106.61,19208.04,235.18842768412,0
WBTC.V,D,20221023,000000,19200.03,19570.44,19098.46,19544.14,170.28158506799,0
WBTC.V,D,20221024,000000,19537.32,19685.37,19157.89,19357.51,352.78785572292,0
WBTC.V,D,20221025,000000,19367.51,20415.4,19247.67,20226.81,373.53516098834,0
WBTC.V,D,20221026,000000,20220.45,20989.75,20006.51,20743.16,465.51888819169,0
WBTC.V,D,20221027,000000,20740.96,20896.7,20228.21,20404.7,299.5809706202,0
WBTC.V,D,20221028,000000,20410.4,20748.05,20017.86,20594,302.91984730537,0
WBTC.V,D,20221029,000000,20588.91,21064.76,20560.82,20875.91,261.28368325074,0
WBTC.V,D,20221030,000000,20882.61,20952.31,20515.93,20584.12,190.69733283398,0
WBTC.V,D,20221031,000000,20570.41,20839.18,20248.5,20462.66,234.79275274093,0
WBTC.V,D,20221101,000000,20462.97,20654.03,20337.64,20461.85,125.03125532029,0
WBTC.V,D,20221102,000000,20461.05,20801.42,20058.6,20104.79,255.516052566,0
WBTC.V,D,20221103,000000,20112.69,20409.75,20035.7,20185.7,166.42939464478,0
WBTC.V,D,20221104,000000,20202.5,21278.14,20159.7,21204.68,208.00219633329,0
WBTC.V,D,20221105,000000,21194.7,21480.32,21097.7,21298.86,71.72589306743541,0
WBTC.V,D,20221106,000000,21323.27,21366.55,21062.22,21150.78,34.81028851822104,0
WBTC.V,D,20221107,000000,21139.88,21142.29,20418.44,20459.36,214.52112282203936,0
WBTC.V,D,20221108,000000,20461.64,20683.74,16750.25,18531.03,132.66463364247593,0
WBTC.V,D,20221109,000000,18593.6,18702.07,15764.7,16128.72,111.09325839244683,0
WBTC.V,D,20221110,000000,16213.89,19563.81,15825.99,17929.97,98.89588213532096,0
WBTC.V,D,20221111,000000,17928.25,20517.4,16489.07,16984.81,67.7701826901069,0
WBTC.V,D,20221112,000000,16905.15,17204.29,16622.03,16777.25,53.09512911276936,0
WBTC.V,D,20221113,000000,16776.85,16875.57,16202.63,16373.25,49.212915638452216,0
WBTC.V,D,20221114,000000,16375.13,17111.34,15767.63,16319.98,68.90295790313948,0
WBTC.V,D,20221115,000000,16344.33,17105.1,16329.15,16804.68,34.182833794241105,0
WBTC.V,D,20221116,000000,16778.41,16935.51,16312.93,16604.04,30.18156897634053,0
WBTC.V,D,20221117,000000,16659.02,16717.95,16368.19,16664.09,62.918072584526705,0
WBTC.V,D,20221118,000000,16677.88,16928.81,16485.41,16591.6,38.77513646260469,0
WBTC.V,D,20221119,000000,16605.78,16767.1,16468.06,16679.07,20.145297035627,0
WBTC.V,D,20221120,000000,16665.75,16714.86,16105.52,16201.14,27.46099383400221,0
WBTC.V,D,20221121,000000,16207.23,16207.23,15417.47,15691.55,50.25246776289427,0
WBTC.V,D,20221122,000000,15683.36,16212.33,15510.45,16101.23,36.22324967494326,0
WBTC.V,D,20221123,000000,16092.51,16622.43,15692.37,16427.31,44.43446980398179,0
WBTC.V,D,20221124,000000,16410.73,16731.38,16389.57,16502.69,31.900696332532135,0
WBTC.V,D,20221125,000000,16498.66,16510.65,16225.97,16268.92,30.228697151999473,0
WBTC.V,D,20221126,000000,16279.12,16552.86,16238.01,16314.67,26.610209963956844,0
WBTC.V,D,20221127,000000,16319.67,16527.67,16315.33,16510.43,16.6232382084787,0
WBTC.V,D,20221128,000000,16514.72,16514.72,15948.12,16172.39,30.641318747834816,0
WBTC.V,D,20221129,000000,16161.52,16492.13,16031.78,16449.01,22.99610681250364,0
WBTC.V,D,20221130,000000,16462.71,17147.07,16377.19,17119.63,38.77463979772449,0
WBTC.V,D,20221201,000000,17156.89,17262.42,16866.54,16966.92,31.47974701791565,0
WBTC.V,D,20221202,000000,16966.32,17093.81,16823.85,17026.52,22.427175657350467,0
WBTC.V,D,20221203,000000,17040.18,17140.24,16809.58,16844.28,22.898445839519443,0
WBTC.V,D,20221204,000000,16859.27,17123.02,16817.36,17083.32,17.96498250978415,0
WBTC.V,D,20221205,000000,17116.22,17386.61,16829.97,16915.91,30.623366544890953,0
WBTC.V,D,20221206,000000,16901.84,17061.6,16868.53,16911.63,19.31345015401015,0
WBTC.V,D,20221207,000000,16926.06,17095.13,16666.03,16796.9,25.551684180850966,0
WBTC.V,D,20221208,000000,16796,17288.53,16722.17,17171.8,25.545222737616502,0
WBTC.V,D,20221209,000000,17194.5,17322.07,17040.92,17091.65,18.917033764778875,0
WBTC.V,D,20221210,000000,17090.58,17198.6,17078.7,17098.33,17.637973344845577,0
WBTC.V,D,20221211,000000,17117.46,17240.43,17055.71,17072.81,10.50306859274856,0
WBTC.V,D,20221212,000000,17048.9,17190.26,16829.38,17148.14,24.7989551891576,0
WBTC.V,D,20221213,000000,17157.6,17966.3,17053.63,17755.34,33.02432200535956,0
WBTC.V,D,20221214,000000,17736.12,18296.62,17668.05,17770.44,39.40824357159164,0
WBTC.V,D,20221215,000000,17769.7,17808,17278.33,17312.13,27.078580487192173,0
WBTC.V,D,20221216,000000,17317.53,17486.15,16682.44,16695.07,33.48203822116408,0
WBTC.V,D,20221217,000000,16710.77,16734.54,16520.5,16723.44,27.14603962389738,0
WBTC.V,D,20221218,000000,16707.27,16848.47,16672.07,16737.78,8.146854560910196,0
WBTC.V,D,20221219,000000,16718.3,16785.02,16319.63,16349.3,23.41139323268087,0
WBTC.V,D,20221220,000000,16349.57,16946.79,16322.86,16826.97,26.79199648430944,0
WBTC.V,D,20221221,000000,16833.37,16876.91,16709.23,16740.84,14.81661231942396,0
WBTC.V,D,20221222,000000,16736.44,16865.9,16535.65,16782.51,21.02343084260073,0
WBTC.V,D,20221223,000000,16778.95,16898.04,16738.69,16766.86,21.094916129132372,0
WBTC.V,D,20221224,000000,16768.52,16833.65,16755.96,16812.79,9.992953504843902,0
WBTC.V,D,20221225,000000,16806.49,16838.76,16683.63,16794.92,9.99351961632649,0
WBTC.V,D,20221226,000000,16795.98,16881.18,16761.48,16812.14,11.756837585907132,0
WBTC.V,D,20221227,000000,16818.64,16961.78,16562.91,16643.44,16.306613943266658,0
WBTC.V,D,20221228,000000,16637.91,16695.19,16390.45,16435.92,20.302876697934117,0
WBTC.V,D,20221229,000000,16440.98,16606.15,16434.71,16566.78,16.040411479559356,0
WBTC.V,D,20221230,000000,16571.04,16596.4,16303.74,16547.66,19.901660433888704,0
WBTC.V,D,20221231,000000,16547.86,16621.25,16456.84,16495.05,16.83430974473163,0
WBTC.V,D,20230101,000000,16491.49,16587.37,16452.07,16565.91,9.33404077285987,0
WBTC.V,D,20230102,000000,16562.21,16854.39,16509.33,16667.03,18.83164068592199,0
WBTC.V,D,20230103,000000,16673.6,16739,16588,16650.9,10.834621164989704,0
WBTC.V,D,20230104,000000,16651.3,16966.61,16632.38,16797.85,22.20722906119086,0
WBTC.V,D,20230105,000000,16802.15,16858.67,16745.06,16815.11,12.980925384726058,0
WBTC.V,D,20230106,000000,16810.36,17004.51,16657.6,16949.61,14.625971414881354,0
WBTC.V,D,20230107,000000,16934.18,16976.24,16896.73,16931.44,9.755157844912425,0
WBTC.V,D,20230108,000000,16922.07,17004.8,16880.7,16959.86,10.317160526626429,0
WBTC.V,D,20230109,000000,16959.71,17421.6,16957.26,17216.73,34.84530085187869,0
WBTC.V,D,20230110,000000,17206.1,17498.57,17149.7,17432.74,26.60624751968676,0
WBTC.V,D,20230111,000000,17436.89,17607.58,17319.5,17557.72,17.58971639849315,0
WBTC.V,D,20230112,000000,17559.9,19069.56,17556.94,18884.49,39.529492566605654,0
WBTC.V,D,20230113,000000,18885.79,19970.4,18687.68,19836.28,48.19550722346063,0
WBTC.V,D,20230114,000000,19830.78,21269.35,19699.47,20975.84,57.484798497719034,0
WBTC.V,D,20230115,000000,20987.3,21061.97,20572.23,20897.47,35.275015303568615,0
WBTC.V,D,20230116,000000,20913.56,21428.24,20680.66,21183.42,39.229450287683214,0
WBTC.V,D,20230117,000000,21166.83,21524.62,20851.66,21211.73,31.052746084281107,0
WBTC.V,D,20230118,000000,21219.13,21615.21,20436.06,20793.36,38.173643076533956,0
WBTC.V,D,20230119,000000,20787.25,21151.59,20638.82,21078.66,27.532964999009764,0
WBTC.V,D,20230120,000000,21040.56,22688.93,20885.41,22575.94,25.837316831199267,0
WBTC.V,D,20230121,000000,22561.66,23325.93,22432.41,22758.75,35.843565484426065,0
WBTC.V,D,20230122,000000,22795.22,23061.76,22289.3,22656.73,24.33251045812523,0
WBTC.V,D,20230123,000000,22633.43,23106.59,22478.92,22858.33,29.594925657819818,0
WBTC.V,D,20230124,000000,22865.46,23122.83,22631.22,22694.98,25.28150454896629,0
WBTC.V,D,20230125,000000,22672.08,23786.18,22302.61,22892.09,41.20361859198239,0
WBTC.V,D,20230126,000000,22922.6,23236.93,22830.52,22972.37,31.12568482803881,0
WBTC.V,D,20230127,000000,22978.44,23431.35,22559.28,22977.13,37.492490146002915,0
WBTC.V,D,20230128,000000,22996.84,23163.75,22850.25,22926.08,18.89551812597722,0
WBTC.V,D,20230129,000000,22943.59,23927.31,22919.71,23738.19,26.308852054106726,0
WBTC.V,D,20230130,000000,23745.65,23853.28,22507.13,22689.96,48.15559016698451,0
WBTC.V,D,20230131,000000,22676.26,23241.99,22676.26,23188.82,20.943622938177423,0
WBTC.V,D,20230201,000000,23086.32,23776.82,22764.41,23683.56,26.784446842714956,0
WBTC.V,D,20230202,000000,23704.49,24227.67,23422.31,23560.88,27.688327022062133,0
WBTC.V,D,20230203,000000,23545.54,23704.42,23236.56,23429.77,21.06070641674871,0
WBTC.V,D,20230204,000000,23437.41,23567.17,23262.86,23383.6,13.791350286546413,0
WBTC.V,D,20230205,000000,23403.77,23409.41,22764.98,22998.05,11.687106383283142,0
WBTC.V,D,20230206,000000,22969.97,23114.67,22640,22874.41,5.869749015344324,0
WBTC.V,D,20230207,000000,22826.71,23328.63,22636.44,23205.29,23.700853816351593,0
WBTC.V,D,20230208,000000,23226.39,23421.37,22678.5,22930.93,19.552234603704456,0
WBTC.V,D,20230209,000000,22935.01,22996.96,21675.7,21745.57,21.96911145885083,0
WBTC.V,D,20230210,000000,21751.96,21930.98,21436.99,21565.43,28.424509105499904,0
WBTC.V,D,20230211,000000,21568.73,21891.89,21541.83,21832.66,13.5000836526592,0
WBTC.V,D,20230212,000000,21834.46,22065.71,21632.54,21782.78,23.945766465070932,0
WBTC.V,D,20230213,000000,21776.58,21898.71,21384.5,21634.58,26.429796051285177,0
WBTC.V,D,20230214,000000,21638.99,22328.39,21577.25,22201.09,32.021370356330635,0
WBTC.V,D,20230215,000000,22217.53,24358.08,22063.66,24167.69,34.04233676085229,0
WBTC.V,D,20230216,000000,24203.86,25242.62,23990.77,23991.25,49.6850094041447,0
WBTC.V,D,20230217,000000,23995.36,25014.95,23377.37,24672.37,77.05754150837538,0
WBTC.V,D,20230218,000000,24651.26,24838.17,24440.7,24614.58,22.43826792532127,0
WBTC.V,D,20230219,000000,24626.54,25175.02,24290.56,24498.33,24.808677333151955,0
WBTC.V,D,20230220,000000,24494.09,25103.26,23875.22,24694.99,36.5229649019325,0
WBTC.V,D,20230221,000000,24704.69,25231.44,24136.73,24365.48,33.47303938747857,0
WBTC.V,D,20230222,000000,24361.48,24462.99,23632.84,24107.64,45.593469083245914,0
WBTC.V,D,20230223,000000,24146.65,24569.13,23615.79,23851.54,38.85266349956977,0
WBTC.V,D,20230224,000000,23864.02,24124.34,22862.73,23115.37,36.42439365724365,0
WBTC.V,D,20230225,000000,23126.6,23236.29,22781.72,23128.62,24.524531210302342,0
WBTC.V,D,20230226,000000,23106.22,23695.56,23069.95,23478.05,21.40815128980527,0
WBTC.V,D,20230227,000000,23477.77,23901.28,23158.48,23473.01,28.673321326304812,0
WBTC.V,D,20230228,000000,23477.37,23606.14,23024.97,23160.84,21.95258630022106,0
WBTC.V,D,20230301,000000,23147.8,23972.82,23021.69,23548.06,30.03920510378223,0
WBTC.V,D,20230302,000000,23545.43,23796.19,23231.7,23475.31,25.6692342174033,0
WBTC.V,D,20230303,000000,23476.08,23535.95,21995.78,22325.04,40.03358091125791,0
WBTC.V,D,20230304,000000,22310.16,22409.89,22154.01,22308.26,14.652986768498167,0
WBTC.V,D,20230305,000000,22304.58,22639.73,22220.46,22430.57,17.358477000822223,0
WBTC.V,D,20230306,000000,22428.69,22591.32,22277.99,22432.75,23.885451427188364,0
WBTC.V,D,20230307,000000,22418.48,22521.87,21946.51,22103.89,27.502134912987565,0
WBTC.V,D,20230308,000000,22094,22280.32,21706.21,21808.19,25.690975567983937,0
WBTC.V,D,20230309,000000,21817.26,21832.52,20102.38,20346.23,47.05904546785423,0
WBTC.V,D,20230310,000000,20324.83,20359.91,19586.63,20213.31,50.40981552141747,0
WBTC.V,D,20230311,000000,20189.82,21013.93,20121.23,20506.23,114.23710889940836,0
WBTC.V,D,20230312,000000,20521.04,22087.1,20461.59,21904.51,44.317650819431876,0
WBTC.V,D,20230313,000000,21924.87,24596.23,21853.3,24277.48,109.99471875946321,0
WBTC.V,D,20230314,000000,24234.47,26410.97,24022.82,24786.21,63.793383081917696,0
WBTC.V,D,20230315,000000,24782.67,25246.86,23964.81,24456.98,46.16180275406036,0
WBTC.V,D,20230316,000000,24473.49,25242.8,24203.34,25053.73,40.14969157147997,0
WBTC.V,D,20230317,000000,25061.05,27778.79,24950.32,27551.83,66.38462380668688,0
WBTC.V,D,20230318,000000,27597.34,27741.08,26688.46,26974.58,41.890086391136975,0
WBTC.V,D,20230319,000000,27012.63,28453.17,26890.28,28192.57,36.106450105049305,0
WBTC.V,D,20230320,000000,28171.04,28546.03,27244.87,28079.96,44.53037061306657,0
WBTC.V,D,20230321,000000,28053.32,28529.8,27428.8,28108.46,34.45149178513577,0
WBTC.V,D,20230322,000000,28077.08,28913.3,26735.88,27332.84,41.422647855165565,0
WBTC.V,D,20230323,000000,27313.42,28888.84,27252.1,28324.09,38.40983402493327,0
WBTC.V,D,20230324,000000,28305.02,28497.35,27115.75,27384.03,39.520568640429126,0
WBTC.V,D,20230325,000000,27386.28,27888.78,27255.16,27503.15,19.26508460392656,0
WBTC.V,D,20230326,000000,27499.25,28214.17,27477.98,27873.76,16.089740272558668,0
WBTC.V,D,20230327,000000,27902.36,28167.16,26745.01,27201.48,24.104747448565963,0
WBTC.V,D,20230328,000000,27198.58,27596.45,26727.75,27296.74,30.560840235445657,0
WBTC.V,D,20230329,000000,27291.64,28647.79,27237.65,28328.62,44.63811495520004,0
WBTC.V,D,20230330,000000,28234.55,29151.44,27732.78,28115.27,33.334768604953496,0
WBTC.V,D,20230331,000000,28114.69,28677.65,27582.2,28511.19,32.50192672389534,0
WBTC.V,D,20230401,000000,28502.98,28817.87,28294.29,28504.14,15.672616145133388,0
WBTC.V,D,20230402,000000,28499.34,28572.11,27904.44,28051.58,15.408157476533905,0
WBTC.V,D,20230403,000000,28011.44,28532.52,27321.34,27730.91,33.843993590375916,0
WBTC.V,D,20230404,000000,27758.92,28497.26,27728.02,28280.12,30.494859377601433,0
WBTC.V,D,20230405,000000,28284.34,28856.94,27892.61,28265.47,26.698610232704073,0
WBTC.V,D,20230406,000000,28232.66,28287.76,27759.54,28035.73,14.376327951119585,0
WBTC.V,D,20230407,000000,28044.61,28154.07,27829.83,27958.65,10.347581369048305,0
WBTC.V,D,20230408,000000,27951.55,28208.28,27904.59,27967.4,10.425724245637072,0
WBTC.V,D,20230409,000000,27963.65,28520.13,27847.33,28494.58,11.10722541553568,0
WBTC.V,D,20230410,000000,28500.14,29316.53,28033.93,29254.18,16.5932165614085,0
WBTC.V,D,20230411,000000,29274.19,30520.84,29273.89,30230.9,25.233936342270123,0
WBTC.V,D,20230412,000000,30181.35,30479.52,29740.13,29996.68,17.123259794165406,0
WBTC.V,D,20230413,000000,29982.37,30639.14,29849.87,30399.16,5.193380269003238,0
WBTC.V,D,20230414,000000,30337,31258.53,30101.46,30505.3,6.715084694233753,0
WBTC.V,D,20230415,000000,30500.49,30594.72,30318.45,30340.78,3.4019761585933628,0
WBTC.V,D,20230416,000000,30367.95,30603.9,30124.8,30430.75,2.142643913731163,0
WBTC.V,D,20230417,000000,30335.49,30442.28,29202.18,29438.99,1.8396198539005497,0
WBTC.V,D,20230418,000000,29475.81,30498.18,27943.31,30417.47,2.6600108612199533,0
WBTC.V,D,20230419,000000,30402.09,30440.58,28933.6,29064.71,5.259333024754354,0
