<TICKER>,<PER>,<DATE>,<TIME>,<OPEN>,<HIGH>,<LOW>,<CLOSE>,<VOL>,<OPENINT>
XEC.V,D,20210930,000000,0.00024,0.000244,0.000228,0.000233,0,0
XEC.V,D,20211001,000000,0.000233,0.000256,0.000233,0.000252,0,0
XEC.V,D,20211002,000000,0.000252,0.000256,0.00024,0.000247,0,0
XEC.V,D,20211003,000000,0.000247,0.000247,0.000227,0.000231,0,0
XEC.V,D,20211004,000000,0.000231,0.00024,0.000226,0.000226,0,0
XEC.V,D,20211005,000000,0.000226,0.000234,0.000226,0.000226,0,0
XEC.V,D,20211006,000000,0.000226,0.00023,0.000211,0.000223,0,0
XEC.V,D,20211007,000000,0.000223,0.000225,0.000212,0.000218,0,0
XEC.V,D,20211008,000000,0.000218,0.000223,0.000212,0.000222,0,0
XEC.V,D,20211009,000000,0.000222,0.000222,0.000214,0.000219,0,0
XEC.V,D,20211010,000000,0.000219,0.000222,0.000212,0.000212,0,0
XEC.V,D,20211011,000000,0.000212,0.000216,0.0002,0.000209,0,0
XEC.V,D,20211012,000000,0.000209,0.00025,0.000204,0.000224,0,0
XEC.V,D,20211013,000000,0.000224,0.000224,0.000203,0.000212,0,0
XEC.V,D,20211014,000000,0.000212,0.000219,0.000203,0.000211,0,0
XEC.V,D,20211015,000000,0.000211,0.000217,0.000203,0.000205,0,0
XEC.V,D,20211016,000000,0.000205,0.000209,0.00018,0.0002,0,0
XEC.V,D,20211017,000000,0.0002,0.000208,0.000191,0.0002,0,0
XEC.V,D,20211018,000000,0.0002,0.0002,0.000186,0.000193,0,0
XEC.V,D,20211019,000000,0.000193,0.000194,0.000181,0.000182,0,0
XEC.V,D,20211020,000000,0.000182,0.000198,0.000168,0.000193,0,0
XEC.V,D,20211021,000000,0.000193,0.000198,0.000169,0.000189,0,0
XEC.V,D,20211022,000000,0.000189,0.00019,0.00017,0.000179,0,0
XEC.V,D,20211023,000000,0.000179,0.000182,0.000162,0.00018,0,0
XEC.V,D,20211024,000000,0.00018,0.000191,0.000173,0.000186,0,0
XEC.V,D,20211025,000000,0.000186,0.000192,0.000182,0.000191,0,0
XEC.V,D,20211026,000000,0.000191,0.000195,0.000185,0.000189,0,0
XEC.V,D,20211027,000000,0.000189,0.00019,0.000161,0.000165,0,0
XEC.V,D,20211028,000000,0.000165,0.000181,0.000162,0.000178,0,0
XEC.V,D,20211029,000000,0.000178,0.000184,0.000169,0.000178,0,0
XEC.V,D,20211030,000000,0.000178,0.000195,0.000178,0.000185,0,0
XEC.V,D,20211031,000000,0.000185,0.000187,0.000162,0.00018,0,0
XEC.V,D,20211101,000000,0.00018,0.00018,0.000167,0.000178,0,0
XEC.V,D,20211102,000000,0.000178,0.000183,0.000171,0.000178,0,0
XEC.V,D,20211103,000000,0.000178,0.000181,0.000172,0.000175,0,0
XEC.V,D,20211104,000000,0.000175,0.000208,0.000171,0.000201,0,0
XEC.V,D,20211105,000000,0.000201,0.000215,0.00019,0.000191,0,0
XEC.V,D,20211106,000000,0.000191,0.000199,0.000175,0.000196,0,0
XEC.V,D,20211107,000000,0.000196,0.000196,0.000186,0.000191,0,0
XEC.V,D,20211108,000000,0.000191,0.000198,0.000187,0.000198,0,0
XEC.V,D,20211109,000000,0.000198,0.000204,0.000192,0.000201,0,0
XEC.V,D,20211110,000000,0.000201,0.000202,0.000181,0.000186,0,0
XEC.V,D,20211111,000000,0.000186,0.000193,0.000182,0.000193,0,0
XEC.V,D,20211112,000000,0.000193,0.000216,0.000193,0.000202,0,0
XEC.V,D,20211113,000000,0.000202,0.000202,0.000197,0.000199,0,0
XEC.V,D,20211114,000000,0.000199,0.00021,0.000198,0.000205,0,0
XEC.V,D,20211115,000000,0.000205,0.000208,0.000188,0.000192,0,0
XEC.V,D,20211116,000000,0.000192,0.000192,0.00017,0.000176,0,0
XEC.V,D,20211117,000000,0.000176,0.00018,0.00017,0.000176,0,0
XEC.V,D,20211118,000000,0.000176,0.000177,0.00016,0.000163,0,0
XEC.V,D,20211119,000000,0.000163,0.00017,0.000159,0.00017,0,0
XEC.V,D,20211120,000000,0.00017,0.000172,0.000167,0.000172,0,0
XEC.V,D,20211121,000000,0.000172,0.000172,0.000168,0.000168,0,0
XEC.V,D,20211122,000000,0.000168,0.000168,0.000158,0.000159,0,0
XEC.V,D,20211123,000000,0.000159,0.000165,0.000158,0.000162,0,0
XEC.V,D,20211124,000000,0.000162,0.000163,0.000152,0.000155,0,0
XEC.V,D,20211125,000000,0.000155,0.00016,0.00015,0.000156,0,0
XEC.V,D,20211126,000000,0.000156,0.000159,0.00014,0.000142,0,0
XEC.V,D,20211127,000000,0.000142,0.000154,0.000142,0.000147,0,0
XEC.V,D,20211128,000000,0.000147,0.000151,0.000142,0.000149,0,0
XEC.V,D,20211129,000000,0.000149,0.000153,0.000148,0.000151,0,0
XEC.V,D,20211130,000000,0.000151,0.000152,0.000147,0.00015,0,0
XEC.V,D,20211201,000000,0.00015,0.000152,0.000148,0.00015,0,0
XEC.V,D,20211202,000000,0.00015,0.00015,0.000144,0.000146,0,0
XEC.V,D,20211203,000000,0.000146,0.000147,0.000137,0.000138,0,0
XEC.V,D,20211204,000000,0.000138,0.000138,0.000088,0.000121,0,0
XEC.V,D,20211205,000000,0.000121,0.000132,0.000115,0.000121,0,0
XEC.V,D,20211206,000000,0.000121,0.000135,0.000111,0.000126,0,0
XEC.V,D,20211207,000000,0.000126,0.000132,0.000126,0.000127,0,0
XEC.V,D,20211208,000000,0.000127,0.000128,0.000123,0.000128,0,0
XEC.V,D,20211209,000000,0.000128,0.000128,0.00012,0.000121,0,0
XEC.V,D,20211210,000000,0.000121,0.000123,0.000115,0.000116,0,0
XEC.V,D,20211211,000000,0.000116,0.000118,0.000113,0.000118,0,0
XEC.V,D,20211212,000000,0.000118,0.000118,0.000114,0.000116,0,0
XEC.V,D,20211213,000000,0.000116,0.000117,0.000103,0.000106,0,0
XEC.V,D,20211214,000000,0.000106,0.000116,0.000106,0.000112,0,0
XEC.V,D,20211215,000000,0.000112,0.000119109525,0.000106463,0.000113568,0,0
XEC.V,D,20211216,000000,0.000113788,0.000114957,0.000109302,0.000110603,0,0
XEC.V,D,20211217,000000,0.000110523,0.000112636,0.000105692,0.000109694,0,0
XEC.V,D,20211218,000000,0.000109744,0.000112005,0.000107203,0.000110424,0,0
XEC.V,D,20211219,000000,0.000110354,0.000112045,0.000108144,0.000109135,0,0
XEC.V,D,20211220,000000,0.000109254,0.000109315,0.000102621,0.000106172,0,0
XEC.V,D,20211221,000000,0.000106202,0.000110204,0.000105682,0.000109803,0,0
XEC.V,D,20211222,000000,0.000109744,0.000112334,0.000108002,0.000111186,0,0
XEC.V,D,20211223,000000,0.000111034,0.000115047,0.000108022,0.000113956,0,0
XEC.V,D,20211224,000000,0.000113996,0.000126933,0.000113635,0.000116018,0,0
XEC.V,D,20211225,000000,0.00011603,0.000122904,0.000115598,0.00011961,0,0
XEC.V,D,20211226,000000,0.00011954,0.000125062,0.000116658,0.000122089,30080711398,0
XEC.V,D,20211227,000000,0.000122119,0.000122599,0.000118067,0.000119696,38981530289,0
XEC.V,D,20211228,000000,0.000119754,0.000120266,0.000108231,0.000110322,24693119723,0
XEC.V,D,20211229,000000,0.000110402,0.000113013,0.000106441,0.000109292,15447001314,0
XEC.V,D,20211230,000000,0.000109251,0.000112112,0.000105441,0.000109902,10896724174,0
XEC.V,D,20211231,000000,0.000109732,0.000112242,0.000105351,0.000108141,12948955891.968,0
XEC.V,D,20220101,000000,0.000108111,0.000111011,0.000108111,0.000110132,7667272076.4905,0
XEC.V,D,20220102,000000,0.000110122,0.000118542,0.000109431,0.000113383,27083740192.203,0
XEC.V,D,20220103,000000,0.000113443,0.000120562,0.000112623,0.000115662,51150271027.319,0
XEC.V,D,20220104,000000,0.00011589,0.00011905,0.000112747,0.00011364,24510015260.404,0
XEC.V,D,20220105,000000,0.000113647,0.00011511,0.0001005,0.000104239,24853769593.182,0
XEC.V,D,20220106,000000,0.00010432,0.0001065,0.00009974,0.00010343,23604247490.23,0
XEC.V,D,20220107,000000,0.00010344,0.00010386,0.000096611,0.00009839,24931006569.323,0
XEC.V,D,20220108,000000,0.00009849,0.00010067,0.0000933713,0.00009705,16866445358.058,0
XEC.V,D,20220109,000000,0.00009727,0.0000980102,0.000093,0.00009603,29400336410.643,0
XEC.V,D,20220110,000000,0.00009595,0.00009697,0.0000859914,0.00008938,21176850479.43,0
XEC.V,D,20220111,000000,0.00008938,0.0000942789,0.00008908,0.0000930893,25947252830.212,0
XEC.V,D,20220112,000000,0.0000930793,0.0000991196,0.0000930493,0.0000976691,27919115594.079,0
XEC.V,D,20220113,000000,0.0000977491,0.0001024109,0.0000949875,0.0000955182,29196823945.336,0
XEC.V,D,20220114,000000,0.0000954577,0.0000997498,0.0000934474,0.0000977793,24807371112.704,0
XEC.V,D,20220115,000000,0.0000976993,0.0001030312,0.0000969588,0.0001012606,49910903823.18,0
XEC.V,D,20220116,000000,0.0001012806,0.0001043417,0.0000988194,0.0001036915,23560565954.559,0
XEC.V,D,20220117,000000,0.0001038115,0.0001038215,0.0000973292,0.0000992997,25962428051.292,0
XEC.V,D,20220118,000000,0.0000993697,0.0001003701,0.0000927978,0.0000956182,14451851595.983,0
XEC.V,D,20220119,000000,0.0000955587,0.0000981392,0.0000902571,0.000093218,22022981259.733,0
XEC.V,D,20220120,000000,0.0000930679,0.0000970891,0.000090449,0.0000912582,12581509901.967,0
XEC.V,D,20220121,000000,0.0000912883,0.0000915883,0.0000769431,0.0000791358,27646158179.229,0
XEC.V,D,20220122,000000,0.0000792458,0.0000812144,0.000065073,0.0000671634,52238077268.41,0
XEC.V,D,20220123,000000,0.0000670201,0.0000753251,0.00006663,0.0000723745,25034985291.967,0
XEC.V,D,20220124,000000,0.0000723445,0.0000749825,0.0000635727,0.0000718415,40522261226.201,0
XEC.V,D,20220125,000000,0.0000718444,0.0000724317,0.0000686806,0.0000716358,19969331147.318,0
XEC.V,D,20220126,000000,0.0000715129,0.0000768784,0.0000694447,0.0000706724,18849053824.551,0
XEC.V,D,20220127,000000,0.0000707624,0.0000727736,0.0000671468,0.0000694847,17210711352.257,0
XEC.V,D,20220128,000000,0.0000696679,0.0000731446,0.0000683905,0.0000723617,31086881736.64,0
XEC.V,D,20220129,000000,0.0000723417,0.0000772732,0.0000720916,0.0000769131,31155793761.032,0
XEC.V,D,20220130,000000,0.000076643,0.0000771331,0.0000737421,0.0000745798,10557556560.413,0
XEC.V,D,20220131,000000,0.0000747099,0.0000783813,0.0000721088,0.0000760756,18167717671.926,0
XEC.V,D,20220201,000000,0.000076118,0.0000777088,0.0000753952,0.0000772186,9076654053.6062,0
XEC.V,D,20220202,000000,0.0000773864,0.0000820392,0.0000755802,0.0000764611,35608945191.581,0
XEC.V,D,20220203,000000,0.0000764788,0.0000774587,0.0000730665,0.0000759179,16954541669.077,0
XEC.V,D,20220204,000000,0.0000758779,0.0000830398,0.0000753877,0.0000815552,20492385177.42,0
XEC.V,D,20220205,000000,0.000081547,0.0000874124,0.000081547,0.0000848393,20672422681.206,0
XEC.V,D,20220206,000000,0.0000848293,0.0000881228,0.0000824912,0.0000836334,12847286450.282,0
XEC.V,D,20220207,000000,0.0000835618,0.0000926333,0.0000835618,0.0000907525,32612006086.193,0
XEC.V,D,20220208,000000,0.0000908026,0.0001018314,0.0000882517,0.0000937243,86026885804.265,0
XEC.V,D,20220209,000000,0.0000938037,0.0000979877,0.0000929543,0.0000976776,27677428184.629,0
XEC.V,D,20220210,000000,0.0000976275,0.0000986986,0.0000894204,0.0000937356,24578631982.807,0
XEC.V,D,20220211,000000,0.0000937562,0.0000939257,0.0000814744,0.0000816045,19100667559.753,0
XEC.V,D,20220212,000000,0.0000816045,0.0000857414,0.0000807384,0.0000828614,21446145448.143,0
XEC.V,D,20220213,000000,0.0000829114,0.0000848424,0.0000798579,0.0000831399,12570745921.469,0
XEC.V,D,20220214,000000,0.0000829197,0.0000829197,0.0000788473,0.0000819591,12941377006.627,0
XEC.V,D,20220215,000000,0.0000819291,0.0000868521,0.0000818191,0.0000865419,15551353683.217,0
XEC.V,D,20220216,000000,0.0000866019,0.0000885131,0.0000832099,0.0000856914,15671441370.461,0
XEC.V,D,20220217,000000,0.0000858115,0.0000868434,0.000077214,0.0000790653,21757752427.777,0
XEC.V,D,20220218,000000,0.0000790053,0.0000809066,0.0000773664,0.0000782669,21432166732.516,0
XEC.V,D,20220219,000000,0.0000782969,0.000079968,0.0000752576,0.0000778689,10536054311.209,0
XEC.V,D,20220220,000000,0.0000778167,0.0000783892,0.0000730365,0.0000750875,9450909560.5454,0
XEC.V,D,20220221,000000,0.0000752876,0.0000774487,0.0000696248,0.0000703981,15877710554.305,0
XEC.V,D,20220222,000000,0.0000704652,0.0000720588,0.0000665366,0.0000709726,20970991657.313,0
XEC.V,D,20220223,000000,0.0000710755,0.0000747774,0.0000704052,0.0000715129,10465092270.247,0
XEC.V,D,20220224,000000,0.0000714428,0.0000730165,0.000061981,0.0000690476,28392111526.713,0
XEC.V,D,20220225,000000,0.0000695178,0.0000760704,0.0000694178,0.0000760704,18988562679.906,0
XEC.V,D,20220226,000000,0.0000761781,0.0000776388,0.0000738269,0.0000755202,14569364429.008,0
XEC.V,D,20220227,000000,0.0000753276,0.0000774787,0.000070035,0.0000727764,18593185703.923,0
XEC.V,D,20220228,000000,0.0000727291,0.0000790216,0.0000712485,0.000078129,11889864301.602,0
XEC.V,D,20220301,000000,0.0000779412,0.000080124,0.0000769785,0.0000785057,23035714447.737,0
XEC.V,D,20220302,000000,0.0000784535,0.0000792438,0.0000750525,0.000076543,11168752759.537,0
XEC.V,D,20220303,000000,0.0000763029,0.000076743,0.0000733247,0.0000747724,10000385920.28,0
XEC.V,D,20220304,000000,0.000074815,0.000075015,0.0000691138,0.000070131,19528303362.454,0
XEC.V,D,20220305,000000,0.000070111,0.0000736821,0.0000693539,0.0000728919,13416738145.532,0
XEC.V,D,20220306,000000,0.0000729619,0.000073442,0.0000697539,0.0000715014,9611049088.276,0
XEC.V,D,20220307,000000,0.0000714314,0.0000718644,0.0000669034,0.0000688238,17543384981.991,0
XEC.V,D,20220308,000000,0.0000688106,0.000070207,0.0000679936,0.0000687237,11480585222.645,0
XEC.V,D,20220309,000000,0.0000687137,0.0000806661,0.0000686637,0.0000747549,41980834590.653,0
XEC.V,D,20220310,000000,0.000074835,0.0000841336,0.000070024,0.0000812725,265024523657.77,0
XEC.V,D,20220311,000000,0.0000812025,0.0000816026,0.0000734547,0.0000742374,42037728469.132,0
XEC.V,D,20220312,000000,0.0000741648,0.0000760576,0.0000729927,0.0000744574,16426100134.043,0
XEC.V,D,20220313,000000,0.0000747575,0.0000760052,0.0000727573,0.000073312,29398883778.591,0
XEC.V,D,20220314,000000,0.0000733193,0.0000763976,0.0000713743,0.0000754651,24952703796.349,0
XEC.V,D,20220315,000000,0.0000754775,0.0000835167,0.0000753551,0.0000789437,100093403164.81,0
XEC.V,D,20220316,000000,0.0000790437,0.0000819046,0.0000761452,0.0000796439,31398512107.281,0
XEC.V,D,20220317,000000,0.0000795539,0.0000804541,0.0000776633,0.0000788394,22827356169.045,0
XEC.V,D,20220318,000000,0.0000788594,0.0000818491,0.0000774387,0.0000808423,35739205161.683,0
XEC.V,D,20220319,000000,0.0000808746,0.0000845523,0.0000807604,0.0000827031,24684911563.692,0
XEC.V,D,20220320,000000,0.0000827814,0.0000834517,0.0000781312,0.0000802901,13234572816.61,0
XEC.V,D,20220321,000000,0.0000803201,0.000082011,0.0000786314,0.0000806122,17752051202.249,0
XEC.V,D,20220322,000000,0.0000805722,0.0000856828,0.0000802801,0.0000843937,22341068666.112,0
XEC.V,D,20220323,000000,0.0000844022,0.0000847539,0.0000812325,0.0000830032,18812121590.621,0
XEC.V,D,20220324,000000,0.0000830215,0.0000839203,0.0000818709,0.0000834917,19587200045.032,0
XEC.V,D,20220325,000000,0.0000836118,0.0000899539,0.0000826313,0.0000841336,34740923585.927,0
XEC.V,D,20220326,000000,0.000083992,0.0000869348,0.0000834517,0.0000859029,20468044201.049,0
XEC.V,D,20220327,000000,0.0000858329,0.0001047824,0.0000858043,0.0000962185,181366982871.63,0
XEC.V,D,20220328,000000,0.0000962389,0.0001040416,0.0000957287,0.0000969188,106476590595.54,0
XEC.V,D,20220329,000000,0.0000968884,0.0001010304,0.0000913065,0.0000925663,35520221301.621,0
XEC.V,D,20220330,000000,0.0000924162,0.000096599,0.0000906362,0.0000946184,27441119990.015,0
XEC.V,D,20220331,000000,0.0000945484,0.0000988698,0.000090188,0.0000918584,37979672171.638,0
XEC.V,D,20220401,000000,0.0000917283,0.0000980192,0.0000888978,0.000097539,35685933976.768,0
XEC.V,D,20220402,000000,0.0000975095,0.0001723417,0.0000951881,0.0001302521,1133186592685.2,0
XEC.V,D,20220403,000000,0.000130172,0.0001370548,0.000114544,0.000116585,507001146585.22,0
XEC.V,D,20220404,000000,0.000116685,0.000118447,0.000105222,0.000109473,117999182225.9,0
XEC.V,D,20220405,000000,0.000109543,0.000123487,0.000108573,0.000113291,197931177087.1,0
XEC.V,D,20220406,000000,0.000113203,0.000114173,0.00009659,0.00010032,84221294746.278,0
XEC.V,D,20220407,000000,0.00010034,0.000105811,0.00009713,0.00010247,85555000187.512,0
XEC.V,D,20220408,000000,0.00010252,0.000108682,0.00010003,0.000104302,71543315020.85,0
XEC.V,D,20220409,000000,0.000104402,0.000104722,0.00009986,0.00010087,30813958607.835,0
XEC.V,D,20220410,000000,0.00010094,0.000104501,0.00010066,0.00010227,33770472155.195,0
XEC.V,D,20220411,000000,0.00010226,0.00010242,0.000087207,0.000087366,43735403111.582,0
XEC.V,D,20220412,000000,0.000087317,0.000092559,0.000085916,0.000090427,41192833122.609,0
XEC.V,D,20220413,000000,0.000090447,0.000095008,0.000090028,0.000093858,38649196019.561,0
XEC.V,D,20220414,000000,0.000093998,0.000095689,0.000090078,0.000092088,23075840995.092,0
XEC.V,D,20220415,000000,0.000092008,0.000093959,0.000091538,0.000093189,25545227212.387,0
XEC.V,D,20220416,000000,0.000093079,0.000093539,0.000091269,0.000092729,7740216052.6223,0
XEC.V,D,20220417,000000,0.000092959,0.000093419,0.000091918,0.000092019,20519592722.848,0
XEC.V,D,20220418,000000,0.000091986,0.000092208,0.000083678,0.000089937,36532960376.725,0
XEC.V,D,20220419,000000,0.000089937,0.0000930186,0.000089438,0.0000922484,28296071161.33,0
XEC.V,D,20220420,000000,0.0000923285,0.0000928786,0.0000894089,0.0000907681,17410886901.5,0
XEC.V,D,20220421,000000,0.0000908282,0.0001014703,0.0000903081,0.0000907691,143426810706.92,0
XEC.V,D,20220422,000000,0.0000907391,0.0000941488,0.0000883577,0.0000892578,32314143397.509,0
XEC.V,D,20220423,000000,0.0000892879,0.0000928186,0.0000885189,0.0000911691,33253233799.012,0
XEC.V,D,20220424,000000,0.0000913583,0.0000920184,0.0000874975,0.0000890089,30335879052.248,0
XEC.V,D,20220425,000000,0.0000888978,0.0000892879,0.0000823582,0.0000864886,32219159769.84,0
XEC.V,D,20220426,000000,0.0000864673,0.0000879576,0.0000787079,0.00008064,19911379293.086,0
XEC.V,D,20220427,000000,0.00008055,0.0000823,0.0000774977,0.0000810381,23518955833.443,0
XEC.V,D,20220428,000000,0.0000811481,0.0000828583,0.0000790979,0.0000808381,24505112131.339,0
XEC.V,D,20220429,000000,0.0000806181,0.0000811481,0.0000732673,0.0000743974,24551080838.189,0
XEC.V,D,20220430,000000,0.0000742674,0.0000769777,0.00007331,0.0000736674,19208541800.036,0
XEC.V,D,20220501,000000,0.00007367,0.0000742474,0.00006606,0.0000728573,45497184264.37,0
XEC.V,D,20220502,000000,0.0000727973,0.00007443,0.00007073,0.0000729573,11918703373.465,0
XEC.V,D,20220503,000000,0.00007315,0.0000763576,0.0000709129,0.0000718928,30877640720.002,0
XEC.V,D,20220504,000000,0.0000718628,0.0000775,0.0000713129,0.00007682,16787371186.293,0
XEC.V,D,20220505,000000,0.00007691,0.0000792062,0.000069713,0.0000716528,20165842468.536,0
XEC.V,D,20220506,000000,0.0000718656,0.0000721956,0.0000685863,0.0000708729,14597523096.678,0
XEC.V,D,20220507,000000,0.0000708529,0.0000731927,0.0000688962,0.0000689362,20633068240.824,0
XEC.V,D,20220508,000000,0.0000687731,0.0000701489,0.0000671364,0.0000692192,16471893974.812,0
XEC.V,D,20220509,000000,0.0000691193,0.0000691193,0.0000544291,0.0000558188,38142597587.748,0
XEC.V,D,20220510,000000,0.0000558688,0.0000624875,0.0000511695,0.0000557677,33079332519.714,0
XEC.V,D,20220511,000000,0.0000558576,0.0000603858,0.0000365296,0.0000385369,138485853985.74,0
XEC.V,D,20220512,000000,0.0000386266,0.0000389354,0.0000243426,0.0000317409,208825435146.07,0
XEC.V,D,20220513,000000,0.0000316742,0.0000499999,0.0000309761,0.000045448,128824566993.75,0
XEC.V,D,20220514,000000,0.0000455225,0.0000467304,0.0000383393,0.0000410524,40283355064.166,0
XEC.V,D,20220515,000000,0.0000411024,0.000043934,0.0000392928,0.0000423891,24984699797.804,0
XEC.V,D,20220516,000000,0.0000424989,0.0000487565,0.0000409649,0.0000477079,55498788807.153,0
XEC.V,D,20220517,000000,0.0000478877,0.0000493558,0.0000465601,0.000049176,18826737702.506,0
XEC.V,D,20220518,000000,0.0000489712,0.0000503295,0.0000435933,0.0000447717,15261588072.533,0
XEC.V,D,20220519,000000,0.0000446973,0.0000475072,0.0000434178,0.000046678,12005279664.093,0
XEC.V,D,20220520,000000,0.0000466633,0.0000476818,0.0000440027,0.0000453355,11974397712.129,0
XEC.V,D,20220521,000000,0.0000454054,0.0000463297,0.0000446663,0.000045341,12598037856.309,0
XEC.V,D,20220522,000000,0.0000453909,0.0000493707,0.000045311,0.000048262,18277481932.578,0
XEC.V,D,20220523,000000,0.0000481921,0.0000564322,0.0000474877,0.0000503295,89784568926.594,0
XEC.V,D,20220524,000000,0.0000502996,0.0000519927,0.000047403,0.000050684,34013043803.554,0
XEC.V,D,20220525,000000,0.0000506989,0.0000514382,0.0000486515,0.0000494706,11308472349.857,0
XEC.V,D,20220526,000000,0.0000494706,0.0000495754,0.0000440615,0.0000467232,10068826002.069,0
XEC.V,D,20220527,000000,0.0000467285,0.0000485314,0.0000446653,0.0000466433,11699415702.244,0
XEC.V,D,20220528,000000,0.0000465768,0.0000482208,0.0000460029,0.0000473659,10421236997.281,0
XEC.V,D,20220529,000000,0.0000473626,0.000047794,0.0000456448,0.0000472675,11230658754.749,0
XEC.V,D,20220530,000000,0.0000472974,0.0000510591,0.0000471005,0.0000509843,12649774771.432,0
XEC.V,D,20220531,000000,0.0000509843,0.00005553,0.0000485411,0.0000497602,15185704968.661,0
XEC.V,D,20220601,000000,0.000049932,0.0000515356,0.0000466486,0.0000473773,6786136278.8501,0
XEC.V,D,20220602,000000,0.0000470876,0.0000490658,0.0000463782,0.000048886,6559758140.2943,0
XEC.V,D,20220603,000000,0.000048846,0.000051094,0.0000467704,0.0000481581,9189670665.153,0
XEC.V,D,20220604,000000,0.0000481081,0.000048374,0.0000469611,0.000047924,37056438589.675,0
XEC.V,D,20220605,000000,0.0000479136,0.000048748,0.0000473188,0.0000483445,24939350737.148,0
XEC.V,D,20220606,000000,0.0000483445,0.0000582305,0.0000478949,0.0000537148,189348292932.67,0
XEC.V,D,20220607,000000,0.0000538042,0.0000587976,0.0000525353,0.0000572836,150915282788.21,0
XEC.V,D,20220608,000000,0.000057404,0.0000587324,0.0000530244,0.0000539849,73584393950.901,0
XEC.V,D,20220609,000000,0.0000539349,0.0000541604,0.0000509651,0.0000512169,52796085800.81,0
XEC.V,D,20220610,000000,0.0000512164,0.0000516645,0.0000469483,0.0000482681,75977009054.162,0
XEC.V,D,20220611,000000,0.0000483285,0.0000488781,0.0000437157,0.0000456384,19162570802.571,0
XEC.V,D,20220612,000000,0.0000455889,0.0000460479,0.0000407294,0.0000430366,29339690415.932,0
XEC.V,D,20220613,000000,0.000042997,0.0000449624,0.0000363754,0.0000379572,135256494220.36,0
XEC.V,D,20220614,000000,0.0000379476,0.0000394404,0.0000337011,0.0000365461,258862479143.91,0
XEC.V,D,20220615,000000,0.0000364262,0.0000396424,0.0000339887,0.0000394408,191832408508.94,0
XEC.V,D,20220616,000000,0.0000394108,0.0000413944,0.0000365997,0.0000374413,171157119482.47,0
XEC.V,D,20220617,000000,0.0000369486,0.0000387561,0.0000364789,0.0000379344,101203962804.34,0
XEC.V,D,20220618,000000,0.0000379448,0.0000384442,0.0000331436,0.0000348035,230475129746.24,0
XEC.V,D,20220619,000000,0.0000346937,0.0000376348,0.0000338612,0.0000373614,46269401770.653,0
XEC.V,D,20220620,000000,0.0000374313,0.0000380543,0.0000358433,0.0000368494,26896523544.694,0
XEC.V,D,20220621,000000,0.0000367359,0.0000400239,0.0000365661,0.000038138,29151044682.25,0
XEC.V,D,20220622,000000,0.0000380481,0.0000386513,0.0000365834,0.0000372427,17756336549.63,0
XEC.V,D,20220623,000000,0.0000373127,0.0000397602,0.0000368631,0.0000386213,17473811750.018,0
XEC.V,D,20220624,000000,0.0000387412,0.000047747,0.0000387412,0.0000436859,124582112811.03,0
XEC.V,D,20220625,000000,0.0000436763,0.0000445801,0.0000408826,0.0000430199,50601446303.821,0
XEC.V,D,20220626,000000,0.0000430411,0.0000431107,0.0000407355,0.0000417545,25437329859.892,0
XEC.V,D,20220627,000000,0.0000416154,0.0000437428,0.0000392938,0.0000403337,28907139437.939,0
XEC.V,D,20220628,000000,0.0000403029,0.0000434304,0.0000390156,0.000039811,35266602575.774,0
XEC.V,D,20220629,000000,0.0000398505,0.0000401897,0.0000378869,0.000038823,22707184506.678,0
XEC.V,D,20220630,000000,0.0000388034,0.0000390308,0.0000359632,0.000036646,18988961036.899,0
XEC.V,D,20220701,000000,0.0000367159,0.000039087,0.0000365661,0.0000375586,16409341826.717,0
XEC.V,D,20220702,000000,0.000037455,0.0000388134,0.0000368557,0.0000383539,38912880392.784,0
XEC.V,D,20220703,000000,0.0000383439,0.0000386036,0.0000372815,0.0000380605,35558894369.677,0
XEC.V,D,20220704,000000,0.0000382402,0.0000404474,0.000037621,0.0000392728,19102716581.657,0
XEC.V,D,20220705,000000,0.0000394226,0.0000434821,0.0000386036,0.0000415443,55816967913.485,0
XEC.V,D,20220706,000000,0.0000413545,0.0000451158,0.000039986,0.0000427529,101144367865.71,0
XEC.V,D,20220707,000000,0.000042693,0.0000434422,0.0000416441,0.000043384,21912719932.943,0
XEC.V,D,20220708,000000,0.000043374,0.0000434596,0.0000407955,0.0000414351,12667610370.152,0
XEC.V,D,20220709,000000,0.0000414551,0.0000420548,0.0000408514,0.000041585,6636701551.1881,0
XEC.V,D,20220710,000000,0.000041605,0.0000419006,0.000040016,0.0000404357,5638855167.5818,0
XEC.V,D,20220711,000000,0.0000403658,0.0000411053,0.0000391009,0.0000391947,8587236579.0903,0
XEC.V,D,20220712,000000,0.0000390348,0.0000391769,0.0000373626,0.0000375187,10903999983.743,0
XEC.V,D,20220713,000000,0.0000374936,0.0000387112,0.0000360004,0.0000381656,13502816336.617,0
XEC.V,D,20220714,000000,0.0000381756,0.0000394224,0.0000373001,0.0000385369,7914866716.2483,0
XEC.V,D,20220715,000000,0.0000385069,0.0000396422,0.0000385069,0.0000391982,8473111445.8046,0
XEC.V,D,20220716,000000,0.0000392582,0.0000407019,0.0000385484,0.0000401779,17016045399.416,0
XEC.V,D,20220717,000000,0.0000401392,0.0000423094,0.0000394025,0.0000401296,20333462525.326,0
XEC.V,D,20220718,000000,0.0000401692,0.0000428191,0.0000399488,0.0000413305,14371234785.747,0
XEC.V,D,20220719,000000,0.0000414176,0.0000439475,0.0000408276,0.0000437066,15480146634.227,0
XEC.V,D,20220720,000000,0.00004372,0.0000451514,0.0000403112,0.0000413821,27210831913.502,0
XEC.V,D,20220721,000000,0.0000413254,0.0000414708,0.0000393739,0.000041069,12734880392.463,0
XEC.V,D,20220722,000000,0.0000411003,0.0000441201,0.0000407957,0.0000416763,21284191473.615,0
XEC.V,D,20220723,000000,0.00004164,0.0000424238,0.0000403844,0.0000413983,12327856372.879,0
XEC.V,D,20220724,000000,0.0000413541,0.00004271,0.0000413504,0.0000422584,10282550178.409,0
XEC.V,D,20220725,000000,0.000041998,0.0000423785,0.0000387546,0.0000391631,9836749257.3469,0
XEC.V,D,20220726,000000,0.0000392435,0.0000392439,0.00003776,0.0000384758,10540045432.05,0
XEC.V,D,20220727,000000,0.0000385254,0.0000414462,0.0000384977,0.0000413099,8987622643.4607,0
XEC.V,D,20220728,000000,0.0000413599,0.0000446451,0.0000413599,0.0000441388,24990422224.322,0
XEC.V,D,20220729,000000,0.0000440615,0.0000474457,0.0000436109,0.0000447183,42700671492.044,0
XEC.V,D,20220730,000000,0.0000447183,0.0000466963,0.0000441677,0.0000445451,11669500168.003,0
XEC.V,D,20220731,000000,0.0000445234,0.0000462229,0.0000435522,0.0000443602,10948083577.837,0
XEC.V,D,20220801,000000,0.0000443533,0.0000453836,0.0000436361,0.0000446438,11531380844.176,0
XEC.V,D,20220802,000000,0.0000446425,0.0000454973,0.000041512,0.0000429677,11346315936.728,0
XEC.V,D,20220803,000000,0.0000430886,0.0000436783,0.0000415904,0.0000431812,6493213144.2588,0
XEC.V,D,20220804,000000,0.0000431899,0.0000448136,0.0000420201,0.0000425421,9113186312.5549,0
XEC.V,D,20220805,000000,0.0000424913,0.0000450941,0.0000424538,0.0000450085,8304927676.4033,0
XEC.V,D,20220806,000000,0.0000451086,0.0000469466,0.0000448567,0.0000454805,9938952728.1033,0
XEC.V,D,20220807,000000,0.00004547,0.0000459187,0.000044181,0.0000459083,5920767248.359,0
XEC.V,D,20220808,000000,0.0000458287,0.0000468731,0.0000450377,0.0000459355,7100995840.5318,0
XEC.V,D,20220809,000000,0.0000460151,0.00004757,0.0000429364,0.0000434887,17334804812.814,0
XEC.V,D,20220810,000000,0.0000434987,0.0000462925,0.0000423306,0.0000461934,12680956782.895,0
XEC.V,D,20220811,000000,0.0000461638,0.0000491592,0.0000459729,0.0000471021,26651821561.84,0
XEC.V,D,20220812,000000,0.0000471736,0.0000488744,0.0000461331,0.0000474418,20131703742.18,0
XEC.V,D,20220813,000000,0.0000474914,0.0000483971,0.0000470016,0.0000474985,8692118388.9386,0
XEC.V,D,20220814,000000,0.000047509,0.0000488451,0.0000458505,0.0000461238,11322231038.761,0
XEC.V,D,20220815,000000,0.0000460643,0.0000474828,0.0000450808,0.0000457405,7785064196.0656,0
XEC.V,D,20220816,000000,0.000045801,0.0000460892,0.0000446894,0.0000450636,7545905376.8089,0
XEC.V,D,20220817,000000,0.000044964,0.0000465561,0.0000428726,0.000043213,6634376197.0932,0
XEC.V,D,20220818,000000,0.0000430834,0.0000442927,0.0000426709,0.0000437313,5650292648.7,0
XEC.V,D,20220819,000000,0.0000437444,0.0000437944,0.0000382838,0.0000385539,9418038618.5352,0
XEC.V,D,20220820,000000,0.0000385819,0.000040082,0.0000376798,0.00003848,5968395034.4251,0
XEC.V,D,20220821,000000,0.0000384388,0.0000398384,0.00003842,0.0000394288,5040009436.4085,0
XEC.V,D,20220822,000000,0.0000393388,0.0000398208,0.0000373178,0.0000383431,5912242451.4116,0
XEC.V,D,20220823,000000,0.0000383839,0.0000392612,0.0000375696,0.0000388412,6543743763.8276,0
XEC.V,D,20220824,000000,0.0000388796,0.000039682,0.00003836,0.0000392735,5343693040.7982,0
XEC.V,D,20220825,000000,0.0000393431,0.0000399396,0.0000387419,0.0000395612,4323840139.2914,0
XEC.V,D,20220826,000000,0.0000396596,0.0000402364,0.0000371915,0.0000373434,8147314309.0178,0
XEC.V,D,20220827,000000,0.0000372937,0.0000374034,0.0000361714,0.0000365011,5848706200.252,0
XEC.V,D,20220828,000000,0.0000365211,0.0000647939,0.0000365007,0.000049,633705968666.35,0
XEC.V,D,20220829,000000,0.00004908,0.0000566323,0.0000444256,0.0000488734,284680633050.05,0
XEC.V,D,20220830,000000,0.0000488839,0.0000514985,0.0000452359,0.0000456541,99074717025.932,0
XEC.V,D,20220831,000000,0.0000456341,0.0000459555,0.0000438218,0.00004467,50745647894.037,0
XEC.V,D,20220901,000000,0.0000446296,0.0000487866,0.0000442682,0.0000460972,81625073721.427,0
XEC.V,D,20220902,000000,0.0000462472,0.00004856,0.0000449422,0.0000457269,41488018905.996,0
XEC.V,D,20220903,000000,0.0000456673,0.0000463332,0.00004397,0.00004451,15945744171.974,0
XEC.V,D,20220904,000000,0.00004451,0.0000447845,0.00004322,0.00004402,12114360093.023,0
XEC.V,D,20220905,000000,0.00004401,0.00004457,0.0000421042,0.00004321,17938120905.219,0
XEC.V,D,20220906,000000,0.0000431843,0.0000443844,0.00004036,0.00004089,20813494919.115,0
XEC.V,D,20220907,000000,0.0000409,0.0000420108,0.0000387285,0.0000418742,19261189634.496,0
XEC.V,D,20220908,000000,0.0000418529,0.0000436509,0.0000407916,0.0000420963,23070308419.362,0
XEC.V,D,20220909,000000,0.0000421367,0.0000456887,0.0000417963,0.0000442646,32399882195.983,0
XEC.V,D,20220910,000000,0.0000442588,0.0000456332,0.00004344,0.0000444684,18359541138.699,0
XEC.V,D,20220911,000000,0.0000444993,0.0000489652,0.0000434669,0.0000450208,72221605379.802,0
XEC.V,D,20220912,000000,0.0000450313,0.0000471685,0.0000440092,0.0000454991,27312731504.009,0
XEC.V,D,20220913,000000,0.0000454182,0.0000490937,0.0000437531,0.0000440909,79470782281.368,0
XEC.V,D,20220914,000000,0.0000439709,0.0000527642,0.0000432878,0.0000463116,135527399470.64,0
XEC.V,D,20220915,000000,0.0000463116,0.000046817,0.0000418766,0.0000434761,37133746403.139,0
XEC.V,D,20220916,000000,0.000043387,0.0000434578,0.0000412759,0.0000422,19743995986.398,0
XEC.V,D,20220917,000000,0.0000422958,0.00004314,0.00004193,0.0000425643,12145844114.129,0
XEC.V,D,20220918,000000,0.00004254,0.0000428843,0.0000378662,0.00003862,11342936871.183,0
XEC.V,D,20220919,000000,0.0000386,0.00003969,0.00003769,0.0000392739,22249924911.433,0
XEC.V,D,20220920,000000,0.0000391878,0.00003967,0.0000373812,0.0000381,10084383168.231,0
XEC.V,D,20220921,000000,0.00003793,0.0000407241,0.0000373737,0.00003764,22377955020.655,0
XEC.V,D,20220922,000000,0.00003766,0.0000390961,0.00003695,0.00003878,11225546211.67,0
XEC.V,D,20220923,000000,0.0000388339,0.00003974,0.0000375862,0.00003904,10780247397.268,0
XEC.V,D,20220924,000000,0.0000390969,0.0000415617,0.0000389592,0.0000396132,23179431999.717,0
XEC.V,D,20220925,000000,0.00003954,0.0000410925,0.0000391239,0.0000396896,19082631884.739,0
XEC.V,D,20220926,000000,0.00003968,0.0000408841,0.00003915,0.0000404,14491880991.269,0
XEC.V,D,20220927,000000,0.00004036,0.00004233,0.00004016,0.00004034,18810068218.481,0
XEC.V,D,20220928,000000,0.000040296,0.0000426057,0.0000391761,0.00004164,21476759450.786,0
XEC.V,D,20220929,000000,0.00004165,0.00004191,0.000040424,0.0000412,12408981716.452,0
XEC.V,D,20220930,000000,0.0000413,0.00004165,0.0000408,0.00004107,9123939324.3929,0
XEC.V,D,20221001,000000,0.00004106,0.0000413,0.00004083,0.0000409541,6092655379.0817,0
XEC.V,D,20221002,000000,0.00004095,0.0000411341,0.00004004,0.00004038,4943135825.1238,0
XEC.V,D,20221003,000000,0.0000403,0.0000409441,0.00003962,0.0000406641,9198206005.0854,0
XEC.V,D,20221004,000000,0.0000406641,0.0000426085,0.0000404581,0.0000420526,18590630246.708,0
XEC.V,D,20221005,000000,0.0000420584,0.0000426885,0.0000415242,0.0000424042,8560194441.662,0
XEC.V,D,20221006,000000,0.0000424085,0.0000432052,0.0000422776,0.0000426194,8835404130.0589,0
XEC.V,D,20221007,000000,0.0000427164,0.0000459146,0.0000426777,0.0000456068,51085430642.598,0
XEC.V,D,20221008,000000,0.0000454845,0.0000488549,0.0000404357,0.0000406398,123563589381.3,0
XEC.V,D,20221009,000000,0.0000405105,0.0000413341,0.00003993,0.0000407441,12898161880.149,0
XEC.V,D,20221010,000000,0.0000406741,0.0000409341,0.0000393879,0.000039686,12400786774.035,0
XEC.V,D,20221011,000000,0.00003971,0.00003971,0.0000374563,0.0000380066,22417170450.299,0
XEC.V,D,20221012,000000,0.0000380254,0.0000384973,0.0000376347,0.0000380904,11180866671.182,0
XEC.V,D,20221013,000000,0.0000380811,0.0000386796,0.0000345772,0.0000374634,27172317429.459,0
XEC.V,D,20221014,000000,0.000037463,0.0000382727,0.0000363707,0.0000364411,12229490606.489,0
XEC.V,D,20221015,000000,0.0000363915,0.0000372219,0.0000363318,0.0000368322,8426263274.7369,0
XEC.V,D,20221016,000000,0.0000368222,0.0000378492,0.0000364826,0.0000372215,10297762570.764,0
XEC.V,D,20221017,000000,0.0000372019,0.0000380619,0.0000370507,0.0000379911,7473946264.4871,0
XEC.V,D,20221018,000000,0.0000379908,0.0000383812,0.0000368507,0.0000375319,9524823152.779,0
XEC.V,D,20221019,000000,0.0000375119,0.0000377126,0.0000362722,0.00003669,6283120330.5794,0
XEC.V,D,20221020,000000,0.0000366896,0.0000366907,0.0000356464,0.0000359764,7611295427.3824,0
XEC.V,D,20221021,000000,0.0000360168,0.0000362818,0.0000348793,0.0000360114,5958955472.4013,0
XEC.V,D,20221022,000000,0.0000360618,0.0000372215,0.0000357425,0.0000366329,14925255070.54,0
XEC.V,D,20221023,000000,0.0000366333,0.0000371033,0.000035984,0.0000369148,7399007762.4071,0
XEC.V,D,20221024,000000,0.0000369244,0.0000372722,0.0000362858,0.0000368718,6783182385.8662,0
XEC.V,D,20221025,000000,0.0000369515,0.0000383326,0.0000366393,0.0000379933,10562905872.462,0
XEC.V,D,20221026,000000,0.0000379829,0.0000386616,0.0000375101,0.0000385612,13664773226.347,0
XEC.V,D,20221027,000000,0.0000384908,0.0000392575,0.0000374696,0.0000377815,9257160292.0594,0
XEC.V,D,20221028,000000,0.0000377826,0.0000381476,0.0000368526,0.000037988,6772484277.6181,0
XEC.V,D,20221029,000000,0.0000380068,0.0000391949,0.0000379291,0.0000388189,16564603630.357,0
XEC.V,D,20221030,000000,0.0000387393,0.0000394375,0.0000378176,0.000038068,21265571343.012,0
XEC.V,D,20221031,000000,0.0000380576,0.0000388285,0.0000374986,0.0000382069,14516751897.674,0
XEC.V,D,20221101,000000,0.0000382177,0.000038645,0.0000378628,0.0000380458,5037119483.9179,0
XEC.V,D,20221102,000000,0.0000380454,0.000038092,0.0000360282,0.0000365078,16047717059.025,0
XEC.V,D,20221103,000000,0.0000365082,0.0000377455,0.0000365082,0.00003699,10192971889.177,0
XEC.V,D,20221104,000000,0.0000369296,0.0000393335,0.0000367296,0.0000392227,24840782415.268,0
XEC.V,D,20221105,000000,0.0000392227,0.0000398148,0.0000387827,0.000039362,17311603067.81809,0
XEC.V,D,20221106,000000,0.0000393412,0.0000393412,0.0000379327,0.0000380527,9144348243.978798,0
XEC.V,D,20221107,000000,0.000038043,0.0000386127,0.0000368329,0.0000374437,11105505257.287907,0
XEC.V,D,20221108,000000,0.0000374475,0.0000379414,0.000029298,0.0000326075,18217343891.68024,0
XEC.V,D,20221109,000000,0.0000325975,0.0000342853,0.0000266025,0.0000275254,20263917266.64544,0
XEC.V,D,20221110,000000,0.0000275268,0.000034118,0.0000272327,0.0000320741,15008915880.470999,0
XEC.V,D,20221111,000000,0.0000320673,0.0000365825,0.0000292037,0.000030253,9405052196.551414,0
XEC.V,D,20221112,000000,0.0000302984,0.0000307764,0.000028818,0.0000293271,14511469601.098698,0
XEC.V,D,20221113,000000,0.0000293271,0.0000298162,0.0000279524,0.0000282504,9236699104.430851,0
XEC.V,D,20221114,000000,0.0000280107,0.0000291849,0.0000267898,0.0000287169,12327599116.6102,0
XEC.V,D,20221115,000000,0.0000287254,0.0000299071,0.0000284202,0.0000292607,8387749455.410122,0
XEC.V,D,20221116,000000,0.0000293142,0.0000296661,0.0000280813,0.0000287238,7804784239.751092,0
XEC.V,D,20221117,000000,0.0000287844,0.0000289163,0.0000281749,0.0000286171,8281741902.387698,0
XEC.V,D,20221118,000000,0.0000285386,0.000028874,0.0000282794,0.0000286171,8651284519.947353,0
XEC.V,D,20221119,000000,0.000028627,0.0000352219,0.0000285195,0.0000302182,103598430850.01149,0
XEC.V,D,20221120,000000,0.0000303027,0.0000341297,0.0000284664,0.0000285968,62204702573.93671,0
XEC.V,D,20221121,000000,0.0000285568,0.000029163,0.000027346,0.0000278765,12553101758.932095,0
XEC.V,D,20221122,000000,0.0000278665,0.0000287326,0.0000272653,0.000028655,12563429633.720198,0
XEC.V,D,20221123,000000,0.000028673,0.0000297745,0.0000285922,0.0000296873,8796891185.43701,0
XEC.V,D,20221124,000000,0.0000297472,0.0000300199,0.0000286839,0.000029335,8988011537.232986,0
XEC.V,D,20221125,000000,0.000029365,0.0000294267,0.0000286876,0.0000292433,9058448682.682041,0
XEC.V,D,20221126,000000,0.0000292433,0.0000295955,0.0000288318,0.0000288727,7536264636.00876,0
XEC.V,D,20221127,000000,0.000028853,0.0000296707,0.000028853,0.0000294215,7965839617.761606,0
XEC.V,D,20221128,000000,0.0000293912,0.0000293912,0.000027785,0.0000284789,12927302501.307388,0
XEC.V,D,20221129,000000,0.0000284592,0.0000291195,0.0000278872,0.0000288493,8133281524.331597,0
XEC.V,D,20221130,000000,0.000028909,0.0000298118,0.0000287996,0.0000298118,6854038416.5262985,0
XEC.V,D,20221201,000000,0.0000296824,0.0000297727,0.0000290709,0.000029162,8786386537.033237,0
XEC.V,D,20221202,000000,0.0000292418,0.0000296418,0.0000288729,0.0000296418,5425501157.400659,0
XEC.V,D,20221203,000000,0.0000296218,0.0000298036,0.0000290529,0.0000290529,3475146816.2330003,0
XEC.V,D,20221204,000000,0.0000291158,0.0000294829,0.0000289829,0.0000293659,3025650715.274902,0
XEC.V,D,20221205,000000,0.0000294059,0.0000301436,0.0000292003,0.0000294609,7812261848.098511,0
XEC.V,D,20221206,000000,0.0000295006,0.0000296003,0.0000292229,0.0000295094,7113739950.638691,0
XEC.V,D,20221207,000000,0.0000295694,0.00002968,0.0000283317,0.0000286497,5621414929.042499,0
XEC.V,D,20221208,000000,0.0000286303,0.0000294724,0.0000286029,0.000029252,9368287534.630157,0
XEC.V,D,20221209,000000,0.0000292726,0.0000294403,0.0000289312,0.0000290509,7990179867.045506,0
XEC.V,D,20221210,000000,0.0000290815,0.0000296103,0.0000290794,0.0000293297,6165174117.892802,0
XEC.V,D,20221211,000000,0.0000293797,0.0000296606,0.0000289429,0.0000290629,3812935733.899201,0
XEC.V,D,20221212,000000,0.0000290558,0.0000291258,0.0000281128,0.0000288426,5943712230.724703,0
XEC.V,D,20221213,000000,0.0000288526,0.000029545,0.0000278975,0.0000292027,11543219233.941755,0
XEC.V,D,20221214,000000,0.000029203,0.0000293644,0.0000286009,0.000028862,5296278772.102133,0
XEC.V,D,20221215,000000,0.0000288729,0.0000288729,0.0000280256,0.0000281028,5081642223.913095,0
XEC.V,D,20221216,000000,0.0000280956,0.00002844,0.0000253025,0.0000256426,7337663146.595604,0
XEC.V,D,20221217,000000,0.0000255126,0.0000255351,0.0000240224,0.0000250733,11298692209.126015,0
XEC.V,D,20221218,000000,0.0000250933,0.0000252713,0.0000247725,0.0000249732,5073707171.951105,0
XEC.V,D,20221219,000000,0.0000250133,0.0000251043,0.0000227305,0.00002283,8331228254.674,0
XEC.V,D,20221220,000000,0.00002285,0.0000242695,0.0000228495,0.000024191,8907801494.906204,0
XEC.V,D,20221221,000000,0.000024231,0.0000243407,0.00002358,0.0000237912,4575408139.5662985,0
XEC.V,D,20221222,000000,0.000023781,0.00002401,0.0000232279,0.0000238662,4720899492.651139,0
XEC.V,D,20221223,000000,0.0000238559,0.0000242095,0.0000238367,0.0000240476,4385691336.222202,0
XEC.V,D,20221224,000000,0.0000240783,0.0000241981,0.0000238679,0.0000239986,2138966322.1028895,0
XEC.V,D,20221225,000000,0.0000240386,0.0000241386,0.0000235274,0.0000238269,3861617916.1168985,0
XEC.V,D,20221226,000000,0.0000238071,0.0000244273,0.0000237076,0.0000239152,8034423124.644636,0
XEC.V,D,20221227,000000,0.0000239255,0.0000240854,0.0000230106,0.0000231112,10503353519.879812,0
XEC.V,D,20221228,000000,0.000023101,0.0000232507,0.0000217832,0.0000221078,11899349157.077114,0
XEC.V,D,20221229,000000,0.0000221183,0.0000222082,0.0000213908,0.0000216602,9785700805.18936,0
XEC.V,D,20221230,000000,0.0000216602,0.0000219797,0.0000210014,0.0000214193,8692502962.093895,0
XEC.V,D,20221231,000000,0.0000214293,0.000022019,0.0000214195,0.0000217289,4772732539.683004,0
XEC.V,D,20230101,000000,0.0000217291,0.00002215,0.0000216385,0.0000220299,3328869888.257,0
XEC.V,D,20230102,000000,0.0000220396,0.0000224712,0.0000217307,0.0000222926,5073192766.802001,0
XEC.V,D,20230103,000000,0.0000222924,0.0000223331,0.0000217009,0.0000218315,10469450106.123095,0
XEC.V,D,20230104,000000,0.0000218817,0.0000241703,0.000021821,0.0000233421,15192487806.059647,0
XEC.V,D,20230105,000000,0.0000233623,0.0000272921,0.0000232626,0.0000247213,76022601040.55946,0
XEC.V,D,20230106,000000,0.0000247213,0.0000250702,0.0000234283,0.0000244824,15446318373.671926,0
XEC.V,D,20230107,000000,0.0000244319,0.0000251732,0.0000240833,0.0000241142,11285227198.248417,0
XEC.V,D,20230108,000000,0.000024104,0.0000244963,0.0000237372,0.0000244563,4735018993.064514,0
XEC.V,D,20230109,000000,0.0000244853,0.0000260384,0.0000244056,0.00002524,18463156076.577305,0
XEC.V,D,20230110,000000,0.0000252397,0.0000256785,0.0000247688,0.0000252633,17322804462.672718,0
XEC.V,D,20230111,000000,0.0000253836,0.0000263097,0.00002483,0.00002614,12488389309.887392,0
XEC.V,D,20230112,000000,0.0000261274,0.00002749,0.0000257392,0.0000272127,13180654261.5267,0
XEC.V,D,20230113,000000,0.0000272124,0.0000281842,0.0000266379,0.0000280825,13998843975.547337,0
XEC.V,D,20230114,000000,0.0000281125,0.0000304843,0.000027905,0.0000291112,24034717500.241917,0
XEC.V,D,20230115,000000,0.0000292129,0.0000310653,0.0000291815,0.0000303188,20670634210.59404,0
XEC.V,D,20230116,000000,0.0000303088,0.0000308296,0.0000285317,0.0000298906,9490010209.560814,0
XEC.V,D,20230117,000000,0.0000298906,0.0000307846,0.0000292515,0.000030203,10918983745.66767,0
XEC.V,D,20230118,000000,0.000030243,0.0000322926,0.0000282186,0.0000285286,49960905891.95102,0
XEC.V,D,20230119,000000,0.0000285286,0.0000290468,0.0000278297,0.0000287591,11898145924.975042,0
XEC.V,D,20230120,000000,0.0000287488,0.0000304955,0.0000283197,0.0000304558,8115166105.660601,0
XEC.V,D,20230121,000000,0.0000304155,0.0000310065,0.0000299599,0.0000306049,12549528826.789593,0
XEC.V,D,20230122,000000,0.0000305046,0.000031155,0.0000295747,0.0000301357,8746533146.723494,0
XEC.V,D,20230123,000000,0.000030106,0.0000352839,0.0000300963,0.0000329849,64619513942.20985,0
XEC.V,D,20230124,000000,0.0000330453,0.0000350024,0.0000322939,0.0000327116,22251752203.60279,0
XEC.V,D,20230125,000000,0.0000327807,0.0000347966,0.0000316057,0.0000340558,25127382209.11541,0
XEC.V,D,20230126,000000,0.0000339658,0.0000443158,0.0000339658,0.0000415133,228989671118.99377,0
XEC.V,D,20230127,000000,0.0000415033,0.0000447031,0.0000383407,0.0000389491,57751687962.05676,0
XEC.V,D,20230128,000000,0.0000389436,0.0000396299,0.0000368581,0.0000370974,16363997418.733192,0
XEC.V,D,20230129,000000,0.0000370481,0.0000377434,0.0000367384,0.0000376426,9742715194.238113,0
XEC.V,D,20230130,000000,0.0000376519,0.0000379919,0.00003383,0.0000342224,14789324111.896961,0
XEC.V,D,20230131,000000,0.0000342421,0.0000362518,0.0000340027,0.0000359536,23002491708.679256,0
XEC.V,D,20230201,000000,0.0000358014,0.0000367822,0.0000340003,0.0000365515,13843063815.9158,0
XEC.V,D,20230202,000000,0.0000366722,0.0000388897,0.0000363225,0.0000369774,24641775991.984066,0
XEC.V,D,20230203,000000,0.0000369674,0.0000376368,0.00003653,0.0000374026,6698884814.1513815,0
XEC.V,D,20230204,000000,0.000037443,0.0000414925,0.0000373834,0.0000387439,34179965393.97145,0
XEC.V,D,20230205,000000,0.0000387531,0.0000402576,0.0000361372,0.0000370496,21668111479.355732,0
XEC.V,D,20230206,000000,0.0000369892,0.0000378272,0.0000362904,0.0000366515,12051413676.619593,0
XEC.V,D,20230207,000000,0.0000366315,0.0000377915,0.0000358525,0.0000376519,17887852231.864883,0
XEC.V,D,20230208,000000,0.0000375819,0.0000384212,0.0000363555,0.0000374126,9678161446.478394,0
XEC.V,D,20230209,000000,0.0000374626,0.0000377908,0.0000331089,0.0000334833,8843584450.584553,0
XEC.V,D,20230210,000000,0.000033563,0.0000346183,0.000033563,0.0000341648,8404618011.344198,0
XEC.V,D,20230211,000000,0.0000341255,0.0000347435,0.0000339448,0.0000346531,4972495770.242271,0
XEC.V,D,20230212,000000,0.0000346235,0.0000348238,0.000033245,0.000033722,4825777590.541459,0
XEC.V,D,20230213,000000,0.0000336734,0.0000337657,0.0000313657,0.0000322887,5855559439.265198,0
XEC.V,D,20230214,000000,0.0000323465,0.0000335931,0.0000319226,0.000033393,8526182314.602016,0
XEC.V,D,20230215,000000,0.0000334571,0.0000359658,0.0000332593,0.0000357664,9237754118.356533,0
XEC.V,D,20230216,000000,0.0000358057,0.0000368744,0.0000345314,0.0000345617,17997618729.26221,0
XEC.V,D,20230217,000000,0.0000346348,0.0000367929,0.0000341831,0.0000363033,14047734327.361248,0
XEC.V,D,20230218,000000,0.0000363136,0.0000367496,0.0000355768,0.0000361361,14544031501.138638,0
XEC.V,D,20230219,000000,0.0000361858,0.0000370648,0.0000355103,0.0000362683,17563405573.780727,0
XEC.V,D,20230220,000000,0.000036268,0.0000381938,0.0000351002,0.0000378015,22519656492.122692,0
XEC.V,D,20230221,000000,0.0000377815,0.0000410825,0.0000377815,0.0000383369,60536041949.93318,0
XEC.V,D,20230222,000000,0.0000383465,0.0000395047,0.0000357839,0.000037173,12321007614.256811,0
XEC.V,D,20230223,000000,0.0000371796,0.0000376834,0.0000360172,0.0000365848,9225053044.870827,0
XEC.V,D,20230224,000000,0.0000365458,0.0000370456,0.0000347331,0.0000350293,9139586702.476254,0
XEC.V,D,20230225,000000,0.00003499,0.0000353811,0.0000334664,0.0000345024,8993659870.315504,0
XEC.V,D,20230226,000000,0.0000345021,0.0000355225,0.0000343914,0.0000352328,5885097770.238232,0
XEC.V,D,20230227,000000,0.0000352218,0.0000355811,0.0000343721,0.0000350721,7254221967.478527,0
XEC.V,D,20230228,000000,0.0000350821,0.0000352004,0.0000338527,0.0000340175,8856087858.311615,0
XEC.V,D,20230301,000000,0.0000339868,0.0000350031,0.0000339244,0.0000347845,7890312752.802801,0
XEC.V,D,20230302,000000,0.0000347852,0.0000349045,0.0000335697,0.0000341627,5814078731.871817,0
XEC.V,D,20230303,000000,0.0000341814,0.0000342631,0.0000307443,0.0000316622,6657285534.597282,0
XEC.V,D,20230304,000000,0.0000316719,0.0000321932,0.0000309115,0.0000313422,6985945927.544596,0
XEC.V,D,20230305,000000,0.0000313522,0.0000318522,0.0000310712,0.0000315338,4740753237.458898,0
XEC.V,D,20230306,000000,0.0000314535,0.0000314535,0.0000303327,0.0000310481,6242704976.767567,0
XEC.V,D,20230307,000000,0.0000310269,0.0000312594,0.0000297058,0.0000301315,8413792158.898403,0
XEC.V,D,20230308,000000,0.00003016,0.00003057,0.0000286789,0.0000288286,6038258454.679402,0
XEC.V,D,20230309,000000,0.0000288857,0.0000297405,0.0000269946,0.0000274425,4649183535.823595,0
XEC.V,D,20230310,000000,0.0000273438,0.0000275592,0.000025588,0.0000274005,10489751025.41618,0
XEC.V,D,20230311,000000,0.0000274688,0.0000283085,0.0000261667,0.0000269842,8111959860.377595,0
XEC.V,D,20230312,000000,0.0000270572,0.0000285227,0.0000265337,0.0000282366,6731604119.983966,0
XEC.V,D,20230313,000000,0.0000282769,0.0000309833,0.000028167,0.0000307675,11216010098.227592,0
XEC.V,D,20230314,000000,0.0000307306,0.0000327574,0.0000300728,0.000031684,21655264809.32914,0
XEC.V,D,20230315,000000,0.0000317048,0.0000325529,0.0000292317,0.0000297666,15432999729.611372,0
XEC.V,D,20230316,000000,0.0000297231,0.0000304951,0.0000294034,0.0000300917,8738870121.03399,0
XEC.V,D,20230317,000000,0.0000301139,0.000032066,0.0000299151,0.0000319656,9826683243.1437,0
XEC.V,D,20230318,000000,0.0000319452,0.0000335567,0.0000312839,0.0000316246,13925150520.050802,0
XEC.V,D,20230319,000000,0.0000316045,0.0000324571,0.0000309947,0.0000322976,9648291309.559977,0
XEC.V,D,20230320,000000,0.0000323167,0.0000328616,0.0000312292,0.0000316946,10497814329.24938,0
XEC.V,D,20230321,000000,0.0000317053,0.0000319998,0.0000305237,0.0000315503,8894934664.507408,0
XEC.V,D,20230322,000000,0.0000315604,0.0000317951,0.0000295186,0.0000302256,9800795278.10287,0
XEC.V,D,20230323,000000,0.0000301645,0.0000320253,0.0000301032,0.0000316156,13738244096.722115,0
XEC.V,D,20230324,000000,0.0000316776,0.0000318436,0.0000299357,0.0000302766,7634703855.827861,0
XEC.V,D,20230325,000000,0.0000302648,0.0000308211,0.0000300239,0.0000303391,4593172565.1198015,0
XEC.V,D,20230326,000000,0.0000302994,0.0000309879,0.0000301292,0.0000304043,6884001037.032902,0
XEC.V,D,20230327,000000,0.0000304662,0.0000306848,0.0000285891,0.000029134,5583825848.129154,0
XEC.V,D,20230328,000000,0.0000291537,0.0000299181,0.0000286506,0.0000295812,4319387246.2073,0
XEC.V,D,20230329,000000,0.0000295712,0.0000311375,0.0000295677,0.0000309556,5993010086.0837,0
XEC.V,D,20230330,000000,0.0000308262,0.000031486,0.0000301342,0.0000305486,6864605479.508907,0
XEC.V,D,20230331,000000,0.0000305983,0.0000311653,0.0000302063,0.0000310859,4610815465.400898,0
XEC.V,D,20230401,000000,0.0000310862,0.0000317479,0.0000308902,0.0000316417,8867927884.363607,0
XEC.V,D,20230402,000000,0.0000316233,0.0000333337,0.0000308313,0.0000309992,30451125303.262592,0
XEC.V,D,20230403,000000,0.0000309892,0.0000312741,0.0000300269,0.0000305913,10551466161.672747,0
XEC.V,D,20230404,000000,0.0000306222,0.0000312834,0.0000305107,0.0000311456,7291810633.3693,0
XEC.V,D,20230405,000000,0.0000311759,0.0000316824,0.0000307126,0.0000314113,6178086072.270198,0
XEC.V,D,20230406,000000,0.0000313613,0.0000332606,0.000031119,0.0000322613,22525814761.524395,0
XEC.V,D,20230407,000000,0.0000322413,0.0000324459,0.0000311277,0.0000315934,6792509838.787753,0
XEC.V,D,20230408,000000,0.0000316234,0.0000320541,0.0000312738,0.0000317224,6247064086.973299,0
XEC.V,D,20230409,000000,0.0000317124,0.0000322907,0.0000309238,0.0000317387,6893477228.657006,0
XEC.V,D,20230410,000000,0.0000317913,0.0000321018,0.0000308905,0.0000318658,8894555837.911074,0
XEC.V,D,20230411,000000,0.0000318658,0.0000322258,0.0000316976,0.0000318912,8493682180.591101,0
XEC.V,D,20230412,000000,0.0000318715,0.0000319322,0.0000307244,0.0000311743,7219407663.386001,0
XEC.V,D,20230413,000000,0.0000312243,0.0000320733,0.0000310977,0.0000317805,6996557847.948298,0
XEC.V,D,20230414,000000,0.0000317705,0.0000329362,0.0000317705,0.0000323268,9169116562.05449,0
XEC.V,D,20230415,000000,0.0000323068,0.0000325163,0.0000318884,0.0000321189,5623701354.893,0
XEC.V,D,20230416,000000,0.0000320985,0.0000327326,0.000031827,0.0000325821,8251992046.0456,0
XEC.V,D,20230417,000000,0.0000326622,0.0000326622,0.000031437,0.0000315864,8078393872.392405,0
XEC.V,D,20230418,000000,0.0000316596,0.0000322542,0.0000314738,0.0000321755,5709603436.969693,0
XEC.V,D,20230419,000000,0.000032158,0.00003225,0.0000299011,0.0000303455,11580574216.785183,0
