<TICKER>,<PER>,<DATE>,<TIME>,<OPEN>,<HIGH>,<LOW>,<CLOSE>,<VOL>,<OPENINT>
YFI.V,D,20200722,000000,1023.59,1496.99,940.88,1202.4,0,0
YFI.V,D,20200723,000000,1202.4,2243.06,1124.04,1899.86,0,0
YFI.V,D,20200724,000000,1899.86,3251.39,1703.4,3149.15,0,0
YFI.V,D,20200725,000000,3149.15,4803.8,2702.7,3401.91,0,0
YFI.V,D,20200726,000000,3401.91,3432,2183.18,3153.15,0,0
YFI.V,D,20200727,000000,3153.15,3210.49,2173.34,2924.21,0,0
YFI.V,D,20200728,000000,2924.21,3578.57,2515.22,3537.67,0,0
YFI.V,D,20200729,000000,3537.67,5255.25,3402.4,4635.07,0,0
YFI.V,D,20200730,000000,4635.07,4708.4,3896.11,4409.8,0,0
YFI.V,D,20200731,000000,4215,4400,3375,4225,0,0
YFI.V,D,20200801,000000,4229.87,4520,3800,3800,0,0
YFI.V,D,20200802,000000,3800,4148.34,3498.6,4098.36,0,0
YFI.V,D,20200803,000000,4098.36,4350,3632.65,3862.77,0,0
YFI.V,D,20200804,000000,3862.77,3977.1,3550,3688.63,0,0
YFI.V,D,20200805,000000,3688.63,4264.26,3581.36,4186.85,0,0
YFI.V,D,20200806,000000,4225,5050,4035,4775,0,0
YFI.V,D,20200807,000000,4775,5610,3530,4345,0,0
YFI.V,D,20200808,000000,4269.81,5000,4030.61,4599,0,0
YFI.V,D,20200809,000000,4599,4694.69,3776,4000,0,0
YFI.V,D,20200810,000000,4000,7381,3881.43,6258.43,0,0
YFI.V,D,20200811,000000,6258.43,6764.99,5698.52,6036.9,0,0
YFI.V,D,20200812,000000,6036.9,6116.71,5254.39,5751.01,0,0
YFI.V,D,20200813,000000,5751.01,5826.35,3050.26,5357.64,0,0
YFI.V,D,20200814,000000,5357.64,5357.64,4685.62,5021.12,0,0
YFI.V,D,20200815,000000,5021.12,5454.95,4165.19,5418.93,0,0
YFI.V,D,20200816,000000,5418.93,6743.19,5175.24,6664.63,0,0
YFI.V,D,20200817,000000,6664.63,9114.19,6357.92,8919.98,0,0
YFI.V,D,20200818,000000,8919.98,12797.9,8704.46,9665.48,0,0
YFI.V,D,20200819,000000,9665.48,12775.42,9600.02,12599.27,0,0
YFI.V,D,20200820,000000,12599.27,16687.31,11430.12,15290.33,0,0
YFI.V,D,20200821,000000,15290.33,15589.74,11780.41,12249.43,0,0
YFI.V,D,20200822,000000,12249.43,14437.85,11127.37,14047.66,0,0
YFI.V,D,20200823,000000,14047.66,14113.18,12013.23,12584.18,0,0
YFI.V,D,20200824,000000,12584.18,14513.11,12170.37,14507.14,0,0
YFI.V,D,20200825,000000,14507.14,14785.44,12742.57,13525.13,0,0
YFI.V,D,20200826,000000,13525.13,16378.18,13215.23,15692.6,0,0
YFI.V,D,20200827,000000,15692.6,15912.77,13977.78,14201.3,0,0
YFI.V,D,20200828,000000,14201.3,19513.36,14039.02,18864.95,0,0
YFI.V,D,20200829,000000,18864.95,27561.09,17877.29,27473.44,0,0
YFI.V,D,20200830,000000,27473.44,38888.6,26933.36,31732.52,0,0
YFI.V,D,20200831,000000,31732.52,39680.49,29764.21,34874.73,0,0
YFI.V,D,20200901,000000,34874.73,36813.9,31532.27,32003.15,0,0
YFI.V,D,20200902,000000,32003.15,32781.88,25901.92,32007.79,0,0
YFI.V,D,20200903,000000,32007.79,33365.51,27888.43,29483.53,0,0
YFI.V,D,20200904,000000,29483.53,31548,23988.4,27376.63,0,0
YFI.V,D,20200905,000000,27376.63,28761.94,18179.68,22197.46,0,0
YFI.V,D,20200906,000000,22197.46,25407.47,19465.14,23844.53,0,0
YFI.V,D,20200907,000000,23844.53,24633.68,20576.36,22993.62,0,0
YFI.V,D,20200908,000000,22993.62,23515.36,21103.58,22521.61,0,0
YFI.V,D,20200909,000000,22521.61,29303.77,21609.37,27651.23,0,0
YFI.V,D,20200910,000000,27651.23,34954.59,27527.59,34076.7,0,0
YFI.V,D,20200911,000000,34076.7,38327.24,31428.15,38140.69,0,0
YFI.V,D,20200912,000000,38140.69,43978.78,36353.19,43240.63,0,0
YFI.V,D,20200913,000000,43240.63,43282.44,32527.19,36858.07,0,0
YFI.V,D,20200914,000000,36858.07,42231.45,34909.07,39900.17,0,0
YFI.V,D,20200915,000000,39900.17,41528.79,35212.46,35374.15,0,0
YFI.V,D,20200916,000000,35374.15,37165.3,30635.9,34894.63,0,0
YFI.V,D,20200917,000000,34894.63,36693.76,29665.74,33271.03,0,0
YFI.V,D,20200918,000000,33271.03,34731.61,31339.57,33057.05,0,0
YFI.V,D,20200919,000000,33057.05,33199.52,27931.19,30976.58,0,0
YFI.V,D,20200920,000000,30976.58,30976.58,26269.1,28084.42,0,0
YFI.V,D,20200921,000000,28084.42,28415.96,21819.11,24010.99,0,0
YFI.V,D,20200922,000000,24010.99,26890.54,22771.7,25041.72,0,0
YFI.V,D,20200923,000000,25041.72,26242.89,21144.01,21202.4,0,0
YFI.V,D,20200924,000000,21202.4,25290.81,20374.67,25264.77,0,0
YFI.V,D,20200925,000000,25264.77,27523.83,23280.79,26831.36,0,0
YFI.V,D,20200926,000000,26831.36,31910.98,26046.89,31687.55,0,0
YFI.V,D,20200927,000000,31687.55,34195.27,28305.69,30672.55,0,0
YFI.V,D,20200928,000000,30672.55,31342.26,27659.89,28513.95,0,0
YFI.V,D,20200929,000000,28513.95,28919.93,23566.45,25075.77,0,0
YFI.V,D,20200930,000000,25075.77,25106.62,21942.49,23852.9,0,0
YFI.V,D,20201001,000000,23852.9,26222.92,21794.07,22837.64,0,0
YFI.V,D,20201002,000000,22837.64,23256.55,19090.89,21080.5,0,0
YFI.V,D,20201003,000000,21080.5,21708.09,18639.58,18881.66,0,0
YFI.V,D,20201004,000000,18881.66,20189.18,16134.05,19147.32,0,0
YFI.V,D,20201005,000000,19147.32,20402.72,17558.57,18914.75,0,0
YFI.V,D,20201006,000000,18914.75,19338.91,16189.69,16622.47,0,0
YFI.V,D,20201007,000000,16622.47,16684.1,13746.94,14895.79,0,0
YFI.V,D,20201008,000000,14895.79,17317.45,12318.56,16754.19,0,0
YFI.V,D,20201009,000000,16754.19,19432.85,15867.35,18076.45,0,0
YFI.V,D,20201010,000000,18076.45,19377.1,15896.96,16024.17,0,0
YFI.V,D,20201011,000000,16024.17,17712.62,15142.98,16927.8,0,0
YFI.V,D,20201012,000000,16927.8,17477.38,15750.73,16536.82,0,0
YFI.V,D,20201013,000000,16536.82,16701.25,15306.67,15646.28,0,0
YFI.V,D,20201014,000000,15646.28,16086.45,13761.15,14590.55,0,0
YFI.V,D,20201015,000000,14590.55,15783.67,13963.31,14629.82,0,0
YFI.V,D,20201016,000000,14629.82,14629.82,13420.22,13434.65,0,0
YFI.V,D,20201017,000000,13434.65,14157.51,13161.39,14040.09,0,0
YFI.V,D,20201018,000000,14040.09,15745.91,13932.12,15445.82,0,0
YFI.V,D,20201019,000000,15445.82,15636.36,13869.27,13869.28,0,0
YFI.V,D,20201020,000000,13869.28,14230.43,12995.75,13129.48,0,0
YFI.V,D,20201021,000000,13129.48,14695.72,12974.38,13337.84,0,0
YFI.V,D,20201022,000000,13337.84,14401.06,13176.94,13733.6,0,0
YFI.V,D,20201023,000000,13733.6,14952.32,13627.68,14912.95,0,0
YFI.V,D,20201024,000000,14912.95,15483.93,14557.71,14897.75,0,0
YFI.V,D,20201025,000000,14897.75,14897.75,14167.34,14303.29,0,0
YFI.V,D,20201026,000000,14303.29,14568.77,13224.52,13615.07,0,0
YFI.V,D,20201027,000000,13615.07,14180.79,13332.8,13386.86,0,0
YFI.V,D,20201028,000000,13386.86,13599.49,12072.46,12567.54,0,0
YFI.V,D,20201029,000000,12567.54,12947.73,10548.71,10835.93,0,0
YFI.V,D,20201030,000000,10835.93,11984.74,9678.29,11024.14,0,0
YFI.V,D,20201031,000000,11024.14,11425.4,10271.66,10504.93,0,0
YFI.V,D,20201101,000000,10504.93,11049.55,10025.27,10706.07,0,0
YFI.V,D,20201102,000000,10706.07,11232.6,10041.46,10115.25,0,0
YFI.V,D,20201103,000000,10115.25,10247.72,9346.57,9403.63,0,0
YFI.V,D,20201104,000000,9403.63,9718.11,8389.02,8581.43,0,0
YFI.V,D,20201105,000000,8581.43,9941.42,7472.39,8489.66,0,0
YFI.V,D,20201106,000000,8489.66,11931.69,8424.96,11814.69,0,0
YFI.V,D,20201107,000000,11814.69,17146.55,11814.69,14330.27,0,0
YFI.V,D,20201108,000000,14330.27,15977.36,13429.62,15121.72,0,0
YFI.V,D,20201109,000000,15121.72,15637.91,13891.66,15004.2,0,0
YFI.V,D,20201110,000000,15004.2,18877.85,14575.63,18262.93,0,0
YFI.V,D,20201111,000000,18262.93,19276.47,15710.37,16661.93,0,0
YFI.V,D,20201112,000000,16661.93,17163.62,14919.97,15442.88,0,0
YFI.V,D,20201113,000000,15442.88,18404.3,15152.98,17843.97,0,0
YFI.V,D,20201114,000000,17843.97,17880.4,16084.8,17147.37,0,0
YFI.V,D,20201115,000000,17147.37,18407.49,16543.9,17592.68,0,0
YFI.V,D,20201116,000000,17592.68,19096.29,16948.78,18506.74,0,0
YFI.V,D,20201117,000000,18506.74,24814.52,18445.12,23902.77,0,0
YFI.V,D,20201118,000000,23902.77,26089.15,20935.96,25379.7,0,0
YFI.V,D,20201119,000000,25379.7,29688.44,24229.16,27829.29,0,0
YFI.V,D,20201120,000000,27829.29,29874.3,25665.3,26500.97,0,0
YFI.V,D,20201121,000000,26500.97,27710.38,23401.5,24364.45,0,0
YFI.V,D,20201122,000000,24364.45,27111.17,21416.44,24428.22,0,0
YFI.V,D,20201123,000000,24428.22,26311.68,23216.81,25180.57,0,0
YFI.V,D,20201124,000000,25180.57,26353.66,23392.36,24746.83,0,0
YFI.V,D,20201125,000000,24746.83,24856.77,21570.43,22345.8,0,0
YFI.V,D,20201126,000000,22345.8,23388.56,18305.4,23379.41,0,0
YFI.V,D,20201127,000000,23379.41,25553.96,22266.89,23480.21,0,0
YFI.V,D,20201128,000000,23480.21,24444.46,22583.68,23398.02,0,0
YFI.V,D,20201129,000000,23398.02,24964.61,22930.34,24635.97,0,0
YFI.V,D,20201130,000000,24635.97,26889.02,24596.05,26452.65,0,0
YFI.V,D,20201201,000000,26452.65,28289.4,24566.51,25689.34,0,0
YFI.V,D,20201202,000000,25689.34,31773.39,25390.31,30370.07,0,0
YFI.V,D,20201203,000000,30370.07,31322.31,28497.08,29675.21,0,0
YFI.V,D,20201204,000000,29675.21,30558.1,26145.26,26485.28,0,0
YFI.V,D,20201205,000000,26485.28,29577.44,26270.92,29382.58,0,0
YFI.V,D,20201206,000000,29382.58,29530.58,27900,28803.02,0,0
YFI.V,D,20201207,000000,28803.02,29420.18,27951.88,28514.08,0,0
YFI.V,D,20201208,000000,28514.08,28548.43,24923.83,25463.36,0,0
YFI.V,D,20201209,000000,25463.36,26271.88,23601.29,25599.93,0,0
YFI.V,D,20201210,000000,25599.93,25833.93,23830.19,23967.37,0,0
YFI.V,D,20201211,000000,23967.37,24143.68,22065.65,23356.24,0,0
YFI.V,D,20201212,000000,23356.24,25799.97,23356.24,25377.67,0,0
YFI.V,D,20201213,000000,25377.67,27186.48,25346.59,26391.03,0,0
YFI.V,D,20201214,000000,26391.03,26391.03,25030.67,25836.36,0,0
YFI.V,D,20201215,000000,25836.36,26485.49,24634.87,24833.17,0,0
YFI.V,D,20201216,000000,24833.17,27700.63,24191.92,26995.55,0,0
YFI.V,D,20201217,000000,26995.55,28072.93,25846.73,26680.05,0,0
YFI.V,D,20201218,000000,26680.05,28664.56,26006.59,27908.33,0,0
YFI.V,D,20201219,000000,27908.33,28853.57,27283.81,27642.34,0,0
YFI.V,D,20201220,000000,27642.34,27642.34,25505.38,26151.38,0,0
YFI.V,D,20201221,000000,26151.38,27032.57,24157.33,24641.46,0,0
YFI.V,D,20201222,000000,24641.46,25283.1,22608.63,24911.53,0,0
YFI.V,D,20201223,000000,24911.53,25488.74,18538.3,20146.1,0,0
YFI.V,D,20201224,000000,20146.1,24037.23,19260.75,24004.63,0,0
YFI.V,D,20201225,000000,24004.63,25127.23,22672.82,23646.93,0,0
YFI.V,D,20201226,000000,23646.93,23832.03,21879.14,22517.31,0,0
YFI.V,D,20201227,000000,22517.31,24961.95,21621.62,22762.54,0,0
YFI.V,D,20201228,000000,22762.54,24459.56,22519.31,22773.42,0,0
YFI.V,D,20201229,000000,22773.42,23120.69,21097.77,22142.62,0,0
YFI.V,D,20201230,000000,22142.62,22724.75,21426.14,21787.69,0,0
YFI.V,D,20201231,000000,21787.69,23562.4,21156.2,22736.73,0,0
YFI.V,D,20210101,000000,22736.73,23497.04,21593.48,21899.91,0,0
YFI.V,D,20210102,000000,21899.91,22326.81,21298.4,21488.67,0,0
YFI.V,D,20210103,000000,21488.67,24897.78,20420.79,23927.1,0,0
YFI.V,D,20210104,000000,23927.1,26761.66,22072.25,23383.52,0,0
YFI.V,D,20210105,000000,23383.52,24955.84,22107.67,23801.79,0,0
YFI.V,D,20210106,000000,23801.79,25507.49,22709.93,24763.41,0,0
YFI.V,D,20210107,000000,24763.41,37145.62,24120.37,32968.11,0,0
YFI.V,D,20210108,000000,32968.11,38484.1,25683.8,34883.75,0,0
YFI.V,D,20210109,000000,34883.75,39953.99,33618.84,35893.13,0,0
YFI.V,D,20210110,000000,35893.13,38186.24,31220.49,33986.63,0,0
YFI.V,D,20210111,000000,33986.63,34067.73,25586.86,30125.3,0,0
YFI.V,D,20210112,000000,30125.3,32281.22,28230.14,29813.54,0,0
YFI.V,D,20210113,000000,29813.54,33844.7,28337.34,33570.25,0,0
YFI.V,D,20210114,000000,33570.25,34177.78,31264.23,32851.7,0,0
YFI.V,D,20210115,000000,32851.7,33630.85,28543.88,30201.97,0,0
YFI.V,D,20210116,000000,30201.97,35156.15,30201.58,33791.8,0,0
YFI.V,D,20210117,000000,33791.8,36785.24,32323.7,34582.16,0,0
YFI.V,D,20210118,000000,34582.16,40254.48,34564.61,38014.99,0,0
YFI.V,D,20210119,000000,38014.99,38445.74,33819.21,34425.7,0,0
YFI.V,D,20210120,000000,34425.7,35470.81,31324.29,34067.26,0,0
YFI.V,D,20210121,000000,34067.26,34218.06,26650.23,27875.7,0,0
YFI.V,D,20210122,000000,27875.7,32023.41,26139.6,30777.92,0,0
YFI.V,D,20210123,000000,30777.92,31532.44,29663.18,30586.04,0,0
YFI.V,D,20210124,000000,30586.04,33017.52,30312.71,32235.96,0,0
YFI.V,D,20210125,000000,32235.96,33181.76,29285.21,29336.89,0,0
YFI.V,D,20210126,000000,29336.89,30711.01,28490.84,30304.13,0,0
YFI.V,D,20210127,000000,30304.13,30395.26,27090.89,27745.42,0,0
YFI.V,D,20210128,000000,27745.42,30755.88,27400.5,29724.21,0,0
YFI.V,D,20210129,000000,29724.21,31820.21,28501.48,29972.33,0,0
YFI.V,D,20210130,000000,29972.33,32299.41,28552.03,31209.16,0,0
YFI.V,D,20210131,000000,31209.16,33533.69,29526.35,30164.31,0,0
YFI.V,D,20210201,000000,30164.31,31186.69,29285.58,31170.18,0,0
YFI.V,D,20210202,000000,31170.18,32592.85,30469.04,31758.65,0,0
YFI.V,D,20210203,000000,31758.65,34698.13,31726.96,34115.46,0,0
YFI.V,D,20210204,000000,34115.46,34974.07,29787.97,31153.86,0,0
YFI.V,D,20210205,000000,31153.86,34003.25,30433.82,32452.86,0,0
YFI.V,D,20210206,000000,32452.86,33287.22,30684.37,31603.77,0,0
YFI.V,D,20210207,000000,31603.77,31948.3,29250.57,30907.5,0,0
YFI.V,D,20210208,000000,30907.5,33721.24,30319.4,32530.54,0,0
YFI.V,D,20210209,000000,32530.54,35678.1,31610.37,35239.06,0,0
YFI.V,D,20210210,000000,35239.06,39202.3,33107.6,36406.26,0,0
YFI.V,D,20210211,000000,36406.26,45815.51,34930.12,43824.25,0,0
YFI.V,D,20210212,000000,43824.25,52658.89,43783.46,47117.37,0,0
YFI.V,D,20210213,000000,47117.37,48827.05,43548.92,47206.89,0,0
YFI.V,D,20210214,000000,47206.89,47507.22,42947.36,43413.46,0,0
YFI.V,D,20210215,000000,43413.46,44195.09,38528.76,40298.57,0,0
YFI.V,D,20210216,000000,40298.57,45477.59,39065.54,42929.96,0,0
YFI.V,D,20210217,000000,42929.96,44401.83,40025.4,43794.27,0,0
YFI.V,D,20210218,000000,43794.27,46238.49,42734.59,44299.03,0,0
YFI.V,D,20210219,000000,44299.03,45578.52,41886.56,44681.55,0,0
YFI.V,D,20210220,000000,44681.55,47988.51,39772.76,42273.97,0,0
YFI.V,D,20210221,000000,42273.97,44799.09,41313.94,43081.02,0,0
YFI.V,D,20210222,000000,43081.02,43178.02,32236.12,39200,0,0
YFI.V,D,20210223,000000,39200,39339.67,29082.6,33407.97,0,0
YFI.V,D,20210224,000000,33407.97,37041.56,31867.98,33806.11,0,0
YFI.V,D,20210225,000000,33806.11,35564.81,31425.25,31666.3,0,0
YFI.V,D,20210226,000000,31666.3,33219.51,29851.9,31131.8,0,0
YFI.V,D,20210227,000000,31131.8,33427.73,30713.05,31436.63,0,0
YFI.V,D,20210228,000000,31436.63,31636.09,27545.1,30780.01,0,0
YFI.V,D,20210301,000000,30780.01,34834.15,30675.76,34778.6,0,0
YFI.V,D,20210302,000000,34778.6,35454.21,32328.74,33253.12,0,0
YFI.V,D,20210303,000000,33253.12,35762.3,32989.57,33771.44,0,0
YFI.V,D,20210304,000000,33771.44,34516.76,31522.2,32374.12,0,0
YFI.V,D,20210305,000000,32374.12,32533.53,30101.17,31965.28,0,0
YFI.V,D,20210306,000000,31965.28,34186.08,31325.52,34031.93,0,0
YFI.V,D,20210307,000000,34031.93,39267.4,33867.97,39109.81,0,0
YFI.V,D,20210308,000000,39109.81,42288.58,37903.05,39784.04,0,0
YFI.V,D,20210309,000000,39784.04,40354.92,38613.42,38978.21,0,0
YFI.V,D,20210310,000000,38978.21,39115.62,36407.07,37871.48,0,0
YFI.V,D,20210311,000000,37871.48,38450.25,36065.97,37933.66,0,0
YFI.V,D,20210312,000000,37933.66,38179.49,35160.83,35977.49,0,0
YFI.V,D,20210313,000000,35977.49,38773.92,34919.81,38185.77,0,0
YFI.V,D,20210314,000000,38185.77,38657.46,35673.56,35847.13,0,0
YFI.V,D,20210315,000000,35847.13,36600.91,33622.05,34574.51,0,0
YFI.V,D,20210316,000000,34574.51,35330.71,33186.57,34959.48,0,0
YFI.V,D,20210317,000000,34959.48,35449.84,33280.16,35082.54,0,0
YFI.V,D,20210318,000000,35082.54,37516.31,34787.29,35668.93,0,0
YFI.V,D,20210319,000000,35668.93,36824.37,34727.06,35985.85,0,0
YFI.V,D,20210320,000000,35985.85,37348.85,34984.97,35080.9,0,0
YFI.V,D,20210321,000000,35080.9,36008.81,34272.74,35344.34,0,0
YFI.V,D,20210322,000000,35344.34,35902.95,32943.02,33259.32,0,0
YFI.V,D,20210323,000000,33259.32,34291.15,32885.48,33756.97,0,0
YFI.V,D,20210324,000000,33756.97,34705.84,30222.62,30936.1,0,0
YFI.V,D,20210325,000000,30936.1,32518.99,29816.44,31832.36,0,0
YFI.V,D,20210326,000000,31832.36,33334.17,31791.88,33194.27,0,0
YFI.V,D,20210327,000000,33194.27,33382.32,31676.94,32712.57,0,0
YFI.V,D,20210328,000000,32712.57,33769.91,32005.24,32608.2,0,0
YFI.V,D,20210329,000000,32608.2,36262.09,32356.28,35384.85,0,0
YFI.V,D,20210330,000000,35384.85,36812.82,35090.26,35543.36,0,0
YFI.V,D,20210331,000000,35543.36,36729.3,33870.8,36142.77,0,0
YFI.V,D,20210401,000000,36142.77,37181.2,35557.94,36558.3,0,0
YFI.V,D,20210402,000000,36558.3,39968.66,35951.11,39303.19,0,0
YFI.V,D,20210403,000000,39303.19,39805.76,35814.72,35838.92,0,0
YFI.V,D,20210404,000000,35838.92,37970.49,35290.01,37557.1,0,0
YFI.V,D,20210405,000000,37557.1,38883.51,35978.42,38476.99,0,0
YFI.V,D,20210406,000000,38476.99,42970.68,38476.99,41325.35,0,0
YFI.V,D,20210407,000000,41325.35,44350.07,38308.04,43949.51,0,0
YFI.V,D,20210408,000000,43949.51,49013.74,43855.6,47249.48,0,0
YFI.V,D,20210409,000000,47249.48,48854.17,45152.69,45751.25,0,0
YFI.V,D,20210410,000000,45751.25,46116.09,43228.22,44569.8,0,0
YFI.V,D,20210411,000000,44569.8,46892.89,44348.78,45026.06,0,0
YFI.V,D,20210412,000000,45026.06,45248.94,41657.72,43054.2,0,0
YFI.V,D,20210413,000000,43054.2,46407.61,41952.88,44771.96,0,0
YFI.V,D,20210414,000000,44771.96,47947.38,42910.29,47203.97,0,0
YFI.V,D,20210415,000000,47203.97,53122.3,47046.07,50291.83,0,0
YFI.V,D,20210416,000000,50291.83,53524.29,45759.8,53072.07,0,0
YFI.V,D,20210417,000000,53072.07,54420.22,48460.43,48649.19,0,0
YFI.V,D,20210418,000000,48649.19,53844.26,42247.17,53475.58,0,0
YFI.V,D,20210419,000000,53475.58,57264.41,45864.25,46794.21,0,0
YFI.V,D,20210420,000000,46794.21,51159.36,43264.62,48943.75,0,0
YFI.V,D,20210421,000000,48943.75,50583.06,45040.17,45348.59,0,0
YFI.V,D,20210422,000000,45348.59,51808.72,44379.66,45382.9,0,0
YFI.V,D,20210423,000000,45441.26,46297.53,39148.02,43312.54,0,0
YFI.V,D,20210424,000000,43333.38,43350.42,38892.41,39260.38,0,0
YFI.V,D,20210425,000000,39260.38,42271.4,37722.83,39804.92,0,0
YFI.V,D,20210426,000000,39804.92,45470.88,39593.31,45291.78,0,0
YFI.V,D,20210427,000000,45291.78,49366.54,44203.16,48750.03,0,0
YFI.V,D,20210428,000000,48750.03,50547.58,47317.9,48093.02,0,0
YFI.V,D,20210429,000000,48093.02,48470.58,45955.48,46810.63,0,0
YFI.V,D,20210430,000000,46810.63,49400.92,46125.77,48911.82,0,0
YFI.V,D,20210501,000000,48911.82,50610.72,48350.17,49805.66,0,0
YFI.V,D,20210502,000000,49805.66,49900.71,47427.37,48498.11,0,0
YFI.V,D,20210503,000000,48459.74,54341.73,48459.74,53384.47,0,0
YFI.V,D,20210504,000000,53384.47,55532.97,49643.3,50289.91,0,0
YFI.V,D,20210505,000000,50348.46,54895.25,49950.56,54562.25,0,0
YFI.V,D,20210506,000000,54553.73,57839.62,51255.45,52367.33,0,0
YFI.V,D,20210507,000000,52457.97,54167.24,50335.25,53386.29,0,0
YFI.V,D,20210508,000000,53386.29,55360.54,52103.6,54128.36,0,0
YFI.V,D,20210509,000000,54208.89,54930.59,51813.99,53411.6,0,0
YFI.V,D,20210510,000000,53397.79,62509.16,50372.44,62104.71,0,0
YFI.V,D,20210511,000000,62104.71,83060.19,57059.92,82875.99,0,0
YFI.V,D,20210512,000000,82958.86,95338.73,64783.55,65827.03,0,0
YFI.V,D,20210513,000000,65827.03,76528.92,60950.9,66092.76,0,0
YFI.V,D,20210514,000000,66092.76,81869.82,65631.69,77691.49,0,0
YFI.V,D,20210515,000000,77754.27,79324.32,66175.1,67049.81,0,0
YFI.V,D,20210516,000000,67049.81,70888.42,59930.64,65295.74,0,0
YFI.V,D,20210517,000000,65936.59,68932.02,58277.71,64228.83,0,0
YFI.V,D,20210518,000000,64228.83,77608.09,63722.02,72923.38,0,0
YFI.V,D,20210519,000000,72923.38,74523.89,35884.05,46029.7,0,0
YFI.V,D,20210520,000000,46029.7,57374.14,38029.32,51987.6,0,0
YFI.V,D,20210521,000000,51987.6,54489.47,35983.09,43854.31,0,0
YFI.V,D,20210522,000000,43854.31,44657.35,37266.86,38501.44,0,0
YFI.V,D,20210523,000000,38501.44,40126.29,24028.8,32661.06,0,0
YFI.V,D,20210524,000000,32661.06,52016.44,32055.98,48237.18,0,0
YFI.V,D,20210525,000000,48237.18,50837.99,42288.95,46870.71,0,0
YFI.V,D,20210526,000000,46918.85,51633.69,45683.82,50179.16,0,0
YFI.V,D,20210527,000000,50179.16,50284.57,45011.8,46844.67,0,0
YFI.V,D,20210528,000000,46844.67,47294.74,39021.63,40860.06,0,0
YFI.V,D,20210529,000000,40860.06,42896.79,37475.74,39155.01,0,0
YFI.V,D,20210530,000000,39043.61,43857.13,37346,41811.76,0,0
YFI.V,D,20210531,000000,41811.76,47222.57,40035.14,47081.24,0,0
YFI.V,D,20210601,000000,47014.98,47718.21,43853.75,45069.86,0,0
YFI.V,D,20210602,000000,45069.86,46616.7,43803.43,45192.3,0,0
YFI.V,D,20210603,000000,45192.3,47174.99,44533.17,45882.92,0,0
YFI.V,D,20210604,000000,45882.92,45998.15,40987.58,42627.64,0,0
YFI.V,D,20210605,000000,42627.64,44524.95,40763.32,42200.42,0,0
YFI.V,D,20210606,000000,42200.42,44696.23,41724.01,43030.28,0,0
YFI.V,D,20210607,000000,43030.28,44280.26,40059.87,40422.76,0,0
YFI.V,D,20210608,000000,40422.76,41105.43,35954.3,39703.77,0,0
YFI.V,D,20210609,000000,39703.77,41087.36,37716.4,40483.49,0,0
YFI.V,D,20210610,000000,40483.49,40616.02,37096.06,37788.35,0,0
YFI.V,D,20210611,000000,37788.35,38368.72,36048.52,36918.83,0,0
YFI.V,D,20210612,000000,36918.83,37286.17,34633.83,36309.11,0,0
YFI.V,D,20210613,000000,36309.11,38954.21,35219.81,38532.03,0,0
YFI.V,D,20210614,000000,38532.03,40436.91,38029.71,39424.94,0,0
YFI.V,D,20210615,000000,39424.94,40194.93,38470.21,38929.38,0,0
YFI.V,D,20210616,000000,38929.38,38947.1,36112.25,36368.46,0,0
YFI.V,D,20210617,000000,36368.46,37583.26,35368.35,36298.99,0,0
YFI.V,D,20210618,000000,36298.99,36521,32584.54,34179.56,0,0
YFI.V,D,20210619,000000,34179.56,34864.58,33261.46,33261.46,0,0
YFI.V,D,20210620,000000,33261.46,37342.14,32887.18,36051.12,0,0
YFI.V,D,20210621,000000,36031.75,36234.09,29020.11,29408.27,0,0
YFI.V,D,20210622,000000,29408.27,31395.49,25051.53,28637.35,0,0
YFI.V,D,20210623,000000,28638.12,32406.28,27642.77,30944.36,0,0
YFI.V,D,20210624,000000,30944.36,32070.51,29391.95,31340.09,0,0
YFI.V,D,20210625,000000,31340.09,31817.2,27868.63,28130.87,0,0
YFI.V,D,20210626,000000,28130.87,28944.96,26810.62,28694.34,0,0
YFI.V,D,20210627,000000,28694.34,30253.41,27918.28,30253.41,0,0
YFI.V,D,20210628,000000,30253.41,32821.85,29780.98,31372.34,0,0
YFI.V,D,20210629,000000,31372.34,34788.08,31270.21,33625.26,0,0
YFI.V,D,20210630,000000,33625.26,34010.36,31165.9,33795.46,0,0
YFI.V,D,20210701,000000,33795.46,34224.35,31590.73,31941.5,0,0
YFI.V,D,20210702,000000,31941.5,32359.91,30576.5,32008.45,0,0
YFI.V,D,20210703,000000,32008.45,33990.28,31520.73,32646,0,0
YFI.V,D,20210704,000000,32646,34479.8,31609.75,33373.45,0,0
YFI.V,D,20210705,000000,33373.45,33418.8,31025.99,32404.14,0,0
YFI.V,D,20210706,000000,32404.14,37271.91,32404.14,35904.21,0,0
YFI.V,D,20210707,000000,35904.21,37759.67,35174.89,35397.18,0,0
YFI.V,D,20210708,000000,35397.18,35478.25,32347.77,33027.44,0,0
YFI.V,D,20210709,000000,33027.44,33973.56,31636.25,33437.01,0,0
YFI.V,D,20210710,000000,33437.01,34063.04,32468.72,33140.17,0,0
YFI.V,D,20210711,000000,33140.17,34258.4,32771.6,33751.25,0,0
YFI.V,D,20210712,000000,33751.25,34368.04,32262.09,32850.37,0,0
YFI.V,D,20210713,000000,32850.37,33849.4,31917.67,32270.95,0,0
YFI.V,D,20210714,000000,32270.95,32415.3,30136.22,31512.24,0,0
YFI.V,D,20210715,000000,31512.24,32238.36,29733.19,30072.65,0,0
YFI.V,D,20210716,000000,30072.65,30581.63,27523.23,27639.8,0,0
YFI.V,D,20210717,000000,27639.8,28206.28,27087.08,27677.22,0,0
YFI.V,D,20210718,000000,27677.22,28895.08,27592.65,27971.28,0,0
YFI.V,D,20210719,000000,27971.28,28289.43,26630.9,26849.54,0,0
YFI.V,D,20210720,000000,26849.54,27265.66,24821.09,25781.42,0,0
YFI.V,D,20210721,000000,25781.42,29679.79,25308.56,28268.33,0,0
YFI.V,D,20210722,000000,28268.33,28836.57,27481.35,28490.75,0,0
YFI.V,D,20210723,000000,28490.75,29422.47,27948.39,29404.34,0,0
YFI.V,D,20210724,000000,29404.34,30268.99,28939.74,29499.7,0,0
YFI.V,D,20210725,000000,29499.7,29972.61,28680.8,29972.31,0,0
YFI.V,D,20210726,000000,29972.31,33145.75,29827.12,30042.33,0,0
YFI.V,D,20210727,000000,30049.67,31015.32,28841.16,29624,0,0
YFI.V,D,20210728,000000,29638.9,30656.55,29222.08,29855.75,0,0
YFI.V,D,20210729,000000,29855.75,31102.97,29416.48,30847.79,0,0
YFI.V,D,20210730,000000,30847.79,31401.54,29740.28,31297.91,0,0
YFI.V,D,20210731,000000,31297.91,33711.73,30746.24,33063.36,0,0
YFI.V,D,20210801,000000,33063.36,34006.93,31587.41,31698.29,0,0
YFI.V,D,20210802,000000,31698.29,33485.52,31089.27,31957.07,0,0
YFI.V,D,20210803,000000,31957.07,32521.06,30607.38,31859.36,0,0
YFI.V,D,20210804,000000,31859.36,33316.41,31145.66,32996.39,0,0
YFI.V,D,20210805,000000,32996.39,33680.9,31363.67,32918.67,0,0
YFI.V,D,20210806,000000,32918.67,33691.69,32171.56,33215.97,0,0
YFI.V,D,20210807,000000,33215.97,35050.34,32866.73,34635.02,0,0
YFI.V,D,20210808,000000,34635.02,34833.96,32125.82,32740.31,0,0
YFI.V,D,20210809,000000,32740.31,34291.66,31796.07,33936.52,0,0
YFI.V,D,20210810,000000,33936.52,35593.44,33509.6,34870,0,0
YFI.V,D,20210811,000000,34870,41210.31,34787.24,37955.78,0,0
YFI.V,D,20210812,000000,38839.74,39332.87,35548.79,37010.61,0,0
YFI.V,D,20210813,000000,36990.85,40475.86,36663.18,40216.77,0,0
YFI.V,D,20210814,000000,40198.69,40238.89,38264.09,39550.15,0,0
YFI.V,D,20210815,000000,39550.15,40047.83,37730.55,39882.69,0,0
YFI.V,D,20210816,000000,39882.69,41989.18,39089.64,39292.26,0,0
YFI.V,D,20210817,000000,39292.26,41817.94,37427.56,37849.78,0,0
YFI.V,D,20210818,000000,37849.78,38834.52,36821.92,37121.35,0,0
YFI.V,D,20210819,000000,37121.35,39148.47,36113.64,39135.26,0,0
YFI.V,D,20210820,000000,39135.26,40321.04,38880.37,39756.71,0,0
YFI.V,D,20210821,000000,39756.71,39970.38,38611.93,38835.21,0,0
YFI.V,D,20210822,000000,38835.21,41029.04,38416.2,39511.54,0,0
YFI.V,D,20210823,000000,39511.54,40634.39,39454.02,39997.32,0,0
YFI.V,D,20210824,000000,39997.32,40390.06,36984.02,37088.79,0,0
YFI.V,D,20210825,000000,37088.79,38391.84,36022.87,38287.62,0,0
YFI.V,D,20210826,000000,38287.62,38459.05,35595.19,36114.42,0,0
YFI.V,D,20210827,000000,36114.42,38211.02,35218.16,37828.52,0,0
YFI.V,D,20210828,000000,37828.52,38313.73,37107.92,38089.91,0,0
YFI.V,D,20210829,000000,38089.91,38713.27,37018.99,37497.69,0,0
YFI.V,D,20210830,000000,37497.69,37667.04,35955.24,36253.74,0,0
YFI.V,D,20210831,000000,36253.74,38777.69,35690.3,38322.49,0,0
YFI.V,D,20210901,000000,38322.49,40448.15,37805.03,39975.82,0,0
YFI.V,D,20210902,000000,39975.82,40277.71,38529.65,38666.96,0,0
YFI.V,D,20210903,000000,38666.96,41023.81,37725.26,40416.83,0,0
YFI.V,D,20210904,000000,40416.83,43494.42,39778.09,41465.79,0,0
YFI.V,D,20210905,000000,41465.79,43826.02,40517.73,42892.72,0,0
YFI.V,D,20210906,000000,42892.72,43512.79,41477.64,42133.7,0,0
YFI.V,D,20210907,000000,42133.7,42698.94,31278.04,34473.8,0,0
YFI.V,D,20210908,000000,34577.01,35896.07,32220.4,34646.55,0,0
YFI.V,D,20210909,000000,34648.01,35681.15,33592.9,34327.82,0,0
YFI.V,D,20210910,000000,34327.82,35436.19,32027.4,32802.95,0,0
YFI.V,D,20210911,000000,32807.18,33998.06,32545.71,32965.13,0,0
YFI.V,D,20210912,000000,32965.13,34316.84,32403.61,33266.24,0,0
YFI.V,D,20210913,000000,33278.24,33601.59,31172.89,32738.57,0,0
YFI.V,D,20210914,000000,32738.57,35689.28,32556.96,35689.28,0,0
YFI.V,D,20210915,000000,35709.65,37979.96,35185.88,36533.75,0,0
YFI.V,D,20210916,000000,36474.34,36741.9,34167.12,34741.3,0,0
YFI.V,D,20210917,000000,34741.3,35043.71,32763.41,33206.87,0,0
YFI.V,D,20210918,000000,33206.87,34374.49,32803.93,33884.44,0,0
YFI.V,D,20210919,000000,33884.44,33926.69,32496.68,32974.62,0,0
YFI.V,D,20210920,000000,32974.77,33067.79,28363.03,29363.9,0,0
YFI.V,D,20210921,000000,29457.69,30322.94,26610.38,27281.15,0,0
YFI.V,D,20210922,000000,27287.93,30601.05,26954.58,30505.76,0,0
YFI.V,D,20210923,000000,30465.25,31412.87,29985.03,31274.66,0,0
YFI.V,D,20210924,000000,31274.66,31353.09,27132.39,29278.53,0,0
YFI.V,D,20210925,000000,29278.53,30459.93,28566.98,30263.13,0,0
YFI.V,D,20210926,000000,30263.13,30977.54,27709.42,30389.65,0,0
YFI.V,D,20210927,000000,30389.65,31643.08,28577.42,28595.12,0,0
YFI.V,D,20210928,000000,28595.12,29930.17,28126.52,28190.19,0,0
YFI.V,D,20210929,000000,28190.19,29528.21,27920.4,28542.08,0,0
YFI.V,D,20210930,000000,28542.08,29528.59,28393.19,29170.79,0,0
YFI.V,D,20211001,000000,29170.79,31653.11,28816.77,31643.61,0,0
YFI.V,D,20211002,000000,31643.61,32753.86,30944.93,31914.63,0,0
YFI.V,D,20211003,000000,31914.63,32221.74,31207.46,31358.6,0,0
YFI.V,D,20211004,000000,31358.6,31358.6,29807.6,30764.62,0,0
YFI.V,D,20211005,000000,30764.62,32307.28,30119.57,31882.76,0,0
YFI.V,D,20211006,000000,31882.76,32774.28,29874.03,32036.74,0,0
YFI.V,D,20211007,000000,32057.88,32698.42,30916.04,32190.84,0,0
YFI.V,D,20211008,000000,32128.8,37430.62,32046.02,34561.39,0,0
YFI.V,D,20211009,000000,34561.39,35335.75,33797.27,33962.82,0,0
YFI.V,D,20211010,000000,33962.82,34856.21,32452.03,32598.66,0,0
YFI.V,D,20211011,000000,32639.04,35553.47,32159.62,35535.52,0,0
YFI.V,D,20211012,000000,35535.52,35543.43,33277.32,34774.93,0,0
YFI.V,D,20211013,000000,34774.93,35648.78,34115.45,34613.85,0,0
YFI.V,D,20211014,000000,34589.42,36085.34,34429.05,35404.53,0,0
YFI.V,D,20211015,000000,35401.46,36632.4,34672.07,35998.14,0,0
YFI.V,D,20211016,000000,35977.3,36333.39,34990.68,35107.78,0,0
YFI.V,D,20211017,000000,35107.78,35561.47,33463.72,34776.38,0,0
YFI.V,D,20211018,000000,34776.38,34967.33,33299.17,33831.32,0,0
YFI.V,D,20211019,000000,33831.32,34731.58,33630.63,34724.2,0,0
YFI.V,D,20211020,000000,34724.2,36187.03,34183.55,36054.85,0,0
YFI.V,D,20211021,000000,36054.85,36621.42,34237.37,34287.42,0,0
YFI.V,D,20211022,000000,34287.42,34836.78,33588.97,34589.15,0,0
YFI.V,D,20211023,000000,34589.15,35804.05,34404.6,35780.18,0,0
YFI.V,D,20211024,000000,35780.18,35873.94,33948.03,34497.96,0,0
YFI.V,D,20211025,000000,34497.96,35075.81,34349,34779.91,0,0
YFI.V,D,20211026,000000,34795.89,38845.36,34732.82,37623.35,0,0
YFI.V,D,20211027,000000,37623.35,39533.66,33814.07,33833.75,0,0
YFI.V,D,20211028,000000,33833.75,35086.63,33433.12,34259.18,0,0
YFI.V,D,20211029,000000,34259.18,35493.08,34078.46,34913.21,0,0
YFI.V,D,20211030,000000,34882.58,35029.81,33469.52,33803.17,0,0
YFI.V,D,20211031,000000,33827.11,34308.94,33162.39,34115.45,0,0
YFI.V,D,20211101,000000,34131.32,35016.57,33275.83,34881.57,0,0
YFI.V,D,20211102,000000,34881.57,35370.25,34310.54,35037.68,0,0
YFI.V,D,20211103,000000,35035.29,35459.41,33719.96,34701.2,0,0
YFI.V,D,20211104,000000,34686.95,34721.64,33333.88,33999.03,0,0
YFI.V,D,20211105,000000,33999.03,34426.99,33713.74,33990.55,0,0
YFI.V,D,20211106,000000,33990.55,34042.47,32350.99,33867.63,0,0
YFI.V,D,20211107,000000,33867.63,35530.97,33462.88,35530.97,0,0
YFI.V,D,20211108,000000,35530.97,36362.42,35089.56,35615.5,0,0
YFI.V,D,20211109,000000,35615.5,35662.95,34445.1,34512.83,0,0
YFI.V,D,20211110,000000,34558.99,35813.52,32501.38,33000.32,0,0
YFI.V,D,20211111,000000,33000.32,34951.96,32577.97,33743.85,0,0
YFI.V,D,20211112,000000,33717.32,35506.46,31709.63,32230.42,0,0
YFI.V,D,20211113,000000,32230.42,33057.57,32136.4,32706.04,0,0
YFI.V,D,20211114,000000,32706.04,34477.89,32703.75,33553.09,0,0
YFI.V,D,20211115,000000,33553.09,35381.36,33390.87,33440.38,0,0
YFI.V,D,20211116,000000,33439,33439,29864.28,30653.58,0,0
YFI.V,D,20211117,000000,30606.79,31254.88,29833.69,31187.79,0,0
YFI.V,D,20211118,000000,31187.79,35629.77,30468.12,32472.43,0,0
YFI.V,D,20211119,000000,32472.43,33015.59,31026.31,31785.06,0,0
YFI.V,D,20211120,000000,31785.06,32305.97,30872.48,32005.9,0,0
YFI.V,D,20211121,000000,32005.9,32693.92,31276.36,31599.66,0,0
YFI.V,D,20211122,000000,31599.66,32567.59,30490.49,31186.3,0,0
YFI.V,D,20211123,000000,31186.3,32128.22,30927.57,31584.37,0,0
YFI.V,D,20211124,000000,31582.01,32221.62,30245.88,31141.67,0,0
YFI.V,D,20211125,000000,31162.35,32093.53,30920.29,32028.23,0,0
YFI.V,D,20211126,000000,32040.97,32749.25,28523.67,29024.93,0,0
YFI.V,D,20211127,000000,29069.75,29723.16,28661,29330.96,0,0
YFI.V,D,20211128,000000,29312.35,29830,27979.55,29447.26,0,0
YFI.V,D,20211129,000000,29525,30405,29490,30167.85,0,0
YFI.V,D,20211130,000000,30169.38,30507.76,29225,29625,0,0
YFI.V,D,20211201,000000,29625,30180,28479.98,28922.18,0,0
YFI.V,D,20211202,000000,28915,29373.56,28118.53,29023.87,0,0
YFI.V,D,20211203,000000,29045,29428.04,26770.53,27410.67,0,0
YFI.V,D,20211204,000000,27476.45,27687.64,18000,24630.43,0,0
YFI.V,D,20211205,000000,24681.97,25525.72,23079.45,23687.09,0,0
YFI.V,D,20211206,000000,23694.92,24004.78,21800,23740,0,0
YFI.V,D,20211207,000000,23797.04,24575,21905,22035,0,0
YFI.V,D,20211208,000000,22055,22965,21485,22475.18,0,0
YFI.V,D,20211209,000000,22545.4,23954.25,20765.23,21149.29,0,0
YFI.V,D,20211210,000000,21140,21575.03,20216.43,20423.48,0,0
YFI.V,D,20211211,000000,20345,23315,19770,21462.11,0,0
YFI.V,D,20211212,000000,21475,22589.91,20878.76,21830.68,0,0
YFI.V,D,20211213,000000,21830.68,21901.87,19072.5,19838.4,0,0
YFI.V,D,20211214,000000,19865,20425,19290,20038.32,0,0
YFI.V,D,20211215,000000,20025,20997.49,18874.21,20658.69,0,0
YFI.V,D,20211216,000000,20641.63,25941.31,19763.8,24952.91,0,0
YFI.V,D,20211217,000000,24954.55,33884.57,24308.19,32379.49,0,0
YFI.V,D,20211218,000000,32381.62,34612.03,30277.45,31130.55,0,0
YFI.V,D,20211219,000000,31133.96,33208.28,30548.08,32624.11,0,0
YFI.V,D,20211220,000000,32667.2,39269.19,31487.63,37232.53,0,0
YFI.V,D,20211221,000000,37236.25,37889.6,34174.14,34711.83,0,0
YFI.V,D,20211222,000000,34751.74,35317.1,31736.91,31984.38,0,0
YFI.V,D,20211223,000000,31960.29,33269.81,30985.77,31530.57,0,0
YFI.V,D,20211224,000000,31530.57,33007.27,30346.95,32946.73,0,0
YFI.V,D,20211225,000000,32967.07,33617.03,30794.37,31177.12,0,0
YFI.V,D,20211226,000000,31168.84,32104.81,30346.19,31428.79,664,0
YFI.V,D,20211227,000000,31419.98,34767.38,30945.27,32253.48,2248,0
YFI.V,D,20211228,000000,32200.97,32228.01,28768.82,29263.1,2566,0
YFI.V,D,20211229,000000,29250.54,31285.34,27755.94,29548.43,2385,0
YFI.V,D,20211230,000000,29556.43,29905.48,28002.8,29652.21,1772,0
YFI.V,D,20211231,000000,29666.57,33396.55,29558.98,33129.9,3516.3817907777,0
YFI.V,D,20220101,000000,33165.91,38503.48,32451.44,36936.92,4743.7749692657,0
YFI.V,D,20220102,000000,36934.62,39503.95,35635.81,39062.99,4750.2113654434,0
YFI.V,D,20220103,000000,39080.02,41679.29,37802.07,39346.31,5165.7003532814,0
YFI.V,D,20220104,000000,39361.35,39741.51,36247.21,36369.75,2787.4627723721,0
YFI.V,D,20220105,000000,36323.43,37386.97,30945.31,32603.47,3213.723468148,0
YFI.V,D,20220106,000000,32619.71,36989.2,31161.83,36153.35,4754.0720365273,0
YFI.V,D,20220107,000000,36180.31,37080.03,31367.87,35118.82,7112.4521039111,0
YFI.V,D,20220108,000000,35134.55,36670.22,32028.7,33680.81,2667.7167258592,0
YFI.V,D,20220109,000000,33680,35327.36,32767.8,33024.36,2428.1942852958,0
YFI.V,D,20220110,000000,33026.9,33130.54,29372,31703.68,2634.3725194846,0
YFI.V,D,20220111,000000,31720.79,33354.79,31565.37,32521.73,1814.5877151351,0
YFI.V,D,20220112,000000,32552.82,34749.45,32484.25,33587.22,1658.6965442012,0
YFI.V,D,20220113,000000,33544.08,34256.31,31158.07,31669.11,1497.9814482964,0
YFI.V,D,20220114,000000,31612.65,33087.02,31032.8,32089.54,1364.1841414115,0
YFI.V,D,20220115,000000,32074.99,33902.22,31704.13,33583.57,1015.720803547,0
YFI.V,D,20220116,000000,33591.48,34205.74,33064.64,33813.46,1001.110827635,0
YFI.V,D,20220117,000000,33793.71,33830.68,31209.38,31556.67,1037.1056549914,0
YFI.V,D,20220118,000000,31570.77,33534.86,30851.41,33009.18,1877.3107135801,0
YFI.V,D,20220119,000000,33013.12,33529.06,31221.66,32479.74,2005.8598636777,0
YFI.V,D,20220120,000000,32469.78,34398.51,31503.15,31802.72,2413.6630413418,0
YFI.V,D,20220121,000000,31790.76,31880.76,25121.39,25714.89,1990.9841542827,0
YFI.V,D,20220122,000000,25810.38,26702.24,20376.92,22532.1,3211.4495168671,0
YFI.V,D,20220123,000000,22546.01,24925.38,22434.96,23880.84,1788.5094413376,0
YFI.V,D,20220124,000000,23929.11,25163.33,21406.95,23941.53,2094.2994551182,0
YFI.V,D,20220125,000000,23941.25,24958.58,23375.35,24383.39,1620.4417565426,0
YFI.V,D,20220126,000000,24412.17,26216.54,23467.65,23917.92,1682.2738405917,0
YFI.V,D,20220127,000000,23931.01,24817.93,23072.04,23617.24,1104.63047751,0
YFI.V,D,20220128,000000,23611.35,24165.4,22377.53,23382.1,1158.2182417771,0
YFI.V,D,20220129,000000,23375.19,24697.68,23349.69,24332.87,1110.1513364809,0
YFI.V,D,20220130,000000,24330.85,25581.17,23472.75,23673.7,1014.9068001118,0
YFI.V,D,20220131,000000,23691.74,24757.02,22886.23,24679.79,811.17230592501,0
YFI.V,D,20220201,000000,24682.03,25486.65,24600.57,25473.83,798.41419850269,0
YFI.V,D,20220202,000000,25491.03,25725.45,22922.7,23077.69,930.12572889897,0
YFI.V,D,20220203,000000,23070.9,23450.51,22521.25,23361.4,783.0896993132,0
YFI.V,D,20220204,000000,23361.45,24848.13,23309.05,24589.88,1058.5271089308,0
YFI.V,D,20220205,000000,24589.88,25884.23,24468.11,25293.78,1333.3820666666,0
YFI.V,D,20220206,000000,25293.78,25388.5,23717.18,23935.47,824.13999780601,0
YFI.V,D,20220207,000000,23906.98,27081.23,23885.75,26693.66,1619.6980057687,0
YFI.V,D,20220208,000000,26673.78,27096.51,24799.3,25461.87,1443.0967940305,0
YFI.V,D,20220209,000000,25441.27,26894.67,24799.82,26344.68,745.28534541772,0
YFI.V,D,20220210,000000,26350.15,26371.04,24457.89,24752.22,1108.612498737,0
YFI.V,D,20220211,000000,24760.74,25039.15,22735.29,22771.42,827.50568174011,0
YFI.V,D,20220212,000000,22780.53,23814.52,22673.71,23138.34,724.44645289804,0
YFI.V,D,20220213,000000,23150.83,23674.98,22681.52,23107.62,329.66722951566,0
YFI.V,D,20220214,000000,23109.13,23294.64,22401.89,23180.73,567.06987824792,0
YFI.V,D,20220215,000000,23196.25,24649.83,23031.76,24314.59,903.14660121179,0
YFI.V,D,20220216,000000,24320.31,24544.91,23145.17,23898.16,689.0517781559,0
YFI.V,D,20220217,000000,23917.45,23977.25,22082,22527.13,696.02757817178,0
YFI.V,D,20220218,000000,22492.36,23054.93,21713.63,21846.57,544.34001204771,0
YFI.V,D,20220219,000000,21845.8,22237.06,21369.11,21627.11,330.06362526258,0
YFI.V,D,20220220,000000,21629.3,21720.85,20099.66,20935.03,701.65625931147,0
YFI.V,D,20220221,000000,20917.87,21913.31,20082.68,20257.58,1008.0391868155,0
YFI.V,D,20220222,000000,20250.41,21008.4,19187.67,20306.39,1311.8825773112,0
YFI.V,D,20220223,000000,20308.38,21276.83,20210.1,20656.48,807.73710749361,0
YFI.V,D,20220224,000000,20650.37,20661.02,17130.69,19057.62,1769.8617061964,0
YFI.V,D,20220225,000000,19067.94,20285.14,18850.33,20125.69,715.96408407264,0
YFI.V,D,20220226,000000,20135.93,21402.89,20058.2,20944.92,782.54065285867,0
YFI.V,D,20220227,000000,20938.71,21054.24,19112.4,19519.24,909.36488008558,0
YFI.V,D,20220228,000000,19507.28,21510.75,19079.37,21253.98,919.2508461015,0
YFI.V,D,20220301,000000,21215.04,22322.15,21008.41,21594.16,946.72376940358,0
YFI.V,D,20220302,000000,21594.16,22014.05,21063.98,21817.89,702.71171267952,0
YFI.V,D,20220303,000000,21824.37,22645.03,20930.08,21839,1370.6423774817,0
YFI.V,D,20220304,000000,21854.37,21977.93,19642.09,19955.35,847.25240812964,0
YFI.V,D,20220305,000000,19963.74,20532.87,19454.73,20334.1,659.76426475535,0
YFI.V,D,20220306,000000,20357.24,20357.24,17335.99,18478.71,4733.7700902602,0
YFI.V,D,20220307,000000,18456.12,19958.95,17785.78,18391.32,2017.8401900277,0
YFI.V,D,20220308,000000,18401.23,21210.77,18290.56,19093.82,2611.1378736998,0
YFI.V,D,20220309,000000,19081.99,20572.24,19070.79,20140.03,1306.0143541366,0
YFI.V,D,20220310,000000,20156.06,20425.67,18717.36,19142.13,861.06375022273,0
YFI.V,D,20220311,000000,19147.37,19325.74,18243.65,18594.57,676.48208847399,0
YFI.V,D,20220312,000000,18585.12,18931.37,18395.44,18473.26,422.40622342702,0
YFI.V,D,20220313,000000,18478.74,18724.14,17935.86,18036.57,314.18486323115,0
YFI.V,D,20220314,000000,18031.16,18775.39,17837.81,18439.49,467.35646341728,0
YFI.V,D,20220315,000000,18475.41,18734.99,17847.07,18572.03,714.7666793485,0
YFI.V,D,20220316,000000,18576.17,19246.53,18273.71,19100.06,651.90407807263,0
YFI.V,D,20220317,000000,19113.44,19757.9,18884.17,19535.48,570.378465043,0
YFI.V,D,20220318,000000,19533.49,20790.81,18998.46,20475.36,651.65566630384,0
YFI.V,D,20220319,000000,20469.4,21029.38,20263.63,20857.41,622.98736926864,0
YFI.V,D,20220320,000000,20855.07,20909.28,19574.15,20032.44,545.29642527074,0
YFI.V,D,20220321,000000,20042.99,20607.08,19679.62,20351.81,475.82522939382,0
YFI.V,D,20220322,000000,20357.15,21098.37,19967.55,20381.87,681.18560586832,0
YFI.V,D,20220323,000000,20381.87,20557.07,19943.73,20344.17,421.5757230783,0
YFI.V,D,20220324,000000,20354.01,21388.88,20198.67,21238.64,834.936825293,0
YFI.V,D,20220325,000000,21233.25,21716.44,20400.65,20440.96,858.62379898173,0
YFI.V,D,20220326,000000,20431.35,21245.67,20431.35,21107.23,512.55224396412,0
YFI.V,D,20220327,000000,21113.62,21813.92,20682.75,21774.72,417.24353236824,0
YFI.V,D,20220328,000000,21765.49,24004.98,21704.49,22342.54,1747.4948469903,0
YFI.V,D,20220329,000000,22352.38,23868.13,22006.6,23130.71,1407.8786819054,0
YFI.V,D,20220330,000000,23127.56,24588,22663.2,24141.66,1250.8883281153,0
YFI.V,D,20220331,000000,24153.99,24313.24,22580.05,22634.53,854.11178256562,0
YFI.V,D,20220401,000000,22636.78,23588.94,21597.05,23323.63,951.62625201372,0
YFI.V,D,20220402,000000,23306.71,23973.35,22820.41,23616.84,1052.4819847457,0
YFI.V,D,20220403,000000,23626.73,25455.43,22800.87,24997.8,1129.8867821467,0
YFI.V,D,20220404,000000,24956.55,25378.63,23044.38,23616.81,1091.7308761528,0
YFI.V,D,20220405,000000,23610.71,24422.44,23345.97,24422.44,716.72038575265,0
YFI.V,D,20220406,000000,24422.44,24453.72,21555,22067.79,1327.7418955083,0
YFI.V,D,20220407,000000,22063.29,22206.16,21004.53,21261.18,599.62324441157,0
YFI.V,D,20220408,000000,21274.63,21906.12,20743.65,20807.71,718.9053056462,0
YFI.V,D,20220409,000000,20788.81,20901.07,20220.43,20482.35,477.14443963108,0
YFI.V,D,20220410,000000,20498.61,20925.31,20368.82,20449.53,379.2197189236,0
YFI.V,D,20220411,000000,20442.15,20469.93,18228.77,18452.55,724.55899895055,0
YFI.V,D,20220412,000000,18468.39,19425.87,18217.56,18648.06,525.71191966623,0
YFI.V,D,20220413,000000,18637.97,19479.78,18560.86,19171.02,515.01994557901,0
YFI.V,D,20220414,000000,19187.6,19598.06,18663.2,19023.92,580.47873230293,0
YFI.V,D,20220415,000000,19022.85,19293.85,18739.07,19238.65,409.28626710945,0
YFI.V,D,20220416,000000,19234.86,19345.71,18754.48,19292.8,251.17188670622,0
YFI.V,D,20220417,000000,19154.44,19430.39,19056.54,19170.27,222.9997038002,0
YFI.V,D,20220418,000000,19182.78,19182.78,17984.46,19082.39,580.8046009622,0
YFI.V,D,20220419,000000,19096.03,19606.76,18881.74,19362.8,364.77253392624,0
YFI.V,D,20220420,000000,19367.31,19485.86,18878.99,19105.44,398.79528477642,0
YFI.V,D,20220421,000000,19115.41,20260.85,18803.33,19024.43,690.79267142746,0
YFI.V,D,20220422,000000,18991.18,19142.66,18464.52,18657.4,523.35032249259,0
YFI.V,D,20220423,000000,18656.19,18778.21,18396.64,18578.14,260.27365476233,0
YFI.V,D,20220424,000000,18581.89,18853.13,18269.58,18447.17,309.7715670287,0
YFI.V,D,20220425,000000,18442.52,18733.51,17512.65,18673.78,551.78998908725,0
YFI.V,D,20220426,000000,18679.13,19130.64,17325.44,17703.8,638.46823308873,0
YFI.V,D,20220427,000000,17697.79,17991.2,17303.83,17777.85,630.16465601491,0
YFI.V,D,20220428,000000,17794.23,18230.76,17614,17833.01,694.7498984207,0
YFI.V,D,20220429,000000,17827.47,18134.08,16376.06,17001.8,1042.9858122524,0
YFI.V,D,20220430,000000,16986.38,17233.45,16401.64,16791.43,1143.6109027361,0
YFI.V,D,20220501,000000,16742.74,17439.59,15816.98,17066.3,1479.2762275955,0
YFI.V,D,20220502,000000,17058.75,17321.06,16653.99,17254.96,761.32739310805,0
YFI.V,D,20220503,000000,17258.68,17851.6,17057.03,17436.31,1069.1266784754,0
YFI.V,D,20220504,000000,17430.09,18570.15,17254.89,18236.71,1275.1625294688,0
YFI.V,D,20220505,000000,18225.74,18449.4,16513.93,16826.23,857.69692454199,0
YFI.V,D,20220506,000000,16816.85,17270.17,16382.99,16775.95,814.82293539453,0
YFI.V,D,20220507,000000,16782.16,16932.23,16413.1,16434.27,353.58866110766,0
YFI.V,D,20220508,000000,16442.98,16548.38,15480.25,15700.37,741.41458404181,0
YFI.V,D,20220509,000000,15696.92,15790.57,12526.99,13007.12,2026.4469049438,0
YFI.V,D,20220510,000000,12994.3,14770.85,12252.05,13182.71,2207.8835701634,0
YFI.V,D,20220511,000000,13156.63,14782.42,11553.61,11823.93,3950.0506158979,0
YFI.V,D,20220512,000000,11824.69,12018.03,9048.32,9664.4,3173.4841252943,0
YFI.V,D,20220513,000000,9658.67,11138.57,9554.73,10061.59,1543.1438785795,0
YFI.V,D,20220514,000000,10059.47,10257.23,9524.449,10101.408,1019.6038942923,0
YFI.V,D,20220515,000000,10110.456,10527.622,9812.803,10504.669,447.65995056219,0
YFI.V,D,20220516,000000,10502.562,10684.283,9639.416,9907.034,585.20888165822,0
YFI.V,D,20220517,000000,9913.546,10501.992,9637.465,9984.983,952.68705656029,0
YFI.V,D,20220518,000000,9986.88,10232.51,9265.799,9334.35,1103.4494081096,0
YFI.V,D,20220519,000000,9345.525,9750.11,8875.027,9414.376,709.49056499213,0
YFI.V,D,20220520,000000,9407.763,9884.756,8999.348,9173.499,791.57689029177,0
YFI.V,D,20220521,000000,9167.126,9450.96,8896.981,9116.763,1050.3073990264,0
YFI.V,D,20220522,000000,9105.238,9675.585,9085.334,9314.689,839.71728329424,0
YFI.V,D,20220523,000000,9315.778,9797.303,9049.128,9065.179,1068.0014232745,0
YFI.V,D,20220524,000000,9056.249,9314.053,8745.399,9049.57,951.15059525209,0
YFI.V,D,20220525,000000,9064.492,10287.63,7821.317,8744.494,5470.5379646287,0
YFI.V,D,20220526,000000,8746.831,8894.943,7726.102,7897.164,1547.5707852326,0
YFI.V,D,20220527,000000,7902.959,7980.012,7322.057,7398.654,1326.5348241258,0
YFI.V,D,20220528,000000,7384.842,7739.56,7328.955,7556.598,954.27187869468,0
YFI.V,D,20220529,000000,7550.362,7661.886,7363.656,7416.823,785.62746625086,0
YFI.V,D,20220530,000000,7420.939,8457.219,7375.789,8401.843,1036.3859740645,0
YFI.V,D,20220531,000000,8402.143,8530.78,7866.442,8077.633,894.78475165256,0
YFI.V,D,20220601,000000,8070.131,8195.395,7309.95,7455.284,624.73202815347,0
YFI.V,D,20220602,000000,7446.546,7608.146,7239.479,7479.66,603.73378302406,0
YFI.V,D,20220603,000000,7488.854,7611.633,7139.496,7516.615,759.91024450907,0
YFI.V,D,20220604,000000,7507.563,7569.414,7275.557,7508.989,964.55260788479,0
YFI.V,D,20220605,000000,7511.237,7641.176,7297.118,7502.906,968.10334282623,0
YFI.V,D,20220606,000000,7506.148,7816.144,7343.826,7452.19,1942.8600821747,0
YFI.V,D,20220607,000000,7451.446,7803.313,7116.336,7790.804,2168.8502646759,0
YFI.V,D,20220608,000000,7773.516,7818.935,7394.46,7501.816,2054.4468379904,0
YFI.V,D,20220609,000000,7508.396,7741.147,7348.78,7511.425,1574.0459747969,0
YFI.V,D,20220610,000000,7510.751,7613.599,6976.777,7095.526,2435.7840139692,0
YFI.V,D,20220611,000000,7104.206,7141.587,6257.154,6404.355,1684.1989730045,0
YFI.V,D,20220612,000000,6411.063,6467.623,5965.025,6255.896,1490.2474133167,0
YFI.V,D,20220613,000000,6231.616,6231.616,4715.816,4986.419,9090.1529310917,0
YFI.V,D,20220614,000000,4984.362,5101.739,4490.509,4641.034,18170.170042308,0
YFI.V,D,20220615,000000,4636.599,5410.672,4277.227,5312.25,33494.579146045,0
YFI.V,D,20220616,000000,5380,5380,4685,4762.323,3278.1084725816,0
YFI.V,D,20220617,000000,4650.527,4922.64,4551.664,4795.239,7129.2232848627,0
YFI.V,D,20220618,000000,4782.54,4867.201,4012.882,4269.183,8059.3620107153,0
YFI.V,D,20220619,000000,4272.727,4835.341,4127.392,4757.707,19918.266305358,0
YFI.V,D,20220620,000000,4699.354,4957.554,4544.085,4813.349,3696.7699836243,0
YFI.V,D,20220621,000000,4789.006,5585.478,4744.006,5107.695,2131.7519756056,0
YFI.V,D,20220622,000000,5115.469,5321.373,4935.095,5106.179,3843.5197159031,0
YFI.V,D,20220623,000000,5114.76,5270.984,4919.336,5075.799,1965.1569029218,0
YFI.V,D,20220624,000000,5075.799,8053.918,5072.462,7386.204,11201.702402585,0
YFI.V,D,20220625,000000,7381.238,7545.227,6562.754,7212.288,4538.8979794139,0
YFI.V,D,20220626,000000,7289.624,7313.76,6627.547,6760.256,7176.8762506025,0
YFI.V,D,20220627,000000,6766.512,6865.205,6090.75,6266.318,1632.607324889,0
YFI.V,D,20220628,000000,6266.318,6387.682,5747.994,5823.708,1627.8065386936,0
YFI.V,D,20220629,000000,5822.012,5823.831,5412.244,5650.355,4326.4223346922,0
YFI.V,D,20220630,000000,5637.517,5689.253,5062.164,5164.825,5854.577308688,0
YFI.V,D,20220701,000000,5188.496,5632.587,5123.135,5414.038,4893.464441286,0
YFI.V,D,20220705,000000,6123.177,6297.845,5949.528,6206.385,767.15024022328,0
YFI.V,D,20220706,000000,6217.563,6464.311,6025.491,6292.79,1134.1185672447,0
YFI.V,D,20220707,000000,6297.465,6678.242,6167.299,6602.096,1159.1034566879,0
YFI.V,D,20220708,000000,6602.256,6889.604,6300.846,6373.723,1279.0876925975,0
YFI.V,D,20220709,000000,6373.723,6537.995,6295.59,6475.113,583.82379629414,0
YFI.V,D,20220710,000000,6496.256,6536.723,5934.697,6061.961,858.35745038181,0
YFI.V,D,20220711,000000,6062.71,6069.916,5693.91,5717.789,786.84008679283,0
YFI.V,D,20220712,000000,5706.742,5762.811,5458.563,5508.896,1760.617482335,0
YFI.V,D,20220713,000000,5544.352,5748.296,5300.992,5593.301,3693.4196824228,0
YFI.V,D,20220714,000000,5673.749,6186.886,5651.549,6027.821,5587.4098808161,0
YFI.V,D,20220715,000000,6030.02,6314.291,5929.037,6179.206,5557.5781991933,0
YFI.V,D,20220716,000000,6179.206,6391.142,5929.347,6222.523,5479.0552541851,0
YFI.V,D,20220717,000000,6253.239,6394.443,6037.559,6146.122,4287.5985326054,0
YFI.V,D,20220718,000000,6146.95,6660.07,6045.505,6303.17,4738.8800945105,0
YFI.V,D,20220719,000000,6334.369,6879.64,6265.009,6753.97,5892.4652421346,0
YFI.V,D,20220720,000000,6806.38,7018.775,6375.671,6629.741,5537.4818228145,0
YFI.V,D,20220721,000000,6629.741,6847.206,6230.281,6701.075,4874.3739863205,0
YFI.V,D,20220722,000000,6701.075,6881.296,6379.721,6517.884,6182.5692791812,0
YFI.V,D,20220723,000000,6515.45,6841.681,6310.529,6455.836,4770.9693269119,0
YFI.V,D,20220724,000000,6455.255,7189.508,6428.176,7132.385,7908.9493280681,0
YFI.V,D,20220725,000000,7131.916,7219.091,6392.271,6508.881,7418.9861482312,0
YFI.V,D,20220726,000000,6506.135,6836.18,6250.583,6701.538,7816.3007408063,0
YFI.V,D,20220727,000000,6701.538,7225.797,6632.647,7117.048,6165.3151404263,0
YFI.V,D,20220728,000000,7127.11,9778.898,7038.25,9165.643,18144.231088001,0
YFI.V,D,20220729,000000,9153.332,9997.938,8670.902,9947.147,14213.33007854,0
YFI.V,D,20220730,000000,10328.763,14126.102,10285.403,12109.995,26797.215260613,0
YFI.V,D,20220731,000000,12123.936,12292.491,11371.89,11759.704,12432.486022894,0
YFI.V,D,20220801,000000,11468.379,12199.617,10798.219,11451.604,7790.6468462032,0
YFI.V,D,20220802,000000,11718.785,11849.83,10623.28,11209.56,7001.0528610862,0
YFI.V,D,20220803,000000,11199.15,11244.81,10398.83,10936.8,5198.5503846997,0
YFI.V,D,20220804,000000,10807.52,11193.76,10426.77,10476.45,5960.3416226045,0
YFI.V,D,20220805,000000,10572.18,11276.21,10526.22,11270.02,4929.5959266041,0
YFI.V,D,20220806,000000,11353.14,12270.9,11270.44,11867.98,7288.6103332843,0
YFI.V,D,20220807,000000,11870.89,11953.95,11266.98,11458.35,3394.6115883122,0
YFI.V,D,20220808,000000,11576.64,11982.55,11343.38,11398.31,4447.9209046072,0
YFI.V,D,20220809,000000,11397.64,11563.27,10776.07,11300.94,4637.7213051583,0
YFI.V,D,20220810,000000,11300.94,11856.83,10879.1,11394,4767.7807417089,0
YFI.V,D,20220811,000000,11395.26,11800.42,11187.77,11333.1,4524.0399214004,0
YFI.V,D,20220812,000000,11281.1,11574.58,11055.23,11424.07,4454.7322279195,0
YFI.V,D,20220813,000000,11426.12,12196.25,11384.29,11528.82,6669.3964527987,0
YFI.V,D,20220814,000000,11528.82,11730.19,10976.32,11177.66,4782.0045015541,0
YFI.V,D,20220815,000000,11174.68,11567.98,10966.8,11117.51,3752.9079254541,0
YFI.V,D,20220816,000000,11120.4,11236.33,10829.71,11042.1,4868.2565631695,0
YFI.V,D,20220817,000000,11042.1,11680.03,10897.42,11305.49,5164.6115874889,0
YFI.V,D,20220818,000000,11089.13,11345.28,10960.25,11085.59,4196.8533314197,0
YFI.V,D,20220819,000000,11086.59,11134.15,8888.63,8889.18,6299.8517058973,0
YFI.V,D,20220820,000000,8885.8,9115.64,8243.62,8422.05,4761.4277736638,0
YFI.V,D,20220821,000000,8422.05,8893.87,8422.05,8798.92,3758.381098257,0
YFI.V,D,20220822,000000,8805.72,8868.25,8243.18,8749.6,4401.4998916235,0
YFI.V,D,20220823,000000,8743.78,9361.15,8692.44,9193.46,4579.7403904333,0
YFI.V,D,20220824,000000,9180.24,9571.23,8996.49,9470.82,4400.4045183189,0
YFI.V,D,20220825,000000,9470.94,10251.13,9337.14,9866.94,4906.1901697349,0
YFI.V,D,20220826,000000,9866.94,9875.17,8960.77,9139.96,4781.3322364931,0
YFI.V,D,20220827,000000,9109.4,9164.92,8598.21,8727.98,3988.1689909177,0
YFI.V,D,20220828,000000,8726.31,8983.95,8634.23,8757.09,3304.6371652731,0
YFI.V,D,20220829,000000,8757.91,9126.14,8398.16,9025.71,4464.6221444573,0
YFI.V,D,20220830,000000,9025.8,9310.41,8600.688,8921.453,4688.0408576359,0
YFI.V,D,20220831,000000,8921.364,9286.58,8826.684,9253.117,3886.5381181934,0
YFI.V,D,20220901,000000,9252.757,9329.667,8780.747,9279.413,3763.6674024823,0
YFI.V,D,20220902,000000,9277.743,10454.804,9072.921,9983.628,8101.2790887661,0
YFI.V,D,20220903,000000,10025.304,10160.399,9379.48,9773.637,5700.6176706149,0
YFI.V,D,20220904,000000,9776.818,9856.64,9277.26,9429.25,5014.1410551224,0
YFI.V,D,20220905,000000,9429.25,9599.29,9279.22,9435.203,3979.6553559543,0
YFI.V,D,20220906,000000,9435.193,9771.987,8545.27,8647.93,3844.3013753857,0
YFI.V,D,20220907,000000,8647.93,9547.119,8529.96,9494.385,4377.0755657708,0
YFI.V,D,20220908,000000,9461.288,9540.416,9009.51,9248.69,3830.52616976,0
YFI.V,D,20220909,000000,9232.767,11196.265,9180.82,10435.867,6760.7010674977,0
YFI.V,D,20220910,000000,10460.264,10574.863,10135.83,10560.806,4230.4673371011,0
YFI.V,D,20220911,000000,10560.402,10633.602,9921.01,9921.11,3309.6382858311,0
YFI.V,D,20220912,000000,9908.847,10395.911,9708.368,9848.712,3065.0756408381,0
YFI.V,D,20220913,000000,9854.005,10177.901,9047.64,9151.693,3683.798243459,0
YFI.V,D,20220914,000000,9156.936,9351.939,8885.12,9145.276,4470.9625339401,0
YFI.V,D,20220915,000000,9145.276,9230.812,8565.48,8644.722,3486.1725599812,0
YFI.V,D,20220916,000000,8642.632,8841.1,8392.031,8645.505,4157.7508187241,0
YFI.V,D,20220917,000000,8649.205,9340.894,8633.517,9320.86,4494.200291884,0
YFI.V,D,20220918,000000,9320.23,9396.73,8025.087,8347.99,4237.7381967006,0
YFI.V,D,20220919,000000,8342.99,8523.95,8075.07,8462.506,4877.3347725974,0
YFI.V,D,20220920,000000,8487.879,8639.924,8323.734,8452.865,3137.8298887516,0
YFI.V,D,20220921,000000,8396,8798.179,7970.97,7994.91,3635.3937699574,0
YFI.V,D,20220922,000000,7984.91,8509.04,7808.05,8348.46,3980.4234634578,0
YFI.V,D,20220923,000000,8348.01,8646.07,8041.716,8311.179,3636.5739195143,0
YFI.V,D,20220924,000000,8381.723,8488.785,8265.142,8304.254,2403.5086865576,0
YFI.V,D,20220925,000000,8302.98,8375.39,8073.93,8081.07,3317.7022700086,0
YFI.V,D,20220926,000000,8081.38,8393,7955.27,8266.98,3662.6220875846,0
YFI.V,D,20220927,000000,8266.98,8854.95,8137.96,8234.206,5613.7087476952,0
YFI.V,D,20220928,000000,8238.186,8356.164,7899,8218.34,4100.5612978751,0
YFI.V,D,20220929,000000,8221.04,8292.68,7951.64,8101.96,3683.4446832964,0
YFI.V,D,20220930,000000,8101.15,8376.21,8040.11,8093.37,4183.2863215421,0
YFI.V,D,20221001,000000,8093.36,8202.32,8019.41,8074.37,2564.5296612698,0
YFI.V,D,20221002,000000,8062.32,8142.244,7904.89,7964.09,2493.247234753,0
YFI.V,D,20221003,000000,7966.47,8151.865,7826.95,8103.6,2429.9521493315,0
YFI.V,D,20221004,000000,8103.6,8354.566,8061.136,8335.51,2722.2789567246,0
YFI.V,D,20221005,000000,8317.374,8401.51,8118.752,8265.623,2591.9437284506,0
YFI.V,D,20221006,000000,8289.678,8456.232,8187.292,8196.945,2792.9195547646,0
YFI.V,D,20221007,000000,8196.863,8240.698,8000.87,8073.84,2670.681445333,0
YFI.V,D,20221008,000000,8071.737,8137.878,7980.005,7981.125,2138.2158733837,0
YFI.V,D,20221009,000000,8006.391,8129.566,7968.897,8088.657,1991.2570159614,0
YFI.V,D,20221010,000000,8091.548,8182.686,7934.87,7995.28,2721.7655429022,0
YFI.V,D,20221011,000000,7996.08,8006.09,7611.1,7793.549,3318.1999922691,0
YFI.V,D,20221012,000000,7793.469,7936.423,7762.478,7850.326,2100.2212867219,0
YFI.V,D,20221013,000000,7885.585,7921.762,7221.927,7761.391,4041.7908638397,0
YFI.V,D,20221014,000000,7761.391,7978.139,7522.35,7526.851,3561.026551944,0
YFI.V,D,20221015,000000,7519.016,7626.125,7481.35,7593.78,3130.146711819,0
YFI.V,D,20221016,000000,7593.86,7838.582,7502.65,7714.149,3050.7032873363,0
YFI.V,D,20221017,000000,7715.166,8002.71,7655.636,7882.808,3889.5112084607,0
YFI.V,D,20221018,000000,7882.886,7970.139,7543.671,7721.879,2559.2540207509,0
YFI.V,D,20221019,000000,7711.611,7750.668,7524.35,7656.24,2992.544644619,0
YFI.V,D,20221020,000000,7643.344,7738.597,7410.191,7491.686,4089.5372567294,0
YFI.V,D,20221021,000000,7497.46,7653.247,7293.531,7596.678,2490.8912853429,0
YFI.V,D,20221022,000000,7598.522,7664.443,7478.388,7596.494,3521.0008813925,0
YFI.V,D,20221023,000000,7596.418,7695.917,7486.539,7690.84,3236.2839532177,0
YFI.V,D,20221024,000000,7687.906,7912.895,7501.17,7640.486,3968.9240867894,0
YFI.V,D,20221025,000000,7639.036,8480.903,7572.189,8157.56,6905.6014444815,0
YFI.V,D,20221026,000000,8146.009,8387.494,7999.93,8157.203,4815.0524138151,0
YFI.V,D,20221027,000000,8160.394,8594.955,8023.24,8052.644,4809.3327701068,0
YFI.V,D,20221028,000000,8053.563,8337.574,7867.551,8239.618,4145.2087426383,0
YFI.V,D,20221029,000000,8239.105,8534.861,8201.33,8473.573,5107.5577961707,0
YFI.V,D,20221030,000000,8473.573,8659.672,8079.707,8167.583,3936.2772777589,0
YFI.V,D,20221031,000000,8163.664,8356.751,8014.922,8144.208,3336.8570833769,0
YFI.V,D,20221101,000000,8144.501,8287.714,7974.544,8022.838,1961.5029421287,0
YFI.V,D,20221102,000000,8022.838,8202.534,7673.71,7840.72,3456.4240639981,0
YFI.V,D,20221103,000000,7845.178,8523.822,7785.433,7949.33,6072.557557768,0
YFI.V,D,20221104,000000,7947.681,8484.379,7885.601,8414.273,4657.8340172993,0
YFI.V,D,20221105,000000,8412.653,8591.501,8243.29,8360.548,4189.276577178124,0
YFI.V,D,20221106,000000,8360.464,8376.745,8009.051,8050.634,3115.736649187181,0
YFI.V,D,20221107,000000,8042.563,8204.806,7826.678,7885.826,3760.4303212043997,0
YFI.V,D,20221108,000000,7887.245,8042.482,6198.29,6527.073,3992.133229337562,0
YFI.V,D,20221109,000000,6527.073,6789.729,5361.747,5597.055,5260.2098864111895,0
YFI.V,D,20221110,000000,5612.682,7475.733,5440.391,6762.948,4521.928030451116,0
YFI.V,D,20221111,000000,6765.644,7613.73,6162.301,6308.432,3152.4778226812055,0
YFI.V,D,20221112,000000,6300.89,6505.004,5745.01,5796.787,3877.125148051453,0
YFI.V,D,20221113,000000,5797.166,5939.657,5593.32,5752.286,4398.972323768562,0
YFI.V,D,20221114,000000,5754.562,6275.211,5363.353,5970.05,3646.774659917963,0
YFI.V,D,20221115,000000,5965.16,6744.639,5951.077,6388.295,5129.9073288279615,0
YFI.V,D,20221116,000000,6382.724,6697.8,6172.934,6255.602,4275.508907800973,0
YFI.V,D,20221117,000000,6254.85,6359.643,6023.998,6049.457,3832.768254183912,0
YFI.V,D,20221118,000000,6050.826,6226.871,5903.978,6032.325,3494.418627065687,0
YFI.V,D,20221119,000000,6033.114,6696.093,6012.449,6643.607,5024.031857820467,0
YFI.V,D,20221120,000000,6641.935,6783.472,6058.176,6090.728,6925.444735992827,0
YFI.V,D,20221121,000000,6093.325,6517.629,5727.368,6117.71,5656.546522776721,0
YFI.V,D,20221122,000000,6117.71,6293.447,5799.372,6151.696,5768.197580615431,0
YFI.V,D,20221123,000000,6157.6,6369.673,6003.037,6161.745,2788.650426474713,0
YFI.V,D,20221124,000000,6153.835,6322.951,6061.446,6091.988,1922.0615333360358,0
YFI.V,D,20221125,000000,6093.387,6529.531,5964.394,6273.512,4530.352951167041,0
YFI.V,D,20221126,000000,6278.102,6396.38,6225.832,6360.415,2533.863120818037,0
YFI.V,D,20221127,000000,6358.786,6538.198,6322.777,6416.421,2345.45055801282,0
YFI.V,D,20221128,000000,6417.732,6417.732,5993.132,6238.978,2967.477705474372,0
YFI.V,D,20221129,000000,6239.041,6515.508,6209.235,6472.144,2265.5044314833517,0
YFI.V,D,20221130,000000,6469.066,6961.309,6445.968,6790.53,3881.765106853748,0
YFI.V,D,20221201,000000,6758.063,6792.913,6548.276,6686.391,2254.0919710111452,0
YFI.V,D,20221202,000000,6687.551,6733.784,6497.1,6729.974,2442.090509327938,0
YFI.V,D,20221203,000000,6732.514,6894.668,6629.176,6658.936,2761.795691871724,0
YFI.V,D,20221204,000000,6658.936,7462.272,6597.699,7223.122,4421.187004507581,0
YFI.V,D,20221205,000000,7239.948,7502.18,7046.4,7076.622,3525.750846437559,0
YFI.V,D,20221206,000000,7079.018,7322.256,7063.81,7105.788,3307.2047074103743,0
YFI.V,D,20221207,000000,7114.48,7196.72,6732.821,6999.32,2867.552684237779,0
YFI.V,D,20221208,000000,7000.33,7069.478,6869.98,6993.48,2628.2957915245324,0
YFI.V,D,20221209,000000,6997.97,7147.126,6872.052,6898.857,2211.8299273756124,0
YFI.V,D,20221210,000000,6897.557,6987.29,6857.49,6869.073,1618.6503419182807,0
YFI.V,D,20221211,000000,6868.223,7083.449,6847.562,6898.249,1850.7813164522304,0
YFI.V,D,20221212,000000,6892.419,6946.429,6514.147,6604.164,2400.064282049187,0
YFI.V,D,20221213,000000,6603.164,6648.903,6254.548,6494.991,2158.089457969498,0
YFI.V,D,20221214,000000,6494.991,6613.87,6351.86,6495.005,2507.949061441422,0
YFI.V,D,20221215,000000,6495.45,6499.1,6155.736,6213.272,1563.9028951166915,0
YFI.V,D,20221216,000000,6212.122,6311.051,5394.819,5603.21,2267.0964497656355,0
YFI.V,D,20221217,000000,5599.89,5779.362,5429.243,5698.401,1959.7504327214056,0
YFI.V,D,20221218,000000,5704.381,5737.599,5650.586,5671.007,910.2839117619139,0
YFI.V,D,20221219,000000,5685.503,5701.417,5381.72,5430.211,1827.4857335498518,0
YFI.V,D,20221220,000000,5429.25,5677.536,5402.804,5637.575,2330.091365256504,0
YFI.V,D,20221221,000000,5639.156,5658.576,5482.5,5523.486,1936.7129734160867,0
YFI.V,D,20221222,000000,5523.486,5662.593,5467.653,5605.707,1856.1916292778246,0
YFI.V,D,20221223,000000,5605.557,5624.259,5481.416,5496.76,1906.471750077872,0
YFI.V,D,20221224,000000,5496.76,5525.988,5437.746,5482.981,1629.2921315922265,0
YFI.V,D,20221225,000000,5481.926,5541.849,5407.169,5517.973,1764.4321249626578,0
YFI.V,D,20221226,000000,5519.648,5538.406,5461.589,5479.594,2122.5812338386286,0
YFI.V,D,20221227,000000,5486.942,5565.498,5471.315,5477.573,1994.2477516647223,0
YFI.V,D,20221228,000000,5480.512,5527.653,5154.772,5193.524,2791.6955937782154,0
YFI.V,D,20221229,000000,5192.007,5263.547,5083.176,5172.493,2321.844135404356,0
YFI.V,D,20221230,000000,5172.441,5197.97,5062.627,5117.83,2736.582160300058,0
YFI.V,D,20221231,000000,5115.96,5145.196,5044.836,5114.711,2568.2705451430406,0
YFI.V,D,20230101,000000,5114.711,5131.316,5033.642,5122.511,2098.2011372384927,0
YFI.V,D,20230102,000000,5122.511,5413.685,5064.092,5369.947,2291.737670177838,0
YFI.V,D,20230103,000000,5369.947,5508.376,5295.764,5308.189,3052.2115804639925,0
YFI.V,D,20230104,000000,5308.189,5497.115,5284.678,5349.144,3107.5228754685727,0
YFI.V,D,20230105,000000,5349.964,5475.397,5317.078,5403.818,3022.59439892301,0
YFI.V,D,20230106,000000,5404.088,5466.955,5293.718,5466.955,1744.9525600455856,0
YFI.V,D,20230107,000000,5469.314,5567.781,5426.866,5464.988,2427.8118908416022,0
YFI.V,D,20230108,000000,5464.988,5676.618,5396.372,5595.668,1967.0042518827008,0
YFI.V,D,20230109,000000,5594.999,5972.173,5594.999,5797.322,2989.438551283528,0
YFI.V,D,20230110,000000,5796.54,5887.739,5636.435,5863.331,2405.0316401788978,0
YFI.V,D,20230111,000000,5864.25,5895.893,5680.164,5778.112,2604.4422699495253,0
YFI.V,D,20230112,000000,5777.26,6346.71,5777.26,6241.324,2650.7402523981345,0
YFI.V,D,20230113,000000,6247.055,6657.279,6130.79,6494.814,2652.007530067473,0
YFI.V,D,20230114,000000,6491.814,7652.207,6486.969,7075.954,4122.701090726513,0
YFI.V,D,20230115,000000,7075.954,7188.574,6715.92,7057.366,2915.4777526242865,0
YFI.V,D,20230116,000000,7059.467,7493.691,6858.802,7132.081,3593.4250763629393,0
YFI.V,D,20230117,000000,7136.101,7242.415,6985.098,7138.414,2021.4823920314009,0
YFI.V,D,20230118,000000,7138.485,7314.054,6493.74,6599.1,2994.090765746394,0
YFI.V,D,20230119,000000,6599.034,6736.33,6475.902,6671.473,2446.9217654181125,0
YFI.V,D,20230120,000000,6674.68,7223.092,6618.59,7200.016,2281.4101172526534,0
YFI.V,D,20230121,000000,7200.016,7408.87,7073.131,7284.197,2936.320596953944,0
YFI.V,D,20230122,000000,7261.359,7357.074,6972.765,7093.989,2395.1644590262586,0
YFI.V,D,20230123,000000,7093.989,7998.45,7093.918,7802.94,5246.88456803473,0
YFI.V,D,20230124,000000,7786.804,8035.206,7394.953,7588.342,2483.4472892848867,0
YFI.V,D,20230125,000000,7596.418,7736.32,7196.758,7469.975,3290.115824301095,0
YFI.V,D,20230126,000000,7465.669,7694.504,7347.16,7525.822,2809.779232935225,0
YFI.V,D,20230127,000000,7525.822,7745.786,7303.277,7640.192,2155.1238665888995,0
YFI.V,D,20230128,000000,7639.853,7734.433,7380.79,7413.462,1837.5893436315494,0
YFI.V,D,20230129,000000,7415.333,7777.151,7372.112,7705.225,2054.4909384605135,0
YFI.V,D,20230130,000000,7777.249,7820.711,6977.01,7123.059,2622.3027230599027,0
YFI.V,D,20230131,000000,7121.727,7359.63,7119.338,7235.921,1779.4168498106142,0
YFI.V,D,20230201,000000,7235.849,7566.044,7005.21,7524.251,2099.5677918759143,0
YFI.V,D,20230202,000000,7524.176,8129.672,7467.883,7694.559,3107.6757162116983,0
YFI.V,D,20230203,000000,7695.089,7896.047,7575.943,7890.611,2152.5175659652846,0
YFI.V,D,20230204,000000,7888.541,7968.419,7827.38,7883.511,1699.008727801473,0
YFI.V,D,20230205,000000,7883.511,7941.577,7457.307,7606.541,1825.7069698772239,0
YFI.V,D,20230206,000000,7609.128,7731.005,7463.788,7573.693,2012.1236072590902,0
YFI.V,D,20230207,000000,7572.993,7862.889,7404.822,7796.406,1974.7428371251622,0
YFI.V,D,20230208,000000,7796.328,7918.523,7576.645,7696.386,1941.9525055341728,0
YFI.V,D,20230209,000000,7698.299,7755.15,6832.236,6874.047,2982.772905291787,0
YFI.V,D,20230210,000000,6895.209,7134.413,6886.57,7006.091,1661.0473618699734,0
YFI.V,D,20230211,000000,7009.381,7234.853,6972.456,7232.863,1075.951090968832,0
YFI.V,D,20230212,000000,7230.103,7231.771,6896.625,6970.237,1497.4724935618763,0
YFI.V,D,20230213,000000,6966.917,7039.024,6591.941,6708.02,1946.7481543397275,0
YFI.V,D,20230214,000000,6716.645,7110.92,6699.526,7046.968,2262.8723546866536,0
YFI.V,D,20230215,000000,7046.147,7411.788,6992.247,7377.491,2349.0725648248117,0
YFI.V,D,20230216,000000,7377.658,7607.865,7178.914,7218.013,3506.521911079409,0
YFI.V,D,20230217,000000,7218.013,7560.556,7095.599,7458.966,2582.27479208462,0
YFI.V,D,20230218,000000,7458.526,7511.057,7290.645,7498.014,2324.4962616569383,0
YFI.V,D,20230219,000000,7498.7,7711.074,7327.194,7495.514,2801.157700052869,0
YFI.V,D,20230220,000000,7496.849,7623.991,7257.714,7540.902,2405.9290754935396,0
YFI.V,D,20230221,000000,7539.142,8463.589,7355.242,8209.285,5738.345326287155,0
YFI.V,D,20230222,000000,8196.123,8704.538,7898.301,8450.115,8279.842509798968,0
YFI.V,D,20230223,000000,8440.104,9821.647,8428.779,9297.979,10163.960504668876,0
YFI.V,D,20230224,000000,9298.072,10261.409,8555.05,8592.528,8448.232507698396,0
YFI.V,D,20230225,000000,8601.864,9077.665,8557.586,9067.465,4983.950058778997,0
YFI.V,D,20230226,000000,9067.465,10147.575,9048.223,9839.46,6799.773881673678,0
YFI.V,D,20230227,000000,9852.953,10004.69,9203.478,9307.338,7264.336584119957,0
YFI.V,D,20230228,000000,9307.975,9584.048,9015.653,9232.832,5044.104114354189,0
YFI.V,D,20230301,000000,9230.623,10680.702,9075.259,10372.828,8071.579014090379,0
YFI.V,D,20230302,000000,10372.348,10791.783,9959.353,10545.259,8346.134821517677,0
YFI.V,D,20230303,000000,10538.478,11149.795,9742.936,10713.84,10055.894454458909,0
YFI.V,D,20230304,000000,10713.96,10820.239,9806.83,9978.788,4679.0106718226125,0
YFI.V,D,20230305,000000,9979.878,10504.825,9950.765,10122.533,3619.9326776194985,0
YFI.V,D,20230306,000000,10091.461,10541.135,9828.733,10161.08,3982.490940850886,0
YFI.V,D,20230307,000000,10155.821,10204.948,9435.061,9513.794,3534.3939300931183,0
YFI.V,D,20230308,000000,9514.644,9646.325,8200.522,8290.208,4623.616942650828,0
YFI.V,D,20230309,000000,8300.48,8398.292,7314.517,7472.022,5811.010898963078,0
YFI.V,D,20230310,000000,7473.527,8144.131,7167.175,7642.465,5353.061080070138,0
YFI.V,D,20230311,000000,7634.752,8047.316,6994.01,7495.159,4906.43397531655,0
YFI.V,D,20230312,000000,7496.992,7865.876,7122.702,7770.787,4101.592201134128,0
YFI.V,D,20230313,000000,7770.787,9600.752,7769.819,9294.729,6846.913769118671,0
YFI.V,D,20230314,000000,9140.598,9642.873,8734.227,9059.231,4596.543372412526,0
YFI.V,D,20230315,000000,9063.468,9186.422,8024.275,8179.149,3768.4788539326496,0
YFI.V,D,20230316,000000,8173.124,8387.25,8012.103,8242.322,2932.1650448385067,0
YFI.V,D,20230317,000000,8240.676,8960.724,8156.576,8930.763,3736.799110241858,0
YFI.V,D,20230318,000000,8926.83,9204.129,8563.935,8654.506,3707.947106961792,0
YFI.V,D,20230319,000000,8652.855,9091.363,8516.367,8876.926,2808.652006867064,0
YFI.V,D,20230320,000000,8873.088,8989.224,8509.965,8635.455,3120.319782407377,0
YFI.V,D,20230321,000000,8635.455,8895.522,8327.1,8763.497,2822.396740222385,0
YFI.V,D,20230322,000000,8763.497,9011.978,8277.412,8349.806,3343.594404315481,0
YFI.V,D,20230323,000000,8356.113,8849.84,8334.168,8671.048,2351.026317815756,0
YFI.V,D,20230324,000000,8671.048,8725.249,8272.046,8355.254,1747.2333076668272,0
YFI.V,D,20230325,000000,8353.606,8430.282,8095.036,8220.844,1923.6279632110927,0
YFI.V,D,20230326,000000,8217.924,8494.618,8187.482,8364.611,2005.1460780161838,0
YFI.V,D,20230327,000000,8365.182,8467.565,7961.833,8047.701,1971.713488885546,0
YFI.V,D,20230328,000000,8045.209,8562.437,8010.683,8409.268,2150.8663703033076,0
YFI.V,D,20230329,000000,8409.268,9000.119,8405.203,8862.725,3077.881062925237,0
YFI.V,D,20230330,000000,8867.96,8926.22,8609.532,8714.272,2534.7931086968024,0
YFI.V,D,20230331,000000,8717.433,8894.654,8651.438,8786.757,1658.5488384577598,0
YFI.V,D,20230401,000000,8786.727,8835.133,8644.579,8723.249,1476.9512128113918,0
YFI.V,D,20230402,000000,8722.906,8870.014,8496.744,8540.307,1662.8559238851576,0
YFI.V,D,20230403,000000,8537.06,8597.925,8239.128,8346.647,2053.017842173663,0
YFI.V,D,20230404,000000,8347.898,8663.875,8310.386,8604.336,1966.4765345586995,0
YFI.V,D,20230405,000000,8607.662,8874.453,8496.714,8613.04,2334.124919331316,0
YFI.V,D,20230406,000000,8620.458,8656.567,8422.209,8469.053,1675.127758708102,0
YFI.V,D,20230407,000000,8469.758,8629.192,8401.557,8601.41,1665.9514242672847,0
YFI.V,D,20230408,000000,8601.41,8678.257,8561.49,8634.426,1683.8150287789392,0
YFI.V,D,20230409,000000,8624.862,8762.669,8515.456,8607.713,1774.0378051886587,0
YFI.V,D,20230410,000000,8596.063,8693.096,8444.211,8606.025,1869.7437162653493,0
YFI.V,D,20230411,000000,8604.924,9456.789,8598.267,9199.068,2776.555742566266,0
YFI.V,D,20230412,000000,9196.896,9436.482,8913.486,9307.534,1814.5730532026914,0
YFI.V,D,20230413,000000,9309.646,9396.501,8860.685,9069.528,2756.962982812667,0
YFI.V,D,20230414,000000,9070.86,9507.909,9051.153,9269.898,2423.563764926353,0
YFI.V,D,20230415,000000,9269.898,9321.095,9034.655,9099.352,1659.8467194254363,0
YFI.V,D,20230416,000000,9119.289,9258.968,8991.666,9234.475,1141.0893539653937,0
YFI.V,D,20230417,000000,9230.38,9256.349,8907.174,8967.527,1226.2496141439044,0
YFI.V,D,20230418,000000,8966.427,9133.918,8882.238,9042.377,1361.9778950147725,0
YFI.V,D,20230419,000000,9042.787,9146.659,8386.102,8415.3,1763.0104495062603,0
