<TICKER>,<PER>,<DATE>,<TIME>,<OPEN>,<HIGH>,<LOW>,<CLOSE>,<VOL>,<OPENINT>
1ECO.V,D,20220514,000000,4.07666,4.07666,4.07666,4.07666,0.00009506445,0
1ECO.V,D,20220515,000000,4.08512,4.0877,4.05889,4.07404,1372.9001010022291,0
1ECO.V,D,20220516,000000,4.08106,4.09549,4.0601,4.08374,1618.6224568950217,0
1ECO.V,D,20220517,000000,4.08598,4.08882,4.05889,4.08219,1763.8572665386714,0
1ECO.V,D,20220518,000000,4.06294,4.08963,3.99441,3.99483,1621.3506952227892,0
1ECO.V,D,20220519,000000,3.99481,4.08965,3.99441,4.08688,1926.3872864104296,0
1ECO.V,D,20220520,000000,4.06479,4.09139,3.99481,4.0787,1903.5886517369524,0
1ECO.V,D,20220521,000000,4.06397,4.08894,4.06214,4.06595,1524.528900696401,0
1ECO.V,D,20220522,000000,4.06356,4.08893,4.06172,4.08639,1476.3522525392386,0
1ECO.V,D,20220523,000000,4.07333,4.09262,4.06052,4.08204,2530.478521755059,0
1ECO.V,D,20220524,000000,4.06356,4.09058,4.05647,4.06356,1420.4796397676005,0
1ECO.V,D,20220525,000000,4.08013,4.0918,4.06172,4.06437,1549.5080588824992,0
1ECO.V,D,20220526,000000,4.07663,4.09221,3.9952,4.07873,1603.5269421327002,0
1ECO.V,D,20220527,000000,4.08688,4.09126,3.8961,3.90925,1540.6527143346987,0
1ECO.V,D,20220528,000000,4.06635,4.0907,3.79617,4.08632,3152.9022395882944,0
1ECO.V,D,20220529,000000,4.07123,4.09074,3.83458,4.06434,1692.1944349518985,0
1ECO.V,D,20220530,000000,4.0643,4.10041,4.06417,4.07996,2135.125284785391,0
1ECO.V,D,20220531,000000,4.08845,4.09262,4.06416,4.08966,1162.66540283803,0
1ECO.V,D,20220601,000000,4.08832,4.09197,4.06356,4.08763,1146.4700820667288,0
1ECO.V,D,20220602,000000,4.06478,4.09139,4.06336,4.07791,1114.8867187204996,0
1ECO.V,D,20220603,000000,4.06558,4.09195,4.06299,4.08992,1385.1559915827902,0
1ECO.V,D,20220604,000000,4.07362,4.09279,4.06486,4.08869,1506.5548924196005,0
1ECO.V,D,20220605,000000,4.07117,4.09225,4.06409,4.08877,1481.1542292163003,0
1ECO.V,D,20220606,000000,4.06682,4.09164,4.06405,4.0875,1786.8395113492093,0
1ECO.V,D,20220607,000000,4.08783,4.09189,4.06377,4.06932,902.3512186785699,0
1ECO.V,D,20220608,000000,4.06604,4.09578,4.06413,4.08254,1544.844196062321,0
1ECO.V,D,20220609,000000,4.08634,4.09344,4.06344,4.06547,1266.3899010572397,0
1ECO.V,D,20220610,000000,4.08457,4.09389,4.06283,4.06364,1596.6210607819994,0
1ECO.V,D,20220611,000000,4.08692,4.0891,3.79522,4.05763,1559.0220465876014,0
1ECO.V,D,20220612,000000,3.80779,4.08781,3.79569,3.82366,2227.204035166099,0
1ECO.V,D,20220613,000000,3.82362,4.09169,3.595,4.08561,2411.6984668453556,0
1ECO.V,D,20220614,000000,4.06382,4.09244,4.05715,4.08643,2220.6453436193992,0
1ECO.V,D,20220615,000000,4.07123,4.08672,3.99906,3.99906,1203.9275280994,0
1ECO.V,D,20220616,000000,4.06618,4.08068,4.04071,4.0622,1560.9347480328,0
1ECO.V,D,20220617,000000,4.05993,4.07451,4.02805,4.07152,5874.395213634503,0
1ECO.V,D,20220618,000000,4.07139,4.07418,3.89341,3.89341,1612.0476561957998,0
1ECO.V,D,20220619,000000,3.87063,4.09159,3.85581,4.07198,1751.973198803801,0
1ECO.V,D,20220620,000000,4.06471,4.09086,4.06214,4.06719,925.1248982320998,0
1ECO.V,D,20220621,000000,4.06413,4.08681,4.05768,4.06329,1167.5810033651999,0
1ECO.V,D,20220622,000000,4.06367,4.0755,4.06043,4.06628,946.1526339778005,0
1ECO.V,D,20220623,000000,4.06998,4.0758,4.06336,4.07186,863.2697189357,0
1ECO.V,D,20220624,000000,4.06707,4.07641,4.06429,4.07072,1010.0378910897,0
1ECO.V,D,20220625,000000,4.07528,4.077,4.06533,4.0746,1108.9990507189002,0
1ECO.V,D,20220626,000000,4.07243,4.07568,4.06533,4.07543,946.5803893864997,0
1ECO.V,D,20220627,000000,4.06983,4.07564,4.06508,4.0658,913.1270442502997,0
1ECO.V,D,20220628,000000,4.06541,4.07437,4.06401,4.06608,1085.0883792614004,0
1ECO.V,D,20220629,000000,4.06779,4.07282,4.0624,4.06985,1419.4826009861,0
1ECO.V,D,20220630,000000,4.06906,4.0724,4.01866,4.05941,1423.4635562366002,0
1ECO.V,D,20220701,000000,4.06438,4.07351,4.03252,4.05956,1752.086472417801,0
1ECO.V,D,20220702,000000,4.06575,4.07345,4.03332,4.0503,1167.6753616827996,0
1ECO.V,D,20220703,000000,4.04457,4.07308,4.03231,4.06872,1761.1355907615,0
1ECO.V,D,20220704,000000,4.07267,4.07289,4.06275,4.06517,1313.1696822809004,0
1ECO.V,D,20220705,000000,4.06614,4.07341,4.06386,4.07136,957.1195984182007,0
1ECO.V,D,20220706,000000,4.07272,4.0735,4.0641,4.07084,901.3552532260002,0
1ECO.V,D,20220707,000000,4.06634,4.07552,4.06416,4.07311,985.3238036172,0
1ECO.V,D,20220708,000000,4.07114,4.07549,4.06564,4.07304,1102.9446113876995,0
1ECO.V,D,20220709,000000,4.07516,4.07551,4.06458,4.07201,1130.7809313474008,0
1ECO.V,D,20220710,000000,4.07275,4.07554,4.06626,4.06928,1606.9616999720006,0
1ECO.V,D,20220711,000000,4.06547,4.07539,4.03522,4.06948,995.5371789054999,0
1ECO.V,D,20220712,000000,4.07,4.07391,4.06446,4.06832,941.5903929064998,0
1ECO.V,D,20220713,000000,4.06602,4.0739,4.06429,4.07082,1103.7811410417007,0
1ECO.V,D,20220714,000000,4.065,4.07525,4.065,4.06873,1032.8136753833005,0
1ECO.V,D,20220715,000000,4.07463,4.07552,4.06368,4.06921,954.7747879930001,0
1ECO.V,D,20220716,000000,4.07316,4.07637,4.03683,4.07623,859.2558153335997,0
1ECO.V,D,20220717,000000,4.05075,4.07678,3.99908,4.05602,1085.0317606207004,0
1ECO.V,D,20220718,000000,4.05431,4.07746,3.81628,4.07209,1104.2920227083005,0
1ECO.V,D,20220719,000000,4.05419,4.07677,3.88524,4.06343,1020.3116343194998,0
1ECO.V,D,20220720,000000,4.03914,4.07854,3.84766,4.03952,1140.3540939419004,0
1ECO.V,D,20220721,000000,4.05817,4.07644,3.80863,4.0041,1206.8638406873604,0
1ECO.V,D,20220722,000000,3.98184,4.07578,3.86032,3.97697,1156.2716237392,0
1ECO.V,D,20220723,000000,3.9736,4.07265,3.80024,3.81168,1160.799667479,0
1ECO.V,D,20220724,000000,3.8036,4.06477,3.79996,4.0174,358.0935149169998,0
1ECO.V,D,20220725,000000,4.00986,4.0217,3.85917,3.89021,1148.6037006064998,0
1ECO.V,D,20220726,000000,3.86452,4.07832,3.84788,4.0229,1995.3427053120795,0
1ECO.V,D,20220727,000000,4.02026,4.06105,3.98061,4.02236,1159.7925029249002,0
1ECO.V,D,20220728,000000,4.01214,4.03269,3.96603,4.02723,494.920478,0
1ECO.V,D,20220729,000000,4.02209,4.07487,3.95635,3.97901,1028.4507471623003,0
1ECO.V,D,20220730,000000,3.99049,4.09914,3.97097,4.04874,1229.7245979753004,0
1ECO.V,D,20220731,000000,4.04886,4.06993,4.01106,4.01142,1457.7275219647997,0
1ECO.V,D,20220801,000000,4.01146,4.08042,3.63853,3.63998,1080.2493165182998,0
1ECO.V,D,20220802,000000,3.67538,3.88173,3.58075,3.58281,1373.1511173292004,0
1ECO.V,D,20220803,000000,3.58322,3.61434,3.57582,3.59651,1209.4754245159006,0
1ECO.V,D,20220804,000000,3.59662,3.9108,3.50954,3.59581,1143.4853175327999,0
1ECO.V,D,20220805,000000,3.59576,3.62634,3.36866,3.47568,1264.4998243738996,0
1ECO.V,D,20220806,000000,3.47588,3.62754,3.47588,3.59359,1222.2501055305002,0
1ECO.V,D,20220807,000000,3.59366,3.6466,3.59366,3.60953,1247.7118334423005,0
1ECO.V,D,20220808,000000,3.60981,3.86316,3.47338,3.72113,1282.385675941,0
1ECO.V,D,20220809,000000,3.72124,3.7727,3.40078,3.68821,1159.3912903389,0
1ECO.V,D,20220810,000000,3.68813,3.7117,3.19177,3.35962,1016.0643360012,0
1ECO.V,D,20220811,000000,3.35948,3.40703,3.01566,3.24149,996.3389908128,0
1ECO.V,D,20220812,000000,3.24121,3.27935,3.15137,3.15137,1138.6305175316004,0
1ECO.V,D,20220813,000000,3.15065,3.16037,3.08103,3.08103,1189.8394587425998,0
1ECO.V,D,20220814,000000,3.08047,3.09274,3.07279,3.08163,1134.6857012581,0
1ECO.V,D,20220815,000000,3.07303,3.26919,2.73861,2.84168,1368.8775165088002,0
1ECO.V,D,20220816,000000,2.84173,3.0584,2.51411,2.58729,1231.5030417218995,0
1ECO.V,D,20220817,000000,2.58731,2.73375,2.58718,2.60944,1159.2287494073005,0
1ECO.V,D,20220818,000000,2.60934,2.64021,2.41238,2.58406,1041.7518678165998,0
1ECO.V,D,20220819,000000,2.58432,2.61878,1.6439,2.5192,1080.6621773786994,0
1ECO.V,D,20220820,000000,2.51887,2.51887,2.37464,2.4102,1154.3573417108003,0
1ECO.V,D,20220821,000000,2.41016,2.43433,2.30062,2.30222,1171.4571931634998,0
1ECO.V,D,20220822,000000,2.3024,2.53812,2.3024,2.45374,1218.0530384003996,0
1ECO.V,D,20220823,000000,2.4538,2.54882,2.24909,2.52097,985.6985580768003,0
1ECO.V,D,20220824,000000,2.51273,2.55076,2.51273,2.52615,982.8562305999997,0
1ECO.V,D,20220825,000000,2.52611,2.55387,2.49882,2.53302,1265.1565161086003,0
1ECO.V,D,20220826,000000,2.4978,2.52124,2.20346,2.35562,1347.0630499832,0
1ECO.V,D,20220827,000000,2.35551,2.38238,2.00042,2.15226,1226.4150634893006,0
1ECO.V,D,20220828,000000,2.13497,2.16344,2.13434,2.13493,930.8883271439003,0
1ECO.V,D,20220829,000000,2.13493,2.15867,2.13454,2.13501,1162.9160841338,0
1ECO.V,D,20220830,000000,2.13516,2.26105,2.1348,2.26057,1026.4434891152998,0
1ECO.V,D,20220831,000000,2.25432,2.33078,2.2,2.20042,1936.9525782024002,0
1ECO.V,D,20220901,000000,2.20051,2.24987,2.11987,2.20028,1387.6854810351988,0
1ECO.V,D,20220902,000000,2.21011,2.55333,2.18701,2.54767,1210.4601896182005,0
1ECO.V,D,20220903,000000,2.54775,2.55446,2.51098,2.53831,1174.4365864535996,0
1ECO.V,D,20220904,000000,2.52891,2.55324,2.06354,2.30428,1031.8799802833,0
1ECO.V,D,20220905,000000,2.30388,2.30938,2.20074,2.20074,1258.9460942496005,0
1ECO.V,D,20220906,000000,2.20013,2.21645,2.15223,2.16166,2282.571496204899,0
1ECO.V,D,20220907,000000,2.16163,2.21428,2.16012,2.21323,1246.2480060151001,0
1ECO.V,D,20220908,000000,2.21325,2.21435,2.16371,2.1761,1156.7018402485999,0
1ECO.V,D,20220909,000000,2.16241,2.19263,2.15129,2.18221,930.1033458243006,0
1ECO.V,D,20220910,000000,2.17865,2.19281,2.1217,2.12174,1080.0194888241003,0
1ECO.V,D,20220911,000000,2.12108,2.13032,2.09554,2.10382,2030.4268607615998,0
1ECO.V,D,20220912,000000,2.09514,2.10058,2.00426,2.07967,1350.1473899824002,0
1ECO.V,D,20220913,000000,2.07961,2.09173,2.05776,2.05811,950.573703633,0
1ECO.V,D,20220914,000000,2.05809,2.06947,2.04992,2.06788,1252.1083022533994,0
1ECO.V,D,20220915,000000,2.06788,2.08548,1.97472,2.06725,1088.8181258592006,0
1ECO.V,D,20220916,000000,2.06691,2.0859,1.95187,2.06797,1195.7629453878,0
1ECO.V,D,20220917,000000,2.07393,2.08672,2.05627,2.07146,884.3394067290001,0
1ECO.V,D,20220918,000000,2.07151,2.08415,2.05975,2.05975,1234.7865169938,0
1ECO.V,D,20220919,000000,2.07403,2.08285,1.95117,2.06557,909.6930253729995,0
1ECO.V,D,20220920,000000,2.06569,2.08408,2.06569,2.06995,969.9392370228003,0
1ECO.V,D,20220921,000000,2.07017,2.08258,2.04585,2.06923,938.1451361695001,0
1ECO.V,D,20220922,000000,2.06239,2.08112,2.0444,2.04651,1059.0782705597003,0
1ECO.V,D,20220923,000000,2.04673,2.08008,2.04668,2.0599,783.8340915567,0
1ECO.V,D,20220924,000000,2.06,2.07931,2.00023,2.00054,655.902970005871,0
1ECO.V,D,20220925,000000,2.00048,2.07301,2.00018,2.0605,415.14290831459994,0
1ECO.V,D,20220926,000000,2.07701,2.09448,2.03126,2.0782,530.4740072669999,0
1ECO.V,D,20220927,000000,2.06778,2.10595,2.06744,2.07198,271.4500006965,0
1ECO.V,D,20220928,000000,2.06768,2.08294,2.06566,2.06566,74.5673333141,0
1ECO.V,D,20220929,000000,2.07438,2.08158,2.06584,2.06639,497.0554606591,0
1ECO.V,D,20220930,000000,2.06619,2.07704,2.06619,2.0663,50.3009382353,0
1ECO.V,D,20221001,000000,2.07304,2.07579,2.06159,2.06245,99.186755296,0
1ECO.V,D,20221002,000000,2.0622,2.07734,2.06183,2.06185,90.59745491892001,0
1ECO.V,D,20221003,000000,2.06207,2.07645,2.06105,2.06147,83.9101052158,0
1ECO.V,D,20221004,000000,2.06162,2.0754,2.06162,2.06194,43.7267361892,0
1ECO.V,D,20221005,000000,2.05994,2.06015,2.05946,2.05969,97.08081192010002,0
1ECO.V,D,20221006,000000,2.05902,2.07338,2.00252,2.05871,62.36453749193,0
1ECO.V,D,20221007,000000,2.05834,2.07325,2.04985,2.05954,96.19436414064,0
1ECO.V,D,20221008,000000,2.05095,2.06031,2.05095,2.05347,109.62204893210001,0
1ECO.V,D,20221009,000000,2.05326,2.05919,2.02044,2.05404,39.30128403614,0
1ECO.V,D,20221010,000000,2.05404,2.05446,1.99182,1.99182,87.17390660110001,0
1ECO.V,D,20221011,000000,1.98981,2.03755,1.90981,1.94306,315.1877489646199,0
1ECO.V,D,20221012,000000,1.94228,1.97969,1.94221,1.94985,86.30457285502997,0
1ECO.V,D,20221013,000000,1.94775,1.96282,1.86304,1.86304,92.20671080299999,0
1ECO.V,D,20221014,000000,1.8699,1.88604,1.75414,1.82175,64.0105589064,0
1ECO.V,D,20221015,000000,1.85504,1.87648,1.82773,1.82773,58.03038314182001,0
1ECO.V,D,20221016,000000,1.85793,1.85793,1.80258,1.80258,995.91591685981,0
1ECO.V,D,20221017,000000,1.80198,1.80198,1.78213,1.78213,116.38236754864002,0
1ECO.V,D,20221018,000000,1.79886,1.82152,1.76629,1.79492,132.4366641693,0
1ECO.V,D,20221019,000000,1.79492,1.81917,1.79465,1.81917,86.56825714680001,0
1ECO.V,D,20221020,000000,1.79485,1.79485,1.79462,1.79464,91.457532147,0
1ECO.V,D,20221021,000000,1.79464,1.81596,1.79464,1.79494,117.83717135831002,0
1ECO.V,D,20221022,000000,1.79511,1.8253,1.78995,1.79137,40.30836149894,0
1ECO.V,D,20221023,000000,1.79228,1.80572,1.79228,1.79584,97.19769005160998,0
1ECO.V,D,20221024,000000,1.79626,1.79894,1.75579,1.76423,132.3908374284,0
1ECO.V,D,20221025,000000,1.76444,1.80938,1.76444,1.79168,98.6898332847,0
1ECO.V,D,20221026,000000,1.79202,1.82561,1.79202,1.80456,82.01352378979,0
1ECO.V,D,20221027,000000,1.79675,1.82527,1.78802,1.82527,66.78292827925,0
1ECO.V,D,20221028,000000,1.7878,1.816,1.78778,1.78885,96.13357811428,0
1ECO.V,D,20221029,000000,1.7893,1.82561,1.75424,1.75424,87.61656290869999,0
1ECO.V,D,20221030,000000,1.78521,1.78638,1.57289,1.73945,195.6108439233,0
1ECO.V,D,20221031,000000,1.74703,1.81961,1.72464,1.72464,80.19384424096,0
1ECO.V,D,20221101,000000,1.73687,1.80955,1.73601,1.77379,33.514362198739995,0
1ECO.V,D,20221102,000000,1.82499,1.82499,1.78437,1.81521,81.02852410792,0
1ECO.V,D,20221103,000000,1.78627,1.89537,1.78618,1.87924,63.98934628327,0
1ECO.V,D,20221104,000000,1.8623,1.89165,1.73304,1.86569,77.6091402969,0
1ECO.V,D,20221105,000000,1.86437,1.89865,1.77514,1.84168,54.915698848450006,0
1ECO.V,D,20221106,000000,1.85813,1.85813,1.7243,1.73919,895.46916550753,0
1ECO.V,D,20221107,000000,1.71894,1.82891,1.71877,1.81604,120.1997790904,0
1ECO.V,D,20221108,000000,1.81595,1.82165,1.58838,1.58884,62.38176317615999,0
1ECO.V,D,20221109,000000,1.58964,1.68363,1.2274,1.57283,113.6260147724,0
1ECO.V,D,20221110,000000,1.59839,1.6228,1.18268,1.40682,64.71542390100001,0
1ECO.V,D,20221111,000000,1.38857,1.53899,1.31425,1.31425,95.72968811022,0
1ECO.V,D,20221112,000000,1.30751,1.31457,1.30248,1.30966,83.909031,0
1ECO.V,D,20221113,000000,1.29951,1.41258,1.29711,1.3854,61.92384000467,0
1ECO.V,D,20221114,000000,1.35664,1.38052,1.33122,1.3725,47.894951309599996,0
1ECO.V,D,20221115,000000,1.39506,1.40166,1.37079,1.39737,67.67367472131001,0
1ECO.V,D,20221116,000000,1.40161,1.42046,1.14107,1.14957,160.90285066080003,0
1ECO.V,D,20221117,000000,1.13519,1.14388,0.97665,1.01307,54.3236034091,0
1ECO.V,D,20221118,000000,1.01325,1.02247,0.75934,0.79255,777.1466724758999,0
1ECO.V,D,20221119,000000,0.78828,0.8662,0.78535,0.80724,86.561606,0
1ECO.V,D,20221120,000000,0.81206,0.81714,0.81164,0.81714,31.3481887209,0
1ECO.V,D,20221121,000000,0.86451,0.93354,0.84285,0.87588,75.90355092719999,0
1ECO.V,D,20221122,000000,0.88279,0.88974,0.86592,0.87647,127.6763836752,0
1ECO.V,D,20221123,000000,0.87673,0.93257,0.81262,0.93257,68.17673585370001,0
1ECO.V,D,20221124,000000,0.92655,0.93185,0.91502,0.91547,54.1460931863,0
1ECO.V,D,20221125,000000,0.91562,0.93857,0.91562,0.91818,33.25882323930001,0
1ECO.V,D,20221126,000000,0.91817,0.93045,0.91123,0.91309,45.00987194190001,0
1ECO.V,D,20221127,000000,0.91318,0.92932,0.88465,0.88465,62.56689096059999,0
1ECO.V,D,20221128,000000,0.88843,0.92689,0.88444,0.91775,67.7573849297,0
1ECO.V,D,20221129,000000,0.91129,0.911318,0.904785,0.904785,64.75188636600001,0
1ECO.V,D,20221130,000000,0.904843,1.021102,0.904843,0.921723,97.41031976080001,0
1ECO.V,D,20221201,000000,0.921732,0.929342,0.851116,0.865071,117.3085772092,0
1ECO.V,D,20221202,000000,0.864479,0.906541,0.864479,0.898187,67.9377214892,0
1ECO.V,D,20221203,000000,0.898794,0.923498,0.83759,0.91354,43.308035225800005,0
1ECO.V,D,20221204,000000,0.913491,1.017914,0.913341,1.007431,80.2106041637,0
1ECO.V,D,20221205,000000,1.026835,1.219626,0.883331,1.087481,78.87384240989999,0
1ECO.V,D,20221206,000000,1.01782,1.04354,0.968681,1.0304,99.56910419209999,0
1ECO.V,D,20221207,000000,1.05271,1.088817,0.902998,0.902998,97.9309050019,0
1ECO.V,D,20221208,000000,1.097468,1.1195,0.958052,0.989278,953.6042558527,0
1ECO.V,D,20221209,000000,1.010851,1.01119,0.899245,0.899245,81.8977017113,0
1ECO.V,D,20221210,000000,0.923028,0.923028,0.830578,0.893911,104.8035064435,0
1ECO.V,D,20221211,000000,0.890619,0.930889,0.871606,0.894899,51.3206718461,0
1ECO.V,D,20221212,000000,0.8948,0.903022,0.889672,0.898313,51.60458794460001,0
1ECO.V,D,20221213,000000,0.911073,0.911073,0.799714,0.898657,49.1818107351,0
1ECO.V,D,20221214,000000,0.905218,0.905218,0.879462,0.87951,66.8590825247,0
1ECO.V,D,20221215,000000,0.879246,0.880686,0.79569,0.872907,59.081599003099996,0
1ECO.V,D,20221216,000000,0.854231,0.86054,0.830286,0.830286,296.02746817289994,0
1ECO.V,D,20221217,000000,0.814593,0.818876,0.805588,0.805588,67.6645203274,0
1ECO.V,D,20221218,000000,0.808664,0.813369,0.808664,0.813139,19.2332328622,0
1ECO.V,D,20221219,000000,0.812005,0.849626,0.812005,0.830282,57.5612885214,0
1ECO.V,D,20221220,000000,0.834582,0.845469,0.820292,0.828019,68.97044449469999,0
1ECO.V,D,20221221,000000,0.826563,0.826563,0.715933,0.731477,89.8342943532,0
1ECO.V,D,20221222,000000,0.70567,0.70567,0.681319,0.681319,47.6572275754,0
1ECO.V,D,20221223,000000,0.682564,0.697036,0.655268,0.655268,104.67367899069998,0
1ECO.V,D,20221224,000000,0.655294,0.697407,0.655281,0.689976,87.0077185448,0
1ECO.V,D,20221225,000000,0.689962,0.697476,0.514779,0.60062,239.991501738,0
1ECO.V,D,20221226,000000,0.608749,0.610538,0.602206,0.602218,71.2822982603,0
1ECO.V,D,20221227,000000,0.602206,0.661001,0.60103,0.610416,72.65206072470001,0
1ECO.V,D,20221228,000000,0.659709,0.659709,0.520951,0.56299,52.773793687799994,0
1ECO.V,D,20221229,000000,0.574732,0.636748,0.475945,0.475945,24.4146334438,0
1ECO.V,D,20221230,000000,0.480678,0.484328,0.4633,0.463314,165.07681538049997,0
1ECO.V,D,20221231,000000,0.463427,0.476137,0.463427,0.469685,89.1738222722,0
1ECO.V,D,20230101,000000,0.469696,0.474293,0.465864,0.472127,83.47406533869999,0
1ECO.V,D,20230102,000000,0.469122,0.481971,0.461116,0.473556,34.3615199892,0
1ECO.V,D,20230103,000000,0.473404,0.486266,0.393742,0.456917,94.7152661866,0
1ECO.V,D,20230104,000000,0.467618,0.537864,0.354807,0.354807,78.5524040157,0
1ECO.V,D,20230105,000000,0.347309,0.443153,0.310574,0.431056,106.2812647423,0
1ECO.V,D,20230106,000000,0.404362,0.406883,0.392973,0.392973,410.00102190499996,0
1ECO.V,D,20230107,000000,0.398099,0.453394,0.396569,0.422582,160.81719263699998,0
1ECO.V,D,20230108,000000,0.430057,0.430057,0.390326,0.419737,334.0142471368,0
1ECO.V,D,20230109,000000,0.366698,0.40236,0.344887,0.344887,110.7197933007,0
1ECO.V,D,20230110,000000,0.348713,0.348713,0.299976,0.313656,102.0340416085,0
1ECO.V,D,20230111,000000,0.313678,0.32868,0.306997,0.306997,78.6285371485,0
1ECO.V,D,20230112,000000,0.319007,0.371336,0.318984,0.365197,152.6303533022,0
1ECO.V,D,20230113,000000,0.350621,0.375399,0.350596,0.373036,114.8352768222,0
1ECO.V,D,20230114,000000,0.374567,0.471555,0.370144,0.370144,75.5972454195,0
1ECO.V,D,20230115,000000,0.366645,0.516983,0.366384,0.427843,398.3888717982,0
1ECO.V,D,20230116,000000,0.406762,0.416333,0.386614,0.407714,81.0081469948,0
1ECO.V,D,20230117,000000,0.407954,0.44189,0.404257,0.417138,239.72425156770004,0
1ECO.V,D,20230118,000000,0.416622,0.549297,0.40287,0.549297,317.3390229678,0
1ECO.V,D,20230119,000000,0.528904,0.529057,0.410104,0.422467,258.8994022708,0
1ECO.V,D,20230120,000000,0.422488,0.510617,0.422488,0.510617,282.7597778546,0
1ECO.V,D,20230121,000000,0.510773,0.575211,0.490722,0.571117,90.53752954790001,0
1ECO.V,D,20230122,000000,0.570914,0.573519,0.570914,0.571003,48.47016698009999,0
1ECO.V,D,20230123,000000,0.571273,0.572177,0.571273,0.572177,35.9729560303,0
1ECO.V,D,20230124,000000,0.574416,0.599848,0.572183,0.599696,39.9977874713,0
1ECO.V,D,20230125,000000,0.599384,0.599384,0.582026,0.591425,2162.3775441132,0
1ECO.V,D,20230126,000000,0.591512,0.594725,0.591262,0.591274,77.8196842449,0
1ECO.V,D,20230127,000000,0.591291,0.599138,0.579538,0.584116,72.59467996410001,0
1ECO.V,D,20230128,000000,0.58404,0.587113,0.583678,0.583719,17.1352122517,0
1ECO.V,D,20230129,000000,0.588148,0.588148,0.567059,0.575077,123.16947199999997,0
1ECO.V,D,20230130,000000,0.590351,0.595302,0.522139,0.52217,108.8164749649,0
1ECO.V,D,20230131,000000,0.522217,0.539967,0.522133,0.539967,47.855561294199994,0
1ECO.V,D,20230201,000000,0.539956,0.55113,0.53994,0.540669,63.844691035699995,0
1ECO.V,D,20230202,000000,0.541198,0.6455,0.541131,0.6455,85.1054281366,0
1ECO.V,D,20230203,000000,0.645533,0.649054,0.620093,0.638301,233.3254537488,0
1ECO.V,D,20230204,000000,0.638288,0.639281,0.638276,0.638276,0.0008137480999999999,0
1ECO.V,D,20230205,000000,0.645058,0.645148,0.61969,0.632694,42.7763776676,0
1ECO.V,D,20230206,000000,0.634939,0.642794,0.624189,0.624195,171.67062398239997,0
1ECO.V,D,20230207,000000,0.624182,0.63825,0.560374,0.63825,82.4802137595,0
1ECO.V,D,20230208,000000,0.616049,0.633787,0.612699,0.61271,33.576129760200004,0
1ECO.V,D,20230209,000000,0.596365,0.596365,0.596336,0.596336,9.4501339128,0
1ECO.V,D,20230210,000000,0.580136,0.605089,0.557976,0.584398,58.77986569649999,0
1ECO.V,D,20230211,000000,0.584287,0.585924,0.560486,0.576798,40.6487501154,0
1ECO.V,D,20230212,000000,0.575125,0.591549,0.5716,0.572493,1453.1841382254001,0
1ECO.V,D,20230213,000000,0.570465,0.587701,0.510255,0.563611,423.54433264159996,0
1ECO.V,D,20230214,000000,0.562036,0.582455,0.492182,0.567958,176.35136619329998,0
1ECO.V,D,20230215,000000,0.562278,0.575849,0.559322,0.574186,72.9658614132,0
1ECO.V,D,20230216,000000,0.574192,0.577394,0.558465,0.55854,39.7462315565,0
1ECO.V,D,20230217,000000,0.578063,0.646032,0.577965,0.620258,170.85950978269997,0
1ECO.V,D,20230218,000000,0.621393,0.644396,0.582606,0.643234,83.6181992928,0
1ECO.V,D,20230219,000000,0.638651,0.680586,0.637421,0.637421,68.20191290380001,0
1ECO.V,D,20230220,000000,0.641355,0.644414,0.638272,0.644414,68.26593147140001,0
1ECO.V,D,20230221,000000,0.641345,0.648964,0.639741,0.641396,88.1306794197,0
1ECO.V,D,20230222,000000,0.64026,0.64026,0.593517,0.621339,63.4659870098,0
1ECO.V,D,20230223,000000,0.612421,0.618228,0.570063,0.600822,230.21592485649998,0
1ECO.V,D,20230224,000000,0.597162,0.622017,0.591409,0.591409,88.38980333259998,0
1ECO.V,D,20230225,000000,0.590015,0.603482,0.569604,0.583843,108.1035135742,0
1ECO.V,D,20230226,000000,0.593659,0.593659,0.570018,0.570018,57.15436942229999,0
1ECO.V,D,20230227,000000,0.566401,0.689614,0.440057,0.525711,503.26305001549997,0
1ECO.V,D,20230228,000000,0.530077,0.685164,0.478329,0.685157,84.4750814702,0
1ECO.V,D,20230301,000000,0.688212,0.688212,0.62441,0.624454,39.1782421515,0
1ECO.V,D,20230302,000000,0.627565,0.676795,0.474425,0.48038,139.13116967090002,0
1ECO.V,D,20230303,000000,0.480413,0.489719,0.47739,0.47739,81.88019542510001,0
1ECO.V,D,20230304,000000,0.475428,0.480009,0.460583,0.460583,75.731441635,0
1ECO.V,D,20230305,000000,0.460581,0.466437,0.430882,0.430882,120.046621127,0
1ECO.V,D,20230306,000000,0.434323,0.434593,0.419206,0.421886,114.39300840819999,0
1ECO.V,D,20230307,000000,0.41878,0.41878,0.346575,0.374069,113.86188500690001,0
1ECO.V,D,20230308,000000,0.37297,0.402752,0.37297,0.400578,113.39117999999999,0
1ECO.V,D,20230309,000000,0.418575,0.428414,0.417685,0.426561,86.15415913689998,0
1ECO.V,D,20230310,000000,0.426863,0.426867,0.372816,0.379078,216.56332265470002,0
1ECO.V,D,20230311,000000,0.380728,0.387229,0.349169,0.382968,489.1943487633,0
1ECO.V,D,20230312,000000,0.383839,0.384093,0.382796,0.382796,2386.8703047626,0
1ECO.V,D,20230313,000000,0.362178,0.379837,0.362091,0.379837,1.4455533617,0
1ECO.V,D,20230314,000000,0.412563,0.448988,0.395353,0.404244,108.58346770029999,0
1ECO.V,D,20230315,000000,0.424944,0.44136,0.362861,0.393983,79.78607504310001,0
1ECO.V,D,20230316,000000,0.417404,0.417404,0.383927,0.392254,1066.3276166112996,0
1ECO.V,D,20230317,000000,0.392157,0.39356,0.390966,0.39236,95.8677207236,0
1ECO.V,D,20230318,000000,0.393064,0.406802,0.388647,0.406704,166.8481549811,0
1ECO.V,D,20230319,000000,0.406582,0.437768,0.406566,0.437768,81.6710817407,0
1ECO.V,D,20230320,000000,0.436284,0.471352,0.436284,0.471352,122.75319248169998,0
1ECO.V,D,20230321,000000,0.471508,0.488414,0.405576,0.471076,456.65706495660004,0
1ECO.V,D,20230322,000000,0.471949,0.472706,0.426079,0.455766,243.47651902650003,0
1ECO.V,D,20230323,000000,0.455987,0.471417,0.449017,0.46848,267.0001625642,0
1ECO.V,D,20230324,000000,0.467032,0.475527,0.413575,0.417953,389.666439,0
1ECO.V,D,20230325,000000,0.41863,0.433293,0.37197,0.37197,360.305291,0
1ECO.V,D,20230326,000000,0.37188,0.440692,0.329957,0.440692,121.98704475129998,0
1ECO.V,D,20230327,000000,0.418189,0.430431,0.383149,0.425916,340.07570736789995,0
1ECO.V,D,20230328,000000,0.42803,0.467007,0.423444,0.429197,49.7818122131,0
1ECO.V,D,20230329,000000,0.42935,0.431726,0.339495,0.339495,52.974393194799994,0
1ECO.V,D,20230330,000000,0.338408,0.356343,0.314279,0.314279,42.274198993700004,0
1ECO.V,D,20230331,000000,0.362425,0.362425,0.339992,0.356303,59.5942342466,0
1ECO.V,D,20230401,000000,0.35035,0.35035,0.332193,0.33296,121.05324326079999,0
1ECO.V,D,20230402,000000,0.332189,0.335708,0.297737,0.297759,741.194631653,0
1ECO.V,D,20230403,000000,0.300347,0.621772,0.285324,0.289464,653.5195138719,0
1ECO.V,D,20230404,000000,0.428684,0.590523,0.348538,0.44199,174.5088170626,0
1ECO.V,D,20230405,000000,0.444505,0.444505,0.390384,0.391455,103.6205644974,0
1ECO.V,D,20230406,000000,0.390818,0.393083,0.30664,0.340587,521.2631701301,0
1ECO.V,D,20230407,000000,0.328398,0.375032,0.315183,0.369433,114.7248032386,0
1ECO.V,D,20230408,000000,0.369706,0.973388,0.369706,0.630736,1448.8579485042997,0
1ECO.V,D,20230409,000000,0.627082,0.699885,0.5788,0.595002,270.1725818124,0
1ECO.V,D,20230410,000000,0.605421,1.380961,0.533002,0.594629,1802.5930964476001,0
1ECO.V,D,20230411,000000,0.594097,0.800656,0.497012,0.571309,447.2045875902,0
1ECO.V,D,20230412,000000,0.566505,0.639008,0.566505,0.639008,77.4221733529,0
1ECO.V,D,20230413,000000,0.591229,0.706157,0.591229,0.662695,222.61535199999997,0
1ECO.V,D,20230414,000000,0.634438,1.815474,0.634438,0.767267,474.6732167932189,0
1ECO.V,D,20230415,000000,0.762355,0.944296,0.762317,0.871167,66.684137,0
1ECO.V,D,20230416,000000,0.815992,0.815992,0.815992,0.815992,4.389196,0
1ECO.V,D,20230417,000000,0.807039,0.807071,0.707799,0.717446,323.82559949791,0
1ECO.V,D,20230418,000000,0.713784,1.064756,0.712454,0.750725,214.869576695,0
1ECO.V,D,20230419,000000,0.739672,0.74431,0.673223,0.690021,188.4165977552,0
