<TICKER>,<PER>,<DATE>,<TIME>,<OPEN>,<HIGH>,<LOW>,<CLOSE>,<VOL>,<OPENINT>
ANC.V,D,20220219,000000,2.55828,2.65059,2.4975,2.53752,2099398.5007023965,0
ANC.V,D,20220220,000000,2.53527,2.56054,2.13485,2.22211,2038125.0350993117,0
ANC.V,D,20220221,000000,2.22569,2.51626,2.17909,2.46223,2204049.591180107,0
ANC.V,D,20220222,000000,2.46423,3.0008,2.37895,2.90345,7717030.231455941,0
ANC.V,D,20220223,000000,2.90045,3.08885,2.75665,2.92475,7640284.453827279,0
ANC.V,D,20220224,000000,2.92475,3.19428,2.64232,3.18027,4079736.954834073,0
ANC.V,D,20220225,000000,3.18427,3.76788,3.16927,3.74287,5826659.607213153,0
ANC.V,D,20220226,000000,3.74187,3.9966,3.6048,3.75888,4340765.864710354,0
ANC.V,D,20220227,000000,3.7615,3.85754,3.52376,3.70185,3799807.324804384,0
ANC.V,D,20220228,000000,3.70248,3.74187,3.43337,3.52476,2802224.8098503635,0
ANC.V,D,20220301,000000,3.52041,3.88956,3.43272,3.74175,3368802.955108294,0
ANC.V,D,20220302,000000,3.73512,4.29986,3.70711,4.28386,3944482.1423934773,0
ANC.V,D,20220303,000000,4.29129,4.97399,4.26628,4.72695,15973301.593204333,0
ANC.V,D,20220304,000000,4.72695,5.64769,4.58938,5.52666,13050012.962580714,0
ANC.V,D,20220305,000000,5.51665,6.19186,5.12954,5.79974,16734524.138904225,0
ANC.V,D,20220306,000000,5.79674,5.92978,4.08022,4.22384,17948231.25675631,0
ANC.V,D,20220307,000000,4.21626,4.44733,3.81076,3.92618,14440628.899895627,0
ANC.V,D,20220308,000000,3.92618,4.16925,3.57171,3.78476,7622801.316162471,0
ANC.V,D,20220309,000000,3.78576,4.47489,3.74675,4.25042,14491407.274044195,0
ANC.V,D,20220310,000000,4.26143,4.32043,3.68811,3.76751,5531529.51555279,0
ANC.V,D,20220311,000000,3.76751,3.77051,3.36567,3.39234,2827587.9040029757,0
ANC.V,D,20220312,000000,3.38968,3.38968,3.13331,3.20832,3704886.9546983712,0
ANC.V,D,20220313,000000,3.20096,3.25898,3.0119,3.03491,3639866.3936592853,0
ANC.V,D,20220314,000000,3.03421,3.10862,2.84157,2.90058,3407828.610575502,0
ANC.V,D,20220315,000000,2.90558,2.9773,2.66127,2.81384,4549301.529333909,0
ANC.V,D,20220316,000000,2.80484,3.45869,2.76883,3.17095,8227505.586138357,0
ANC.V,D,20220317,000000,3.15995,3.23597,2.80812,2.82913,4334060.928938383,0
ANC.V,D,20220318,000000,2.82941,2.83041,2.67534,2.78739,2898041.7608304876,0
ANC.V,D,20220319,000000,2.78395,2.89945,2.73937,2.77411,2163970.708039323,0
ANC.V,D,20220320,000000,2.77339,2.8044,2.57203,2.59404,1880156.478374417,0
ANC.V,D,20220321,000000,2.60004,2.62205,2.54302,2.55602,1719472.1773279184,0
ANC.V,D,20220322,000000,2.55502,2.74437,2.51326,2.62405,1717675.2525234,0
ANC.V,D,20220323,000000,2.62331,2.63605,2.56228,2.60604,1145622.4430316712,0
ANC.V,D,20220324,000000,2.60704,2.67407,2.55127,2.56328,1275194.9044222995,0
ANC.V,D,20220325,000000,2.56328,2.60882,2.41497,2.42221,2120728.02025478,0
ANC.V,D,20220326,000000,2.41797,2.50725,2.41697,2.47099,938306.3149194653,0
ANC.V,D,20220327,000000,2.46923,2.48424,2.4052,2.45298,966887.8257233148,0
ANC.V,D,20220328,000000,2.45073,2.69908,2.43949,2.59904,4200174.671674543,0
ANC.V,D,20220329,000000,2.6003,3.07123,2.52476,2.81941,18684070.869463135,0
ANC.V,D,20220330,000000,2.82041,3.06153,2.7944,2.83157,10349879.5729016,0
ANC.V,D,20220331,000000,2.83485,2.90058,2.54376,2.54451,5612671.727385385,0
ANC.V,D,20220401,000000,2.54776,2.63605,2.43573,2.60678,3973810.922109305,0
ANC.V,D,20220402,000000,2.60778,2.74782,2.55177,2.62405,5060268.826357552,0
ANC.V,D,20220403,000000,2.62205,2.98319,2.61104,2.92617,9623809.63370343,0
ANC.V,D,20220404,000000,2.92888,2.94618,2.58452,2.71081,4380750.90551913,0
ANC.V,D,20220405,000000,2.71181,2.88487,2.66453,2.69154,3806295.607903617,0
ANC.V,D,20220406,000000,2.69127,3.18032,2.61826,3.08031,24874942.770207975,0
ANC.V,D,20220407,000000,3.079,3.46035,2.958,3.09731,34434465.5210576,0
ANC.V,D,20220408,000000,3.09831,3.31066,2.81713,2.82413,16201086.459346835,0
ANC.V,D,20220409,000000,2.82313,2.86286,2.70081,2.74582,6928148.489862041,0
ANC.V,D,20220410,000000,2.74582,2.85986,2.71481,2.76055,4316363.683067776,0
ANC.V,D,20220411,000000,2.75755,2.76155,2.14043,2.15365,9917511.801766537,0
ANC.V,D,20220412,000000,2.15243,2.27946,2.12964,2.18265,4644326.291013724,0
ANC.V,D,20220413,000000,2.18365,2.27468,2.13964,2.25168,4357146.784710864,0
ANC.V,D,20220414,000000,2.25168,2.37771,2.07842,2.13343,6802799.6359114535,0
ANC.V,D,20220415,000000,2.13321,2.18344,2.06941,2.12943,4812853.821040382,0
ANC.V,D,20220416,000000,2.12843,2.15343,2.09621,2.11642,1087382.3183502376,0
ANC.V,D,20220417,000000,2.11582,2.17313,2.09382,2.11782,1719285.2204723237,0
ANC.V,D,20220418,000000,2.11526,2.12164,1.94439,2.10663,5707885.68521856,0
ANC.V,D,20220419,000000,2.10663,2.17543,2.07762,2.12743,3650458.4812068567,0
ANC.V,D,20220420,000000,2.12743,2.27546,2.08842,2.11742,6544250.199774409,0
ANC.V,D,20220421,000000,2.12042,2.19444,2.08021,2.08142,3005912.6981078982,0
ANC.V,D,20220422,000000,2.08021,2.09642,1.9874,2.0002,2547023.289934832,0
ANC.V,D,20220423,000000,2.0024,2.0144,1.92338,1.94539,3664510.635569111,0
ANC.V,D,20220424,000000,1.94639,1.95339,1.87838,1.92038,2415802.6568927625,0
ANC.V,D,20220425,000000,1.91838,1.93139,1.78018,1.91319,2239976.136554831,0
ANC.V,D,20220426,000000,1.91538,1.9914,1.856,1.86619,3136868.741099748,0
ANC.V,D,20220427,000000,1.86519,1.962,1.839,1.86919,4386960.411874557,0
ANC.V,D,20220428,000000,1.86919,1.87119,1.79918,1.83118,3720451.5725781606,0
ANC.V,D,20220429,000000,1.83218,1.83318,1.72,1.73317,1772263.7856740053,0
ANC.V,D,20220430,000000,1.73307,1.76738,1.64426,1.65957,1598713.5842367592,0
ANC.V,D,20220501,000000,1.6594,1.67787,1.58236,1.6539,2194090.2317086537,0
ANC.V,D,20220502,000000,1.65347,1.76108,1.6467,1.71417,4884427.741797324,0
ANC.V,D,20220503,000000,1.71617,1.75818,1.67566,1.69283,2032679.1519319073,0
ANC.V,D,20220504,000000,1.69343,1.8049,1.68153,1.8036,2725489.5636749147,0
ANC.V,D,20220505,000000,1.80146,2.05379,1.80146,1.95661,9821333.50089024,0
ANC.V,D,20220506,000000,1.9558,2.26577,1.94681,2.0478,20783105.789505053,0
ANC.V,D,20220507,000000,2.0468,2.19578,1.72066,1.72466,9551773.481042879,0
ANC.V,D,20220508,000000,1.72366,1.73483,1.52739,1.61452,9846844.552731372,0
ANC.V,D,20220509,000000,1.61352,1.61568,1.0137,1.02679,14748515.793501738,0
ANC.V,D,20220510,000000,1.02879,1.07868,0.53084,0.56377,50438460.44655744,0
ANC.V,D,20220511,000000,0.55078,0.57077,0.1416,0.30885,113109925.13604878,0
ANC.V,D,20220512,000000,0.30506,0.356496,0.086045,0.102921,68955894.44723779,0
ANC.V,D,20220513,000000,0.102552,0.168418,0.017798,0.079764,219486453.9346064,0
ANC.V,D,20220514,000000,0.080014,0.377206,0.078676,0.269934,579368651.417765,0
ANC.V,D,20220515,000000,0.267924,0.321946,0.161248,0.179384,205377728.05315456,0
ANC.V,D,20220516,000000,0.179766,0.208549,0.090114,0.131818,143924301.0356451,0
ANC.V,D,20220517,000000,0.131439,0.154769,0.119844,0.13033,66357256.522831574,0
ANC.V,D,20220518,000000,0.13035,0.134838,0.111465,0.112054,34713616.94586828,0
ANC.V,D,20220519,000000,0.112494,0.114226,0.095474,0.104796,23059192.382282652,0
ANC.V,D,20220520,000000,0.104535,0.106394,0.090142,0.091061,14866847.408048859,0
ANC.V,D,20220521,000000,0.091081,0.094496,0.076371,0.082223,39965564.00075565,0
ANC.V,D,20220522,000000,0.081434,0.187266,0.080335,0.151438,443059227.30110824,0
ANC.V,D,20220523,000000,0.150979,0.637678,0.149121,0.478965,1355056211.3011224,0
ANC.V,D,20220524,000000,0.479056,0.584556,0.27627,0.296314,703379781.1404468,0
ANC.V,D,20220525,000000,0.296684,0.429327,0.279832,0.346194,385589155.20604557,0
ANC.V,D,20220526,000000,0.345105,0.375047,0.274478,0.293856,203044534.76589692,0
ANC.V,D,20220527,000000,0.293007,0.311278,0.172178,0.213886,263605023.7568952,0
ANC.V,D,20220528,000000,0.213754,0.394618,0.207386,0.288662,439499154.74484783,0
ANC.V,D,20220529,000000,0.292158,0.301931,0.242131,0.257324,144371609.7020572,0
ANC.V,D,20220530,000000,0.258413,0.299691,0.257148,0.261051,150228528.0169509,0
ANC.V,D,20220531,000000,0.261097,0.276968,0.222342,0.22456,109749690.89089936,0
ANC.V,D,20220601,000000,0.22454,0.234969,0.177263,0.191308,63500869.52635575,0
ANC.V,D,20220602,000000,0.191815,0.24378,0.18913,0.217524,186489374.27695888,0
ANC.V,D,20220603,000000,0.217564,0.218823,0.190608,0.205331,57614079.588162765,0
ANC.V,D,20220604,000000,0.205191,0.222382,0.193337,0.201277,66893944.403912656,0
ANC.V,D,20220605,000000,0.201447,0.206513,0.185152,0.19112,46993649.77298978,0
ANC.V,D,20220606,000000,0.19133,0.202789,0.183606,0.188779,51608171.20601167,0
ANC.V,D,20220607,000000,0.188801,0.192446,0.163931,0.167814,46749933.69863197,0
ANC.V,D,20220608,000000,0.168305,0.172809,0.115991,0.117743,96832725.9162229,0
ANC.V,D,20220609,000000,0.117773,0.179639,0.10118,0.159956,301096145.1806265,0
ANC.V,D,20220610,000000,0.159696,0.181314,0.141854,0.148669,300770021.26751864,0
ANC.V,D,20220611,000000,0.14822,0.160485,0.126434,0.133179,129497557.41930047,0
ANC.V,D,20220612,000000,0.133927,0.144553,0.118643,0.13013,171931230.94182137,0
ANC.V,D,20220613,000000,0.12972,0.13346,0.104504,0.112693,171386912.76801455,0
ANC.V,D,20220614,000000,0.112673,0.117929,0.104846,0.111886,184032550.56199738,0
ANC.V,D,20220615,000000,0.111886,0.117367,0.100109,0.116265,171336265.7063343,0
ANC.V,D,20220616,000000,0.120198,0.120198,0.105494,0.10735,102687770.1668166,0
ANC.V,D,20220617,000000,0.104654,0.108596,0.103057,0.105773,52108395.911465496,0
ANC.V,D,20220618,000000,0.105773,0.107573,0.08064,0.088167,141863563.74498114,0
ANC.V,D,20220619,000000,0.088176,0.151418,0.085322,0.125606,217027796.82734895,0
ANC.V,D,20220620,000000,0.126026,0.138464,0.115162,0.118,179304286.50039113,0
ANC.V,D,20220621,000000,0.118098,0.154656,0.115613,0.131056,195022812.72048044,0
ANC.V,D,20220622,000000,0.130916,0.141548,0.119878,0.125814,81918635.36990198,0
ANC.V,D,20220623,000000,0.126134,0.134865,0.124425,0.12691,53615119.22564358,0
ANC.V,D,20220624,000000,0.127013,0.138873,0.126364,0.135125,77920544.38689522,0
ANC.V,D,20220625,000000,0.135244,0.138029,0.128401,0.132008,54873658.20759246,0
ANC.V,D,20220626,000000,0.131908,0.14991,0.130208,0.140224,106659673.99538857,0
ANC.V,D,20220627,000000,0.140496,0.173832,0.134419,0.148927,341699141.41228384,0
ANC.V,D,20220628,000000,0.148728,0.15351,0.137259,0.150015,91754961.77856271,0
ANC.V,D,20220629,000000,0.150034,0.196736,0.143523,0.174818,231422458.56663013,0
ANC.V,D,20220630,000000,0.175949,0.194007,0.135249,0.139932,116908292.08273049,0
ANC.V,D,20220701,000000,0.139832,0.152786,0.137198,0.149415,43320541.92880078,0
ANC.V,D,20220702,000000,0.149545,0.150764,0.137465,0.142049,56967409.49912162,0
ANC.V,D,20220703,000000,0.142039,0.143168,0.137115,0.140437,30223980.15587402,0
ANC.V,D,20220704,000000,0.140517,0.149505,0.139245,0.143807,30426475.04359126,0
ANC.V,D,20220705,000000,0.143657,0.147912,0.138158,0.141344,29099881.508904714,0
ANC.V,D,20220706,000000,0.141035,0.143132,0.139347,0.140365,14045749.22752517,0
ANC.V,D,20220707,000000,0.140485,0.146512,0.139446,0.145113,19889619.14271849,0
ANC.V,D,20220708,000000,0.145213,0.147926,0.139986,0.140306,26579365.057978943,0
ANC.V,D,20220709,000000,0.140356,0.141125,0.114191,0.130412,96608617.77765825,0
ANC.V,D,20220710,000000,0.130299,0.131531,0.120937,0.126094,22835758.287162066,0
ANC.V,D,20220711,000000,0.125924,0.125924,0.118571,0.119113,15336053.246368995,0
ANC.V,D,20220712,000000,0.119033,0.119033,0.107402,0.111688,41439617.87481314,0
ANC.V,D,20220713,000000,0.111612,0.128661,0.111248,0.116973,67267612.24927826,0
ANC.V,D,20220714,000000,0.117105,0.121427,0.113109,0.118539,32425503.97389676,0
ANC.V,D,20220715,000000,0.118779,0.130162,0.116498,0.119444,39578923.30935279,0
ANC.V,D,20220716,000000,0.119334,0.123583,0.114606,0.118536,37272305.26262984,0
ANC.V,D,20220717,000000,0.118418,0.121193,0.114717,0.116029,15792789.2250065,0
ANC.V,D,20220718,000000,0.116109,0.127281,0.110555,0.118402,45902489.36827108,0
ANC.V,D,20220719,000000,0.118143,0.123318,0.115999,0.12233,29895660.666417506,0
ANC.V,D,20220720,000000,0.12237,0.139842,0.118712,0.126496,126473326.82662737,0
ANC.V,D,20220721,000000,0.126526,0.128315,0.113735,0.12069,46467874.08025939,0
ANC.V,D,20220722,000000,0.120489,0.124975,0.116543,0.117836,28192861.758420512,0
ANC.V,D,20220723,000000,0.117637,0.131013,0.116643,0.120513,67612077.35497762,0
ANC.V,D,20220724,000000,0.120552,0.122485,0.1183,0.119044,29156391.8327719,0
ANC.V,D,20220725,000000,0.119004,0.119984,0.110962,0.112559,23016028.351207044,0
ANC.V,D,20220726,000000,0.112661,0.112661,0.103184,0.105855,21627913.88161957,0
ANC.V,D,20220727,000000,0.105995,0.114945,0.105995,0.112267,32519491.101865865,0
ANC.V,D,20220728,000000,0.112276,0.118619,0.111757,0.116733,28429027.891884692,0
ANC.V,D,20220729,000000,0.11671,0.124439,0.113389,0.114197,35326946.41536626,0
ANC.V,D,20220730,000000,0.114227,0.119871,0.113856,0.114758,21133955.259379014,0
ANC.V,D,20220731,000000,0.114531,0.126627,0.113463,0.116457,32725428.942183856,0
ANC.V,D,20220801,000000,0.116548,0.139283,0.11463,0.117675,115389725.29192187,0
ANC.V,D,20220802,000000,0.117745,0.121237,0.109638,0.114019,28426244.55934255,0
ANC.V,D,20220803,000000,0.114059,0.116572,0.111038,0.114999,16743176.497945776,0
ANC.V,D,20220804,000000,0.114615,0.116167,0.112251,0.112494,15641279.585520498,0
ANC.V,D,20220805,000000,0.112473,0.116472,0.112473,0.115132,9822910.681981921,0
ANC.V,D,20220806,000000,0.115133,0.117113,0.114328,0.115865,38343233.41474232,0
ANC.V,D,20220807,000000,0.115745,0.119697,0.114199,0.116872,19089199.27105582,0
ANC.V,D,20220808,000000,0.116871,0.119361,0.11492,0.117075,8743857.342995299,0
ANC.V,D,20220809,000000,0.116753,0.130207,0.10499,0.113223,69965799.14954448,0
ANC.V,D,20220810,000000,0.113074,0.117088,0.108351,0.116075,13517873.590744516,0
ANC.V,D,20220811,000000,0.116234,0.117996,0.111672,0.112463,15194924.078736687,0
ANC.V,D,20220812,000000,0.112336,0.115104,0.110294,0.113951,12099395.931492468,0
ANC.V,D,20220813,000000,0.113851,0.115798,0.112236,0.112644,6775089.271679494,0
ANC.V,D,20220814,000000,0.112624,0.125945,0.112264,0.113285,74684773.31829067,0
ANC.V,D,20220815,000000,0.113575,0.117145,0.108826,0.111607,13769036.589537557,0
ANC.V,D,20220816,000000,0.111658,0.112735,0.10943,0.11056,9454799.834550548,0
ANC.V,D,20220817,000000,0.110509,0.111966,0.10078,0.101387,17642840.598863315,0
ANC.V,D,20220818,000000,0.101278,0.103118,0.09799,0.099991,17869676.27785697,0
ANC.V,D,20220819,000000,0.09996,0.10358,0.083008,0.085019,32825499.67851938,0
ANC.V,D,20220820,000000,0.085364,0.090134,0.079706,0.083829,24243143.96729906,0
ANC.V,D,20220821,000000,0.083988,0.089329,0.083434,0.088418,18538840.033245493,0
ANC.V,D,20220822,000000,0.088217,0.088981,0.082515,0.084485,10574540.73212414,0
ANC.V,D,20220823,000000,0.084706,0.093839,0.084169,0.091152,45144686.420346014,0
ANC.V,D,20220824,000000,0.09132,0.091845,0.086797,0.089418,22946274.771988545,0
ANC.V,D,20220825,000000,0.089527,0.093626,0.085276,0.091513,30051666.690246627,0
ANC.V,D,20220826,000000,0.091603,0.096103,0.081129,0.083848,29945272.341421742,0
ANC.V,D,20220827,000000,0.083868,0.083868,0.07741,0.079162,17432140.35226786,0
ANC.V,D,20220828,000000,0.079002,0.082229,0.078694,0.08033,8452234.4026121,0
ANC.V,D,20220829,000000,0.08029,0.085165,0.075423,0.083246,19339595.026791614,0
ANC.V,D,20220830,000000,0.083237,0.0873761,0.0786663,0.0820974,28370160.344709378,0
ANC.V,D,20220831,000000,0.0818265,0.0940528,0.0808351,0.0934791,43153723.07349413,0
ANC.V,D,20220901,000000,0.0935991,0.1199952,0.0879665,0.097874,248427226.73124155,0
ANC.V,D,20220902,000000,0.098254,0.102323,0.088525,0.090022,67645209.39455335,0
ANC.V,D,20220903,000000,0.089933,0.0934,0.085719,0.088349,42007466.64150862,0
ANC.V,D,20220904,000000,0.08825,0.08994,0.08557,0.08814,14482455.711472785,0
ANC.V,D,20220905,000000,0.087939,0.09665,0.08629,0.089799,72271761.61948578,0
ANC.V,D,20220906,000000,0.089649,0.1116812,0.0885611,0.09381,140508341.864816,0
ANC.V,D,20220907,000000,0.09397,0.0977549,0.0862817,0.0956267,52342695.541005954,0
ANC.V,D,20220908,000000,0.0954867,0.1279915,0.0922018,0.1094497,268466279.16817826,0
ANC.V,D,20220909,000000,0.10962,0.2102978,0.1023253,0.1521217,437010868.70336854,0
ANC.V,D,20220910,000000,0.1523864,0.2163187,0.148406,0.1652614,469679399.9379682,0
ANC.V,D,20220911,000000,0.1652831,0.1920338,0.1534868,0.1564091,181922667.16637722,0
ANC.V,D,20220912,000000,0.1566176,0.1701457,0.1268028,0.133554,127236072.30278292,0
ANC.V,D,20220913,000000,0.1338101,0.1574706,0.1256651,0.1377628,154201885.617268,0
ANC.V,D,20220914,000000,0.1374414,0.15153,0.0925128,0.1114801,156998196.05306756,0
ANC.V,D,20220915,000000,0.1113878,0.1137782,0.10003,0.1020098,49628700.026909776,0
ANC.V,D,20220916,000000,0.1019129,0.11895,0.100065,0.114059,58725731.946690075,0
ANC.V,D,20220917,000000,0.113559,0.114169,0.1037,0.107341,35917976.22180932,0
ANC.V,D,20220918,000000,0.10716,0.108741,0.09139,0.09294,32360706.831547163,0
ANC.V,D,20220919,000000,0.09274,0.1080992,0.09198,0.1012301,47165080.67379092,0
ANC.V,D,20220920,000000,0.1011601,0.1030303,0.0930193,0.0945094,31598534.90701788,0
ANC.V,D,20220921,000000,0.0943894,0.0965897,0.08554,0.08618,30817344.434284456,0
ANC.V,D,20220922,000000,0.08621,0.10349,0.08555,0.0960904,39963170.21665113,0
ANC.V,D,20220923,000000,0.09603,0.10291,0.09164,0.0944806,27089285.33683989,0
ANC.V,D,20220924,000000,0.0947324,0.0964642,0.0903599,0.0905872,19007755.541291013,0
ANC.V,D,20220925,000000,0.09056,0.0925993,0.0836175,0.08426,19902093.282655284,0
ANC.V,D,20220926,000000,0.08443,0.10953,0.08252,0.09816,123894819.05817239,0
ANC.V,D,20220927,000000,0.09803,0.10145,0.0906,0.0914908,42644759.46639543,0
ANC.V,D,20220928,000000,0.0916408,0.09307,0.0873913,0.09123,29202504.121682297,0
ANC.V,D,20220929,000000,0.09131,0.0922,0.0876,0.08934,13630104.484772088,0
ANC.V,D,20220930,000000,0.0893589,0.0952295,0.0892389,0.09117,33308206.529079273,0
ANC.V,D,20221001,000000,0.091,0.09231,0.089751,0.09201,10292552.19340836,0
ANC.V,D,20221002,000000,0.09182,0.0994899,0.08857,0.09068,29672005.96530295,0
ANC.V,D,20221003,000000,0.0905491,0.0923,0.0872787,0.090449,12175365.772487788,0
ANC.V,D,20221004,000000,0.0905272,0.095019,0.0902881,0.0908472,12454344.421667295,0
ANC.V,D,20221005,000000,0.0907081,0.0920276,0.0885589,0.089928,8967591.996615134,0
ANC.V,D,20221006,000000,0.089858,0.0927648,0.0878905,0.0884115,15739345.107452614,0
ANC.V,D,20221007,000000,0.088345,0.0912309,0.0880832,0.0895407,9751958.817171518,0
ANC.V,D,20221008,000000,0.0895307,0.0906263,0.0856077,0.0863816,7918288.366428681,0
ANC.V,D,20221009,000000,0.0863324,0.0911091,0.0862424,0.089989,8404530.371324139,0
ANC.V,D,20221010,000000,0.0897679,0.0960296,0.0889189,0.09295,37926629.64118809,0
ANC.V,D,20221011,000000,0.09262,0.1059779,0.08056,0.0914318,117563608.9845494,0
ANC.V,D,20221012,000000,0.0912418,0.1026859,0.0894046,0.0907327,76148236.22279109,0
ANC.V,D,20221013,000000,0.0908036,0.0927581,0.0830967,0.0912982,34073950.143202,0
ANC.V,D,20221014,000000,0.0912473,0.0946466,0.0877818,0.0886409,20863508.626386374,0
ANC.V,D,20221015,000000,0.0884735,0.0900081,0.0864017,0.0880944,17070505.32861235,0
ANC.V,D,20221016,000000,0.0881153,0.0898409,0.0863309,0.0871435,14115324.036638886,0
ANC.V,D,20221017,000000,0.0871544,0.0890027,0.0862669,0.0873817,10855342.523899838,0
ANC.V,D,20221018,000000,0.0874317,0.0888889,0.0834492,0.0854143,12150932.634837879,0
ANC.V,D,20221019,000000,0.0854143,0.0877509,0.0830225,0.08495,11751997.66396078,0
ANC.V,D,20221020,000000,0.0848192,0.0868291,0.0816826,0.0824109,7809550.722476441,0
ANC.V,D,20221021,000000,0.0823926,0.0824941,0.0766285,0.0819757,14477463.902178138,0
ANC.V,D,20221022,000000,0.0821057,0.0831975,0.0800972,0.0811565,6554346.451143411,0
ANC.V,D,20221023,000000,0.0810765,0.0842167,0.0799124,0.0825099,16244076.469735265,0
ANC.V,D,20221024,000000,0.0825407,0.0840067,0.0801964,0.0819333,6857058.613787215,0
ANC.V,D,20221025,000000,0.0819125,0.084858,0.0811632,0.082769,9910590.400443554,0
ANC.V,D,20221026,000000,0.0828773,0.0859932,0.0825198,0.0830924,8950571.248166783,0
ANC.V,D,20221027,000000,0.0831233,0.0879493,0.0822384,0.0832533,10551456.366290119,0
ANC.V,D,20221028,000000,0.083395,0.0884127,0.0825866,0.0840385,20433782.11797244,0
ANC.V,D,20221029,000000,0.0842669,0.0878446,0.084001,0.0855305,9157447.845778635,0
ANC.V,D,20221030,000000,0.0856697,0.0946289,0.0852345,0.0858372,26000719.35965173,0
ANC.V,D,20221031,000000,0.0855371,0.0865082,0.0825667,0.0837133,9975273.524185568,0
ANC.V,D,20221101,000000,0.083505,0.0842947,0.082346,0.0827709,3418079.23693785,0
ANC.V,D,20221102,000000,0.0826201,0.0827292,0.0789613,0.0798968,11797304.135898119,0
ANC.V,D,20221103,000000,0.079896,0.0844016,0.079796,0.0813892,10928229.214131124,0
ANC.V,D,20221104,000000,0.08145,0.0895654,0.08112,0.0884062,11904285.837276347,0
ANC.V,D,20221105,000000,0.0886562,0.093003,0.0861526,0.0869152,23762537.589252315,0
ANC.V,D,20221106,000000,0.0869126,0.0900118,0.08351,0.0839134,19953424.218091443,0
ANC.V,D,20221107,000000,0.0836467,0.0838575,0.0810065,0.0824982,6511126.473549185,0
ANC.V,D,20221108,000000,0.0824347,0.0832216,0.0470658,0.0606113,27651792.120162092,0
ANC.V,D,20221109,000000,0.0605712,0.0634316,0.0455051,0.0469372,27491032.9687219,0
ANC.V,D,20221110,000000,0.0467204,0.0627783,0.0462082,0.0585549,13279879.150647223,0
ANC.V,D,20221111,000000,0.0585867,0.0666555,0.0513818,0.0559449,10022874.885524126,0
ANC.V,D,20221112,000000,0.0558312,0.0580144,0.0519264,0.0524953,7480574.0513331015,0
ANC.V,D,20221113,000000,0.0524055,0.054617,0.049221,0.0506889,6616031.038975851,0
ANC.V,D,20221114,000000,0.0505193,0.0527666,0.0469395,0.0516724,6106135.054708976,0
ANC.V,D,20221115,000000,0.0516598,0.0553846,0.0515532,0.0518181,3918391.1030011717,0
ANC.V,D,20221116,000000,0.0520964,0.0524223,0.0501053,0.0517119,5722208.227825105,0
ANC.V,D,20221117,000000,0.0518827,0.0529544,0.0501299,0.0503307,6028887.414314815,0
ANC.V,D,20221118,000000,0.0503707,0.058154,0.0501823,0.0519497,42506678.689466394,0
ANC.V,D,20221119,000000,0.0520001,0.0523471,0.0505633,0.0514564,6095614.628261044,0
ANC.V,D,20221120,000000,0.0514859,0.0579287,0.0482121,0.0499345,24876783.156727258,0
ANC.V,D,20221121,000000,0.049954,0.0513319,0.0486464,0.04996,10859060.511581907,0
ANC.V,D,20221122,000000,0.0500399,0.0540904,0.0463243,0.0521332,12708567.180148568,0
ANC.V,D,20221123,000000,0.0521263,0.053973,0.0514986,0.0530316,13394029.307658415,0
ANC.V,D,20221124,000000,0.0529922,0.0540443,0.0515382,0.0528871,4897838.592446641,0
ANC.V,D,20221125,000000,0.0532347,0.0532347,0.0504287,0.0511393,6073941.511483502,0
ANC.V,D,20221126,000000,0.0510143,0.0542169,0.0508605,0.0518389,10241166.391931465,0
ANC.V,D,20221127,000000,0.0520693,0.0540265,0.0514581,0.0539265,10005327.599816432,0
ANC.V,D,20221128,000000,0.0536267,0.0536267,0.0495932,0.0521796,10607067.709140431,0
ANC.V,D,20221129,000000,0.0523501,0.0535816,0.0516924,0.0523406,10582907.504591115,0
ANC.V,D,20221130,000000,0.0523906,0.0557716,0.0521623,0.0544333,8039247.190728721,0
ANC.V,D,20221201,000000,0.0544822,0.0642106,0.0538851,0.0549233,48447107.62304808,0
ANC.V,D,20221202,000000,0.0549833,0.0635789,0.0544238,0.0572917,92065195.68560153,0
ANC.V,D,20221203,000000,0.0575034,0.0584764,0.0541108,0.0549455,10701383.134141117,0
ANC.V,D,20221204,000000,0.0550255,0.0557056,0.0540154,0.054921,6965878.915348453,0
ANC.V,D,20221205,000000,0.0549555,0.0581374,0.0548355,0.0558711,10887850.90214879,0
ANC.V,D,20221206,000000,0.0560717,0.05688,0.0525795,0.0533595,14501429.913779505,0
ANC.V,D,20221207,000000,0.05338,0.0539895,0.0507236,0.0515,11616280.808751578,0
ANC.V,D,20221208,000000,0.0514305,0.05415,0.0513015,0.0528337,16716267.180745197,0
ANC.V,D,20221209,000000,0.0529637,0.0536121,0.0510095,0.0511726,14684422.483258026,0
ANC.V,D,20221210,000000,0.0512826,0.05249,0.0512826,0.051779,4104667.2369069485,0
ANC.V,D,20221211,000000,0.05183,0.0529016,0.0512102,0.0513951,3181984.8909768877,0
ANC.V,D,20221212,000000,0.0513303,0.0515452,0.0480214,0.0509536,13058942.599496473,0
ANC.V,D,20221213,000000,0.0509036,0.0518426,0.0420101,0.0470082,23730568.94858262,0
ANC.V,D,20221214,000000,0.0470287,0.0482408,0.0444887,0.0454732,7413722.056557853,0
ANC.V,D,20221215,000000,0.0454032,0.0461146,0.0434043,0.0434243,8187084.777730538,0
ANC.V,D,20221216,000000,0.0433943,0.04357,0.0353535,0.0368874,9304014.732152281,0
ANC.V,D,20221217,000000,0.0369937,0.0387947,0.0355371,0.038085,8538974.177755821,0
ANC.V,D,20221218,000000,0.0380349,0.0389835,0.0367533,0.0370748,2673502.383783385,0
ANC.V,D,20221219,000000,0.0371248,0.0378561,0.0331703,0.03381,3870733.1105362414,0
ANC.V,D,20221220,000000,0.03396,0.0382934,0.0337797,0.0354414,6857489.987121983,0
ANC.V,D,20221221,000000,0.0354514,0.0358014,0.0282711,0.0283414,29693355.262000374,0
ANC.V,D,20221222,000000,0.0283711,0.03179,0.0281377,0.0288551,20810914.892952695,0
ANC.V,D,20221223,000000,0.0287957,0.0316265,0.0285169,0.0285469,12127361.51878367,0
ANC.V,D,20221224,000000,0.0285369,0.0295079,0.0278486,0.0278683,7102105.371347956,0
ANC.V,D,20221225,000000,0.0279686,0.0325548,0.0277656,0.0304554,37736830.92122194,0
ANC.V,D,20221226,000000,0.0304763,0.0456354,0.0302864,0.0330434,202837579.40963235,0
ANC.V,D,20221227,000000,0.0330434,0.0334236,0.0310541,0.0314974,9237090.063188618,0
ANC.V,D,20221228,000000,0.0312906,0.0312909,0.0288835,0.0290843,4098019.4456865806,0
ANC.V,D,20221229,000000,0.0290843,0.0351859,0.0288858,0.0323854,11568200.301826831,0
ANC.V,D,20221230,000000,0.0323848,0.0333846,0.0296852,0.0301846,5249717.35379785,0
ANC.V,D,20221231,000000,0.0303845,0.0324838,0.0272861,0.0296852,3856979.7373533016,0
ANC.V,D,20230101,000000,0.0293853,0.0304844,0.0292859,0.0302861,1450452.3846085994,0
ANC.V,D,20230102,000000,0.0302873,0.0308883,0.0299874,0.0306902,3766466.750607497,0
ANC.V,D,20230103,000000,0.0307898,0.0345858,0.0302873,0.0334869,12174867.360305937,0
ANC.V,D,20230104,000000,0.0327875,0.0381847,0.0304872,0.0359881,24446970.916280728,0
ANC.V,D,20230105,000000,0.0359878,0.0369867,0.0283881,0.0314887,9929558.253986606,0
ANC.V,D,20230106,000000,0.0319875,0.0328872,0.0241877,0.0282912,2998784.49882414,0
ANC.V,D,20230107,000000,0.0338905,0.0353897,0.0329908,0.0330917,1729223.3439298582,0
ANC.V,D,20230108,000000,0.0334916,0.0338919,0.0329931,0.033395,1520524.6515602998,0
ANC.V,D,20230109,000000,0.0337949,0.0382966,0.033493,0.0365,4038648.270200007,0
ANC.V,D,20230110,000000,0.0363004,0.0373963,0.0349955,0.0361051,3060662.6757020988,0
ANC.V,D,20230111,000000,0.0362054,0.0363058,0.0338942,0.0344997,1693802.3791408997,0
ANC.V,D,20230112,000000,0.0344966,0.0368963,0.0344966,0.0359032,2257088.1795791006,0
ANC.V,D,20230113,000000,0.0359032,0.0380008,0.0355996,0.0373037,3361634.5081485957,0
ANC.V,D,20230114,000000,0.037403,0.0415058,0.0370078,0.0394016,7504162.276931822,0
ANC.V,D,20230115,000000,0.0397012,0.0590236,0.0397,0.0511153,44032315.750617094,0
ANC.V,D,20230116,000000,0.0509148,0.0559168,0.0502156,0.0537011,8222517.078316533,0
ANC.V,D,20230117,000000,0.0542011,0.0547071,0.0486995,0.0525058,4410013.097112398,0
ANC.V,D,20230118,000000,0.0525058,0.0544044,0.0419966,0.0446978,5331603.615897565,0
ANC.V,D,20230119,000000,0.0445282,0.0544889,0.0434996,0.0513979,8455425.457630334,0
ANC.V,D,20230120,000000,0.0513036,0.0523358,0.047729,0.0522599,4742923.085496069,0
ANC.V,D,20230121,000000,0.052251,0.0569159,0.0488947,0.0518778,6838825.631558051,0
ANC.V,D,20230122,000000,0.0515093,0.0524089,0.0463088,0.0484092,4255991.101367442,0
ANC.V,D,20230123,000000,0.0482092,0.0544854,0.0480096,0.0510082,4073166.7313004,0
ANC.V,D,20230124,000000,0.0509081,0.0524068,0.0475076,0.0477014,2596963.559134228,0
ANC.V,D,20230125,000000,0.0477038,0.0488093,0.0451041,0.0475081,3600620.659804095,0
ANC.V,D,20230126,000000,0.0474085,0.0489088,0.0467037,0.0467051,2385277.304325041,0
ANC.V,D,20230127,000000,0.0469038,0.0491029,0.044412,0.0468192,2651724.3706994946,0
ANC.V,D,20230128,000000,0.0469159,0.053914,0.0465112,0.0488112,6472069.849796645,0
ANC.V,D,20230129,000000,0.0491108,0.0579127,0.0491108,0.0512026,8755061.211891098,0
ANC.V,D,20230130,000000,0.0515015,0.0515015,0.04517,0.0461632,4502354.2161195455,0
ANC.V,D,20230131,000000,0.0463432,0.052299,0.0461768,0.0491844,5514654.880349491,0
ANC.V,D,20230201,000000,0.0489029,0.050103,0.0471,0.0492034,3978340.4901134097,0
ANC.V,D,20230202,000000,0.049403,0.0525042,0.0493025,0.0510092,3510292.4992858907,0
ANC.V,D,20230203,000000,0.0512108,0.0636057,0.0495074,0.0572146,20563453.892129008,0
ANC.V,D,20230204,000000,0.0569446,0.0615649,0.0537032,0.0556039,7998507.170411877,0
ANC.V,D,20230205,000000,0.0556044,0.0565102,0.0510122,0.0518135,3745341.2263072873,0
ANC.V,D,20230206,000000,0.0518135,0.0566108,0.0512113,0.0544033,6328858.336548495,0
ANC.V,D,20230207,000000,0.0539749,0.0557428,0.0519036,0.0556333,3953568.019126301,0
ANC.V,D,20230208,000000,0.0553028,0.0555006,0.0510056,0.0521042,2981724.650212796,0
ANC.V,D,20230209,000000,0.0520031,0.0531,0.0422996,0.0433043,9590398.013067465,0
ANC.V,D,20230210,000000,0.0431943,0.047309,0.0431943,0.045826,4635773.015045645,0
ANC.V,D,20230211,000000,0.0457173,0.0494054,0.0447045,0.0463042,3685323.7601115527,0
ANC.V,D,20230212,000000,0.0462046,0.0488044,0.0454068,0.0465037,3920202.5371024865,0
ANC.V,D,20230213,000000,0.0466542,0.0511543,0.0427693,0.0476157,16421274.937795648,0
ANC.V,D,20230214,000000,0.0477243,0.05004,0.0457228,0.0475185,5679722.803754939,0
ANC.V,D,20230215,000000,0.0475223,0.0494074,0.0469169,0.0490088,3747931.708928177,0
ANC.V,D,20230216,000000,0.0488078,0.0540049,0.0468051,0.0474156,6641112.252130857,0
ANC.V,D,20230217,000000,0.0475062,0.0500045,0.0461051,0.0485044,4854209.081837766,0
ANC.V,D,20230218,000000,0.0484063,0.0546115,0.0478081,0.0493084,7602155.914451626,0
ANC.V,D,20230219,000000,0.0492079,0.049708,0.0457059,0.0481111,5303647.437126809,0
ANC.V,D,20230220,000000,0.0478124,0.0487097,0.0376053,0.0412016,28903363.96203218,0
ANC.V,D,20230221,000000,0.0412025,0.0419126,0.0324036,0.0340058,28447806.25704276,0
ANC.V,D,20230222,000000,0.0340058,0.0350053,0.0310047,0.0320016,12523453.266453585,0
ANC.V,D,20230223,000000,0.0319994,0.0336034,0.0316032,0.0319041,11901438.77833373,0
ANC.V,D,20230224,000000,0.0318051,0.0339054,0.0301994,0.0301997,10667366.032313166,0
ANC.V,D,20230225,000000,0.0302994,0.0369037,0.0301003,0.0321022,44153916.62671178,0
ANC.V,D,20230226,000000,0.0318019,0.0332033,0.0308025,0.0308031,11134456.895305037,0
ANC.V,D,20230227,000000,0.0309015,0.0314006,0.0282039,0.0285023,19463594.820397165,0
ANC.V,D,20230228,000000,0.0284014,0.0291006,0.0260995,0.027306,16872645.068035193,0
ANC.V,D,20230301,000000,0.0272057,0.0290026,0.0266032,0.028304,7573054.6151875,0
ANC.V,D,20230302,000000,0.0281042,0.028604,0.0267997,0.0272022,6609824.999076796,0
ANC.V,D,20230303,000000,0.0273025,0.0274027,0.0220031,0.0237014,14519724.308220627,0
ANC.V,D,20230304,000000,0.0237021,0.024703,0.0228011,0.0234016,9456252.697022995,0
ANC.V,D,20230305,000000,0.0235016,0.0248022,0.0230009,0.0234026,6912710.371994351,0
ANC.V,D,20230306,000000,0.0232028,0.0246,0.0231023,0.0241993,10661380.832788097,0
ANC.V,D,20230307,000000,0.0240988,0.0245998,0.0220969,0.0224011,9463821.938597001,0
ANC.V,D,20230308,000000,0.0224987,0.0232981,0.0220989,0.0221991,6119004.510452616,0
ANC.V,D,20230309,000000,0.0220969,0.0243951,0.0214963,0.0220022,10178858.511000684,0
ANC.V,D,20230310,000000,0.0219039,0.0231025,0.0214998,0.0225736,7017043.399833898,0
ANC.V,D,20230311,000000,0.0225801,0.0233502,0.0210666,0.0215551,5904667.81206031,0
ANC.V,D,20230312,000000,0.021765,0.0229565,0.0214559,0.0224113,5360908.687130223,0
ANC.V,D,20230313,000000,0.0225212,0.0254263,0.0223818,0.0241099,9654610.50593084,0
ANC.V,D,20230314,000000,0.0241032,0.0255087,0.0232289,0.0240984,11528624.87565201,0
ANC.V,D,20230315,000000,0.0241027,0.0250257,0.0205504,0.0216922,11573284.410611104,0
ANC.V,D,20230316,000000,0.0217898,0.0232464,0.0215742,0.0224533,7152338.6703655915,0
ANC.V,D,20230317,000000,0.0224549,0.023764,0.0222471,0.0232696,10416048.114128876,0
ANC.V,D,20230318,000000,0.0234587,0.024562,0.022854,0.0233697,10762821.375123233,0
ANC.V,D,20230319,000000,0.0233699,0.0240686,0.0226696,0.0228663,5040391.582040983,0
ANC.V,D,20230320,000000,0.0227681,0.0232838,0.0221738,0.0222804,8734265.219035314,0
ANC.V,D,20230321,000000,0.0223816,0.0230844,0.0220799,0.022572,5198535.8026741035,0
ANC.V,D,20230322,000000,0.0226739,0.0228746,0.0193521,0.0202592,18850967.753911655,0
ANC.V,D,20230323,000000,0.0202574,0.0211637,0.0196506,0.020142,8729607.67150699,0
ANC.V,D,20230324,000000,0.0202434,0.0207395,0.0194196,0.0195232,4647305.343292938,0
ANC.V,D,20230325,000000,0.019511,0.0220422,0.0195018,0.0209203,11050728.509482807,0
ANC.V,D,20230326,000000,0.0210001,0.0225494,0.0203996,0.0209238,10187791.403434804,0
ANC.V,D,20230327,000000,0.0207434,0.0208973,0.0170314,0.0189889,10325401.66052864,0
ANC.V,D,20230328,000000,0.0189689,0.0193791,0.0185969,0.0192075,6407692.9023967935,0
ANC.V,D,20230329,000000,0.0192073,0.0203063,0.0189053,0.019701,8646386.769852076,0
ANC.V,D,20230330,000000,0.0196039,0.0202055,0.018202,0.0184052,11068755.853331694,0
ANC.V,D,20230331,000000,0.018405,0.019105,0.0181051,0.0189038,3187755.8815620965,0
ANC.V,D,20230401,000000,0.0189059,0.0189087,0.0184063,0.0186069,2494351.5422176314,0
ANC.V,D,20230402,000000,0.0187079,0.0188079,0.0184074,0.0185115,2622292.695734842,0
ANC.V,D,20230403,000000,0.0184116,0.0191097,0.018106,0.0182067,4964301.759066104,0
ANC.V,D,20230404,000000,0.0182073,0.0189076,0.0182029,0.0187095,2605922.928402301,0
ANC.V,D,20230405,000000,0.0185061,0.0190044,0.0183037,0.0185068,4128866.321814601,0
ANC.V,D,20230406,000000,0.0185035,0.0187075,0.0179082,0.0180106,7417698.090368101,0
ANC.V,D,20230407,000000,0.0182066,0.0188094,0.0166111,0.0174129,8089931.344912121,0
ANC.V,D,20230408,000000,0.0174129,0.0187095,0.0171082,0.0185072,4915423.009902904,0
ANC.V,D,20230409,000000,0.0185072,0.0187118,0.0176125,0.0181107,6960927.8762177,0
ANC.V,D,20230410,000000,0.018111,0.0187135,0.0177083,0.0180146,5987160.636218717,0
ANC.V,D,20230411,000000,0.018013,0.0183163,0.0178142,0.0179767,2209557.1121889483,0
ANC.V,D,20230412,000000,0.017996,0.0183146,0.0169166,0.0181141,6667537.1537207095,0
ANC.V,D,20230413,000000,0.018014,0.0187176,0.0177175,0.0179172,6281315.307106198,0
ANC.V,D,20230414,000000,0.0178176,0.0181199,0.0176192,0.0180157,3815203.259557369,0
ANC.V,D,20230415,000000,0.0181152,0.0184675,0.0178176,0.0180462,4204820.143160114,0
ANC.V,D,20230416,000000,0.0181061,0.0183625,0.0177742,0.0183028,2918923.314468762,0
ANC.V,D,20230417,000000,0.0182924,0.0186414,0.0177514,0.0179079,6403628.1964475075,0
ANC.V,D,20230418,000000,0.0178895,0.0182875,0.0178595,0.0180532,3588044.468632134,0
ANC.V,D,20230419,000000,0.0180443,0.0182779,0.0163052,0.0165086,8227375.364953071,0
