<TICKER>,<PER>,<DATE>,<TIME>,<OPEN>,<HIGH>,<LOW>,<CLOSE>,<VOL>,<OPENINT>
BTRST.V,D,20220514,000000,2.92202,3.11844,2.85585,3.05241,105072.6310242697,0
BTRST.V,D,20220515,000000,3.05971,3.071,2.81462,2.89952,63384.51202170006,0
BTRST.V,D,20220516,000000,2.89852,2.91749,2.76912,2.77838,94014.4944584936,0
BTRST.V,D,20220517,000000,2.77838,2.8413,2.7624,2.78665,53427.87958842254,0
BTRST.V,D,20220518,000000,2.78737,2.79264,2.64156,2.64955,65017.025651516386,0
BTRST.V,D,20220519,000000,2.64955,2.68758,2.59314,2.62038,43864.94468376346,0
BTRST.V,D,20220520,000000,2.61564,2.6351,2.51772,2.51997,50988.01896106476,0
BTRST.V,D,20220521,000000,2.52397,2.52597,2.48102,2.49375,51882.59082048111,0
BTRST.V,D,20220522,000000,2.48951,2.52197,2.4578,2.51897,55742.832081935216,0
BTRST.V,D,20220523,000000,2.51897,2.55045,2.42409,2.48177,55476.31911749447,0
BTRST.V,D,20220524,000000,2.48002,2.59914,2.40335,2.48377,61698.64861007254,0
BTRST.V,D,20220525,000000,2.48477,2.52471,2.42433,2.47128,48287.4290485626,0
BTRST.V,D,20220526,000000,2.46504,2.47103,1.20455,2.43556,55129.15841699656,0
BTRST.V,D,20220527,000000,2.42857,3.41558,2.42158,2.68105,243588.4232993798,0
BTRST.V,D,20220528,000000,2.68132,2.72062,2.0338,2.51808,66547.38098838022,0
BTRST.V,D,20220529,000000,2.52599,2.52699,2.37736,2.39046,72207.33516719143,0
BTRST.V,D,20220530,000000,2.3936,2.49475,2.38835,2.46003,60825.82038947732,0
BTRST.V,D,20220531,000000,2.46727,2.49875,2.42906,2.45803,54421.8044309441,0
BTRST.V,D,20220601,000000,2.45104,2.45903,2.37886,2.38285,62219.72585622377,0
BTRST.V,D,20220602,000000,2.37986,2.40983,2.37962,2.39085,65117.901688189835,0
BTRST.V,D,20220603,000000,2.39085,2.442,2.37486,2.39591,49485.03320870373,0
BTRST.V,D,20220604,000000,2.39591,2.43607,2.36908,2.43018,53435.91300729919,0
BTRST.V,D,20220605,000000,2.43415,2.46678,2.31986,2.32281,89379.42116567296,0
BTRST.V,D,20220606,000000,2.32681,2.41799,2.32379,2.37101,287572.8054009684,0
BTRST.V,D,20220607,000000,2.36703,2.37105,2.27538,2.3141,229974.6622235913,0
BTRST.V,D,20220608,000000,2.32026,2.40063,1.70679,2.254,363056.7322674055,0
BTRST.V,D,20220609,000000,2.25833,2.37101,2.15725,2.36599,426856.81336678204,0
BTRST.V,D,20220610,000000,2.37629,2.39891,2.35714,2.38397,832716.0477292639,0
BTRST.V,D,20220611,000000,2.3825,2.39627,2.337,2.35232,53282.798084073955,0
BTRST.V,D,20220612,000000,2.34734,2.41814,2.34734,2.39805,67128.27647802175,0
BTRST.V,D,20220613,000000,2.39702,2.40701,2,2.024,1767289.752635526,0
BTRST.V,D,20220614,000000,2.021,2.031,1.781,1.802,2469752.3087050435,0
BTRST.V,D,20220615,000000,1.806,1.857,1.725,1.783,1865256.957536597,0
BTRST.V,D,20220616,000000,1.75507,1.85,1.7,1.723,64940.109339396295,0
BTRST.V,D,20220617,000000,1.69765,1.71661,1.568,1.582,11413978.235278143,0
BTRST.V,D,20220618,000000,1.583,1.626,1.306,1.35,3384591.833100576,0
BTRST.V,D,20220619,000000,1.35349,1.49356,1.30398,1.43078,692715.1319168111,0
BTRST.V,D,20220620,000000,1.43234,1.57011,1.40991,1.46714,243172.79495878625,0
BTRST.V,D,20220621,000000,1.46728,3.95654,1.46564,2.619,974954.5733084802,0
BTRST.V,D,20220622,000000,2.627,2.834,1.898,2.006,780745.3254734338,0
BTRST.V,D,20220623,000000,1.989,2.103,1.841,1.862,230525.31599456636,0
BTRST.V,D,20220624,000000,1.87412,2.001,1.85,1.888,1461168.9855154785,0
BTRST.V,D,20220625,000000,1.894,1.91,1.676,1.837,385898.77659598365,0
BTRST.V,D,20220626,000000,1.853,1.918,1.678,1.884,205499.51004482893,0
BTRST.V,D,20220627,000000,1.875,1.883,1.634,1.649,88502.49673512964,0
BTRST.V,D,20220628,000000,1.65045,2.08545,1.58468,1.7888,330753.6786821205,0
BTRST.V,D,20220629,000000,1.73884,2.36513,1.6,1.894,464687.5642287356,0
BTRST.V,D,20220630,000000,1.892,2.13728,1.749,1.899,428327.6507767767,0
BTRST.V,D,20220701,000000,1.9117,2.035,1.84378,2.001,508092.8255986835,0
BTRST.V,D,20220702,000000,2.004,2.103,1.935,1.997,253176.16324045672,0
BTRST.V,D,20220703,000000,2.004,2.069,1.957,2.039,177537.33132424357,0
BTRST.V,D,20220704,000000,2.04434,2.06531,1.95265,2.02257,55336.9376187632,0
BTRST.V,D,20220705,000000,2.01758,2.13465,1.96863,2.04774,123853.13540259661,0
BTRST.V,D,20220706,000000,2.05374,2.13665,2.02377,2.07472,61336.79007455643,0
BTRST.V,D,20220707,000000,2.07472,2.11767,2.02377,2.08475,38634.70058757983,0
BTRST.V,D,20220708,000000,2.08475,2.11488,2.07875,2.09174,39890.431247350156,0
BTRST.V,D,20220709,000000,2.09474,2.11673,2.08075,2.10973,35194.14626918127,0
BTRST.V,D,20220710,000000,2.11052,2.11773,2.05956,2.09774,85409.75216950876,0
BTRST.V,D,20220711,000000,2.10074,2.11352,2.06976,2.09311,36452.21638601827,0
BTRST.V,D,20220712,000000,2.09291,2.10211,2.02377,2.05274,48713.382102510506,0
BTRST.V,D,20220713,000000,2.04603,2.07992,1.82036,1.82036,62006.287200085535,0
BTRST.V,D,20220714,000000,1.83435,2.27064,1.72145,2.15471,112951.34307177449,0
BTRST.V,D,20220715,000000,2.14171,3.22606,2.07817,2.19712,329945.52797874925,0
BTRST.V,D,20220716,000000,2.19134,2.52949,2.17813,2.36529,76015.41981657708,0
BTRST.V,D,20220717,000000,2.36053,2.39252,2.17343,2.2124,43135.685949906736,0
BTRST.V,D,20220718,000000,2.21642,2.53729,1.75446,2.31644,44344.86815673824,0
BTRST.V,D,20220719,000000,2.31347,2.46746,2.27582,2.33337,48306.47055294352,0
BTRST.V,D,20220720,000000,2.334,2.37817,2.26707,2.28711,51814.45852827151,0
BTRST.V,D,20220721,000000,2.27825,2.29034,2.25295,2.2715,34505.836297243535,0
BTRST.V,D,20220722,000000,2.27657,2.28809,2.25547,2.2635,53143.663049437266,0
BTRST.V,D,20220723,000000,2.26652,2.27061,2.19498,2.23929,42898.08995727557,0
BTRST.V,D,20220724,000000,2.23843,2.26448,2.206,2.25545,40354.773158842436,0
BTRST.V,D,20220725,000000,2.25843,2.31516,2.15017,2.2012,57658.09527022115,0
BTRST.V,D,20220726,000000,2.1932,2.26023,2.17422,2.20133,62090.185495037564,0
BTRST.V,D,20220727,000000,2.19631,2.22353,2.03849,2.19651,75181.64470346255,0
BTRST.V,D,20220728,000000,2.19753,2.28346,1.52403,2.25445,248774.02061749474,0
BTRST.V,D,20220729,000000,2.25445,2.26361,0.9633,2.02783,219041.6027983894,0
BTRST.V,D,20220730,000000,2.03381,2.19977,2.00978,2.1227,66431.93683230024,0
BTRST.V,D,20220731,000000,2.11374,2.30558,2.0706,2.26952,95229.7363572984,0
BTRST.V,D,20220801,000000,2.27555,2.32968,2.20353,2.26068,59407.19802058897,0
BTRST.V,D,20220802,000000,2.26068,2.30078,2.16654,2.2104,66444.58797719024,0
BTRST.V,D,20220803,000000,2.21338,2.22447,2.13341,2.20055,56321.13920621386,0
BTRST.V,D,20220804,000000,2.20448,2.23054,2.14506,2.14506,48133.12267496376,0
BTRST.V,D,20220805,000000,2.14506,2.19544,2.09598,2.18044,71498.7618838431,0
BTRST.V,D,20220806,000000,2.17041,2.21551,2.17041,2.21251,49768.403449442245,0
BTRST.V,D,20220807,000000,2.21649,2.58457,2.1103,2.2404,136379.43089369216,0
BTRST.V,D,20220808,000000,2.24343,2.30048,2.19635,2.21227,48313.33327085806,0
BTRST.V,D,20220809,000000,2.21227,2.50843,2.12034,2.13245,109021.09031018622,0
BTRST.V,D,20220810,000000,2.13843,2.22051,2.09557,2.19666,86759.83809014945,0
BTRST.V,D,20220811,000000,2.19188,2.2148,2.18968,2.19503,71547.64299540833,0
BTRST.V,D,20220812,000000,2.1951,2.2051,2.15173,2.16299,57789.64179078903,0
BTRST.V,D,20220813,000000,2.16297,2.20506,2.15986,2.18988,56193.54872893137,0
BTRST.V,D,20220814,000000,2.19285,2.19773,2.10548,2.10665,79838.8290722906,0
BTRST.V,D,20220815,000000,2.10684,2.10965,1.96449,2.03547,103284.47244150419,0
BTRST.V,D,20220816,000000,2.03551,2.04259,2.02932,2.03418,72462.28619412119,0
BTRST.V,D,20220817,000000,2.03718,2.04729,2.03104,2.03414,86634.59493343967,0
BTRST.V,D,20220818,000000,2.03214,2.03431,2.00902,2.00902,77719.24479720528,0
BTRST.V,D,20220819,000000,2.0092,2.0182,1.892,1.89819,81062.31825046906,0
BTRST.V,D,20220820,000000,1.89609,1.93319,1.89187,1.90998,41730.258986842215,0
BTRST.V,D,20220821,000000,1.91096,1.96506,1.90977,1.92496,38009.0905531603,0
BTRST.V,D,20220822,000000,1.92494,1.92508,1.8206,1.82869,78518.70337939142,0
BTRST.V,D,20220823,000000,1.83067,1.95404,1.82867,1.93404,62967.18064134157,0
BTRST.V,D,20220824,000000,1.934,1.965,1.93002,1.93417,38200.45313221685,0
BTRST.V,D,20220825,000000,1.93417,1.9411,1.89892,1.90806,40215.24316873621,0
BTRST.V,D,20220826,000000,1.90506,2.8962,1.90487,2.53225,238800.90741891167,0
BTRST.V,D,20220827,000000,2.52523,3.01594,1.92704,1.96606,393773.73033198307,0
BTRST.V,D,20220828,000000,1.96406,2.13502,1.90808,1.94,115674.72447579786,0
BTRST.V,D,20220829,000000,1.93598,2.06,1.88221,1.90513,105096.39778052064,0
BTRST.V,D,20220830,000000,1.90519,2.05102,1.85909,1.86417,87313.50396497505,0
BTRST.V,D,20220831,000000,1.86015,1.97726,1.85911,1.96698,48319.20021118081,0
BTRST.V,D,20220901,000000,1.96898,1.98792,1.82598,1.91389,89807.35503759538,0
BTRST.V,D,20220902,000000,1.91389,1.93914,1.83002,1.90223,88513.56171436493,0
BTRST.V,D,20220903,000000,1.8973,1.93,1.89128,1.90619,65762.66591913969,0
BTRST.V,D,20220904,000000,1.907,1.9562,1.897,1.941,64884.64198251873,0
BTRST.V,D,20220905,000000,1.947,1.9632,1.904,1.9542,60077.34122511058,0
BTRST.V,D,20220906,000000,1.95019,1.959,1.89081,1.897,111771.91217486776,0
BTRST.V,D,20220907,000000,1.895,1.94021,1.88515,1.94014,109306.79215485785,0
BTRST.V,D,20220908,000000,1.94014,2.21524,1.86734,1.8833,115468.97493724675,0
BTRST.V,D,20220909,000000,1.877,2.08556,1.877,1.98465,114030.48349204188,0
BTRST.V,D,20220910,000000,1.9874,2.05958,1.95957,2.04139,83725.44330111271,0
BTRST.V,D,20220911,000000,2.04239,2.11357,2.02865,2.11153,98668.00694740686,0
BTRST.V,D,20220912,000000,2.10753,2.2286,2.07552,2.13338,77004.03905164989,0
BTRST.V,D,20220913,000000,2.13738,2.18972,2.11046,2.16704,83309.15307481727,0
BTRST.V,D,20220914,000000,2.16622,2.16904,2.06519,2.10757,146628.59377227942,0
BTRST.V,D,20220915,000000,2.10653,2.15104,2.09823,2.14779,98404.53846863445,0
BTRST.V,D,20220916,000000,2.14685,2.16687,2.10358,2.147,78252.04670604036,0
BTRST.V,D,20220917,000000,2.14679,2.161,2.143,2.14721,67539.70719725925,0
BTRST.V,D,20220918,000000,2.15,2.15922,2.08279,2.106,75106.00250771025,0
BTRST.V,D,20220919,000000,2.10079,2.15122,2.099,2.14643,60001.412012406145,0
BTRST.V,D,20220920,000000,2.14421,2.49125,2.13343,2.26023,100865.21559491691,0
BTRST.V,D,20220921,000000,2.25605,2.50725,2.21922,2.386,142983.0476398385,0
BTRST.V,D,20220922,000000,2.391,2.399,2.37176,2.383,80187.98549836077,0
BTRST.V,D,20220923,000000,2.38024,2.70673,2.37576,2.59974,149894.1984894474,0
BTRST.V,D,20220924,000000,2.60082,2.60982,2.43385,2.5102,115313.23894473402,0
BTRST.V,D,20220925,000000,2.513,2.53918,2.48815,2.492,81565.16897492252,0
BTRST.V,D,20220926,000000,2.494,2.502,2.40176,2.415,79786.80120299722,0
BTRST.V,D,20220927,000000,2.415,2.435,2.393,2.407,112615.51364197106,0
BTRST.V,D,20220928,000000,2.411,2.48,2.384,2.473,104745.57168722291,0
BTRST.V,D,20220929,000000,2.474,2.507,2.382,2.39024,108806.65628649457,0
BTRST.V,D,20220930,000000,2.39224,2.42448,2.34,2.347,72443.85236294307,0
BTRST.V,D,20221001,000000,2.345,2.34823,2.152,2.21022,82120.31094666579,0
BTRST.V,D,20221002,000000,2.212,2.21322,2.156,2.158,71978.63742459437,0
BTRST.V,D,20221003,000000,2.157,2.16343,2.151,2.15722,61286.70997514145,0
BTRST.V,D,20221004,000000,2.15722,2.25545,2.15422,2.20066,82693.22919133223,0
BTRST.V,D,20221005,000000,2.19966,2.20366,2.16043,2.17522,96252.62219207392,0
BTRST.V,D,20221006,000000,2.17543,2.22036,2.1713,2.20638,63100.917039400076,0
BTRST.V,D,20221007,000000,2.2084,2.20844,2.16013,2.1653,52509.83524740006,0
BTRST.V,D,20221008,000000,2.16528,2.16528,2.06219,2.06452,75673.76215024527,0
BTRST.V,D,20221009,000000,2.06354,2.11221,1.0481,2.10721,72686.73337026895,0
BTRST.V,D,20221010,000000,2.10921,2.10942,2.05879,2.07179,67916.41329566795,0
BTRST.V,D,20221011,000000,2.069,2.08579,2.0438,2.06179,67982.70724224104,0
BTRST.V,D,20221012,000000,2.05781,2.07894,2.01594,2.07006,70597.81575387547,0
BTRST.V,D,20221013,000000,2.07,2.08004,2.04282,2.07217,76732.45190529781,0
BTRST.V,D,20221014,000000,2.07217,2.14909,2.05204,2.09808,49635.49454331037,0
BTRST.V,D,20221015,000000,2.10608,2.11917,2.05112,2.0671,48226.16760449531,0
BTRST.V,D,20221016,000000,2.07212,2.07212,2.03408,2.0671,37914.58644012148,0
BTRST.V,D,20221017,000000,2.0651,2.13019,2.04304,2.11902,71120.24878594337,0
BTRST.V,D,20221018,000000,2.12306,2.12611,2.00516,2.0541,50375.21330419687,0
BTRST.V,D,20221019,000000,2.05421,2.19204,2.00308,2.055,68789.89257971707,0
BTRST.V,D,20221020,000000,2.05002,2.06008,1.97084,1.97686,48324.96817769036,0
BTRST.V,D,20221021,000000,1.9768,1.98514,1.82,1.91115,40828.356207320445,0
BTRST.V,D,20221022,000000,1.91313,1.91513,1.80405,1.81816,40020.872177209174,0
BTRST.V,D,20221023,000000,1.81816,1.84626,1.76489,1.83924,35390.83250345511,0
BTRST.V,D,20221024,000000,1.8452,1.86713,1.76604,1.76609,34035.56571933266,0
BTRST.V,D,20221025,000000,1.77012,1.82962,1.72914,1.74656,47425.455969449555,0
BTRST.V,D,20221026,000000,1.74359,1.84946,1.71546,1.81351,53430.1226726276,0
BTRST.V,D,20221027,000000,1.81051,1.81052,1.70112,1.7081,53651.67387722364,0
BTRST.V,D,20221028,000000,1.7051,1.71314,1.45319,1.65235,106572.95642486645,0
BTRST.V,D,20221029,000000,1.6573,1.65835,1.55554,1.56036,60444.81007619266,0
BTRST.V,D,20221030,000000,1.56336,1.98042,1.54632,1.9804,110398.0756791677,0
BTRST.V,D,20221031,000000,1.99242,1.99944,1.59414,1.62187,123466.27558984824,0
BTRST.V,D,20221101,000000,1.6209,1.69764,1.5678,1.57284,28029.27058680002,0
BTRST.V,D,20221102,000000,1.57483,1.60068,1.54792,1.55097,40284.80425430747,0
BTRST.V,D,20221103,000000,1.55092,1.59484,1.50782,1.53198,41095.50999022612,0
BTRST.V,D,20221104,000000,1.529,1.63011,1.18195,1.59113,57234.20911848157,0
BTRST.V,D,20221105,000000,1.58913,1.65225,1.57308,1.61308,40387.793313345814,0
BTRST.V,D,20221106,000000,1.61306,1.62306,1.57668,1.58211,32474.826401016384,0
BTRST.V,D,20221107,000000,1.58211,1.6161,1.52814,1.53218,39772.074936801626,0
BTRST.V,D,20221108,000000,1.53246,1.582,1.36308,1.45234,53959.921952554454,0
BTRST.V,D,20221109,000000,1.45435,1.47807,1.01102,1.05173,44691.7783676672,0
BTRST.V,D,20221110,000000,1.04849,1.31273,1.01978,1.26893,76666.90109797665,0
BTRST.V,D,20221111,000000,1.28952,1.37987,0.9867,1.029,48153.371763504125,0
BTRST.V,D,20221112,000000,1.03023,1.1659,1.00519,1.06708,57911.08249789673,0
BTRST.V,D,20221113,000000,1.06608,1.08092,1.01258,1.01977,35670.23070581619,0
BTRST.V,D,20221114,000000,1.02357,1.05074,0.94986,0.99261,44538.57570583818,0
BTRST.V,D,20221115,000000,0.9955,1.02298,0.96403,1.00499,91106.79841363146,0
BTRST.V,D,20221116,000000,1.002,1.01175,0.487575,0.955149,64593.052593057975,0
BTRST.V,D,20221117,000000,0.957109,0.962172,0.706378,0.913269,78879.57418571138,0
BTRST.V,D,20221118,000000,0.912297,0.942132,0.894257,0.905957,70106.87449376413,0
BTRST.V,D,20221119,000000,0.904958,0.929939,0.883947,0.905049,104408.28358864844,0
BTRST.V,D,20221120,000000,0.90405,0.94885,0.851917,0.865682,133020.01262020017,0
BTRST.V,D,20221121,000000,0.86767,0.867679,0.776911,0.79904,161946.58039600233,0
BTRST.V,D,20221122,000000,0.798041,1.082482,0.714185,0.795029,394364.12214845326,0
BTRST.V,D,20221123,000000,0.793967,0.85394,0.758051,0.8171,132519.75693666076,0
BTRST.V,D,20221124,000000,0.816101,0.897138,0.806282,0.839294,137147.50845930283,0
BTRST.V,D,20221125,000000,0.841284,0.853377,0.776402,0.795554,70503.88586136741,0
BTRST.V,D,20221126,000000,0.796546,0.824472,0.780563,0.784545,72524.9250808929,0
BTRST.V,D,20221127,000000,0.785536,0.9524,0.782554,0.896426,146170.7940771339,0
BTRST.V,D,20221128,000000,0.896426,1.172507,0.85154,0.943641,338641.14920912584,0
BTRST.V,D,20221129,000000,0.944641,0.956627,0.871599,0.893669,124633.60212961806,0
BTRST.V,D,20221130,000000,0.896668,0.922926,0.884858,0.905054,84005.10304117335,0
BTRST.V,D,20221201,000000,0.902036,0.941094,0.877009,0.883053,70675.77216186373,0
BTRST.V,D,20221202,000000,0.883053,1.060032,0.859983,0.99906,384239.08126706176,0
BTRST.V,D,20221203,000000,1.00006,1.392153,0.975088,1.080108,591043.2908181599,0
BTRST.V,D,20221204,000000,1.082108,1.142114,0.533,1.023102,175671.2049856292,0
BTRST.V,D,20221205,000000,1.026103,1.043115,0.666067,0.99303,230224.10321758353,0
BTRST.V,D,20221206,000000,0.99402,1.00601,0.98698,0.99598,88309.33820844829,0
BTRST.V,D,20221207,000000,0.99698,0.99699,0.915009,0.919,146699.25415592568,0
BTRST.V,D,20221208,000000,0.92,0.960182,0.900063,0.900063,142790.7013310783,0
BTRST.V,D,20221209,000000,0.900063,1.02101,0.900036,0.968029,144160.1966906401,0
BTRST.V,D,20221210,000000,0.966029,0.99399,0.95199,0.958981,72969.97647307646,0
BTRST.V,D,20221211,000000,0.96199,0.97501,0.957,0.969097,63867.37968520008,0
BTRST.V,D,20221212,000000,0.969194,0.974088,0.946299,0.962087,50308.534644499974,0
BTRST.V,D,20221213,000000,0.962192,0.962192,0.907927,0.949762,51972.888150488,0
BTRST.V,D,20221214,000000,0.948782,1.027082,0.908864,0.959067,102649.99692554721,0
BTRST.V,D,20221215,000000,0.959096,0.960096,0.906181,0.932093,56048.28918039994,0
BTRST.V,D,20221216,000000,0.928186,0.938094,0.880176,0.884088,73488.37883274307,0
BTRST.V,D,20221217,000000,0.882088,0.94316,0.878088,0.890116,68193.82208570493,0
BTRST.V,D,20221218,000000,0.889116,0.909091,0.887106,0.896108,23860.879450311357,0
BTRST.V,D,20221219,000000,0.895116,0.926009,0.875,0.893,86469.63182710318,0
BTRST.V,D,20221220,000000,0.891991,0.900982,0.884,0.890036,55056.061934356,0
BTRST.V,D,20221221,000000,0.891036,0.97101,0.884027,0.935037,126281.01899325642,0
BTRST.V,D,20221222,000000,0.935047,0.949,0.9099,0.917844,58030.67088385653,0
BTRST.V,D,20221223,000000,0.917862,0.922871,0.897901,0.903901,50948.20312985057,0
BTRST.V,D,20221224,000000,0.90291,0.903955,0.900928,0.902973,8022.490664712031,0
BTRST.V,D,20221225,000000,0.888964,0.900901,0.454941,0.900865,35039.65446264015,0
BTRST.V,D,20221226,000000,0.900883,0.90491,0.873825,0.879824,44162.639604724056,0
BTRST.V,D,20221227,000000,0.879833,0.900811,0.460848,0.87066,63921.82318736483,0
BTRST.V,D,20221228,000000,0.87066,0.87963,0.854513,0.856537,57085.11420755947,0
BTRST.V,D,20221229,000000,0.855546,0.861578,0.84063,0.84163,42652.220177086754,0
BTRST.V,D,20221230,000000,0.842621,0.930525,0.820581,0.930525,76653.59534776933,0
BTRST.V,D,20221231,000000,0.929526,0.991504,0.911553,0.926537,76621.26810274222,0
BTRST.V,D,20230101,000000,0.927527,0.930535,0.922548,0.923566,33839.08757398233,0
BTRST.V,D,20230102,000000,0.922575,0.930628,0.906701,0.9087,59645.05624193902,0
BTRST.V,D,20230103,000000,0.9087,0.931627,0.907682,0.916652,49261.53780268374,0
BTRST.V,D,20230104,000000,0.918651,0.93471,0.911626,0.921696,52739.49883920007,0
BTRST.V,D,20230105,000000,0.922695,0.922723,0.891679,0.894678,43386.87133720897,0
BTRST.V,D,20230106,000000,0.894732,0.972523,0.886681,0.925704,108743.384136174,0
BTRST.V,D,20230107,000000,0.926703,0.952724,0.923769,0.924778,52946.86329119981,0
BTRST.V,D,20230108,000000,0.926722,0.937,0.914863,0.921862,55558.04138624741,0
BTRST.V,D,20230109,000000,0.921816,0.953,0.921816,0.938991,56567.440653370904,0
BTRST.V,D,20230110,000000,0.939991,0.945915,0.925926,0.933131,83271.62577594338,0
BTRST.V,D,20230111,000000,0.933168,0.95599,0.917963,0.952981,116681.85374978432,0
BTRST.V,D,20230112,000000,0.953,0.966,0.936813,0.947095,70952.2395963366,0
BTRST.V,D,20230113,000000,0.946095,0.987118,0.935991,0.980088,114994.70663460586,0
BTRST.V,D,20230114,000000,0.978078,1.10311,0.978078,1.088054,135421.20358172813,0
BTRST.V,D,20230115,000000,1.088054,1.101187,1.048293,1.049315,57172.593846290416,0
BTRST.V,D,20230116,000000,1.05142,1.085347,1.01597,1.03301,67962.68581422385,0
BTRST.V,D,20230117,000000,1.031031,1.034031,1.011081,1.0191,53450.65955833674,0
BTRST.V,D,20230118,000000,1.01911,1.03698,0.981,0.98695,65050.81613032283,0
BTRST.V,D,20230119,000000,0.98794,0.99996,0.97591,0.99097,73671.93945890004,0
BTRST.V,D,20230120,000000,0.99306,1.03321,0.97993,1.01317,78323.84316754801,0
BTRST.V,D,20230121,000000,1.01318,1.03719,0.99721,1.02716,58608.58299430833,0
BTRST.V,D,20230122,000000,1.02615,1.0462,1.01117,1.0212,72944.01618365165,0
BTRST.V,D,20230123,000000,1.01819,1.04118,1.00503,1.03816,66159.08253932383,0
BTRST.V,D,20230124,000000,1.03815,1.0522,1.00806,1.01003,66717.84530042898,0
BTRST.V,D,20230125,000000,1.00903,1.16813,0.99615,1.10218,145000.04778718352,0
BTRST.V,D,20230126,000000,1.09519,1.11516,1.03305,1.06709,86384.93828661107,0
BTRST.V,D,20230127,000000,1.06509,1.10031,1.0403,1.08146,86592.54266351745,0
BTRST.V,D,20230128,000000,1.07941,1.0963,1.06021,1.06021,58685.55938892928,0
BTRST.V,D,20230129,000000,1.06022,1.0962,1.05826,1.08507,95235.1651619,0
BTRST.V,D,20230130,000000,1.08604,1.10711,1.06,1.06406,67019.79822719994,0
BTRST.V,D,20230131,000000,1.06306,1.08102,1.06092,1.0691,86882.43777995689,0
BTRST.V,D,20230201,000000,1.0671,1.08308,1.05598,1.08006,95688.99264889985,0
BTRST.V,D,20230202,000000,1.08005,1.08629,1.06219,1.07522,59132.30289937119,0
BTRST.V,D,20230203,000000,1.07522,1.08416,1.05509,1.07709,63686.70699537806,0
BTRST.V,D,20230204,000000,1.07509,1.0771,1.06406,1.0671,48813.94937629999,0
BTRST.V,D,20230205,000000,1.0651,1.07628,1.06013,1.07627,54352.56915830905,0
BTRST.V,D,20230206,000000,1.07428,1.09122,1.07003,1.07304,57141.502954654774,0
BTRST.V,D,20230207,000000,1.07503,1.122,1.06799,1.09007,65163.16898674935,0
BTRST.V,D,20230208,000000,1.09007,1.1151,1.067,1.06809,78979.79625478764,0
BTRST.V,D,20230209,000000,1.06807,1.07009,1.04308,1.0461,64504.28243916654,0
BTRST.V,D,20230210,000000,1.0461,1.04925,0.99119,0.99315,45734.933178273284,0
BTRST.V,D,20230211,000000,0.99415,1.01912,0.99216,1.01809,59684.123280909764,0
BTRST.V,D,20230212,000000,1.0152,1.0302,0.99914,1.03008,55017.28375554294,0
BTRST.V,D,20230213,000000,1.0301,1.03046,0.97346,0.97453,60112.05542074816,0
BTRST.V,D,20230214,000000,0.97554,1.011344,0.963376,0.997289,40480.24775720994,0
BTRST.V,D,20230215,000000,0.998529,1.035197,0.989168,1.020184,96580.27348982867,0
BTRST.V,D,20230216,000000,1.020184,1.039177,0.996169,1.010343,56277.09217929456,0
BTRST.V,D,20230217,000000,1.009141,1.021061,0.982059,0.992089,56636.9290241521,0
BTRST.V,D,20230218,000000,0.992099,1.027195,0.992099,1.020173,60684.290185660444,0
BTRST.V,D,20230219,000000,1.020163,1.053179,0.99307,1.017234,91738.97349057085,0
BTRST.V,D,20230220,000000,1.019234,1.062297,1.015162,1.042042,59726.331176602944,0
BTRST.V,D,20230221,000000,1.042042,1.16812,1.039094,1.1032,138859.04794401437,0
BTRST.V,D,20230222,000000,1.1012,1.1271,1.0911,1.1,83549.96973674641,0
BTRST.V,D,20230223,000000,1.10199,15.81442,1.09902,1.12215,70868.27658268342,0
BTRST.V,D,20230224,000000,1.12117,45.39154,1.07999,1.08199,54318.8303845,0
BTRST.V,D,20230225,000000,1.082,3.28026,1.04508,1.04607,51358.56006440208,0
BTRST.V,D,20230226,000000,1.04707,1.04817,1.02414,1.0341,45641.55326042529,0
BTRST.V,D,20230227,000000,1.03407,1.03521,1.01101,1.01405,52592.95247012911,0
BTRST.V,D,20230228,000000,1.01406,1.01704,1.00515,1.00822,63050.56221336113,0
BTRST.V,D,20230301,000000,1.0092,6.50233,1.00011,1.03813,93261.25806961679,0
BTRST.V,D,20230302,000000,1.03815,1.04318,1.00696,1.00809,80586.92858547496,0
BTRST.V,D,20230303,000000,1.00909,1.0101,0.91998,0.93406,117794.85352022832,0
BTRST.V,D,20230304,000000,0.93206,0.93514,0.91608,0.92507,63212.64937079994,0
BTRST.V,D,20230305,000000,0.92606,0.92909,0.92002,0.9231,58744.92965227834,0
BTRST.V,D,20230306,000000,0.9231,0.92803,0.90893,0.91095,47862.002956102304,0
BTRST.V,D,20230307,000000,0.90995,0.91399,0.88987,0.89296,52307.62937487491,0
BTRST.V,D,20230308,000000,0.89296,0.89306,0.86384,0.86397,73447.22881951155,0
BTRST.V,D,20230309,000000,0.86391,0.87293,0.83005,0.83107,60475.27319100008,0
BTRST.V,D,20230310,000000,0.83107,0.83305,0.7929,0.81292,66444.07563759091,0
BTRST.V,D,20230311,000000,0.8129,0.83785,0.74946,0.78666,62952.19787929182,0
BTRST.V,D,20230312,000000,0.78476,0.809659,0.771331,0.809635,51590.047864209235,0
BTRST.V,D,20230313,000000,0.809643,0.859193,0.808634,0.852388,83941.41076464766,0
BTRST.V,D,20230314,000000,0.852328,0.88647,0.833984,0.880596,96734.55116100675,0
BTRST.V,D,20230315,000000,0.877653,19.59825,0.847853,0.852566,81200.86040914198,0
BTRST.V,D,20230316,000000,0.852566,0.86129,0.840124,0.853102,65607.89731593341,0
BTRST.V,D,20230317,000000,0.849075,0.858577,0.83205,0.85555,71401.98552455951,0
BTRST.V,D,20230318,000000,0.857565,0.870022,0.847535,0.848766,64938.41110409856,0
BTRST.V,D,20230319,000000,0.847527,19.759906,0.841181,0.855533,63251.54587882234,0
BTRST.V,D,20230320,000000,0.855585,0.864013,0.843969,0.849088,58946.11028051993,0
BTRST.V,D,20230321,000000,0.848093,1.043588,0.842839,0.979123,180463.15683378148,0
BTRST.V,D,20230322,000000,0.982133,0.996257,0.955201,0.955773,90035.92444282377,0
BTRST.V,D,20230323,000000,0.958828,0.958947,0.949771,0.951394,2268.417604,0
BTRST.V,D,20230324,000000,0.949671,0.961963,0.94258,0.944041,26812.000879599353,0
BTRST.V,D,20230325,000000,0.942908,0.96777,0.939933,0.953724,8963.13018087667,0
BTRST.V,D,20230326,000000,0.95125,0.959763,0.929745,0.952175,10368.685169705062,0
BTRST.V,D,20230327,000000,0.957551,0.958424,0.926656,0.931137,6557.307522257036,0
BTRST.V,D,20230328,000000,0.929537,0.940739,0.929332,0.933464,10072.110211933566,0
BTRST.V,D,20230329,000000,0.933608,0.939963,0.91973,0.920846,33342.449300127104,0
BTRST.V,D,20230330,000000,0.920267,0.923349,0.90009,0.901152,5389.720513109249,0
BTRST.V,D,20230331,000000,0.900971,0.90379,0.89958,0.90088,12960.696612799993,0
BTRST.V,D,20230401,000000,0.899861,0.904544,0.89394,0.901033,2836.9696741740004,0
BTRST.V,D,20230402,000000,0.90167,0.904634,0.895208,0.901559,4113.94230409439,0
BTRST.V,D,20230403,000000,0.901058,0.901642,0.882353,0.886737,9882.208981958796,0
BTRST.V,D,20230404,000000,0.885301,0.898559,0.879039,0.879039,24597.703640146407,0
BTRST.V,D,20230405,000000,0.882123,0.900979,0.875523,0.878516,8544.536050134007,0
BTRST.V,D,20230406,000000,0.879876,0.885319,0.865789,0.870552,8699.353499534798,0
BTRST.V,D,20230407,000000,0.873445,0.876087,0.864462,0.873933,4658.7173060000005,0
BTRST.V,D,20230408,000000,0.875038,0.90407,0.872436,0.891548,10802.8458549823,0
BTRST.V,D,20230409,000000,0.892726,0.894963,0.86628,0.880119,4456.645392003,0
BTRST.V,D,20230410,000000,0.880098,0.882818,0.86658,0.869804,7977.111999000018,0
BTRST.V,D,20230411,000000,0.871262,0.898188,0.869604,0.895377,5817.169463141639,0
BTRST.V,D,20230412,000000,0.897888,0.907289,0.878925,0.903176,33507.95442749138,0
BTRST.V,D,20230413,000000,0.901603,0.90526,0.885729,0.894758,8916.773966073624,0
BTRST.V,D,20230414,000000,0.891735,0.897341,0.888001,0.890974,10988.593377043328,0
BTRST.V,D,20230415,000000,0.895777,0.895786,0.878246,0.892184,10366.043878246433,0
BTRST.V,D,20230416,000000,0.890165,0.891666,0.875404,0.884981,8928.46845861341,0
BTRST.V,D,20230417,000000,0.8874,0.887967,0.86468,0.86481,8029.797839602392,0
BTRST.V,D,20230418,000000,0.86863,0.870318,0.857772,0.865456,10035.579859390167,0
BTRST.V,D,20230419,000000,0.857772,0.87,0.841668,0.846698,31404.55303500002,0
