<TICKER>,<PER>,<DATE>,<TIME>,<OPEN>,<HIGH>,<LOW>,<CLOSE>,<VOL>,<OPENINT>
CRO.V,D,20190316,000000,0.09904,0.1045,0.07869,0.08415,0,0
CRO.V,D,20190317,000000,0.08415,0.08487,0.06438,0.06661,0,0
CRO.V,D,20190318,000000,0.06661,0.08621,0.06552,0.06967,0,0
CRO.V,D,20190319,000000,0.06967,0.07631,0.06522,0.07059,0,0
CRO.V,D,20190320,000000,0.07058,0.08409,0.06697,0.07252,0,0
CRO.V,D,20190321,000000,0.07249,0.0729,0.06138,0.06763,0,0
CRO.V,D,20190322,000000,0.06763,0.0693,0.06266,0.06703,0,0
CRO.V,D,20190323,000000,0.06702,0.07508,0.06572,0.06684,0,0
CRO.V,D,20190324,000000,0.06683,0.06891,0.06395,0.0651,0,0
CRO.V,D,20190325,000000,0.0651,0.0655,0.05223,0.05402,0,0
CRO.V,D,20190326,000000,0.05402,0.05441,0.04924,0.04932,0,0
CRO.V,D,20190327,000000,0.04932,0.0583,0.04923,0.05347,0,0
CRO.V,D,20190328,000000,0.05346,0.05492,0.04884,0.05078,0,0
CRO.V,D,20190329,000000,0.05079,0.05733,0.04534,0.04632,0,0
CRO.V,D,20190330,000000,0.04632,0.0477,0.04509,0.04718,0,0
CRO.V,D,20190331,000000,0.04717,0.04743,0.04281,0.04454,0,0
CRO.V,D,20190401,000000,0.04454,0.04782,0.04297,0.04513,0,0
CRO.V,D,20190402,000000,0.04512,0.05482,0.04399,0.05083,0,0
CRO.V,D,20190403,000000,0.05082,0.05378,0.04535,0.04994,0,0
CRO.V,D,20190404,000000,0.04996,0.051,0.04141,0.04554,0,0
CRO.V,D,20190405,000000,0.04553,0.05728,0.04442,0.04884,0,0
CRO.V,D,20190406,000000,0.04884,0.05469,0.04536,0.04637,0,0
CRO.V,D,20190407,000000,0.04636,0.05436,0.04631,0.05387,0,0
CRO.V,D,20190408,000000,0.05387,0.05825,0.05116,0.05702,0,0
CRO.V,D,20190409,000000,0.05703,0.06087,0.05302,0.06064,0,0
CRO.V,D,20190410,000000,0.06064,0.07037,0.0538,0.07004,0,0
CRO.V,D,20190411,000000,0.07003,0.09248,0.06601,0.07609,0,0
CRO.V,D,20190412,000000,0.0761,0.1064,0.07403,0.07711,0,0
CRO.V,D,20190413,000000,0.07711,0.08779,0.06852,0.083,0,0
CRO.V,D,20190414,000000,0.08303,0.08684,0.07816,0.08622,0,0
CRO.V,D,20190415,000000,0.08624,0.08743,0.07442,0.07605,0,0
CRO.V,D,20190416,000000,0.07605,0.09166,0.07444,0.08462,0,0
CRO.V,D,20190417,000000,0.0846,0.0872,0.0801,0.08495,0,0
CRO.V,D,20190418,000000,0.08495,0.08776,0.08316,0.08552,0,0
CRO.V,D,20190419,000000,0.08552,0.08617,0.0813,0.08304,0,0
CRO.V,D,20190420,000000,0.08305,0.09262,0.08242,0.08582,0,0
CRO.V,D,20190421,000000,0.08586,0.09207,0.08104,0.08331,0,0
CRO.V,D,20190422,000000,0.08331,0.08466,0.07677,0.07997,0,0
CRO.V,D,20190423,000000,0.07995,0.08237,0.07616,0.07916,0,0
CRO.V,D,20190424,000000,0.07916,0.07946,0.06689,0.06981,0,0
CRO.V,D,20190425,000000,0.0698,0.08575,0.06894,0.0802,0,0
CRO.V,D,20190426,000000,0.08023,0.08025,0.06776,0.06913,0,0
CRO.V,D,20190427,000000,0.06945,0.07353,0.06907,0.07333,0,0
CRO.V,D,20190428,000000,0.07333,0.07438,0.07218,0.0725,0,0
CRO.V,D,20190429,000000,0.0725,0.07393,0.07117,0.07319,0,0
CRO.V,D,20190430,000000,0.07318,0.07371,0.06884,0.07136,0,0
CRO.V,D,20190501,000000,0.07142,0.07615,0.07096,0.07231,0,0
CRO.V,D,20190502,000000,0.07228,0.07564,0.07222,0.07323,0,0
CRO.V,D,20190503,000000,0.0726,0.07951,0.07245,0.07768,0,0
CRO.V,D,20190504,000000,0.07768,0.07943,0.07113,0.07393,0,0
CRO.V,D,20190505,000000,0.07397,0.07533,0.06976,0.07107,0,0
CRO.V,D,20190506,000000,0.07107,0.07429,0.06795,0.07037,0,0
CRO.V,D,20190507,000000,0.07038,0.07496,0.0665,0.06961,0,0
CRO.V,D,20190508,000000,0.0696,0.07052,0.06395,0.07006,0,0
CRO.V,D,20190509,000000,0.07006,0.07164,0.06467,0.06614,0,0
CRO.V,D,20190510,000000,0.06615,0.07016,0.06367,0.0659,0,0
CRO.V,D,20190511,000000,0.0659,0.07154,0.06295,0.07079,0,0
CRO.V,D,20190512,000000,0.07083,0.07241,0.05835,0.06507,0,0
CRO.V,D,20190513,000000,0.06509,0.06972,0.06228,0.06631,0,0
CRO.V,D,20190514,000000,0.06633,0.06943,0.06172,0.0622,0,0
CRO.V,D,20190515,000000,0.0622,0.07038,0.06213,0.06825,0,0
CRO.V,D,20190516,000000,0.06832,0.07118,0.06289,0.06722,0,0
CRO.V,D,20190517,000000,0.06715,0.07687,0.05484,0.07541,0,0
CRO.V,D,20190518,000000,0.07545,0.07557,0.06587,0.06952,0,0
CRO.V,D,20190519,000000,0.0695,0.07246,0.06534,0.0668,0,0
CRO.V,D,20190520,000000,0.06682,0.07015,0.06204,0.06736,0,0
CRO.V,D,20190521,000000,0.06733,0.06979,0.06409,0.06555,0,0
CRO.V,D,20190522,000000,0.06556,0.06768,0.06306,0.06318,0,0
CRO.V,D,20190523,000000,0.0632,0.06982,0.06218,0.06654,0,0
CRO.V,D,20190524,000000,0.06656,0.06967,0.06391,0.06529,0,0
CRO.V,D,20190525,000000,0.06527,0.06681,0.06252,0.06548,0,0
CRO.V,D,20190526,000000,0.06548,0.07174,0.06463,0.06942,0,0
CRO.V,D,20190527,000000,0.06943,0.07335,0.06622,0.06983,0,0
CRO.V,D,20190528,000000,0.06985,0.06985,0.06456,0.06576,0,0
CRO.V,D,20190529,000000,0.06593,0.07315,0.0631,0.0699,0,0
CRO.V,D,20190530,000000,0.06991,0.07204,0.06572,0.06706,0,0
CRO.V,D,20190531,000000,0.06702,0.0732,0.06472,0.0722,0,0
CRO.V,D,20190601,000000,0.07186,0.07434,0.0693,0.07434,0,0
CRO.V,D,20190602,000000,0.07434,0.08269,0.07242,0.07768,0,0
CRO.V,D,20190603,000000,0.0776,0.08477,0.07599,0.07997,0,0
CRO.V,D,20190604,000000,0.07998,0.08203,0.06218,0.06222,0,0
CRO.V,D,20190605,000000,0.06197,0.06943,0.06194,0.06465,0,0
CRO.V,D,20190606,000000,0.06463,0.06917,0.06216,0.06427,0,0
CRO.V,D,20190607,000000,0.06427,0.06746,0.06217,0.06438,0,0
CRO.V,D,20190608,000000,0.06437,0.06727,0.06293,0.06434,0,0
CRO.V,D,20190609,000000,0.06435,0.06605,0.06097,0.06097,0,0
CRO.V,D,20190610,000000,0.06095,0.07031,0.06027,0.06622,0,0
CRO.V,D,20190611,000000,0.06631,0.06836,0.06435,0.06735,0,0
CRO.V,D,20190612,000000,0.06735,0.06891,0.06555,0.06654,0,0
CRO.V,D,20190613,000000,0.06654,0.0685,0.06587,0.06791,0,0
CRO.V,D,20190614,000000,0.06792,0.06862,0.06506,0.06841,0,0
CRO.V,D,20190615,000000,0.0684,0.06891,0.06577,0.06749,0,0
CRO.V,D,20190616,000000,0.0674,0.07127,0.06408,0.06706,0,0
CRO.V,D,20190617,000000,0.06709,0.06837,0.06366,0.0667,0,0
CRO.V,D,20190618,000000,0.0667,0.06768,0.0642,0.06435,0,0
CRO.V,D,20190619,000000,0.06445,0.06844,0.06209,0.06597,0,0
CRO.V,D,20190620,000000,0.06599,0.06611,0.0615,0.06342,0,0
CRO.V,D,20190621,000000,0.06342,0.06539,0.05525,0.05738,0,0
CRO.V,D,20190622,000000,0.05748,0.06362,0.05488,0.05604,0,0
CRO.V,D,20190623,000000,0.05604,0.06273,0.05528,0.06022,0,0
CRO.V,D,20190624,000000,0.06017,0.06167,0.05668,0.05864,0,0
CRO.V,D,20190625,000000,0.05864,0.09258,0.05729,0.07428,0,0
CRO.V,D,20190626,000000,0.07425,0.08151,0.06272,0.06663,0,0
CRO.V,D,20190627,000000,0.06669,0.07048,0.05734,0.06029,0,0
CRO.V,D,20190628,000000,0.0603,0.06774,0.05846,0.06186,0,0
CRO.V,D,20190629,000000,0.06187,0.06812,0.05951,0.06569,0,0
CRO.V,D,20190630,000000,0.06569,0.07074,0.06019,0.06625,0,0
CRO.V,D,20190701,000000,0.06623,0.06634,0.05719,0.05958,0,0
CRO.V,D,20190702,000000,0.05952,0.06052,0.05157,0.05537,0,0
CRO.V,D,20190703,000000,0.05538,0.07145,0.05459,0.06777,0,0
CRO.V,D,20190704,000000,0.06777,0.07529,0.06624,0.0739,0,0
CRO.V,D,20190705,000000,0.07388,0.07556,0.06913,0.07356,0,0
CRO.V,D,20190706,000000,0.07358,0.07735,0.07118,0.07388,0,0
CRO.V,D,20190707,000000,0.07376,0.07692,0.07245,0.07638,0,0
CRO.V,D,20190708,000000,0.07639,0.08752,0.07429,0.07959,0,0
CRO.V,D,20190709,000000,0.07957,0.08447,0.07783,0.08073,0,0
CRO.V,D,20190710,000000,0.08074,0.1043,0.08064,0.09739,0,0
CRO.V,D,20190711,000000,0.09742,0.1111,0.08543,0.0998,0,0
CRO.V,D,20190712,000000,0.09978,0.1678,0.08383,0.08827,0,0
CRO.V,D,20190713,000000,0.08825,0.09801,0.07801,0.07982,0,0
CRO.V,D,20190714,000000,0.07983,0.08268,0.06885,0.07657,0,0
CRO.V,D,20190715,000000,0.07656,0.08007,0.06674,0.06783,0,0
CRO.V,D,20190716,000000,0.06788,0.07121,0.05406,0.05565,0,0
CRO.V,D,20190717,000000,0.05565,0.05731,0.04788,0.05394,0,0
CRO.V,D,20190718,000000,0.05395,0.05834,0.04914,0.05531,0,0
CRO.V,D,20190719,000000,0.05541,0.06326,0.05343,0.05609,0,0
CRO.V,D,20190720,000000,0.05632,0.05745,0.05417,0.05665,0,0
CRO.V,D,20190721,000000,0.05677,0.05717,0.05321,0.05422,0,0
CRO.V,D,20190722,000000,0.05422,0.06584,0.05377,0.06368,0,0
CRO.V,D,20190723,000000,0.06339,0.07768,0.06279,0.0725,0,0
CRO.V,D,20190724,000000,0.07249,0.07827,0.0624,0.06503,0,0
CRO.V,D,20190725,000000,0.06511,0.06524,0.0592,0.05999,0,0
CRO.V,D,20190726,000000,0.05998,0.06095,0.05603,0.05931,0,0
CRO.V,D,20190727,000000,0.05931,0.06283,0.05475,0.05639,0,0
CRO.V,D,20190728,000000,0.05639,0.05788,0.05384,0.05495,0,0
CRO.V,D,20190729,000000,0.05485,0.05595,0.05314,0.05408,0,0
CRO.V,D,20190730,000000,0.05418,0.06985,0.05323,0.05876,0,0
CRO.V,D,20190731,000000,0.05878,0.05933,0.05582,0.05759,0,0
CRO.V,D,20190801,000000,0.05759,0.05825,0.05554,0.05647,0,0
CRO.V,D,20190802,000000,0.05647,0.05702,0.05424,0.05495,0,0
CRO.V,D,20190803,000000,0.05494,0.0563,0.05472,0.05548,0,0
CRO.V,D,20190804,000000,0.05548,0.05617,0.05429,0.05538,0,0
CRO.V,D,20190805,000000,0.05537,0.05669,0.05299,0.05317,0,0
CRO.V,D,20190806,000000,0.05317,0.05428,0.0505,0.05118,0,0
CRO.V,D,20190807,000000,0.05116,0.05277,0.04756,0.04811,0,0
CRO.V,D,20190808,000000,0.0481,0.04861,0.04485,0.04735,0,0
CRO.V,D,20190809,000000,0.04736,0.05729,0.04662,0.05447,0,0
CRO.V,D,20190810,000000,0.05447,0.05639,0.05003,0.05256,0,0
CRO.V,D,20190811,000000,0.05245,0.05278,0.04955,0.0497,0,0
CRO.V,D,20190812,000000,0.04958,0.04978,0.04739,0.04911,0,0
CRO.V,D,20190813,000000,0.04911,0.04911,0.04688,0.0472,0,0
CRO.V,D,20190814,000000,0.04718,0.04864,0.0457,0.04821,0,0
CRO.V,D,20190815,000000,0.04822,0.04848,0.04218,0.04519,0,0
CRO.V,D,20190816,000000,0.04519,0.04613,0.04246,0.04388,0,0
CRO.V,D,20190817,000000,0.04388,0.04413,0.04263,0.04372,0,0
CRO.V,D,20190818,000000,0.04372,0.04695,0.04361,0.0466,0,0
CRO.V,D,20190819,000000,0.04661,0.04689,0.04497,0.04568,0,0
CRO.V,D,20190820,000000,0.04567,0.0469,0.04344,0.04448,0,0
CRO.V,D,20190821,000000,0.04449,0.04476,0.04177,0.04213,0,0
CRO.V,D,20190822,000000,0.04209,0.04366,0.04198,0.043,0,0
CRO.V,D,20190823,000000,0.04301,0.04423,0.0428,0.04315,0,0
CRO.V,D,20190824,000000,0.04315,0.04369,0.04203,0.04333,0,0
CRO.V,D,20190825,000000,0.04333,0.04392,0.04161,0.04192,0,0
CRO.V,D,20190826,000000,0.04191,0.04334,0.04128,0.04149,0,0
CRO.V,D,20190827,000000,0.04149,0.04219,0.04037,0.04088,0,0
CRO.V,D,20190828,000000,0.04087,0.04159,0.03904,0.03969,0,0
CRO.V,D,20190829,000000,0.0396,0.04028,0.03898,0.0396,0,0
CRO.V,D,20190830,000000,0.03961,0.03969,0.0383,0.03907,0,0
CRO.V,D,20190831,000000,0.03907,0.03934,0.0384,0.03919,0,0
CRO.V,D,20190901,000000,0.03919,0.03963,0.03855,0.03933,0,0
CRO.V,D,20190902,000000,0.03933,0.04138,0.03865,0.04107,0,0
CRO.V,D,20190903,000000,0.04108,0.04132,0.03538,0.03563,0,0
CRO.V,D,20190904,000000,0.03563,0.03879,0.0353,0.03797,0,0
CRO.V,D,20190905,000000,0.03798,0.04197,0.03722,0.04118,0,0
CRO.V,D,20190906,000000,0.04119,0.04467,0.04064,0.04212,0,0
CRO.V,D,20190907,000000,0.04212,0.0424,0.04044,0.04149,0,0
CRO.V,D,20190908,000000,0.04149,0.04177,0.03931,0.03961,0,0
CRO.V,D,20190909,000000,0.03973,0.04001,0.03813,0.03848,0,0
CRO.V,D,20190910,000000,0.03848,0.03939,0.03743,0.0379,0,0
CRO.V,D,20190911,000000,0.0378,0.03861,0.037,0.03755,0,0
CRO.V,D,20190912,000000,0.03753,0.0411,0.03736,0.04022,0,0
CRO.V,D,20190913,000000,0.04032,0.04101,0.03881,0.03958,0,0
CRO.V,D,20190914,000000,0.03948,0.04088,0.03909,0.03983,0,0
CRO.V,D,20190915,000000,0.03984,0.04064,0.03882,0.03895,0,0
CRO.V,D,20190916,000000,0.03896,0.04066,0.03648,0.03879,0,0
CRO.V,D,20190917,000000,0.03879,0.03968,0.03754,0.03794,0,0
CRO.V,D,20190918,000000,0.03804,0.04059,0.03734,0.03846,0,0
CRO.V,D,20190919,000000,0.03846,0.04142,0.03781,0.04059,0,0
CRO.V,D,20190920,000000,0.0406,0.04108,0.03915,0.03947,0,0
CRO.V,D,20190921,000000,0.03946,0.03989,0.03831,0.03847,0,0
CRO.V,D,20190922,000000,0.03846,0.03952,0.03807,0.03936,0,0
CRO.V,D,20190923,000000,0.03936,0.03947,0.03767,0.03776,0,0
CRO.V,D,20190924,000000,0.03775,0.0385,0.03177,0.03182,0,0
CRO.V,D,20190925,000000,0.03181,0.03589,0.03181,0.03543,0,0
CRO.V,D,20190926,000000,0.03544,0.03625,0.03367,0.0352,0,0
CRO.V,D,20190927,000000,0.03512,0.03569,0.03351,0.03569,0,0
CRO.V,D,20190928,000000,0.0357,0.03585,0.03433,0.03467,0,0
CRO.V,D,20190929,000000,0.03467,0.03605,0.0346,0.03498,0,0
CRO.V,D,20190930,000000,0.03498,0.03625,0.03467,0.03555,0,0
CRO.V,D,20191001,000000,0.03554,0.03756,0.0338,0.03422,0,0
CRO.V,D,20191002,000000,0.03431,0.03632,0.03321,0.03503,0,0
CRO.V,D,20191003,000000,0.03503,0.0364,0.03464,0.03541,0,0
CRO.V,D,20191004,000000,0.0354,0.03681,0.03518,0.03581,0,0
CRO.V,D,20191005,000000,0.03581,0.03662,0.03497,0.03538,0,0
CRO.V,D,20191006,000000,0.03538,0.03572,0.03389,0.03399,0,0
CRO.V,D,20191007,000000,0.03399,0.03616,0.03338,0.0354,0,0
CRO.V,D,20191008,000000,0.0354,0.03609,0.0344,0.03523,0,0
CRO.V,D,20191009,000000,0.03524,0.03669,0.03456,0.03633,0,0
CRO.V,D,20191010,000000,0.03624,0.03656,0.03536,0.03602,0,0
CRO.V,D,20191011,000000,0.03603,0.0368,0.03457,0.03481,0,0
CRO.V,D,20191012,000000,0.03481,0.03514,0.03412,0.03478,0,0
CRO.V,D,20191013,000000,0.03477,0.03524,0.03431,0.03495,0,0
CRO.V,D,20191014,000000,0.03453,0.03473,0.03372,0.03404,0,0
CRO.V,D,20191015,000000,0.03421,0.03531,0.0337,0.0338,0,0
CRO.V,D,20191016,000000,0.03379,0.03426,0.03241,0.03292,0,0
CRO.V,D,20191017,000000,0.03291,0.0339,0.0328,0.03348,0,0
CRO.V,D,20191018,000000,0.03348,0.03401,0.03263,0.03313,0,0
CRO.V,D,20191019,000000,0.03314,0.03401,0.03263,0.03333,0,0
CRO.V,D,20191020,000000,0.03333,0.03444,0.03276,0.03412,0,0
CRO.V,D,20191021,000000,0.03411,0.03435,0.03251,0.03357,0,0
CRO.V,D,20191022,000000,0.03356,0.03444,0.03312,0.03376,0,0
CRO.V,D,20191023,000000,0.03376,0.03383,0.03024,0.03061,0,0
CRO.V,D,20191024,000000,0.03061,0.03128,0.03041,0.03082,0,0
CRO.V,D,20191025,000000,0.03097,0.03536,0.03034,0.03486,0,0
CRO.V,D,20191026,000000,0.03494,0.04075,0.03445,0.03627,0,0
CRO.V,D,20191027,000000,0.03627,0.03707,0.03534,0.0359,0,0
CRO.V,D,20191028,000000,0.03593,0.03795,0.03509,0.03626,0,0
CRO.V,D,20191029,000000,0.03627,0.03696,0.03533,0.03663,0,0
CRO.V,D,20191030,000000,0.03663,0.03708,0.03528,0.03638,0,0
CRO.V,D,20191031,000000,0.03629,0.03747,0.0355,0.03672,0,0
CRO.V,D,20191101,000000,0.03672,0.03859,0.03568,0.03832,0,0
CRO.V,D,20191102,000000,0.03838,0.04062,0.03804,0.03819,0,0
CRO.V,D,20191103,000000,0.0382,0.03847,0.03624,0.03712,0,0
CRO.V,D,20191104,000000,0.03713,0.0381,0.0365,0.03741,0,0
CRO.V,D,20191105,000000,0.03751,0.03787,0.03628,0.03701,0,0
CRO.V,D,20191106,000000,0.03701,0.03746,0.03585,0.03628,0,0
CRO.V,D,20191107,000000,0.03627,0.04115,0.03591,0.0376,0,0
CRO.V,D,20191108,000000,0.0375,0.03832,0.03467,0.03641,0,0
CRO.V,D,20191109,000000,0.03641,0.03662,0.03482,0.03567,0,0
CRO.V,D,20191110,000000,0.03536,0.03624,0.03489,0.03603,0,0
CRO.V,D,20191111,000000,0.03603,0.03615,0.03415,0.03506,0,0
CRO.V,D,20191112,000000,0.03506,0.03546,0.03432,0.0352,0,0
CRO.V,D,20191113,000000,0.03521,0.0382,0.03433,0.03506,0,0
CRO.V,D,20191114,000000,0.03505,0.0412,0.03455,0.03646,0,0
CRO.V,D,20191115,000000,0.03646,0.03885,0.03399,0.03457,0,0
CRO.V,D,20191116,000000,0.03457,0.03544,0.03417,0.03483,0,0
CRO.V,D,20191117,000000,0.03482,0.03562,0.03437,0.03534,0,0
CRO.V,D,20191118,000000,0.03525,0.0383,0.0337,0.03378,0,0
CRO.V,D,20191119,000000,0.03378,0.03509,0.03371,0.03501,0,0
CRO.V,D,20191120,000000,0.03501,0.03624,0.03344,0.03377,0,0
CRO.V,D,20191121,000000,0.03377,0.03391,0.03042,0.03167,0,0
CRO.V,D,20191122,000000,0.03167,0.03229,0.02821,0.02993,0,0
CRO.V,D,20191123,000000,0.02992,0.03019,0.02879,0.02997,0,0
CRO.V,D,20191124,000000,0.02997,0.0302,0.02846,0.02894,0,0
CRO.V,D,20191125,000000,0.02893,0.02949,0.0255,0.02846,0,0
CRO.V,D,20191126,000000,0.02846,0.02864,0.02684,0.02727,0,0
CRO.V,D,20191127,000000,0.02727,0.02902,0.02628,0.02863,0,0
CRO.V,D,20191128,000000,0.02863,0.0291,0.02758,0.02762,0,0
CRO.V,D,20191129,000000,0.02771,0.02909,0.02731,0.02837,0,0
CRO.V,D,20191130,000000,0.02838,0.02876,0.02696,0.02732,0,0
CRO.V,D,20191201,000000,0.02732,0.02742,0.02605,0.02666,0,0
CRO.V,D,20191202,000000,0.02665,0.02699,0.02536,0.02617,0,0
CRO.V,D,20191203,000000,0.02617,0.02639,0.02568,0.02602,0,0
CRO.V,D,20191204,000000,0.02602,0.02793,0.0254,0.02702,0,0
CRO.V,D,20191205,000000,0.02724,0.03021,0.0265,0.02973,0,0
CRO.V,D,20191206,000000,0.02973,0.02995,0.02873,0.02955,0,0
CRO.V,D,20191207,000000,0.02954,0.03002,0.02924,0.02966,0,0
CRO.V,D,20191208,000000,0.02967,0.02993,0.02903,0.02976,0,0
CRO.V,D,20191209,000000,0.02976,0.03031,0.02897,0.02918,0,0
CRO.V,D,20191210,000000,0.02918,0.02961,0.02852,0.02894,0,0
CRO.V,D,20191211,000000,0.02895,0.02936,0.02867,0.02907,0,0
CRO.V,D,20191212,000000,0.02908,0.02949,0.02824,0.0291,0,0
CRO.V,D,20191213,000000,0.02911,0.02981,0.0289,0.02944,0,0
CRO.V,D,20191214,000000,0.02944,0.03003,0.02929,0.02955,0,0
CRO.V,D,20191215,000000,0.02955,0.03066,0.02918,0.03026,0,0
CRO.V,D,20191216,000000,0.03026,0.03235,0.02998,0.03032,0,0
CRO.V,D,20191217,000000,0.03032,0.03265,0.03012,0.03045,0,0
CRO.V,D,20191218,000000,0.03044,0.03363,0.02953,0.03359,0,0
CRO.V,D,20191219,000000,0.03377,0.03392,0.0322,0.03324,0,0
CRO.V,D,20191220,000000,0.03324,0.03707,0.0323,0.03627,0,0
CRO.V,D,20191221,000000,0.03627,0.03646,0.03368,0.0344,0,0
CRO.V,D,20191222,000000,0.0344,0.03589,0.0339,0.03545,0,0
CRO.V,D,20191223,000000,0.03545,0.0378,0.03452,0.03468,0,0
CRO.V,D,20191224,000000,0.03467,0.03707,0.03416,0.03452,0,0
CRO.V,D,20191225,000000,0.03452,0.03537,0.03383,0.03462,0,0
CRO.V,D,20191226,000000,0.0346,0.03583,0.03432,0.03533,0,0
CRO.V,D,20191227,000000,0.03532,0.03575,0.03467,0.03545,0,0
CRO.V,D,20191228,000000,0.03552,0.03615,0.03401,0.03443,0,0
CRO.V,D,20191229,000000,0.03443,0.03498,0.03314,0.03438,0,0
CRO.V,D,20191230,000000,0.03439,0.03449,0.03344,0.03367,0,0
CRO.V,D,20191231,000000,0.03367,0.03413,0.03302,0.03365,0,0
CRO.V,D,20200101,000000,0.03364,0.03411,0.03336,0.03368,0,0
CRO.V,D,20200102,000000,0.03364,0.03386,0.03228,0.03245,0,0
CRO.V,D,20200103,000000,0.03252,0.03478,0.03235,0.03427,0,0
CRO.V,D,20200104,000000,0.03427,0.03463,0.03398,0.03427,0,0
CRO.V,D,20200105,000000,0.03427,0.03513,0.03414,0.03428,0,0
CRO.V,D,20200106,000000,0.03428,0.03631,0.03421,0.03624,0,0
CRO.V,D,20200107,000000,0.03622,0.03866,0.03616,0.03796,0,0
CRO.V,D,20200108,000000,0.03796,0.0424,0.03772,0.04026,0,0
CRO.V,D,20200109,000000,0.04026,0.04047,0.03813,0.0385,0,0
CRO.V,D,20200110,000000,0.03851,0.04081,0.03753,0.04061,0,0
CRO.V,D,20200111,000000,0.04053,0.04292,0.03986,0.04095,0,0
CRO.V,D,20200112,000000,0.04095,0.04167,0.0404,0.04127,0,0
CRO.V,D,20200113,000000,0.04127,0.04176,0.04005,0.04134,0,0
CRO.V,D,20200114,000000,0.04134,0.04391,0.04096,0.04365,0,0
CRO.V,D,20200115,000000,0.0436,0.04599,0.04281,0.04565,0,0
CRO.V,D,20200116,000000,0.04564,0.04629,0.04402,0.04584,0,0
CRO.V,D,20200117,000000,0.04584,0.04735,0.04548,0.04677,0,0
CRO.V,D,20200118,000000,0.04676,0.04727,0.04613,0.04694,0,0
CRO.V,D,20200119,000000,0.04703,0.05558,0.0456,0.04638,0,0
CRO.V,D,20200120,000000,0.04638,0.04757,0.04571,0.04699,0,0
CRO.V,D,20200121,000000,0.04694,0.04769,0.04596,0.04741,0,0
CRO.V,D,20200122,000000,0.0474,0.04806,0.04685,0.04782,0,0
CRO.V,D,20200123,000000,0.04782,0.04811,0.04513,0.0468,0,0
CRO.V,D,20200124,000000,0.04681,0.04756,0.04532,0.04693,0,0
CRO.V,D,20200125,000000,0.04693,0.04711,0.04562,0.04634,0,0
CRO.V,D,20200126,000000,0.04633,0.04839,0.04575,0.04787,0,0
CRO.V,D,20200127,000000,0.04788,0.04942,0.04697,0.04875,0,0
CRO.V,D,20200128,000000,0.04876,0.05215,0.04847,0.05111,0,0
CRO.V,D,20200129,000000,0.05111,0.05309,0.0507,0.05215,0,0
CRO.V,D,20200130,000000,0.05215,0.05293,0.05091,0.05265,0,0
CRO.V,D,20200131,000000,0.05266,0.05411,0.05163,0.05394,0,0
CRO.V,D,20200201,000000,0.05395,0.05451,0.05269,0.05296,0,0
CRO.V,D,20200202,000000,0.05305,0.05584,0.05145,0.05504,0,0
CRO.V,D,20200203,000000,0.05503,0.05597,0.05319,0.05425,0,0
CRO.V,D,20200204,000000,0.05425,0.05579,0.05361,0.05564,0,0
CRO.V,D,20200205,000000,0.05564,0.05873,0.0552,0.05812,0,0
CRO.V,D,20200206,000000,0.05812,0.05933,0.05701,0.05836,0,0
CRO.V,D,20200207,000000,0.05835,0.05941,0.0581,0.05837,0,0
CRO.V,D,20200208,000000,0.05846,0.05982,0.05732,0.05968,0,0
CRO.V,D,20200209,000000,0.05968,0.06158,0.05939,0.06129,0,0
CRO.V,D,20200210,000000,0.06128,0.06189,0.05828,0.06012,0,0
CRO.V,D,20200211,000000,0.06013,0.063,0.05891,0.0621,0,0
CRO.V,D,20200212,000000,0.06209,0.06433,0.06201,0.06388,0,0
CRO.V,D,20200213,000000,0.06388,0.06793,0.06361,0.06568,0,0
CRO.V,D,20200214,000000,0.06567,0.08967,0.06484,0.06757,0,0
CRO.V,D,20200215,000000,0.06778,0.07082,0.06254,0.06332,0,0
CRO.V,D,20200216,000000,0.06322,0.06427,0.05974,0.0619,0,0
CRO.V,D,20200217,000000,0.06182,0.06274,0.05707,0.05791,0,0
CRO.V,D,20200218,000000,0.0579,0.06263,0.05694,0.06231,0,0
CRO.V,D,20200219,000000,0.06231,0.06358,0.05857,0.0597,0,0
CRO.V,D,20200220,000000,0.05969,0.0601,0.05707,0.05787,0,0
CRO.V,D,20200221,000000,0.05787,0.05951,0.05751,0.05807,0,0
CRO.V,D,20200222,000000,0.05816,0.06017,0.05785,0.05967,0,0
CRO.V,D,20200223,000000,0.05965,0.06224,0.05926,0.06204,0,0
CRO.V,D,20200224,000000,0.06197,0.063,0.05907,0.06022,0,0
CRO.V,D,20200225,000000,0.06011,0.06068,0.05855,0.05952,0,0
CRO.V,D,20200226,000000,0.05963,0.05979,0.05211,0.05341,0,0
CRO.V,D,20200227,000000,0.05339,0.05459,0.05108,0.0538,0,0
CRO.V,D,20200228,000000,0.05384,0.05451,0.05167,0.0541,0,0
CRO.V,D,20200229,000000,0.05405,0.05422,0.05267,0.05297,0,0
CRO.V,D,20200301,000000,0.05289,0.05416,0.05194,0.05276,0,0
CRO.V,D,20200302,000000,0.05278,0.05622,0.05259,0.05579,0,0
CRO.V,D,20200303,000000,0.05576,0.05839,0.05509,0.05724,0,0
CRO.V,D,20200304,000000,0.05723,0.05841,0.0563,0.05715,0,0
CRO.V,D,20200305,000000,0.05716,0.05873,0.05695,0.05786,0,0
CRO.V,D,20200306,000000,0.05776,0.05873,0.05727,0.05841,0,0
CRO.V,D,20200307,000000,0.05841,0.05871,0.05637,0.0569,0,0
CRO.V,D,20200308,000000,0.0569,0.05703,0.05153,0.05162,0,0
CRO.V,D,20200309,000000,0.05153,0.05207,0.04784,0.04926,0,0
CRO.V,D,20200310,000000,0.04925,0.05154,0.04835,0.04983,0,0
CRO.V,D,20200311,000000,0.04982,0.04988,0.04724,0.04958,0,0
CRO.V,D,20200312,000000,0.04945,0.04961,0.03469,0.03587,0,0
CRO.V,D,20200313,000000,0.0359,0.03674,0.02451,0.03472,0,0
CRO.V,D,20200314,000000,0.03471,0.03521,0.03188,0.03218,0,0
CRO.V,D,20200315,000000,0.03219,0.03595,0.03112,0.03266,0,0
CRO.V,D,20200316,000000,0.03259,0.03311,0.02779,0.03105,0,0
CRO.V,D,20200317,000000,0.03107,0.03593,0.03092,0.03546,0,0
CRO.V,D,20200318,000000,0.03544,0.03648,0.03327,0.03541,0,0
CRO.V,D,20200319,000000,0.03541,0.04118,0.03481,0.04039,0,0
CRO.V,D,20200320,000000,0.04053,0.04374,0.03588,0.03889,0,0
CRO.V,D,20200321,000000,0.03882,0.03975,0.03665,0.03798,0,0
CRO.V,D,20200322,000000,0.03798,0.03968,0.03513,0.03643,0,0
CRO.V,D,20200323,000000,0.03643,0.04143,0.03516,0.04063,0,0
CRO.V,D,20200324,000000,0.04063,0.04575,0.04052,0.04398,0,0
CRO.V,D,20200325,000000,0.04397,0.04552,0.04227,0.04359,0,0
CRO.V,D,20200326,000000,0.04355,0.04558,0.04321,0.04527,0,0
CRO.V,D,20200327,000000,0.04518,0.04716,0.04514,0.04687,0,0
CRO.V,D,20200328,000000,0.04686,0.04686,0.0417,0.04249,0,0
CRO.V,D,20200329,000000,0.04248,0.04315,0.04122,0.04128,0,0
CRO.V,D,20200330,000000,0.04121,0.04848,0.04109,0.04831,0,0
CRO.V,D,20200331,000000,0.04819,0.04938,0.04707,0.04902,0,0
CRO.V,D,20200401,000000,0.04902,0.0491,0.04625,0.04738,0,0
CRO.V,D,20200402,000000,0.04738,0.05177,0.04737,0.0488,0,0
CRO.V,D,20200403,000000,0.04878,0.0495,0.04709,0.04737,0,0
CRO.V,D,20200404,000000,0.04738,0.04896,0.04711,0.04822,0,0
CRO.V,D,20200405,000000,0.04817,0.04916,0.0478,0.04846,0,0
CRO.V,D,20200406,000000,0.04853,0.0527,0.04853,0.05256,0,0
CRO.V,D,20200407,000000,0.05264,0.05411,0.0513,0.05195,0,0
CRO.V,D,20200408,000000,0.05191,0.05412,0.05163,0.05391,0,0
CRO.V,D,20200409,000000,0.05391,0.05424,0.05219,0.05335,0,0
CRO.V,D,20200410,000000,0.05329,0.05338,0.04897,0.04972,0,0
CRO.V,D,20200411,000000,0.04972,0.05088,0.04919,0.04991,0,0
CRO.V,D,20200412,000000,0.05,0.05189,0.04905,0.05156,0,0
CRO.V,D,20200413,000000,0.05156,0.0517,0.04805,0.04948,0,0
CRO.V,D,20200414,000000,0.04949,0.05088,0.04928,0.05016,0,0
CRO.V,D,20200415,000000,0.05017,0.05078,0.04888,0.04923,0,0
CRO.V,D,20200416,000000,0.04923,0.0516,0.0474,0.05028,0,0
CRO.V,D,20200417,000000,0.05028,0.05115,0.04986,0.05007,0,0
CRO.V,D,20200418,000000,0.05007,0.0519,0.05002,0.05185,0,0
CRO.V,D,20200419,000000,0.05185,0.05222,0.05046,0.05108,0,0
CRO.V,D,20200420,000000,0.05106,0.05113,0.04822,0.04865,0,0
CRO.V,D,20200421,000000,0.04864,0.049,0.04751,0.04818,0,0
CRO.V,D,20200422,000000,0.04818,0.05043,0.04771,0.04993,0,0
CRO.V,D,20200423,000000,0.04993,0.05463,0.04982,0.05314,0,0
CRO.V,D,20200424,000000,0.05312,0.05317,0.05161,0.05246,0,0
CRO.V,D,20200425,000000,0.05244,0.05393,0.05198,0.05287,0,0
CRO.V,D,20200426,000000,0.05287,0.0548,0.05276,0.05442,0,0
CRO.V,D,20200427,000000,0.05444,0.05594,0.05414,0.05573,0,0
CRO.V,D,20200428,000000,0.05571,0.05696,0.05522,0.05696,0,0
CRO.V,D,20200429,000000,0.05695,0.06361,0.05681,0.06243,0,0
CRO.V,D,20200430,000000,0.06243,0.06587,0.05659,0.05848,0,0
CRO.V,D,20200501,000000,0.05846,0.059,0.05583,0.05706,0,0
CRO.V,D,20200502,000000,0.05708,0.05966,0.05589,0.05935,0,0
CRO.V,D,20200503,000000,0.05934,0.06165,0.05876,0.05991,0,0
CRO.V,D,20200504,000000,0.05998,0.06101,0.05789,0.06087,0,0
CRO.V,D,20200505,000000,0.06097,0.06292,0.06014,0.06263,0,0
CRO.V,D,20200506,000000,0.06263,0.06585,0.0622,0.06468,0,0
CRO.V,D,20200507,000000,0.06468,0.06751,0.06341,0.06582,0,0
CRO.V,D,20200508,000000,0.06572,0.06909,0.06463,0.06898,0,0
CRO.V,D,20200509,000000,0.06899,0.06919,0.06623,0.06706,0,0
CRO.V,D,20200510,000000,0.06706,0.06744,0.05789,0.06353,0,0
CRO.V,D,20200511,000000,0.06351,0.06775,0.06174,0.06425,0,0
CRO.V,D,20200512,000000,0.06425,0.06668,0.06385,0.06424,0,0
CRO.V,D,20200513,000000,0.06425,0.06699,0.06404,0.06666,0,0
CRO.V,D,20200514,000000,0.06666,0.06682,0.06321,0.06475,0,0
CRO.V,D,20200515,000000,0.06474,0.06562,0.06202,0.06421,0,0
CRO.V,D,20200516,000000,0.06422,0.06613,0.06266,0.06568,0,0
CRO.V,D,20200517,000000,0.06568,0.06857,0.06494,0.06726,0,0
CRO.V,D,20200518,000000,0.06735,0.07022,0.06644,0.06972,0,0
CRO.V,D,20200519,000000,0.06972,0.07099,0.06826,0.0706,0,0
CRO.V,D,20200520,000000,0.0707,0.073,0.07,0.07143,0,0
CRO.V,D,20200521,000000,0.07143,0.0728,0.06737,0.06926,0,0
CRO.V,D,20200522,000000,0.06936,0.07342,0.06802,0.073,0,0
CRO.V,D,20200523,000000,0.07301,0.07573,0.07224,0.07531,0,0
CRO.V,D,20200524,000000,0.07531,0.07764,0.07418,0.07598,0,0
CRO.V,D,20200525,000000,0.076,0.07877,0.07268,0.07806,0,0
CRO.V,D,20200526,000000,0.07816,0.07918,0.07649,0.07743,0,0
CRO.V,D,20200527,000000,0.07741,0.08042,0.07708,0.07906,0,0
CRO.V,D,20200528,000000,0.07906,0.08086,0.07795,0.07957,0,0
CRO.V,D,20200529,000000,0.07956,0.08142,0.07955,0.08057,0,0
CRO.V,D,20200530,000000,0.0804,0.08413,0.07988,0.08326,0,0
CRO.V,D,20200531,000000,0.08326,0.08535,0.08298,0.0847,0,0
CRO.V,D,20200601,000000,0.0847,0.09012,0.08416,0.08996,0,0
CRO.V,D,20200602,000000,0.09007,0.0963,0.08761,0.09019,0,0
CRO.V,D,20200603,000000,0.09019,0.09652,0.08959,0.09622,0,0
CRO.V,D,20200604,000000,0.09623,0.1007,0.09541,0.09856,0,0
CRO.V,D,20200605,000000,0.09856,0.1019,0.09812,0.1011,0,0
CRO.V,D,20200606,000000,0.1011,0.105,0.09934,0.1046,0,0
CRO.V,D,20200607,000000,0.1046,0.1084,0.102,0.1075,0,0
CRO.V,D,20200608,000000,0.1076,0.11,0.1068,0.109,0,0
CRO.V,D,20200609,000000,0.109,0.1207,0.1076,0.1179,0,0
CRO.V,D,20200610,000000,0.1178,0.1179,0.1115,0.1133,0,0
CRO.V,D,20200611,000000,0.1133,0.1162,0.1026,0.1029,0,0
CRO.V,D,20200612,000000,0.1029,0.1093,0.101,0.1078,0,0
CRO.V,D,20200613,000000,0.1078,0.1086,0.107,0.1077,0,0
CRO.V,D,20200614,000000,0.1077,0.1123,0.1077,0.1116,0,0
CRO.V,D,20200615,000000,0.1116,0.1122,0.1047,0.1107,0,0
CRO.V,D,20200616,000000,0.1109,0.1145,0.1103,0.1143,0,0
CRO.V,D,20200617,000000,0.1142,0.116,0.113,0.1149,0,0
CRO.V,D,20200618,000000,0.1149,0.1159,0.1137,0.1145,0,0
CRO.V,D,20200619,000000,0.1145,0.1167,0.1133,0.1167,0,0
CRO.V,D,20200620,000000,0.1167,0.1183,0.115,0.1182,0,0
CRO.V,D,20200621,000000,0.1182,0.1203,0.1182,0.1197,0,0
CRO.V,D,20200622,000000,0.1197,0.1258,0.114,0.1246,0,0
CRO.V,D,20200623,000000,0.1246,0.1261,0.1236,0.1256,0,0
CRO.V,D,20200624,000000,0.1256,0.1257,0.1168,0.117,0,0
CRO.V,D,20200625,000000,0.117,0.1178,0.1137,0.1167,0,0
CRO.V,D,20200626,000000,0.1167,0.1169,0.1132,0.1144,0,0
CRO.V,D,20200627,000000,0.1144,0.1147,0.1099,0.1118,0,0
CRO.V,D,20200628,000000,0.1118,0.1204,0.1116,0.1195,0,0
CRO.V,D,20200629,000000,0.1194,0.1272,0.119,0.1271,0,0
CRO.V,D,20200630,000000,0.1271,0.1289,0.1249,0.1255,0,0
CRO.V,D,20200701,000000,0.1255,0.1274,0.1249,0.1265,0,0
CRO.V,D,20200702,000000,0.1265,0.1267,0.1215,0.1239,0,0
CRO.V,D,20200703,000000,0.1238,0.1259,0.1227,0.1256,0,0
CRO.V,D,20200704,000000,0.1256,0.1291,0.1248,0.1283,0,0
CRO.V,D,20200705,000000,0.1282,0.131,0.1281,0.1304,0,0
CRO.V,D,20200706,000000,0.1303,0.1359,0.1303,0.1348,0,0
CRO.V,D,20200707,000000,0.1348,0.138,0.1341,0.1371,0,0
CRO.V,D,20200708,000000,0.137,0.1429,0.137,0.1424,0,0
CRO.V,D,20200709,000000,0.1424,0.1442,0.1403,0.1418,0,0
CRO.V,D,20200710,000000,0.1419,0.1427,0.1407,0.1424,0,0
CRO.V,D,20200711,000000,0.1424,0.1453,0.142,0.1448,0,0
CRO.V,D,20200712,000000,0.1448,0.1464,0.1432,0.1445,0,0
CRO.V,D,20200713,000000,0.1445,0.1455,0.1415,0.1417,0,0
CRO.V,D,20200714,000000,0.1417,0.1425,0.1381,0.1393,0,0
CRO.V,D,20200715,000000,0.1393,0.1439,0.1392,0.1437,0,0
CRO.V,D,20200716,000000,0.1439,0.1439,0.1402,0.1416,0,0
CRO.V,D,20200717,000000,0.1416,0.143,0.1413,0.1424,0,0
CRO.V,D,20200718,000000,0.1424,0.1458,0.1419,0.1455,0,0
CRO.V,D,20200719,000000,0.1455,0.1457,0.1438,0.1448,0,0
CRO.V,D,20200720,000000,0.1448,0.1456,0.1409,0.142,0,0
CRO.V,D,20200721,000000,0.142,0.1449,0.1417,0.1439,0,0
CRO.V,D,20200722,000000,0.1439,0.1453,0.1431,0.1451,0,0
CRO.V,D,20200723,000000,0.1452,0.1483,0.1451,0.1474,0,0
CRO.V,D,20200724,000000,0.1475,0.1489,0.1459,0.1484,0,0
CRO.V,D,20200725,000000,0.1484,0.152,0.1471,0.1512,0,0
CRO.V,D,20200726,000000,0.1512,0.1589,0.1503,0.1535,0,0
CRO.V,D,20200727,000000,0.1536,0.1666,0.1535,0.1666,0,0
CRO.V,D,20200728,000000,0.1665,0.1705,0.1563,0.1611,0,0
CRO.V,D,20200729,000000,0.1611,0.167,0.1586,0.1664,0,0
CRO.V,D,20200730,000000,0.1664,0.1667,0.1601,0.1624,0,0
CRO.V,D,20200731,000000,0.1624,0.167,0.1604,0.1662,0,0
CRO.V,D,20200801,000000,0.1662,0.1747,0.1641,0.1733,0,0
CRO.V,D,20200802,000000,0.1733,0.1788,0.1596,0.1646,0,0
CRO.V,D,20200803,000000,0.1651,0.1711,0.1626,0.1654,0,0
CRO.V,D,20200804,000000,0.165,0.166,0.1543,0.1575,0,0
CRO.V,D,20200805,000000,0.1575,0.1642,0.155,0.164,0,0
CRO.V,D,20200806,000000,0.1641,0.1645,0.161,0.1626,0,0
CRO.V,D,20200807,000000,0.1626,0.1651,0.1588,0.162,0,0
CRO.V,D,20200808,000000,0.162,0.1705,0.1609,0.1705,0,0
CRO.V,D,20200809,000000,0.1705,0.1705,0.1656,0.1669,0,0
CRO.V,D,20200810,000000,0.167,0.1726,0.1666,0.1685,0,0
CRO.V,D,20200811,000000,0.1685,0.1695,0.1577,0.1598,0,0
CRO.V,D,20200812,000000,0.1598,0.163,0.1576,0.1612,0,0
CRO.V,D,20200813,000000,0.1612,0.1628,0.1569,0.1611,0,0
CRO.V,D,20200814,000000,0.1611,0.166,0.1611,0.1645,0,0
CRO.V,D,20200815,000000,0.1645,0.1685,0.1638,0.1678,0,0
CRO.V,D,20200816,000000,0.1678,0.1689,0.1657,0.1684,0,0
CRO.V,D,20200817,000000,0.1684,0.1743,0.167,0.1721,0,0
CRO.V,D,20200818,000000,0.172,0.173,0.1664,0.1693,0,0
CRO.V,D,20200819,000000,0.1693,0.1694,0.1616,0.1632,0,0
CRO.V,D,20200820,000000,0.1632,0.1651,0.163,0.1636,0,0
CRO.V,D,20200821,000000,0.1637,0.1957,0.163,0.1672,0,0
CRO.V,D,20200822,000000,0.1671,0.1704,0.1668,0.1693,0,0
CRO.V,D,20200823,000000,0.1694,0.1719,0.1676,0.1715,0,0
CRO.V,D,20200824,000000,0.1715,0.1758,0.1705,0.1753,0,0
CRO.V,D,20200825,000000,0.1753,0.1758,0.1666,0.1687,0,0
CRO.V,D,20200826,000000,0.1687,0.1716,0.1673,0.1704,0,0
CRO.V,D,20200827,000000,0.1704,0.1729,0.1666,0.1685,0,0
CRO.V,D,20200828,000000,0.1686,0.1738,0.1682,0.1727,0,0
CRO.V,D,20200829,000000,0.1726,0.1746,0.172,0.1742,0,0
CRO.V,D,20200830,000000,0.1742,0.1777,0.1733,0.1765,0,0
CRO.V,D,20200831,000000,0.1766,0.1806,0.1764,0.1785,0,0
CRO.V,D,20200901,000000,0.1786,0.1839,0.1772,0.1837,0,0
CRO.V,D,20200902,000000,0.1837,0.184,0.1717,0.1737,0,0
CRO.V,D,20200903,000000,0.1737,0.1747,0.1588,0.1619,0,0
CRO.V,D,20200904,000000,0.1619,0.1622,0.1498,0.1574,0,0
CRO.V,D,20200905,000000,0.1574,0.158,0.1469,0.1497,0,0
CRO.V,D,20200906,000000,0.1497,0.1525,0.1477,0.1519,0,0
CRO.V,D,20200907,000000,0.1519,0.1523,0.1444,0.1475,0,0
CRO.V,D,20200908,000000,0.1475,0.1515,0.1447,0.1473,0,0
CRO.V,D,20200909,000000,0.1474,0.1526,0.145,0.1512,0,0
CRO.V,D,20200910,000000,0.1512,0.1537,0.15,0.1511,0,0
CRO.V,D,20200911,000000,0.1511,0.161,0.1489,0.1602,0,0
CRO.V,D,20200912,000000,0.1602,0.1643,0.1597,0.1638,0,0
CRO.V,D,20200913,000000,0.164,0.1653,0.1599,0.1607,0,0
CRO.V,D,20200914,000000,0.1607,0.1699,0.1601,0.1696,0,0
CRO.V,D,20200915,000000,0.1696,0.172,0.1674,0.1701,0,0
CRO.V,D,20200916,000000,0.1702,0.1712,0.1669,0.1694,0,0
CRO.V,D,20200917,000000,0.1694,0.17,0.1641,0.1666,0,0
CRO.V,D,20200918,000000,0.1665,0.1686,0.1647,0.1665,0,0
CRO.V,D,20200919,000000,0.1666,0.1693,0.1655,0.1675,0,0
CRO.V,D,20200920,000000,0.1674,0.1679,0.1301,0.157,0,0
CRO.V,D,20200921,000000,0.157,0.161,0.1508,0.1526,0,0
CRO.V,D,20200922,000000,0.1526,0.1535,0.1507,0.1534,0,0
CRO.V,D,20200923,000000,0.1535,0.1536,0.1471,0.1481,0,0
CRO.V,D,20200924,000000,0.1479,0.1539,0.147,0.1534,0,0
CRO.V,D,20200925,000000,0.1533,0.1553,0.1522,0.1548,0,0
CRO.V,D,20200926,000000,0.1549,0.1559,0.1532,0.154,0,0
CRO.V,D,20200927,000000,0.154,0.1554,0.1522,0.1537,0,0
CRO.V,D,20200928,000000,0.1538,0.157,0.1538,0.1555,0,0
CRO.V,D,20200929,000000,0.1555,0.1558,0.1518,0.1526,0,0
CRO.V,D,20200930,000000,0.1527,0.1543,0.1513,0.1515,0,0
CRO.V,D,20201001,000000,0.1515,0.1549,0.1475,0.1491,0,0
CRO.V,D,20201002,000000,0.1492,0.1503,0.1457,0.1459,0,0
CRO.V,D,20201003,000000,0.1459,0.1476,0.1459,0.1473,0,0
CRO.V,D,20201004,000000,0.1473,0.1488,0.1465,0.1482,0,0
CRO.V,D,20201005,000000,0.1482,0.1497,0.1478,0.1493,0,0
CRO.V,D,20201006,000000,0.1494,0.1502,0.1462,0.1468,0,0
CRO.V,D,20201007,000000,0.1469,0.1481,0.1465,0.1477,0,0
CRO.V,D,20201008,000000,0.1477,0.1514,0.1459,0.1508,0,0
CRO.V,D,20201009,000000,0.1507,0.1531,0.1497,0.1526,0,0
CRO.V,D,20201010,000000,0.1526,0.1581,0.1523,0.1555,0,0
CRO.V,D,20201011,000000,0.1555,0.156,0.1532,0.1538,0,0
CRO.V,D,20201012,000000,0.1538,0.157,0.1518,0.1567,0,0
CRO.V,D,20201013,000000,0.1567,0.1568,0.1468,0.1479,0,0
CRO.V,D,20201014,000000,0.1479,0.1481,0.1378,0.1385,0,0
CRO.V,D,20201015,000000,0.1385,0.1406,0.1378,0.1393,0,0
CRO.V,D,20201016,000000,0.1394,0.1399,0.1354,0.1365,0,0
CRO.V,D,20201017,000000,0.1365,0.1367,0.1335,0.1337,0,0
CRO.V,D,20201018,000000,0.1337,0.1343,0.1212,0.1215,0,0
CRO.V,D,20201019,000000,0.1215,0.1217,0.107,0.1102,0,0
CRO.V,D,20201020,000000,0.1102,0.1109,0.1061,0.1063,0,0
CRO.V,D,20201021,000000,0.1063,0.1079,0.1012,0.1028,0,0
CRO.V,D,20201022,000000,0.1028,0.104,0.09763,0.09778,0,0
CRO.V,D,20201023,000000,0.09778,0.1014,0.09255,0.101,0,0
CRO.V,D,20201024,000000,0.101,0.1047,0.1007,0.1022,0,0
CRO.V,D,20201025,000000,0.1022,0.1053,0.09704,0.0972,0,0
CRO.V,D,20201026,000000,0.0972,0.09882,0.09529,0.09602,0,0
CRO.V,D,20201027,000000,0.09603,0.09985,0.09567,0.09914,0,0
CRO.V,D,20201028,000000,0.09913,0.1,0.08927,0.09003,0,0
CRO.V,D,20201029,000000,0.09003,0.09198,0.0894,0.09028,0,0
CRO.V,D,20201030,000000,0.09033,0.09125,0.08461,0.08502,0,0
CRO.V,D,20201031,000000,0.08505,0.08656,0.08348,0.08564,0,0
CRO.V,D,20201101,000000,0.08566,0.08673,0.08541,0.08545,0,0
CRO.V,D,20201102,000000,0.08545,0.08689,0.08102,0.08104,0,0
CRO.V,D,20201103,000000,0.08103,0.08115,0.07404,0.07878,0,0
CRO.V,D,20201104,000000,0.07878,0.07986,0.07597,0.07779,0,0
CRO.V,D,20201105,000000,0.07779,0.07966,0.07707,0.07866,0,0
CRO.V,D,20201106,000000,0.07872,0.08062,0.07741,0.07864,0,0
CRO.V,D,20201107,000000,0.07866,0.08065,0.07311,0.07361,0,0
CRO.V,D,20201108,000000,0.07361,0.07661,0.0725,0.07464,0,0
CRO.V,D,20201109,000000,0.07466,0.07531,0.06915,0.0703,0,0
CRO.V,D,20201110,000000,0.07036,0.07202,0.069,0.07062,0,0
CRO.V,D,20201111,000000,0.07062,0.07136,0.06969,0.0713,0,0
CRO.V,D,20201112,000000,0.07127,0.073,0.07016,0.07172,0,0
CRO.V,D,20201113,000000,0.07193,0.07278,0.06949,0.07074,0,0
CRO.V,D,20201114,000000,0.07075,0.07095,0.0678,0.06802,0,0
CRO.V,D,20201115,000000,0.06801,0.06891,0.06404,0.06418,0,0
CRO.V,D,20201116,000000,0.06418,0.0667,0.06351,0.06582,0,0
CRO.V,D,20201117,000000,0.06578,0.06829,0.0645,0.0652,0,0
CRO.V,D,20201118,000000,0.06521,0.06783,0.06308,0.06577,0,0
CRO.V,D,20201119,000000,0.06576,0.06745,0.06479,0.06687,0,0
CRO.V,D,20201120,000000,0.06687,0.07759,0.0662,0.07689,0,0
CRO.V,D,20201121,000000,0.07689,0.0788,0.07249,0.07337,0,0
CRO.V,D,20201122,000000,0.07331,0.07391,0.06912,0.07217,0,0
CRO.V,D,20201123,000000,0.07213,0.0739,0.0696,0.07355,0,0
CRO.V,D,20201124,000000,0.07353,0.08187,0.0718,0.08183,0,0
CRO.V,D,20201125,000000,0.08182,0.083,0.07816,0.07835,0,0
CRO.V,D,20201126,000000,0.07838,0.07891,0.061,0.06378,0,0
CRO.V,D,20201127,000000,0.06378,0.06541,0.06181,0.06401,0,0
CRO.V,D,20201128,000000,0.06393,0.066,0.0632,0.06524,0,0
CRO.V,D,20201129,000000,0.06519,0.06739,0.0644,0.06613,0,0
CRO.V,D,20201130,000000,0.06613,0.07049,0.0654,0.06985,0,0
CRO.V,D,20201201,000000,0.06989,0.07099,0.0642,0.06629,0,0
CRO.V,D,20201202,000000,0.06629,0.0674,0.0646,0.06683,0,0
CRO.V,D,20201203,000000,0.06682,0.06704,0.06525,0.06607,0,0
CRO.V,D,20201204,000000,0.06608,0.067,0.06332,0.06348,0,0
CRO.V,D,20201205,000000,0.06346,0.065,0.06259,0.064,0,0
CRO.V,D,20201206,000000,0.06401,0.0653,0.06285,0.06368,0,0
CRO.V,D,20201207,000000,0.06371,0.0645,0.06293,0.0638,0,0
CRO.V,D,20201208,000000,0.0638,0.06499,0.06109,0.06145,0,0
CRO.V,D,20201209,000000,0.06139,0.06139,0.05728,0.06044,0,0
CRO.V,D,20201210,000000,0.06045,0.06161,0.05873,0.0593,0,0
CRO.V,D,20201211,000000,0.05929,0.05944,0.05685,0.05915,0,0
CRO.V,D,20201212,000000,0.05911,0.05985,0.05844,0.05972,0,0
CRO.V,D,20201213,000000,0.05963,0.06199,0.05905,0.06058,0,0
CRO.V,D,20201214,000000,0.06058,0.06139,0.0597,0.06097,0,0
CRO.V,D,20201215,000000,0.06098,0.06325,0.06044,0.06168,0,0
CRO.V,D,20201216,000000,0.06164,0.06469,0.06085,0.06435,0,0
CRO.V,D,20201217,000000,0.06444,0.06995,0.06391,0.06691,0,0
CRO.V,D,20201218,000000,0.0669,0.06791,0.06401,0.06421,0,0
CRO.V,D,20201219,000000,0.06421,0.0676,0.06401,0.0666,0,0
CRO.V,D,20201220,000000,0.06659,0.06849,0.06442,0.06651,0,0
CRO.V,D,20201221,000000,0.0665,0.06845,0.05595,0.05996,0,0
CRO.V,D,20201222,000000,0.05996,0.06187,0.05876,0.05933,0,0
CRO.V,D,20201223,000000,0.05937,0.06186,0.05501,0.05599,0,0
CRO.V,D,20201224,000000,0.05599,0.05679,0.05344,0.05665,0,0
CRO.V,D,20201225,000000,0.05659,0.06016,0.05628,0.05791,0,0
CRO.V,D,20201226,000000,0.05791,0.06062,0.05749,0.05939,0,0
CRO.V,D,20201227,000000,0.05934,0.06047,0.05525,0.05729,0,0
CRO.V,D,20201228,000000,0.05729,0.06051,0.0565,0.05919,0,0
CRO.V,D,20201229,000000,0.05919,0.05984,0.05564,0.05773,0,0
CRO.V,D,20201230,000000,0.05772,0.06203,0.05749,0.0594,0,0
CRO.V,D,20201231,000000,0.05889,0.05972,0.05625,0.05865,0,0
CRO.V,D,20210101,000000,0.05872,0.05946,0.05806,0.05922,0,0
CRO.V,D,20210102,000000,0.05919,0.07089,0.0587,0.06232,0,0
CRO.V,D,20210103,000000,0.0624,0.06249,0.05839,0.06002,0,0
CRO.V,D,20210104,000000,0.06002,0.0722,0.05806,0.06391,0,0
CRO.V,D,20210105,000000,0.06399,0.06666,0.06122,0.06618,0,0
CRO.V,D,20210106,000000,0.06618,0.07853,0.0617,0.07639,0,0
CRO.V,D,20210107,000000,0.07638,0.07927,0.07209,0.07834,0,0
CRO.V,D,20210108,000000,0.07836,0.08815,0.07159,0.08014,0,0
CRO.V,D,20210109,000000,0.08013,0.08497,0.0764,0.08364,0,0
CRO.V,D,20210110,000000,0.08368,0.08754,0.07,0.07765,0,0
CRO.V,D,20210111,000000,0.07764,0.07937,0.05831,0.06362,0,0
CRO.V,D,20210112,000000,0.06358,0.07012,0.0626,0.06461,0,0
CRO.V,D,20210113,000000,0.06473,0.07222,0.06356,0.07099,0,0
CRO.V,D,20210114,000000,0.07099,0.07624,0.06985,0.0758,0,0
CRO.V,D,20210115,000000,0.07595,0.07734,0.06582,0.07143,0,0
CRO.V,D,20210116,000000,0.07138,0.08012,0.07098,0.07589,0,0
CRO.V,D,20210117,000000,0.07591,0.08378,0.07381,0.08003,0,0
CRO.V,D,20210118,000000,0.08034,0.08627,0.07686,0.08496,0,0
CRO.V,D,20210119,000000,0.08463,0.08823,0.08229,0.08805,0,0
CRO.V,D,20210120,000000,0.08804,0.0884,0.07839,0.08262,0,0
CRO.V,D,20210121,000000,0.08267,0.08474,0.07069,0.0719,0,0
CRO.V,D,20210122,000000,0.07192,0.07515,0.06579,0.07397,0,0
CRO.V,D,20210123,000000,0.07397,0.07534,0.06949,0.07219,0,0
CRO.V,D,20210124,000000,0.07251,0.07509,0.07066,0.07209,0,0
CRO.V,D,20210125,000000,0.07205,0.076,0.07026,0.07115,0,0
CRO.V,D,20210126,000000,0.07109,0.07141,0.06712,0.07038,0,0
CRO.V,D,20210127,000000,0.07044,0.07207,0.0624,0.06518,0,0
CRO.V,D,20210128,000000,0.06518,0.0703,0.06452,0.07009,0,0
CRO.V,D,20210129,000000,0.07009,0.07547,0.06547,0.0676,0,0
CRO.V,D,20210130,000000,0.06761,0.0686,0.06462,0.06609,0,0
CRO.V,D,20210131,000000,0.06607,0.06631,0.06025,0.06172,0,0
CRO.V,D,20210201,000000,0.06173,0.06284,0.05944,0.06108,0,0
CRO.V,D,20210202,000000,0.06075,0.06374,0.06031,0.06271,0,0
CRO.V,D,20210203,000000,0.06267,0.06788,0.06237,0.06717,0,0
CRO.V,D,20210204,000000,0.06716,0.06862,0.06325,0.06452,0,0
CRO.V,D,20210205,000000,0.06453,0.06826,0.06377,0.06811,0,0
CRO.V,D,20210206,000000,0.0681,0.07011,0.06603,0.06924,0,0
CRO.V,D,20210207,000000,0.06929,0.06929,0.0638,0.06562,0,0
CRO.V,D,20210208,000000,0.06562,0.07014,0.06447,0.06924,0,0
CRO.V,D,20210209,000000,0.06927,0.07351,0.06851,0.07313,0,0
CRO.V,D,20210210,000000,0.07315,0.0769,0.0696,0.0751,0,0
CRO.V,D,20210211,000000,0.07506,0.08195,0.07351,0.0803,0,0
CRO.V,D,20210212,000000,0.08028,0.08924,0.08001,0.08867,0,0
CRO.V,D,20210213,000000,0.08858,0.09422,0.08697,0.09137,0,0
CRO.V,D,20210214,000000,0.09133,0.09611,0.08864,0.09055,0,0
CRO.V,D,20210215,000000,0.09056,0.09236,0.07912,0.08722,0,0
CRO.V,D,20210216,000000,0.08724,0.08948,0.08213,0.08353,0,0
CRO.V,D,20210217,000000,0.08352,0.1011,0.08325,0.09959,0,0
CRO.V,D,20210218,000000,0.09958,0.1193,0.09877,0.1188,0,0
CRO.V,D,20210219,000000,0.1188,0.1393,0.1127,0.1364,0,0
CRO.V,D,20210220,000000,0.1364,0.151,0.1331,0.1388,0,0
CRO.V,D,20210221,000000,0.1387,0.1429,0.1352,0.1399,0,0
CRO.V,D,20210222,000000,0.14,0.271,0.1326,0.2237,0,0
CRO.V,D,20210223,000000,0.2237,0.2249,0.1382,0.1554,0,0
CRO.V,D,20210224,000000,0.1552,0.1793,0.1521,0.1561,0,0
CRO.V,D,20210225,000000,0.1561,0.1772,0.1559,0.1611,0,0
CRO.V,D,20210226,000000,0.161,0.161,0.1429,0.1497,0,0
CRO.V,D,20210227,000000,0.1497,0.1561,0.1464,0.1497,0,0
CRO.V,D,20210228,000000,0.1497,0.1511,0.127,0.1352,0,0
CRO.V,D,20210301,000000,0.135,0.1503,0.1339,0.1468,0,0
CRO.V,D,20210302,000000,0.1469,0.1581,0.1446,0.1508,0,0
CRO.V,D,20210303,000000,0.1509,0.1611,0.1506,0.155,0,0
CRO.V,D,20210304,000000,0.1549,0.1611,0.1452,0.1483,0,0
CRO.V,D,20210305,000000,0.1483,0.1519,0.1413,0.1508,0,0
CRO.V,D,20210306,000000,0.1508,0.1548,0.1473,0.1532,0,0
CRO.V,D,20210307,000000,0.1532,0.1586,0.1524,0.1573,0,0
CRO.V,D,20210308,000000,0.1574,0.161,0.1533,0.1574,0,0
CRO.V,D,20210309,000000,0.1582,0.1701,0.1574,0.1697,0,0
CRO.V,D,20210310,000000,0.17,0.1763,0.1606,0.1739,0,0
CRO.V,D,20210311,000000,0.1739,0.197,0.1679,0.1902,0,0
CRO.V,D,20210312,000000,0.1902,0.2003,0.1829,0.1876,0,0
CRO.V,D,20210313,000000,0.1877,0.1986,0.1768,0.1956,0,0
CRO.V,D,20210314,000000,0.1957,0.1985,0.1819,0.187,0,0
CRO.V,D,20210315,000000,0.1869,0.1896,0.1663,0.1754,0,0
CRO.V,D,20210316,000000,0.1754,0.1919,0.166,0.1905,0,0
CRO.V,D,20210317,000000,0.1903,0.1961,0.1794,0.1924,0,0
CRO.V,D,20210318,000000,0.1925,0.2262,0.1924,0.2189,0,0
CRO.V,D,20210319,000000,0.2188,0.242,0.2097,0.242,0,0
CRO.V,D,20210320,000000,0.2423,0.248,0.217,0.2184,0,0
CRO.V,D,20210321,000000,0.2182,0.2222,0.2058,0.22,0,0
CRO.V,D,20210322,000000,0.22,0.2261,0.2089,0.2115,0,0
CRO.V,D,20210323,000000,0.2119,0.2168,0.1948,0.207,0,0
CRO.V,D,20210324,000000,0.2071,0.2325,0.2037,0.2062,0,0
CRO.V,D,20210325,000000,0.2059,0.2089,0.193,0.1982,0,0
CRO.V,D,20210326,000000,0.1982,0.2081,0.1963,0.2049,0,0
CRO.V,D,20210327,000000,0.2049,0.2077,0.1973,0.2025,0,0
CRO.V,D,20210328,000000,0.2025,0.2028,0.1939,0.1958,0,0
CRO.V,D,20210329,000000,0.1958,0.2191,0.1953,0.2121,0,0
CRO.V,D,20210330,000000,0.2121,0.2217,0.2111,0.2141,0,0
CRO.V,D,20210331,000000,0.2141,0.2163,0.2021,0.2081,0,0
CRO.V,D,20210401,000000,0.2081,0.2168,0.2061,0.2092,0,0
CRO.V,D,20210402,000000,0.2092,0.2175,0.2073,0.2143,0,0
CRO.V,D,20210403,000000,0.2144,0.2243,0.2057,0.2064,0,0
CRO.V,D,20210404,000000,0.2066,0.2138,0.2005,0.2133,0,0
CRO.V,D,20210405,000000,0.2137,0.2224,0.2066,0.2167,0,0
CRO.V,D,20210406,000000,0.2168,0.2241,0.2047,0.208,0,0
CRO.V,D,20210407,000000,0.2078,0.2168,0.1798,0.1885,0,0
CRO.V,D,20210408,000000,0.1886,0.2029,0.1851,0.2019,0,0
CRO.V,D,20210409,000000,0.2013,0.2119,0.2009,0.2112,0,0
CRO.V,D,20210410,000000,0.2112,0.2278,0.2084,0.2127,0,0
CRO.V,D,20210411,000000,0.2128,0.221,0.2096,0.2103,0,0
CRO.V,D,20210412,000000,0.2103,0.2165,0.203,0.2076,0,0
CRO.V,D,20210413,000000,0.2076,0.2248,0.2065,0.2222,0,0
CRO.V,D,20210414,000000,0.2228,0.2413,0.2211,0.2364,0,0
CRO.V,D,20210415,000000,0.2365,0.246,0.2307,0.245,0,0
CRO.V,D,20210416,000000,0.2452,0.2467,0.2257,0.2377,0,0
CRO.V,D,20210417,000000,0.2376,0.2514,0.2321,0.2384,0,0
CRO.V,D,20210418,000000,0.2385,0.2401,0.1902,0.2072,0,0
CRO.V,D,20210419,000000,0.2074,0.2107,0.1931,0.1973,0,0
CRO.V,D,20210420,000000,0.1973,0.1975,0.1781,0.1975,0,0
CRO.V,D,20210421,000000,0.1976,0.2022,0.1927,0.1976,0,0
CRO.V,D,20210422,000000,0.1978,0.1982,0.1759,0.1776,0,0
CRO.V,D,20210423,000000,0.1777,0.1787,0.1409,0.171,0,0
CRO.V,D,20210424,000000,0.1707,0.1745,0.166,0.1686,0,0
CRO.V,D,20210425,000000,0.1687,0.1755,0.1627,0.1641,0,0
CRO.V,D,20210426,000000,0.164,0.1869,0.1637,0.1827,0,0
CRO.V,D,20210427,000000,0.1827,0.1952,0.1819,0.1951,0,0
CRO.V,D,20210428,000000,0.195,0.1974,0.183,0.1854,0,0
CRO.V,D,20210429,000000,0.1849,0.1882,0.1799,0.1824,0,0
CRO.V,D,20210430,000000,0.1825,0.1964,0.1813,0.1962,0,0
CRO.V,D,20210501,000000,0.1962,0.1982,0.1903,0.1913,0,0
CRO.V,D,20210502,000000,0.1913,0.1945,0.1852,0.1865,0,0
CRO.V,D,20210503,000000,0.1865,0.1939,0.1843,0.1862,0,0
CRO.V,D,20210504,000000,0.1863,0.1879,0.1661,0.1689,0,0
CRO.V,D,20210505,000000,0.1689,0.1836,0.1647,0.1806,0,0
CRO.V,D,20210506,000000,0.1806,0.1928,0.1805,0.1865,0,0
CRO.V,D,20210507,000000,0.1863,0.1938,0.1818,0.1893,0,0
CRO.V,D,20210508,000000,0.1893,0.1939,0.1829,0.1832,0,0
CRO.V,D,20210509,000000,0.1831,0.1831,0.1712,0.1767,0,0
CRO.V,D,20210510,000000,0.1767,0.185,0.158,0.1607,0,0
CRO.V,D,20210511,000000,0.1606,0.1775,0.1502,0.1733,0,0
CRO.V,D,20210512,000000,0.1732,0.1789,0.1672,0.1714,0,0
CRO.V,D,20210513,000000,0.1714,0.1718,0.1471,0.1583,0,0
CRO.V,D,20210514,000000,0.1583,0.1698,0.1554,0.162,0,0
CRO.V,D,20210515,000000,0.162,0.1671,0.1533,0.1584,0,0
CRO.V,D,20210516,000000,0.1584,0.1658,0.1456,0.1494,0,0
CRO.V,D,20210517,000000,0.1494,0.155,0.1388,0.1424,0,0
CRO.V,D,20210518,000000,0.1424,0.1514,0.1398,0.1469,0,0
CRO.V,D,20210519,000000,0.1469,0.1491,0.09811,0.1253,0,0
CRO.V,D,20210520,000000,0.1253,0.1331,0.1139,0.1268,0,0
CRO.V,D,20210521,000000,0.1269,0.1406,0.1094,0.1179,0,0
CRO.V,D,20210522,000000,0.1179,0.1242,0.1139,0.1191,0,0
CRO.V,D,20210523,000000,0.1191,0.1209,0.0878,0.09326,0,0
CRO.V,D,20210524,000000,0.09327,0.1238,0.09327,0.1208,0,0
CRO.V,D,20210525,000000,0.1208,0.1293,0.1184,0.1223,0,0
CRO.V,D,20210526,000000,0.1223,0.1378,0.1217,0.1283,0,0
CRO.V,D,20210527,000000,0.1278,0.1366,0.1243,0.1303,0,0
CRO.V,D,20210528,000000,0.1303,0.1303,0.1109,0.1118,0,0
CRO.V,D,20210529,000000,0.1118,0.1194,0.1079,0.1107,0,0
CRO.V,D,20210530,000000,0.1108,0.1156,0.1067,0.1129,0,0
CRO.V,D,20210531,000000,0.1129,0.1261,0.1115,0.1238,0,0
CRO.V,D,20210601,000000,0.1238,0.1272,0.119,0.1215,0,0
CRO.V,D,20210602,000000,0.1216,0.1318,0.1208,0.1308,0,0
CRO.V,D,20210603,000000,0.1308,0.1358,0.1288,0.1322,0,0
CRO.V,D,20210604,000000,0.1322,0.1336,0.1183,0.1225,0,0
CRO.V,D,20210605,000000,0.1225,0.1267,0.1161,0.1162,0,0
CRO.V,D,20210606,000000,0.1166,0.1241,0.1164,0.124,0,0
CRO.V,D,20210607,000000,0.124,0.1286,0.1171,0.1181,0,0
CRO.V,D,20210608,000000,0.1181,0.1183,0.1072,0.115,0,0
CRO.V,D,20210609,000000,0.1149,0.122,0.1103,0.1209,0,0
CRO.V,D,20210610,000000,0.121,0.1244,0.1149,0.1169,0,0
CRO.V,D,20210611,000000,0.1171,0.1211,0.1152,0.1165,0,0
CRO.V,D,20210612,000000,0.1165,0.1184,0.11,0.1129,0,0
CRO.V,D,20210613,000000,0.1129,0.1221,0.1106,0.1202,0,0
CRO.V,D,20210614,000000,0.1202,0.1222,0.1161,0.1184,0,0
CRO.V,D,20210615,000000,0.1185,0.12,0.1151,0.1163,0,0
CRO.V,D,20210616,000000,0.1163,0.1227,0.1143,0.1153,0,0
CRO.V,D,20210617,000000,0.1153,0.1166,0.1115,0.1125,0,0
CRO.V,D,20210618,000000,0.1125,0.1144,0.1037,0.1053,0,0
CRO.V,D,20210619,000000,0.1053,0.1112,0.1033,0.1095,0,0
CRO.V,D,20210620,000000,0.1095,0.1095,0.1005,0.1067,0,0
CRO.V,D,20210621,000000,0.1067,0.1081,0.09204,0.09206,0,0
CRO.V,D,20210622,000000,0.09208,0.0949,0.08044,0.08823,0,0
CRO.V,D,20210623,000000,0.08831,0.09536,0.08675,0.09532,0,0
CRO.V,D,20210624,000000,0.09532,0.1018,0.09285,0.1013,0,0
CRO.V,D,20210625,000000,0.1013,0.1032,0.09452,0.09506,0,0
CRO.V,D,20210626,000000,0.09501,0.097,0.08968,0.09339,0,0
CRO.V,D,20210627,000000,0.09345,0.1038,0.09333,0.1005,0,0
CRO.V,D,20210628,000000,0.1003,0.1094,0.1002,0.1089,0,0
CRO.V,D,20210629,000000,0.1088,0.1188,0.1076,0.1164,0,0
CRO.V,D,20210630,000000,0.1163,0.1165,0.1093,0.1128,0,0
CRO.V,D,20210701,000000,0.1128,0.1166,0.1108,0.1122,0,0
CRO.V,D,20210702,000000,0.1122,0.114,0.1085,0.1101,0,0
CRO.V,D,20210703,000000,0.1101,0.1194,0.11,0.1176,0,0
CRO.V,D,20210704,000000,0.1176,0.1248,0.1168,0.1248,0,0
CRO.V,D,20210705,000000,0.1249,0.1249,0.1131,0.1155,0,0
CRO.V,D,20210706,000000,0.1155,0.1265,0.1148,0.1182,0,0
CRO.V,D,20210707,000000,0.1182,0.1227,0.1167,0.1195,0,0
CRO.V,D,20210708,000000,0.1195,0.12,0.1114,0.1119,0,0
CRO.V,D,20210709,000000,0.1119,0.1201,0.1102,0.12,0,0
CRO.V,D,20210710,000000,0.12,0.1205,0.1163,0.1169,0,0
CRO.V,D,20210711,000000,0.117,0.1307,0.1168,0.1306,0,0
CRO.V,D,20210712,000000,0.1306,0.1312,0.1215,0.1218,0,0
CRO.V,D,20210713,000000,0.1218,0.1279,0.1208,0.1274,0,0
CRO.V,D,20210714,000000,0.1274,0.1277,0.119,0.1224,0,0
CRO.V,D,20210715,000000,0.1224,0.1239,0.1116,0.1133,0,0
CRO.V,D,20210716,000000,0.1133,0.1171,0.1072,0.1112,0,0
CRO.V,D,20210717,000000,0.1112,0.114,0.1098,0.1127,0,0
CRO.V,D,20210718,000000,0.1127,0.1149,0.1119,0.1135,0,0
CRO.V,D,20210719,000000,0.1134,0.1136,0.1052,0.1053,0,0
CRO.V,D,20210720,000000,0.1053,0.1063,0.09834,0.1012,0,0
CRO.V,D,20210721,000000,0.1012,0.1117,0.1006,0.1078,0,0
CRO.V,D,20210722,000000,0.1078,0.112,0.1077,0.11,0,0
CRO.V,D,20210723,000000,0.1099,0.1135,0.109,0.1108,0,0
CRO.V,D,20210724,000000,0.1108,0.1147,0.1108,0.1137,0,0
CRO.V,D,20210725,000000,0.1137,0.1167,0.1128,0.1146,0,0
CRO.V,D,20210726,000000,0.1146,0.125,0.1143,0.1158,0,0
CRO.V,D,20210727,000000,0.1157,0.1208,0.1149,0.1198,0,0
CRO.V,D,20210728,000000,0.1198,0.1253,0.1176,0.1208,0,0
CRO.V,D,20210729,000000,0.1208,0.1233,0.119,0.1217,0,0
CRO.V,D,20210730,000000,0.1217,0.1272,0.12,0.1264,0,0
CRO.V,D,20210731,000000,0.1264,0.1297,0.1257,0.1297,0,0
CRO.V,D,20210801,000000,0.1297,0.1326,0.1269,0.1278,0,0
CRO.V,D,20210802,000000,0.1278,0.1278,0.1211,0.1233,0,0
CRO.V,D,20210803,000000,0.1233,0.1249,0.1177,0.1189,0,0
CRO.V,D,20210804,000000,0.119,0.1279,0.1186,0.1267,0,0
CRO.V,D,20210805,000000,0.1268,0.1305,0.1191,0.1295,0,0
CRO.V,D,20210806,000000,0.1296,0.1336,0.1267,0.1306,0,0
CRO.V,D,20210807,000000,0.1305,0.1411,0.1305,0.1391,0,0
CRO.V,D,20210808,000000,0.139,0.1421,0.1348,0.1372,0,0
CRO.V,D,20210809,000000,0.1372,0.1421,0.1328,0.1403,0,0
CRO.V,D,20210810,000000,0.1403,0.1445,0.1396,0.1431,0,0
CRO.V,D,20210811,000000,0.143,0.1503,0.1417,0.1487,0,0
CRO.V,D,20210812,000000,0.1488,0.1491,0.1376,0.1382,0,0
CRO.V,D,20210813,000000,0.1381,0.1516,0.1365,0.1511,0,0
CRO.V,D,20210814,000000,0.1511,0.1535,0.1465,0.149,0,0
CRO.V,D,20210815,000000,0.149,0.1511,0.1454,0.1506,0,0
CRO.V,D,20210816,000000,0.1506,0.1552,0.1467,0.1481,0,0
CRO.V,D,20210817,000000,0.1481,0.1532,0.142,0.142,0,0
CRO.V,D,20210818,000000,0.1421,0.1444,0.1392,0.1414,0,0
CRO.V,D,20210819,000000,0.1414,0.1472,0.1402,0.147,0,0
CRO.V,D,20210820,000000,0.147,0.1553,0.1465,0.1541,0,0
CRO.V,D,20210821,000000,0.1543,0.1559,0.1511,0.1553,0,0
CRO.V,D,20210822,000000,0.1553,0.1577,0.1529,0.1545,0,0
CRO.V,D,20210823,000000,0.1545,0.1603,0.1544,0.159,0,0
CRO.V,D,20210824,000000,0.159,0.1643,0.153,0.1534,0,0
CRO.V,D,20210825,000000,0.1534,0.1562,0.15,0.1557,0,0
CRO.V,D,20210826,000000,0.1557,0.1587,0.1475,0.1503,0,0
CRO.V,D,20210827,000000,0.1503,0.1575,0.1461,0.1563,0,0
CRO.V,D,20210828,000000,0.1563,0.1573,0.154,0.1552,0,0
CRO.V,D,20210829,000000,0.1552,0.16,0.1546,0.159,0,0
CRO.V,D,20210830,000000,0.159,0.1607,0.1535,0.1573,0,0
CRO.V,D,20210831,000000,0.1573,0.1575,0.1505,0.1526,0,0
CRO.V,D,20210901,000000,0.1526,0.1609,0.151,0.1589,0,0
CRO.V,D,20210902,000000,0.1589,0.1683,0.1589,0.1639,0,0
CRO.V,D,20210903,000000,0.1639,0.1696,0.1594,0.1663,0,0
CRO.V,D,20210904,000000,0.1663,0.1739,0.1647,0.1716,0,0
CRO.V,D,20210905,000000,0.1716,0.1868,0.1706,0.1867,0,0
CRO.V,D,20210906,000000,0.1866,0.2019,0.1838,0.2008,0,0
CRO.V,D,20210907,000000,0.2007,0.2045,0.1606,0.1653,0,0
CRO.V,D,20210908,000000,0.1653,0.1713,0.1567,0.1669,0,0
CRO.V,D,20210909,000000,0.1669,0.1834,0.1664,0.1804,0,0
CRO.V,D,20210910,000000,0.1804,0.1854,0.1675,0.1684,0,0
CRO.V,D,20210911,000000,0.1683,0.1782,0.1675,0.1763,0,0
CRO.V,D,20210912,000000,0.1763,0.1847,0.1756,0.1794,0,0
CRO.V,D,20210913,000000,0.1794,0.1856,0.1666,0.1749,0,0
CRO.V,D,20210914,000000,0.1749,0.1818,0.1738,0.1812,0,0
CRO.V,D,20210915,000000,0.1812,0.188,0.1809,0.1874,0,0
CRO.V,D,20210916,000000,0.1874,0.1923,0.1865,0.1895,0,0
CRO.V,D,20210917,000000,0.1895,0.1993,0.1879,0.1895,0,0
CRO.V,D,20210918,000000,0.1896,0.1953,0.1877,0.1889,0,0
CRO.V,D,20210919,000000,0.1889,0.1905,0.1845,0.1866,0,0
CRO.V,D,20210920,000000,0.1866,0.187,0.164,0.1661,0,0
CRO.V,D,20210921,000000,0.166,0.167,0.1519,0.157,0,0
CRO.V,D,20210922,000000,0.157,0.1693,0.1516,0.1652,0,0
CRO.V,D,20210923,000000,0.1652,0.1717,0.1631,0.1714,0,0
CRO.V,D,20210924,000000,0.1715,0.1716,0.1497,0.161,0,0
CRO.V,D,20210925,000000,0.1609,0.1611,0.1548,0.1569,0,0
CRO.V,D,20210926,000000,0.1569,0.1605,0.1493,0.1604,0,0
CRO.V,D,20210927,000000,0.1604,0.1629,0.1555,0.1565,0,0
CRO.V,D,20210928,000000,0.1565,0.1577,0.1465,0.1492,0,0
CRO.V,D,20210929,000000,0.1492,0.1533,0.1448,0.1475,0,0
CRO.V,D,20210930,000000,0.1475,0.1579,0.1475,0.1572,0,0
CRO.V,D,20211001,000000,0.1572,0.1727,0.1568,0.172,0,0
CRO.V,D,20211002,000000,0.1719,0.1779,0.1706,0.1768,0,0
CRO.V,D,20211003,000000,0.1768,0.1832,0.1718,0.1789,0,0
CRO.V,D,20211004,000000,0.1789,0.1821,0.1725,0.1774,0,0
CRO.V,D,20211005,000000,0.1774,0.1821,0.1765,0.1813,0,0
CRO.V,D,20211006,000000,0.1813,0.1882,0.1757,0.1868,0,0
CRO.V,D,20211007,000000,0.1868,0.189,0.1841,0.1871,0,0
CRO.V,D,20211008,000000,0.1871,0.1969,0.1843,0.1912,0,0
CRO.V,D,20211009,000000,0.1912,0.1938,0.1887,0.1907,0,0
CRO.V,D,20211010,000000,0.1907,0.1931,0.1872,0.1881,0,0
CRO.V,D,20211011,000000,0.1881,0.1937,0.1858,0.1911,0,0
CRO.V,D,20211012,000000,0.1912,0.1923,0.1754,0.1814,0,0
CRO.V,D,20211013,000000,0.1814,0.1864,0.1784,0.1859,0,0
CRO.V,D,20211014,000000,0.1859,0.1892,0.184,0.1875,0,0
CRO.V,D,20211015,000000,0.1875,0.1908,0.1831,0.1865,0,0
CRO.V,D,20211016,000000,0.1865,0.1929,0.1859,0.1896,0,0
CRO.V,D,20211017,000000,0.1896,0.1899,0.1818,0.1847,0,0
CRO.V,D,20211018,000000,0.1847,0.1896,0.179,0.1843,0,0
CRO.V,D,20211019,000000,0.1844,0.1863,0.1815,0.1857,0,0
CRO.V,D,20211020,000000,0.1857,0.1911,0.183,0.1884,0,0
CRO.V,D,20211021,000000,0.1884,0.1975,0.1851,0.1856,0,0
CRO.V,D,20211022,000000,0.1856,0.1942,0.1826,0.1829,0,0
CRO.V,D,20211023,000000,0.1829,0.191,0.1828,0.1893,0,0
CRO.V,D,20211024,000000,0.1893,0.1953,0.1877,0.1914,0,0
CRO.V,D,20211025,000000,0.1914,0.2014,0.1897,0.1975,0,0
CRO.V,D,20211026,000000,0.1974,0.2077,0.1971,0.2032,0,0
CRO.V,D,20211027,000000,0.2032,0.2069,0.1855,0.1886,0,0
CRO.V,D,20211028,000000,0.1886,0.2076,0.1846,0.2019,0,0
CRO.V,D,20211029,000000,0.2019,0.2288,0.2006,0.2268,0,0
CRO.V,D,20211030,000000,0.2268,0.245,0.2143,0.2143,0,0
CRO.V,D,20211031,000000,0.2142,0.2305,0.2067,0.2115,0,0
CRO.V,D,20211101,000000,0.2115,0.2152,0.2024,0.2118,0,0
CRO.V,D,20211102,000000,0.2118,0.263,0.2113,0.2507,0,0
CRO.V,D,20211103,000000,0.251,0.2679,0.2433,0.2585,0,0
CRO.V,D,20211104,000000,0.2585,0.3139,0.2555,0.2857,0,0
CRO.V,D,20211105,000000,0.2858,0.3973,0.2817,0.3756,0,0
CRO.V,D,20211106,000000,0.3754,0.3808,0.3169,0.3363,0,0
CRO.V,D,20211107,000000,0.3363,0.362,0.3271,0.3471,0,0
CRO.V,D,20211108,000000,0.3471,0.414,0.3469,0.3941,0,0
CRO.V,D,20211109,000000,0.395,0.4054,0.3446,0.3546,0,0
CRO.V,D,20211110,000000,0.3546,0.3659,0.3187,0.3276,0,0
CRO.V,D,20211111,000000,0.3276,0.3492,0.3224,0.3457,0,0
CRO.V,D,20211112,000000,0.3457,0.359,0.3338,0.3523,0,0
CRO.V,D,20211113,000000,0.3523,0.4265,0.3519,0.3918,0,0
CRO.V,D,20211114,000000,0.3918,0.4374,0.3841,0.4322,0,0
CRO.V,D,20211115,000000,0.4319,0.5196,0.4305,0.4505,0,0
CRO.V,D,20211116,000000,0.4501,0.4563,0.3885,0.4167,0,0
CRO.V,D,20211117,000000,0.4167,0.6139,0.3759,0.519,0,0
CRO.V,D,20211118,000000,0.5198,0.5897,0.4753,0.4933,0,0
CRO.V,D,20211119,000000,0.4933,0.5649,0.482,0.5618,0,0
CRO.V,D,20211120,000000,0.5618,0.5842,0.5344,0.5818,0,0
CRO.V,D,20211121,000000,0.5822,0.8248,0.5636,0.7852,0,0
CRO.V,D,20211122,000000,0.7863,0.7876,0.6589,0.7336,0,0
CRO.V,D,20211123,000000,0.7344,0.9264,0.7129,0.895,0,0
CRO.V,D,20211124,000000,0.893,0.9888,0.8229,0.8799,0,0
CRO.V,D,20211125,000000,0.8793,0.9146,0.7392,0.797,0,0
CRO.V,D,20211126,000000,0.7966,0.8137,0.643,0.7045,0,0
CRO.V,D,20211127,000000,0.7046,0.8212,0.6792,0.7905,0,0
CRO.V,D,20211128,000000,0.7897,0.7925,0.685,0.7338,0,0
CRO.V,D,20211129,000000,0.7343,0.7721,0.7034,0.724,0,0
CRO.V,D,20211130,000000,0.7235,0.7237,0.6651,0.6893,0,0
CRO.V,D,20211201,000000,0.6892,0.7761,0.6854,0.7116,0,0
CRO.V,D,20211202,000000,0.7122,0.7218,0.6792,0.6904,0,0
CRO.V,D,20211203,000000,0.6896,0.7026,0.587,0.6291,0,0
CRO.V,D,20211204,000000,0.629,0.6445,0.497,0.6044,0,0
CRO.V,D,20211205,000000,0.6048,0.6147,0.5387,0.5613,0,0
CRO.V,D,20211206,000000,0.5617,0.6031,0.5103,0.596,0,0
CRO.V,D,20211207,000000,0.5963,0.6554,0.5905,0.5978,0,0
CRO.V,D,20211208,000000,0.5979,0.625,0.5861,0.6092,0,0
CRO.V,D,20211209,000000,0.6095,0.621,0.5593,0.5725,0,0
CRO.V,D,20211210,000000,0.5729,0.597,0.5523,0.5544,0,0
CRO.V,D,20211211,000000,0.5544,0.5825,0.5387,0.5718,0,0
CRO.V,D,20211212,000000,0.5719,0.622,0.5712,0.6018,0,0
CRO.V,D,20211213,000000,0.6018,0.6053,0.524,0.5373,0,0
CRO.V,D,20211214,000000,0.5368,0.551,0.5206,0.5437,0,0
CRO.V,D,20211215,000000,0.5433,0.567283,0.513857,0.553032,0,0
CRO.V,D,20211216,000000,0.553332,0.571142,0.539508,0.543363,0,0
CRO.V,D,20211217,000000,0.543363,0.543863,0.509853,0.52521,0,0
CRO.V,D,20211218,000000,0.52521,0.538615,0.511253,0.52501,0,0
CRO.V,D,20211219,000000,0.52481,0.540262,0.513205,0.523161,0,0
CRO.V,D,20211220,000000,0.522861,0.523009,0.480048,0.493148,0,0
CRO.V,D,20211221,000000,0.493097,0.533013,0.492848,0.532213,0,0
CRO.V,D,20211222,000000,0.532213,0.548519,0.525158,0.54057,0,0
CRO.V,D,20211223,000000,0.540516,0.611945,0.529706,0.597298,0,0
CRO.V,D,20211224,000000,0.597339,0.685943,0.589194,0.625775,0,0
CRO.V,D,20211225,000000,0.625775,0.665733,0.615808,0.646859,0,0
CRO.V,D,20211226,000000,0.646859,0.650025,0.603341,0.627814,42557693,0
CRO.V,D,20211227,000000,0.628014,0.650925,0.618709,0.631289,63066186,0
CRO.V,D,20211228,000000,0.631289,0.631489,0.55201,0.564856,105390026,0
CRO.V,D,20211229,000000,0.564713,0.581816,0.5482,0.555111,54888435,0
CRO.V,D,20211230,000000,0.555311,0.568614,0.538908,0.55241,41067168,0
CRO.V,D,20211231,000000,0.552711,0.585559,0.546755,0.558856,44025960.504668,0
CRO.V,D,20220101,000000,0.558956,0.583917,0.555644,0.581216,27382990.126289,0
CRO.V,D,20220102,000000,0.581116,0.588959,0.572357,0.585117,40714120.152146,0
CRO.V,D,20220103,000000,0.585717,0.588418,0.554055,0.564756,46179948.355376,0
CRO.V,D,20220104,000000,0.565357,0.5754,0.545991,0.5539,40104172.940033,0
CRO.V,D,20220105,000000,0.553989,0.5591,0.479452,0.49735,84827296.571215,0
CRO.V,D,20220106,000000,0.49725,0.514949,0.484352,0.50395,96707379.977748,0
CRO.V,D,20220107,000000,0.504832,0.505349,0.463307,0.465453,72511600.044424,0
CRO.V,D,20220108,000000,0.465253,0.483252,0.441456,0.4579,54526453.179054,0
CRO.V,D,20220109,000000,0.4579,0.4777,0.4483,0.4644,42867715.710315,0
CRO.V,D,20220110,000000,0.4648,0.4718,0.428657,0.4429,53393917.808013,0
CRO.V,D,20220111,000000,0.4429,0.465547,0.438756,0.458646,41566310.65993,0
CRO.V,D,20220112,000000,0.4584,0.495399,0.457746,0.486294,52117523.145587,0
CRO.V,D,20220113,000000,0.486394,0.493447,0.455482,0.457929,41500430.802895,0
CRO.V,D,20220114,000000,0.457583,0.469435,0.445378,0.458037,36885642.424706,0
CRO.V,D,20220115,000000,0.457883,0.47449,0.454582,0.467434,29275920.033152,0
CRO.V,D,20220116,000000,0.467534,0.472842,0.460284,0.463685,21231827.503334,0
CRO.V,D,20220117,000000,0.463485,0.465386,0.436475,0.441677,33964518.801314,0
CRO.V,D,20220118,000000,0.441577,0.452781,0.432973,0.445033,40239341.040813,0
CRO.V,D,20220119,000000,0.445178,0.448779,0.430172,0.436631,27240831.494029,0
CRO.V,D,20220120,000000,0.436431,0.475142,0.426585,0.442488,60240505.184833,0
CRO.V,D,20220121,000000,0.442689,0.443189,0.35187,0.357371,77818247.505642,0
CRO.V,D,20220122,000000,0.358172,0.371511,0.325198,0.336501,59973847.975499,0
CRO.V,D,20220123,000000,0.335667,0.369874,0.334867,0.369874,48764322.739943,0
CRO.V,D,20220124,000000,0.370074,0.382476,0.329299,0.369411,67607246.503712,0
CRO.V,D,20220125,000000,0.369474,0.398799,0.365573,0.390495,41122144.500069,0
CRO.V,D,20220126,000000,0.390612,0.429815,0.387032,0.391596,65613011.563114,0
CRO.V,D,20220127,000000,0.391435,0.411606,0.380628,0.394597,43696147.039491,0
CRO.V,D,20220128,000000,0.396398,0.424085,0.389178,0.418384,37167049.490807,0
CRO.V,D,20220129,000000,0.418384,0.441933,0.415683,0.43293,44218351.756982,0
CRO.V,D,20220130,000000,0.43253,0.441132,0.416767,0.421927,26008312.94417,0
CRO.V,D,20220131,000000,0.422069,0.431459,0.402461,0.429357,36788102.359155,0
CRO.V,D,20220201,000000,0.429415,0.438363,0.422611,0.436262,27886322.485608,0
CRO.V,D,20220202,000000,0.435918,0.438319,0.398399,0.406425,22203486.397215,0
CRO.V,D,20220203,000000,0.406265,0.407585,0.391256,0.399199,24878148.168828,0
CRO.V,D,20220204,000000,0.3993,0.43436,0.398559,0.429243,32678556.364912,0
CRO.V,D,20220205,000000,0.4293,0.461223,0.428242,0.451971,49004783.963699,0
CRO.V,D,20220206,000000,0.451971,0.46073,0.443922,0.45028,25706843.284879,0
CRO.V,D,20220207,000000,0.45008,0.504253,0.44968,0.50065,77573539.055574,0
CRO.V,D,20220208,000000,0.5007,0.518066,0.475032,0.487538,70065500.005411,0
CRO.V,D,20220209,000000,0.487538,0.52052,0.477834,0.515915,42909631.13826,0
CRO.V,D,20220210,000000,0.515915,0.543088,0.498699,0.521765,71473427.512835,0
CRO.V,D,20220211,000000,0.521665,0.524967,0.472342,0.473142,48124962.646104,0
CRO.V,D,20220212,000000,0.472842,0.497298,0.46814,0.487944,44847597.566933,0
CRO.V,D,20220213,000000,0.487944,0.520612,0.483542,0.514509,81860545.974696,0
CRO.V,D,20220214,000000,0.514509,0.515309,0.459776,0.472483,91552531.532944,0
CRO.V,D,20220215,000000,0.472036,0.502701,0.462477,0.493096,48082308.336175,0
CRO.V,D,20220216,000000,0.493145,0.497899,0.472984,0.480288,29656100.909385,0
CRO.V,D,20220217,000000,0.48044,0.483939,0.426656,0.433803,41759098.040714,0
CRO.V,D,20220218,000000,0.433803,0.45782,0.426899,0.43366,37279816.748178,0
CRO.V,D,20220219,000000,0.43366,0.45017,0.43326,0.436218,18676611.666859,0
CRO.V,D,20220220,000000,0.436061,0.440064,0.402061,0.408804,22715341.806025,0
CRO.V,D,20220221,000000,0.408804,0.421311,0.389695,0.393857,41095574.878539,0
CRO.V,D,20220222,000000,0.393597,0.401341,0.370611,0.399199,36121930.34895,0
CRO.V,D,20220223,000000,0.39984,0.420552,0.395737,0.404242,31896820.903809,0
CRO.V,D,20220224,000000,0.403942,0.409204,0.347173,0.387016,50574521.488967,0
CRO.V,D,20220225,000000,0.387755,0.42021,0.387616,0.418968,23168838.212754,0
CRO.V,D,20220226,000000,0.41951,0.427814,0.414407,0.415808,17250812.761198,0
CRO.V,D,20220227,000000,0.415066,0.421969,0.389695,0.396598,23007873.309934,0
CRO.V,D,20220228,000000,0.396559,0.446923,0.390795,0.437675,28243567.708456,0
CRO.V,D,20220301,000000,0.437118,0.45108,0.429572,0.438832,35171275.401556,0
CRO.V,D,20220302,000000,0.438331,0.453236,0.43353,0.44849,22354254.236279,0
CRO.V,D,20220303,000000,0.448334,0.450335,0.420584,0.431986,17146202.935228,0
CRO.V,D,20220304,000000,0.432086,0.432086,0.391578,0.395719,19283934.127111,0
CRO.V,D,20220305,000000,0.395719,0.409823,0.391278,0.409782,15273164.530623,0
CRO.V,D,20220306,000000,0.409823,0.411703,0.392578,0.39908,13545888.410796,0
CRO.V,D,20220307,000000,0.39892,0.40102,0.371874,0.380314,23086171.953856,0
CRO.V,D,20220308,000000,0.380714,0.393879,0.377013,0.387077,21584980.397285,0
CRO.V,D,20220309,000000,0.386777,0.417083,0.385777,0.406881,23322191.703015,0
CRO.V,D,20220310,000000,0.406981,0.410482,0.380776,0.389656,22487910.638147,0
CRO.V,D,20220311,000000,0.384454,0.397359,0.380576,0.382977,9861598.9134182,0
CRO.V,D,20220312,000000,0.382977,0.3919,0.381338,0.389939,8707619.3335084,0
CRO.V,D,20220313,000000,0.389739,0.390939,0.375213,0.376075,9496236.2962164,0
CRO.V,D,20220314,000000,0.37565,0.386977,0.372837,0.378876,14288638.431718,0
CRO.V,D,20220315,000000,0.379076,0.387978,0.372174,0.385015,15419186.801719,0
CRO.V,D,20220316,000000,0.385216,0.408523,0.381276,0.403821,27451588.093176,0
CRO.V,D,20220317,000000,0.403821,0.408623,0.39962,0.402161,12897234.059054,0
CRO.V,D,20220318,000000,0.402301,0.413907,0.391396,0.404762,14668504.731618,0
CRO.V,D,20220319,000000,0.404724,0.419368,0.404683,0.415766,11718202.403422,0
CRO.V,D,20220320,000000,0.415766,0.419068,0.403661,0.408563,8401899.1555025,0
CRO.V,D,20220321,000000,0.408763,0.412506,0.39946,0.406303,10269443.439022,0
CRO.V,D,20220322,000000,0.406162,0.424612,0.404102,0.41961,18862769.911909,0
CRO.V,D,20220323,000000,0.41981,0.432416,0.411506,0.432073,28467894.998223,0
CRO.V,D,20220324,000000,0.431916,0.450525,0.430672,0.449525,22218616.048754,0
CRO.V,D,20220325,000000,0.44948,0.469435,0.445523,0.455182,29544809.926963,0
CRO.V,D,20220326,000000,0.455382,0.460084,0.44938,0.456082,10381604.884138,0
CRO.V,D,20220327,000000,0.456382,0.484045,0.456128,0.482093,16287403.076585,0
CRO.V,D,20220328,000000,0.481945,0.502101,0.478844,0.489296,34399435.568384,0
CRO.V,D,20220329,000000,0.488844,0.497299,0.478143,0.481841,24466008.317211,0
CRO.V,D,20220330,000000,0.481441,0.482041,0.469988,0.472942,23100041.178803,0
CRO.V,D,20220331,000000,0.472695,0.486597,0.460692,0.463993,25274496.449459,0
CRO.V,D,20220401,000000,0.463839,0.482541,0.446889,0.480592,29859615.502313,0
CRO.V,D,20220402,000000,0.480544,0.490396,0.475042,0.481593,20801312.318854,0
CRO.V,D,20220403,000000,0.481344,0.486955,0.475443,0.482723,15779843.67294,0
CRO.V,D,20220404,000000,0.483413,0.487295,0.465693,0.480944,13848458.717167,0
CRO.V,D,20220405,000000,0.481096,0.487246,0.469794,0.472847,18344462.376386,0
CRO.V,D,20220406,000000,0.473195,0.474095,0.44,0.447545,18949452.835523,0
CRO.V,D,20220407,000000,0.447245,0.451545,0.436444,0.447245,13320605.657225,0
CRO.V,D,20220408,000000,0.446945,0.456583,0.440932,0.441176,15205583.936119,0
CRO.V,D,20220409,000000,0.441477,0.442433,0.433473,0.441888,9688654.3284914,0
CRO.V,D,20220410,000000,0.442333,0.453036,0.441688,0.446689,7272206.7983271,0
CRO.V,D,20220411,000000,0.446945,0.447289,0.40008,0.40028,16908681.428905,0
CRO.V,D,20220412,000000,0.40028,0.423085,0.39912,0.415925,13501092.814619,0
CRO.V,D,20220413,000000,0.415383,0.423185,0.407882,0.421526,10762558.865462,0
CRO.V,D,20220414,000000,0.421426,0.426428,0.408582,0.410882,9830815.4641807,0
CRO.V,D,20220415,000000,0.410982,0.415383,0.404381,0.406081,9614529.1908848,0
CRO.V,D,20220416,000000,0.406241,0.412182,0.405741,0.408782,4858769.8464785,0
CRO.V,D,20220417,000000,0.409451,0.413183,0.406021,0.412482,3372496.4721916,0
CRO.V,D,20220418,000000,0.412506,0.414083,0.390639,0.410282,18510604.196232,0
CRO.V,D,20220419,000000,0.410223,0.417984,0.406641,0.415183,9607888.2448862,0
CRO.V,D,20220420,000000,0.415083,0.425685,0.410182,0.417784,11296574.190637,0
CRO.V,D,20220421,000000,0.417784,0.427586,0.408141,0.409082,10592446.44435,0
CRO.V,D,20220422,000000,0.408982,0.414183,0.397479,0.40254,11079719.474236,0
CRO.V,D,20220423,000000,0.402581,0.410882,0.40108,0.408982,7437477.0563005,0
CRO.V,D,20220424,000000,0.409192,0.410852,0.39757,0.39929,7565627.3477888,0
CRO.V,D,20220425,000000,0.39977,0.403481,0.383638,0.40124,14611747.510841,0
CRO.V,D,20220426,000000,0.40158,0.405581,0.379438,0.3818,12879179.016409,0
CRO.V,D,20220427,000000,0.381738,0.390839,0.3765,0.389539,11966376.281789,0
CRO.V,D,20220428,000000,0.389539,0.393539,0.383158,0.389639,10567941.625367,0
CRO.V,D,20220429,000000,0.389569,0.391579,0.3658,0.368337,14202239.355311,0
CRO.V,D,20220430,000000,0.368637,0.372437,0.361436,0.361736,6464266.3572172,0
CRO.V,D,20220501,000000,0.3615,0.362836,0.2898,0.3075,107221234.04385,0
CRO.V,D,20220502,000000,0.3077,0.320522,0.266,0.27565,105089394.56856,0
CRO.V,D,20220503,000000,0.27565,0.30202,0.27427,0.288091,96162969.235661,0
CRO.V,D,20220504,000000,0.288131,0.31238,0.288131,0.31084,38458637.376959,0
CRO.V,D,20220505,000000,0.310848,0.313799,0.278144,0.285263,32868699.211721,0
CRO.V,D,20220506,000000,0.285571,0.286443,0.272845,0.280572,17778282.988197,0
CRO.V,D,20220507,000000,0.280972,0.281072,0.271946,0.271946,9279126.0849009,0
CRO.V,D,20220508,000000,0.2721,0.2739,0.254508,0.259172,16922333.079844,0
CRO.V,D,20220509,000000,0.258322,0.258322,0.210127,0.215977,36086450.008655,0
CRO.V,D,20220510,000000,0.215617,0.241712,0.204559,0.223431,51388732.805213,0
CRO.V,D,20220511,000000,0.223611,0.238235,0.187984,0.193143,69769636.912901,0
CRO.V,D,20220512,000000,0.195279,0.201432,0.161078,0.173009,59575080.343689,0
CRO.V,D,20220513,000000,0.173014,0.201958,0.171825,0.194139,43623183.077586,0
CRO.V,D,20220514,000000,0.176364,0.18534,0.174251,0.185122,4687647.4052636,0
CRO.V,D,20220515,000000,0.184741,0.203335,0.183424,0.202457,12343968.766559,0
CRO.V,D,20220516,000000,0.202557,0.206552,0.185721,0.195346,8045162.1946572,0
CRO.V,D,20220517,000000,0.195745,0.203176,0.192968,0.200839,14828123.630071,0
CRO.V,D,20220518,000000,0.201138,0.203835,0.183961,0.187256,14001544.507644,0
CRO.V,D,20220519,000000,0.187356,0.197422,0.182662,0.195504,11863432.833443,0
CRO.V,D,20220520,000000,0.195324,0.198641,0.181664,0.186857,19149297.598868,0
CRO.V,D,20220521,000000,0.186957,0.191551,0.183062,0.188654,16758770.681925,0
CRO.V,D,20220522,000000,0.188654,0.194527,0.187068,0.192708,10632949.005898,0
CRO.V,D,20220523,000000,0.192863,0.201794,0.188036,0.188256,19908437.514314,0
CRO.V,D,20220524,000000,0.187997,0.188803,0.180166,0.18872,12145384.519232,0
CRO.V,D,20220525,000000,0.189047,0.193575,0.182888,0.184711,11901141.672341,0
CRO.V,D,20220526,000000,0.184945,0.186261,0.163344,0.172555,22695234.080594,0
CRO.V,D,20220527,000000,0.17258,0.174296,0.164086,0.168795,16902129.087078,0
CRO.V,D,20220528,000000,0.168628,0.172374,0.166798,0.171389,8791757.0246457,0
CRO.V,D,20220529,000000,0.171386,0.17598,0.167511,0.17235,9338250.1249151,0
CRO.V,D,20220530,000000,0.172367,0.191587,0.171778,0.188711,18029738.594216,0
CRO.V,D,20220531,000000,0.188596,0.191841,0.183793,0.188159,14399447.776184,0
CRO.V,D,20220601,000000,0.188444,0.192065,0.175257,0.176891,12986224.580567,0
CRO.V,D,20220602,000000,0.176829,0.183894,0.176513,0.183355,9785897.8281375,0
CRO.V,D,20220603,000000,0.183515,0.185707,0.174774,0.179674,13666211.572334,0
CRO.V,D,20220604,000000,0.179733,0.180133,0.174725,0.179012,12749346.190301,0
CRO.V,D,20220605,000000,0.179004,0.180894,0.174854,0.178978,17076990.514651,0
CRO.V,D,20220606,000000,0.179219,0.186689,0.178185,0.182818,23037523.967989,0
CRO.V,D,20220607,000000,0.182495,0.182754,0.1704,0.1809,52116654.503079,0
CRO.V,D,20220608,000000,0.1809,0.1812,0.173,0.177644,51820464.882097,0
CRO.V,D,20220609,000000,0.177498,0.17854,0.174485,0.175208,25311486.547655,0
CRO.V,D,20220610,000000,0.17509,0.175362,0.163626,0.166586,74991908.092143,0
CRO.V,D,20220611,000000,0.166686,0.167424,0.149812,0.154024,32581397.668989,0
CRO.V,D,20220612,000000,0.154024,0.154727,0.140002,0.145321,33032436.149817,0
CRO.V,D,20220613,000000,0.145021,0.145021,0.114828,0.1202,284552994.6378,0
CRO.V,D,20220614,000000,0.1202,0.1214,0.1075,0.1145,468580302.29967,0
CRO.V,D,20220615,000000,0.1153,0.121366,0.104541,0.120249,310702847.29374,0
CRO.V,D,20220616,000000,0.120775,0.12145,0.10933,0.110826,105722106.46878,0
CRO.V,D,20220617,000000,0.107153,0.146191,0.107151,0.114842,216053892.49344,0
CRO.V,D,20220618,000000,0.114672,0.115573,0.098371,0.103492,220089580.17373,0
CRO.V,D,20220619,000000,0.103491,0.116,0.099968,0.11385,175241038.92496,0
CRO.V,D,20220620,000000,0.11375,0.1171,0.10935,0.1134,39052000.536491,0
CRO.V,D,20220621,000000,0.113405,0.121171,0.111816,0.116861,45743148.538071,0
CRO.V,D,20220622,000000,0.1168,0.118252,0.111647,0.114545,66431129.674644,0
CRO.V,D,20220623,000000,0.114695,0.121518,0.113736,0.118991,34260926.78295,0
CRO.V,D,20220624,000000,0.119131,0.126993,0.119131,0.126981,185251163.56435,0
CRO.V,D,20220625,000000,0.126823,0.129608,0.122829,0.12861,63886122.246254,0
CRO.V,D,20220626,000000,0.12846,0.13297,0.125826,0.1282,75504688.914212,0
CRO.V,D,20220627,000000,0.128192,0.128488,0.122455,0.124719,24279793.243981,0
CRO.V,D,20220628,000000,0.125209,0.127535,0.120357,0.121509,23630204.019829,0
CRO.V,D,20220629,000000,0.121649,0.121649,0.11506,0.118267,67639142.329532,0
CRO.V,D,20220630,000000,0.118268,0.118633,0.108811,0.110575,71410881.103806,0
CRO.V,D,20220701,000000,0.1098,0.118525,0.109325,0.113625,72427413.223523,0
CRO.V,D,20220702,000000,0.1133,0.114,0.1104,0.11335,56929247.850042,0
CRO.V,D,20220703,000000,0.113304,0.114551,0.110366,0.112933,48338399.023187,0
CRO.V,D,20220704,000000,0.113362,0.117747,0.110526,0.11662,20211979.859807,0
CRO.V,D,20220705,000000,0.11626,0.118957,0.111377,0.116472,28646314.751198,0
CRO.V,D,20220706,000000,0.116672,0.118769,0.114174,0.11767,27052349.078271,0
CRO.V,D,20220707,000000,0.11767,0.124413,0.116372,0.123526,21560719.99835,0
CRO.V,D,20220708,000000,0.123226,0.127511,0.119516,0.122926,31984420.076623,0
CRO.V,D,20220709,000000,0.122926,0.125525,0.121527,0.124725,13604567.060433,0
CRO.V,D,20220710,000000,0.124513,0.125025,0.117318,0.119328,13954828.190092,0
CRO.V,D,20220711,000000,0.119228,0.119518,0.115334,0.115495,39536631.255455,0
CRO.V,D,20220712,000000,0.115469,0.115469,0.110102,0.110915,48949010.554405,0
CRO.V,D,20220713,000000,0.110919,0.114382,0.10703,0.113158,267490558.69338,0
CRO.V,D,20220714,000000,0.113158,0.119461,0.112583,0.118604,215210074.00224,0
CRO.V,D,20220715,000000,0.118584,0.122248,0.11756,0.12139,108438528.36604,0
CRO.V,D,20220716,000000,0.121363,0.124416,0.116897,0.121375,130195163.87385,0
CRO.V,D,20220717,000000,0.121405,0.124828,0.120777,0.122146,94039862.18413,0
CRO.V,D,20220718,000000,0.121475,0.131469,0.12061,0.125819,156135699.23595,0
CRO.V,D,20220719,000000,0.125809,0.137687,0.125809,0.137658,225204986.21041,0
CRO.V,D,20220720,000000,0.137636,0.140156,0.131371,0.132766,205890166.25417,0
CRO.V,D,20220721,000000,0.132766,0.135167,0.128178,0.134224,179000173.12829,0
CRO.V,D,20220722,000000,0.134725,0.138084,0.129993,0.130616,126555083.91863,0
CRO.V,D,20220723,000000,0.130572,0.133299,0.12362,0.124842,179390846.15615,0
CRO.V,D,20220724,000000,0.12483,0.129698,0.124794,0.129225,154547809.511,0
CRO.V,D,20220725,000000,0.129226,0.130211,0.121854,0.124384,124195339.9655,0
CRO.V,D,20220726,000000,0.12476,0.125108,0.116336,0.117726,138976945.82493,0
CRO.V,D,20220727,000000,0.117708,0.129934,0.117397,0.129295,209834656.06541,0
CRO.V,D,20220728,000000,0.129295,0.137616,0.129058,0.136611,176661884.27758,0
CRO.V,D,20220729,000000,0.136611,0.137597,0.133285,0.136628,178780926.24162,0
CRO.V,D,20220730,000000,0.136573,0.142905,0.136306,0.139176,166176643.12963,0
CRO.V,D,20220731,000000,0.139176,0.141928,0.137149,0.14034,159062817.01965,0
CRO.V,D,20220801,000000,0.14034,0.141234,0.136887,0.137562,189636377.34478,0
CRO.V,D,20220802,000000,0.137834,0.158947,0.136084,0.156059,580129529.27193,0
CRO.V,D,20220803,000000,0.156063,0.16094,0.147111,0.147333,465610959.24915,0
CRO.V,D,20220804,000000,0.147684,0.147697,0.140489,0.141241,248025123.62184,0
CRO.V,D,20220805,000000,0.141148,0.146361,0.140734,0.145212,186670880.9067,0
CRO.V,D,20220806,000000,0.145189,0.146902,0.144514,0.145584,101949080.95372,0
CRO.V,D,20220807,000000,0.145609,0.148563,0.143643,0.148204,107564596.53094,0
CRO.V,D,20220808,000000,0.148446,0.152409,0.146061,0.150547,142657146.92842,0
CRO.V,D,20220809,000000,0.150444,0.151899,0.143273,0.144714,149143894.43044,0
CRO.V,D,20220810,000000,0.144714,0.151816,0.14236,0.15027,124910679.35912,0
CRO.V,D,20220811,000000,0.15027,0.154895,0.150143,0.151418,145733684.82615,0
CRO.V,D,20220812,000000,0.151418,0.154373,0.149881,0.154161,156757530.48433,0
CRO.V,D,20220813,000000,0.154159,0.156501,0.153523,0.153815,239465807.47293,0
CRO.V,D,20220814,000000,0.153815,0.157513,0.151178,0.151798,135531053.67469,0
CRO.V,D,20220815,000000,0.152028,0.156798,0.149089,0.152109,156403493.0109,0
CRO.V,D,20220816,000000,0.151769,0.152462,0.148439,0.15015,162260141.73519,0
CRO.V,D,20220817,000000,0.150154,0.154373,0.1431,0.144514,226069190.52193,0
CRO.V,D,20220818,000000,0.144903,0.144909,0.142132,0.143273,161661045.4458,0
CRO.V,D,20220819,000000,0.143299,0.143465,0.12344,0.123489,210475512.03576,0
CRO.V,D,20220820,000000,0.125369,0.126261,0.121682,0.12173,190586006.28255,0
CRO.V,D,20220821,000000,0.121725,0.128987,0.121702,0.128188,142025497.93891,0
CRO.V,D,20220822,000000,0.128188,0.12836,0.121882,0.126173,218189313.02757,0
CRO.V,D,20220823,000000,0.126175,0.129091,0.125012,0.128893,183120193.62003,0
CRO.V,D,20220824,000000,0.128888,0.130899,0.126205,0.130614,136245175.33306,0
CRO.V,D,20220825,000000,0.13081,0.133,0.128709,0.131767,179679077.77111,0
CRO.V,D,20220826,000000,0.131763,0.131864,0.122438,0.12342,141891671.64911,0
CRO.V,D,20220827,000000,0.123447,0.123448,0.118906,0.119912,173744083.09651,0
CRO.V,D,20220828,000000,0.120051,0.122167,0.119468,0.121617,195714566.56095,0
CRO.V,D,20220829,000000,0.121554,0.122927,0.117237,0.121922,169831017.92147,0
CRO.V,D,20220830,000000,0.121923,0.125888,0.118626,0.122318,149576092.35592,0
CRO.V,D,20220831,000000,0.122317,0.124601,0.121137,0.123534,181492364.16056,0
CRO.V,D,20220901,000000,0.123534,0.123534,0.117111,0.121402,131638754.66017,0
CRO.V,D,20220902,000000,0.121164,0.123002,0.11911,0.11953,143280640.58057,0
CRO.V,D,20220903,000000,0.119531,0.120008,0.118116,0.118727,125706601.16537,0
CRO.V,D,20220904,000000,0.118661,0.119392,0.115475,0.119008,144212652.07776,0
CRO.V,D,20220905,000000,0.119008,0.120351,0.118161,0.119326,186953650.96749,0
CRO.V,D,20220906,000000,0.119326,0.122792,0.112856,0.113881,143219311.5003,0
CRO.V,D,20220907,000000,0.113827,0.114504,0.109334,0.113647,145300726.2625,0
CRO.V,D,20220908,000000,0.113639,0.115752,0.111333,0.115393,163575248.51792,0
CRO.V,D,20220909,000000,0.115224,0.121855,0.114968,0.120751,158901667.08225,0
CRO.V,D,20220910,000000,0.120735,0.124569,0.119665,0.124526,161938519.01679,0
CRO.V,D,20220911,000000,0.124528,0.12515,0.121463,0.12273,127570740.67424,0
CRO.V,D,20220912,000000,0.12273,0.125006,0.121299,0.121331,136522028.45628,0
CRO.V,D,20220913,000000,0.121343,0.122146,0.110406,0.110566,189870855.79946,0
CRO.V,D,20220914,000000,0.110575,0.1117,0.108116,0.109882,227748026.20061,0
CRO.V,D,20220915,000000,0.109875,0.112042,0.105689,0.107074,330866278.92247,0
CRO.V,D,20220916,000000,0.107077,0.107515,0.103844,0.106108,242145680.44826,0
CRO.V,D,20220917,000000,0.10612,0.110564,0.105485,0.109626,300406070.79236,0
CRO.V,D,20220918,000000,0.109626,0.110843,0.102867,0.10287,260090157.50095,0
CRO.V,D,20220919,000000,0.102872,0.105197,0.100392,0.104275,346570693.68922,0
CRO.V,D,20220920,000000,0.104264,0.105722,0.102669,0.104564,308207899.02097,0
CRO.V,D,20220921,000000,0.104547,0.105688,0.100592,0.100743,234232209.38326,0
CRO.V,D,20220922,000000,0.100742,0.107866,0.099516,0.107653,235909893.75475,0
CRO.V,D,20220923,000000,0.107641,0.123217,0.106635,0.120843,623018307.59846,0
CRO.V,D,20220924,000000,0.120836,0.125472,0.117848,0.118347,365477720.10627,0
CRO.V,D,20220925,000000,0.118338,0.119291,0.115125,0.115558,338795624.02455,0
CRO.V,D,20220926,000000,0.115563,0.116179,0.110905,0.11457,273842655.22,0
CRO.V,D,20220927,000000,0.114773,0.118121,0.109937,0.109942,333325509.60089,0
CRO.V,D,20220928,000000,0.109942,0.114092,0.107847,0.112853,257997092.87574,0
CRO.V,D,20220929,000000,0.112972,0.11329,0.108307,0.110634,259744501.87243,0
CRO.V,D,20220930,000000,0.110623,0.11268,0.109257,0.109299,311327114.72222,0
CRO.V,D,20221001,000000,0.109643,0.111605,0.108879,0.110858,283069878.10817,0
CRO.V,D,20221002,000000,0.110693,0.111696,0.109969,0.111228,235076242.15129,0
CRO.V,D,20221003,000000,0.111283,0.111478,0.107992,0.109697,261158740.21931,0
CRO.V,D,20221004,000000,0.109762,0.111925,0.109099,0.111386,171143767.6116,0
CRO.V,D,20221005,000000,0.111298,0.111803,0.108622,0.109786,199427599.39919,0
CRO.V,D,20221006,000000,0.109786,0.111295,0.109486,0.109801,249052739.09634,0
CRO.V,D,20221007,000000,0.109801,0.10981,0.106352,0.107212,286727108.8585,0
CRO.V,D,20221008,000000,0.107199,0.108229,0.106914,0.10708,214141301.72145,0
CRO.V,D,20221009,000000,0.10708,0.107802,0.106389,0.106898,130062379.23827,0
CRO.V,D,20221010,000000,0.106855,0.107994,0.10493,0.105429,298452580.69235,0
CRO.V,D,20221011,000000,0.105438,0.105469,0.100621,0.102427,317486063.94793,0
CRO.V,D,20221012,000000,0.102428,0.103056,0.10168,0.102042,189191719.37078,0
CRO.V,D,20221013,000000,0.102039,0.104209,0.09609,0.104103,285415422.95459,0
CRO.V,D,20221014,000000,0.104126,0.106585,0.102573,0.102621,379769271.96737,0
CRO.V,D,20221015,000000,0.10262,0.105218,0.102552,0.104021,694773445.41704,0
CRO.V,D,20221016,000000,0.104016,0.105333,0.103406,0.105038,353169078.18087,0
CRO.V,D,20221017,000000,0.105039,0.110465,0.103582,0.109987,486844888.28097,0
CRO.V,D,20221018,000000,0.109985,0.110445,0.106835,0.108539,458310463.32928,0
CRO.V,D,20221019,000000,0.108546,0.10891,0.105846,0.107017,514572946.37499,0
CRO.V,D,20221020,000000,0.106995,0.107185,0.102836,0.102837,508078896.77138,0
CRO.V,D,20221021,000000,0.10284,0.106157,0.101219,0.105623,460417069.66582,0
CRO.V,D,20221022,000000,0.105553,0.106662,0.10506,0.105671,458865366.23183,0
CRO.V,D,20221023,000000,0.10511,0.107043,0.104467,0.106909,615284357.72054,0
CRO.V,D,20221024,000000,0.106887,0.107794,0.10407,0.105578,423375169.62958,0
CRO.V,D,20221025,000000,0.105717,0.111204,0.105134,0.107415,444538155.18673,0
CRO.V,D,20221026,000000,0.107872,0.114256,0.107649,0.112124,588421862.40101,0
CRO.V,D,20221027,000000,0.112124,0.114179,0.109526,0.109995,663304367.79108,0
CRO.V,D,20221028,000000,0.10996,0.112655,0.108889,0.112321,451982384.02154,0
CRO.V,D,20221029,000000,0.11232,0.114283,0.111419,0.111666,714088645.78629,0
CRO.V,D,20221030,000000,0.111667,0.117384,0.110115,0.113937,590799540.10164,0
CRO.V,D,20221031,000000,0.113942,0.117241,0.112561,0.113433,545289865.06149,0
CRO.V,D,20221101,000000,0.113435,0.11489,0.111434,0.112271,355888624.90592,0
CRO.V,D,20221102,000000,0.112093,0.11219,0.10662,0.109033,384372103.57657,0
CRO.V,D,20221103,000000,0.109034,0.111794,0.108741,0.111115,334950903.11344,0
CRO.V,D,20221104,000000,0.111115,0.117348,0.109892,0.117157,337472230.88966,0
CRO.V,D,20221105,000000,0.117156,0.123411,0.116446,0.121214,408569568.10652477,0
CRO.V,D,20221106,000000,0.121123,0.126446,0.118383,0.121529,536901815.7493936,0
CRO.V,D,20221107,000000,0.11826,0.127375,0.117641,0.121706,424418999.0917277,0
CRO.V,D,20221108,000000,0.121744,0.127018,0.090432,0.101216,561744676.857161,0
CRO.V,D,20221109,000000,0.10122,0.10367,0.08087,0.083083,502904487.18678266,0
CRO.V,D,20221110,000000,0.08275,0.104688,0.079731,0.096128,417153542.83281714,0
CRO.V,D,20221111,000000,0.096208,0.111216,0.083186,0.08559,337523174.8832553,0
CRO.V,D,20221112,000000,0.085554,0.087372,0.076865,0.080346,489575157.696907,0
CRO.V,D,20221113,000000,0.080256,0.080348,0.057484,0.061771,1007285392.058618,0
CRO.V,D,20221114,000000,0.062031,0.07521,0.055126,0.06742,875634792.3924874,0
CRO.V,D,20221115,000000,0.067721,0.075523,0.067721,0.073381,641588201.8663895,0
CRO.V,D,20221116,000000,0.073366,0.074936,0.0673598,0.0687727,535931852.0408849,0
CRO.V,D,20221117,000000,0.0687747,0.0718793,0.0677965,0.0700799,539773318.7987202,0
CRO.V,D,20221118,000000,0.0700763,0.0719534,0.0696438,0.0719522,438627162.34796244,0
CRO.V,D,20221119,000000,0.0719452,0.0724536,0.0694374,0.0708985,420900360.3451584,0
CRO.V,D,20221120,000000,0.0708991,0.0711552,0.063548,0.0635493,481339375.78080004,0
CRO.V,D,20221121,000000,0.0637992,0.0655324,0.0630726,0.0637704,452101456.62672174,0
CRO.V,D,20221122,000000,0.0637704,0.0653721,0.062174,0.0641237,391391565.76217806,0
CRO.V,D,20221123,000000,0.0641227,0.0669543,0.0641172,0.0668863,320327550.51818854,0
CRO.V,D,20221124,000000,0.0668833,0.0680392,0.0649667,0.0651446,304396693.76067615,0
CRO.V,D,20221125,000000,0.0651366,0.0658958,0.0630159,0.0653354,262555683.50151443,0
CRO.V,D,20221126,000000,0.0653507,0.0658612,0.0645039,0.0648877,282165322.0077512,0
CRO.V,D,20221127,000000,0.0648887,0.0648903,0.0643077,0.0647182,333003969.5740225,0
CRO.V,D,20221128,000000,0.0647341,0.064746,0.06129,0.0633429,256321626.16050872,0
CRO.V,D,20221129,000000,0.063424,0.0646191,0.0628937,0.0634945,207763130.58913457,0
CRO.V,D,20221130,000000,0.0634875,0.0652989,0.0634295,0.0647929,389322351.6241795,0
CRO.V,D,20221201,000000,0.0647799,0.0657886,0.0647522,0.0654729,279055134.9409922,0
CRO.V,D,20221202,000000,0.0654729,0.0654729,0.0642582,0.0645459,318484172.3676392,0
CRO.V,D,20221203,000000,0.0645399,0.0651645,0.0637254,0.0637254,356362528.76437414,0
CRO.V,D,20221204,000000,0.0637304,0.064775,0.0636574,0.0647385,300658195.1474525,0
CRO.V,D,20221205,000000,0.0647385,0.0742443,0.0646715,0.0685341,718897296.9200569,0
CRO.V,D,20221206,000000,0.0685429,0.0688664,0.0655897,0.0660007,376086408.3399959,0
CRO.V,D,20221207,000000,0.065999,0.0695556,0.0634458,0.063725,407302307.3805876,0
CRO.V,D,20221208,000000,0.063734,0.0646957,0.062834,0.0643555,259766091.9253423,0
CRO.V,D,20221209,000000,0.0643561,0.0645535,0.0636065,0.0636069,258742969.77981392,0
CRO.V,D,20221210,000000,0.0638536,0.0653427,0.063604,0.0642267,434249538.723203,0
CRO.V,D,20221211,000000,0.0643007,0.064426,0.0635136,0.0638608,254055388.10785955,0
CRO.V,D,20221212,000000,0.0638628,0.0638628,0.0613184,0.061944,369078850.2332044,0
CRO.V,D,20221213,000000,0.0621422,0.0631765,0.0606922,0.0619505,407444160.9569527,0
CRO.V,D,20221214,000000,0.0619511,0.0633644,0.061743,0.0618503,297250740.4833767,0
CRO.V,D,20221215,000000,0.0618843,0.0621414,0.0607301,0.0609532,398594961.1472802,0
CRO.V,D,20221216,000000,0.0609532,0.0628323,0.0555326,0.0561156,452646808.5835681,0
CRO.V,D,20221217,000000,0.0561092,0.0565075,0.0550338,0.0558403,357996370.38481116,0
CRO.V,D,20221218,000000,0.0558403,0.0561012,0.055634,0.0560483,74028045.96799248,0
CRO.V,D,20221219,000000,0.0559194,0.0569526,0.0552161,0.0559319,316516086.83290887,0
CRO.V,D,20221220,000000,0.0559314,0.0566007,0.0550626,0.0565158,385700153.96150506,0
CRO.V,D,20221221,000000,0.0565328,0.0585413,0.0565323,0.0567328,375876203.855909,0
CRO.V,D,20221222,000000,0.0567328,0.0579767,0.056608,0.0568543,324164175.7278616,0
CRO.V,D,20221223,000000,0.0568543,0.0590533,0.0568543,0.0584446,425576562.1614241,0
CRO.V,D,20221224,000000,0.0584622,0.060377,0.0584254,0.0602518,449442493.49976224,0
CRO.V,D,20221225,000000,0.0602408,0.0606412,0.058917,0.0592943,284668911.64633554,0
CRO.V,D,20221226,000000,0.0592849,0.059861,0.0588022,0.0588186,278573692.6685907,0
CRO.V,D,20221227,000000,0.0588262,0.060144,0.0581653,0.0582967,307921889.56476,0
CRO.V,D,20221228,000000,0.0583083,0.0594438,0.0574043,0.057456,371695886.9419116,0
CRO.V,D,20221229,000000,0.0574634,0.0577855,0.0571911,0.0576311,390219656.3277156,0
CRO.V,D,20221230,000000,0.0576271,0.0582422,0.0561003,0.0562393,361220390.16924006,0
CRO.V,D,20221231,000000,0.0562443,0.0562684,0.055655,0.0561019,428314211.8560596,0
CRO.V,D,20230101,000000,0.0561019,0.0569535,0.0557474,0.0568209,348492673.75270927,0
CRO.V,D,20230102,000000,0.0568228,0.0577359,0.0564763,0.0574092,367215707.0755484,0
CRO.V,D,20230103,000000,0.0574075,0.058146,0.0570417,0.0571373,312818618.01911503,0
CRO.V,D,20230104,000000,0.0570437,0.0596021,0.0569481,0.0591925,345567039.48477197,0
CRO.V,D,20230105,000000,0.0591925,0.0596655,0.0587513,0.0590657,304876360.87232536,0
CRO.V,D,20230106,000000,0.0590663,0.0605436,0.0587165,0.0605412,373053685.5170388,0
CRO.V,D,20230107,000000,0.060537,0.0621351,0.0602883,0.0617362,296589833.19107306,0
CRO.V,D,20230108,000000,0.0617372,0.0628373,0.0607379,0.0612996,329632936.5195522,0
CRO.V,D,20230109,000000,0.0612947,0.0641811,0.0612947,0.0631564,324021511.2054504,0
CRO.V,D,20230110,000000,0.063152,0.063949,0.062937,0.0637059,273553959.2954562,0
CRO.V,D,20230111,000000,0.0637576,0.064445,0.0631952,0.0640482,177477254.89512745,0
CRO.V,D,20230112,000000,0.0640515,0.0675104,0.0640042,0.066659,242593142.95571512,0
CRO.V,D,20230113,000000,0.0666597,0.072131,0.066247,0.0719112,410914971.3713246,0
CRO.V,D,20230114,000000,0.0718725,0.0778247,0.0710698,0.0754488,489708192.81331885,0
CRO.V,D,20230115,000000,0.0754398,0.0763517,0.073379,0.0735401,426651353.0465037,0
CRO.V,D,20230116,000000,0.0735501,0.0848292,0.073484,0.0809316,577635170.4078126,0
CRO.V,D,20230117,000000,0.0809308,0.0818452,0.0779644,0.0792187,487965578.38955075,0
CRO.V,D,20230118,000000,0.0792419,0.0793371,0.0713437,0.0718354,344689502.5645462,0
CRO.V,D,20230119,000000,0.0718347,0.0735235,0.0706576,0.0733331,329888483.11200625,0
CRO.V,D,20230120,000000,0.0732641,0.0783319,0.0730625,0.0782883,254220649.42140064,0
CRO.V,D,20230121,000000,0.0782881,0.0793118,0.0772097,0.0781596,390160056.6776552,0
CRO.V,D,20230122,000000,0.0781488,0.0792017,0.0763883,0.0769306,364325138.05190134,0
CRO.V,D,20230123,000000,0.0768944,0.0797392,0.0768686,0.0794219,303479743.5182511,0
CRO.V,D,20230124,000000,0.0794051,0.0828551,0.0793579,0.0795016,402748531.33205503,0
CRO.V,D,20230125,000000,0.0795084,0.0830379,0.0767062,0.0821351,441940816.75353295,0
CRO.V,D,20230126,000000,0.082136,0.082143,0.080214,0.0807015,232258984.6653756,0
CRO.V,D,20230127,000000,0.0806535,0.0817096,0.0782774,0.0811638,357992012.85195935,0
CRO.V,D,20230128,000000,0.0811548,0.0819488,0.0802595,0.0803031,336331482.87559223,0
CRO.V,D,20230129,000000,0.0803031,0.0825423,0.0803031,0.0821898,321293194.742148,0
CRO.V,D,20230130,000000,0.0821883,0.0825084,0.076746,0.0770524,246147982.43113962,0
CRO.V,D,20230131,000000,0.0770476,0.0793762,0.0768468,0.0789321,326495812.1090813,0
CRO.V,D,20230201,000000,0.0789297,0.080077,0.0765991,0.0799498,390324197.48024106,0
CRO.V,D,20230202,000000,0.079949,0.0823111,0.0796698,0.0805585,295622707.36956084,0
CRO.V,D,20230203,000000,0.0799868,0.0812912,0.079717,0.0807125,209208899.8785744,0
CRO.V,D,20230204,000000,0.0807213,0.0843324,0.0807135,0.0843086,265947659.25853398,0
CRO.V,D,20230205,000000,0.0843077,0.0844326,0.0803995,0.0804891,162937038.4397388,0
CRO.V,D,20230206,000000,0.0804771,0.0814214,0.0799054,0.0803912,135554606.43741062,0
CRO.V,D,20230207,000000,0.0803912,0.0830443,0.0795908,0.083039,198539432.76926664,0
CRO.V,D,20230208,000000,0.0830548,0.0853233,0.0823122,0.0836269,165397262.02122578,0
CRO.V,D,20230209,000000,0.0836277,0.0840743,0.0760836,0.0760908,152878148.15118554,0
CRO.V,D,20230210,000000,0.0760896,0.0774876,0.0755431,0.0756651,164690454.85183766,0
CRO.V,D,20230211,000000,0.075724,0.0767237,0.0756303,0.0764856,107429457.61594106,0
CRO.V,D,20230212,000000,0.0765407,0.077692,0.0756853,0.0756861,177087500.39923993,0
CRO.V,D,20230213,000000,0.0756876,0.0762587,0.072266,0.0730254,131343287.79862778,0
CRO.V,D,20230214,000000,0.0730361,0.0757568,0.0725959,0.0757568,70037734.23713861,0
CRO.V,D,20230215,000000,0.0757583,0.0812068,0.0750037,0.0809488,63971676.76266593,0
CRO.V,D,20230216,000000,0.0812206,0.0821218,0.0777306,0.0777944,82877181.3045119,0
CRO.V,D,20230217,000000,0.0776114,0.080932,0.0761494,0.0788189,80695232.61170743,0
CRO.V,D,20230218,000000,0.0788189,0.0806651,0.0788189,0.0794245,89989915.55477467,0
CRO.V,D,20230219,000000,0.0794237,0.0812264,0.0788143,0.0791422,80830531.45594902,0
CRO.V,D,20230220,000000,0.0791422,0.084017,0.0788897,0.0839125,91607595.95336089,0
CRO.V,D,20230221,000000,0.0839134,0.0940388,0.0835084,0.0852205,161944962.71013212,0
CRO.V,D,20230222,000000,0.0851143,0.0867075,0.081614,0.0823388,93045539.86217834,0
CRO.V,D,20230223,000000,0.0823372,0.0850257,0.0819894,0.0827079,66709965.53547765,0
CRO.V,D,20230224,000000,0.0827112,0.0836727,0.0793163,0.0796284,83679617.3445704,0
CRO.V,D,20230225,000000,0.0797892,0.0801058,0.077844,0.0780775,85568709.07113846,0
CRO.V,D,20230226,000000,0.0780775,0.0808743,0.0780767,0.0807063,84935216.7523514,0
CRO.V,D,20230227,000000,0.080703,0.0813404,0.0789633,0.079664,110331116.72437717,0
CRO.V,D,20230228,000000,0.079694,0.0804122,0.0781152,0.0781573,86650047.92699857,0
CRO.V,D,20230301,000000,0.0781596,0.0803934,0.0780074,0.0794963,90600945.96745268,0
CRO.V,D,20230302,000000,0.0794985,0.0800016,0.0758582,0.0766021,115179887.17402291,0
CRO.V,D,20230303,000000,0.0766938,0.0770894,0.071328,0.0725091,91233599.79407705,0
CRO.V,D,20230304,000000,0.0725091,0.0734813,0.0722362,0.0723578,77892666.01492083,0
CRO.V,D,20230305,000000,0.0723578,0.0738727,0.0722298,0.0732921,62998604.8691138,0
CRO.V,D,20230306,000000,0.0731068,0.0734404,0.0717287,0.0722507,78546263.10597725,0
CRO.V,D,20230307,000000,0.0722226,0.072565,0.0699026,0.0701565,108671327.16997482,0
CRO.V,D,20230308,000000,0.0702072,0.0705581,0.0674583,0.0674783,118256827.15279506,0
CRO.V,D,20230309,000000,0.0676179,0.0676181,0.0621087,0.0625166,222656684.2782256,0
CRO.V,D,20230310,000000,0.0625216,0.0628718,0.0599508,0.0621706,175049047.71085384,0
CRO.V,D,20230311,000000,0.0619315,0.0657574,0.0619315,0.0643333,217469773.67005578,0
CRO.V,D,20230312,000000,0.0643033,0.0680255,0.063943,0.0677031,145095461.37170672,0
CRO.V,D,20230313,000000,0.0677031,0.0723104,0.0665306,0.0715634,238461142.89456972,0
CRO.V,D,20230314,000000,0.0715527,0.0763052,0.0710252,0.0724024,192743992.98399708,0
CRO.V,D,20230315,000000,0.0724656,0.0736644,0.0679475,0.0694134,160100056.5758167,0
CRO.V,D,20230316,000000,0.0693895,0.0706956,0.0683196,0.0695004,160220309.73306188,0
CRO.V,D,20230317,000000,0.0695039,0.0739916,0.0695025,0.0733818,209570162.37566367,0
CRO.V,D,20230318,000000,0.0733436,0.0740511,0.0710543,0.072092,160043450.94249967,0
CRO.V,D,20230319,000000,0.0721067,0.0728423,0.0706776,0.0718513,189883537.66238058,0
CRO.V,D,20230320,000000,0.0717929,0.0755977,0.0712139,0.0715372,222436202.39740944,0
CRO.V,D,20230321,000000,0.0715372,0.0717366,0.0686743,0.0711683,212894113.30718994,0
CRO.V,D,20230322,000000,0.071169,0.0723539,0.0674398,0.068077,221295562.49731663,0
CRO.V,D,20230323,000000,0.0680818,0.0708509,0.0679758,0.0698296,225825215.05517763,0
CRO.V,D,20230324,000000,0.0699285,0.0706098,0.0676704,0.0681091,235093678.29909432,0
CRO.V,D,20230325,000000,0.0681145,0.069017,0.0677405,0.0680259,225236672.23084876,0
CRO.V,D,20230326,000000,0.0680252,0.0698366,0.0680053,0.0689158,171423836.96151704,0
CRO.V,D,20230327,000000,0.0689337,0.0691349,0.0660598,0.0662001,214877628.99171257,0
CRO.V,D,20230328,000000,0.0661381,0.0674332,0.0658558,0.0672455,250508634.87992233,0
CRO.V,D,20230329,000000,0.0672262,0.0696389,0.0668681,0.0691724,266133573.10330832,0
CRO.V,D,20230330,000000,0.0691857,0.0702019,0.0677468,0.0678663,210660023.16138628,0
CRO.V,D,20230331,000000,0.0680554,0.0694388,0.0673845,0.0687177,204098103.8858504,0
CRO.V,D,20230401,000000,0.0687184,0.0697644,0.0686274,0.0688418,245355368.96056077,0
CRO.V,D,20230402,000000,0.0688905,0.0700607,0.0670018,0.0673104,222870543.49779725,0
CRO.V,D,20230403,000000,0.0672927,0.0688951,0.0664116,0.0664199,297001205.5184851,0
CRO.V,D,20230404,000000,0.0664206,0.0686414,0.0664206,0.0685723,225759821.88556564,0
CRO.V,D,20230405,000000,0.0685463,0.0697237,0.0681656,0.0689788,261482165.4510839,0
CRO.V,D,20230406,000000,0.0689558,0.0707822,0.068658,0.0691892,215837091.57928053,0
CRO.V,D,20230407,000000,0.0691549,0.0695899,0.0676089,0.0677007,189902527.30001074,0
CRO.V,D,20230408,000000,0.0676861,0.0691139,0.0675933,0.0686905,182361983.66584033,0
CRO.V,D,20230409,000000,0.0686898,0.0687582,0.0673237,0.0677654,221693392.42604798,0
CRO.V,D,20230410,000000,0.0678825,0.0685519,0.0677047,0.0681011,155260588.67111757,0
CRO.V,D,20230411,000000,0.0681268,0.0694241,0.0680777,0.0684517,184541472.7397018,0
CRO.V,D,20230412,000000,0.068451,0.0686966,0.0670446,0.0679109,119700400.36962771,0
CRO.V,D,20230413,000000,0.0679109,0.0692717,0.0676529,0.0690002,85448822.30949569,0
CRO.V,D,20230414,000000,0.0690002,0.0717588,0.0689332,0.0703103,153772157.68656537,0
CRO.V,D,20230415,000000,0.0703897,0.0714704,0.0699469,0.0711302,100501829.13599834,0
CRO.V,D,20230416,000000,0.0711533,0.0730923,0.0705481,0.0727354,92315515.58239558,0
CRO.V,D,20230417,000000,0.0727354,0.0728082,0.0697414,0.0697651,128918702.30255973,0
CRO.V,D,20230418,000000,0.0697361,0.0724471,0.0692488,0.0720382,105121536.9469164,0
CRO.V,D,20230419,000000,0.0721897,0.0737899,0.0684716,0.068599,103119235.27398759,0
