<TICKER>,<PER>,<DATE>,<TIME>,<OPEN>,<HIGH>,<LOW>,<CLOSE>,<VOL>,<OPENINT>
CRTS.V,D,20220516,000000,0.00244996,0.00252652,0.00240846,0.0024178,1833024.5080513,0
CRTS.V,D,20220517,000000,0.00250454,0.00252832,0.00241611,0.00252557,8423917.7772148,0
CRTS.V,D,20220518,000000,0.00252357,0.00253076,0.00245351,0.00246549,10957165.409771,0
CRTS.V,D,20220519,000000,0.00244617,0.00246879,0.00186295,0.00212737,13507665.399251,0
CRTS.V,D,20220520,000000,0.00212767,0.00242567,0.00206691,0.00209718,13333360.049211,0
CRTS.V,D,20220521,000000,0.00209329,0.00239712,0.00204964,0.00212743,14815590.253636,0
CRTS.V,D,20220522,000000,0.00212853,0.00213392,0.00200978,0.00201048,8470431.7963417,0
CRTS.V,D,20220523,000000,0.00201158,0.00209769,0.00198202,0.00201957,8039192.3666769,0
CRTS.V,D,20220524,000000,0.00201058,0.00204375,0.00189491,0.00190133,5461025.1364123,0
CRTS.V,D,20220525,000000,0.00190053,0.00193687,0.00180983,0.00180983,9102184.1993432,0
CRTS.V,D,20220526,000000,0.00183897,0.00206273,0.00161322,0.00182318,10732744.075956,0
CRTS.V,D,20220527,000000,0.00183866,0.00192607,0.00163037,0.00176523,13397137.056833,0
CRTS.V,D,20220528,000000,0.00175799,0.0017581,0.0016014,0.00163315,9395393.6965166,0
CRTS.V,D,20220529,000000,0.00164005,0.00177902,0.00161822,0.00167814,16639739.267713,0
CRTS.V,D,20220530,000000,0.0016821,0.00191519,0.00166816,0.0017483,16766426.538768,0
CRTS.V,D,20220531,000000,0.00174188,0.00180436,0.00168082,0.00173621,18730887.824876,0
CRTS.V,D,20220601,000000,0.00173864,0.00177558,0.00158657,0.00160655,14028125.349028,0
CRTS.V,D,20220602,000000,0.00158657,0.00191168,0.00158158,0.00176161,9587250.4170822,0
CRTS.V,D,20220603,000000,0.00175642,0.00176161,0.00165804,0.00167394,13026221.117081,0
CRTS.V,D,20220604,000000,0.00167424,0.00190479,0.00157919,0.00159101,27362989.708144,0
CRTS.V,D,20220605,000000,0.00159766,0.00189477,0.00156073,0.00160922,10932236.916578,0
CRTS.V,D,20220606,000000,0.0016161,0.00171156,0.00159889,0.00162245,26145998.41813,0
CRTS.V,D,20220607,000000,0.00162325,0.00162522,0.00149895,0.00149895,17251353.166318,0
CRTS.V,D,20220608,000000,0.00149665,0.00163893,0.00147537,0.00153126,21200726.38669,0
CRTS.V,D,20220609,000000,0.0015374,0.00154101,0.00147523,0.00149016,14485205.5883,0
CRTS.V,D,20220610,000000,0.00150328,0.00151521,0.0014299,0.00143256,6417283.6743,0
CRTS.V,D,20220611,000000,0.00143439,0.00144858,0.00132028,0.00132028,11700168.5455,0
CRTS.V,D,20220612,000000,0.00130862,0.00135148,0.00124793,0.00125763,11931735.0001,0
CRTS.V,D,20220613,000000,0.00125245,0.00125246,0.00099181,0.00101988,47390834.47257,0
CRTS.V,D,20220614,000000,0.00100799,0.00100808,0.00093139,0.00094128,310801891.64819,0
CRTS.V,D,20220615,000000,0.00093893,0.00100629,0.00089824,0.0009991,94035350.559169,0
CRTS.V,D,20220616,000000,0.0009982,0.001010387,0.000953754,0.000956355,18135399.472,0
CRTS.V,D,20220617,000000,0.000955138,0.00163331,0.000955138,0.00116091,258007188.82035,0
CRTS.V,D,20220618,000000,0.0011634,0.00116461,0.00093676,0.00094866,730549764.95131,0
CRTS.V,D,20220619,000000,0.00095335,0.00097341,0.00088677,0.00091131,203666393.22054,0
CRTS.V,D,20220620,000000,0.0009153,0.00096164,0.00088564,0.00089451,61307584.37939,0
CRTS.V,D,20220621,000000,0.00088513,0.00091051,0.00086782,0.00087682,12086348.3275,0
CRTS.V,D,20220622,000000,0.00086754,0.00087642,0.00078504,0.00078871,29422303.7879,0
CRTS.V,D,20220623,000000,0.00078312,0.00083446,0.00076106,0.00078122,51484608.4627,0
CRTS.V,D,20220624,000000,0.00078124,0.00078222,0.00070313,0.00070553,82673774.801802,0
CRTS.V,D,20220625,000000,0.00070689,0.0007203,0.00069923,0.00070111,16120936.3362,0
CRTS.V,D,20220626,000000,0.00070114,0.0014492,0.00064862,0.00066361,50780061.17712,0
CRTS.V,D,20220627,000000,0.00064722,0.00090899,0.00061805,0.00073644,49275886.6912,0
CRTS.V,D,20220628,000000,0.00073571,0.00074482,0.00065069,0.00066039,531496039.98165,0
CRTS.V,D,20220629,000000,0.00065788,0.00066007,0.00054075,0.00054793,863551141.25501,0
CRTS.V,D,20220630,000000,0.00054852,0.00055014,0.000459848,0.000465541,994776503.59776,0
CRTS.V,D,20220701,000000,0.000464352,0.000501438,0.000450753,0.000461781,949220758.47435,0
CRTS.V,D,20220702,000000,0.000461492,0.000464169,0.000452492,0.000461885,1190100113.6145,0
CRTS.V,D,20220703,000000,0.000460946,0.000467092,0.000450059,0.000459752,830196428.4262,0
CRTS.V,D,20220704,000000,0.000459762,0.000477327,0.000453824,0.000476827,1047739760.4902,0
CRTS.V,D,20220705,000000,0.000476428,0.000492757,0.000461582,0.000486075,1084537846.3947,0
CRTS.V,D,20220706,000000,0.000485965,0.000488762,0.000472779,0.000485645,1167912150.2136,0
CRTS.V,D,20220707,000000,0.000485515,0.000520216,0.00048272,0.000514911,1198424601.7109,0
CRTS.V,D,20220708,000000,0.00051579,0.000530362,0.000357849,0.000358994,1148662141.9327,0
CRTS.V,D,20220709,000000,0.000358565,0.000358685,0.000336058,0.000340616,1569871924.4251,0
CRTS.V,D,20220710,000000,0.000339806,0.000341645,0.000323106,0.000328503,1438039965.2414,0
CRTS.V,D,20220711,000000,0.000328213,0.0003372,0.000316478,0.000336497,1658380298.1026,0
CRTS.V,D,20220712,000000,0.000336384,0.000373669,0.000334499,0.00037012,1677418491.0647,0
CRTS.V,D,20220713,000000,0.00037071,0.000434531,0.000358981,0.000403926,1920839984.105,0
CRTS.V,D,20220714,000000,0.000415835,0.000550569,0.000405235,0.000543094,1598665793.9203,0
CRTS.V,D,20220715,000000,0.000543214,0.000552198,0.000519368,0.000527512,1160046482.5295,0
CRTS.V,D,20220716,000000,0.000527942,0.000540692,0.000515545,0.000530241,1069520110.8613,0
CRTS.V,D,20220717,000000,0.000530904,0.000537147,0.000511052,0.000514886,999767644.2531,0
CRTS.V,D,20220718,000000,0.000514976,0.000527876,0.000507304,0.000509093,1053040733.3387,0
CRTS.V,D,20220719,000000,0.000509763,0.000510377,0.0004921,0.000494789,498039567.79288,0
CRTS.V,D,20220720,000000,0.00049526,0.001383734,0.000485234,0.001086454,1510534759.4481,0
CRTS.V,D,20220721,000000,0.001086354,0.001578694,0.000939119,0.00137411,1176038370.8697,0
CRTS.V,D,20220722,000000,0.00137557,0.00137557,0.000793074,0.000809008,1312184653.4089,0
CRTS.V,D,20220723,000000,0.000811779,0.000819508,0.000648633,0.000735227,1234936912.7678,0
CRTS.V,D,20220724,000000,0.000735704,0.00079582,0.000633216,0.000677125,869183868.43815,0
CRTS.V,D,20220725,000000,0.000675628,0.000679089,0.00063427,0.000639341,931650809.1865,0
CRTS.V,D,20220726,000000,0.000640058,0.000768041,0.000567292,0.000676635,843246206.73761,0
CRTS.V,D,20220727,000000,0.000676205,0.000683075,0.000581598,0.000640731,803009579.6006,0
CRTS.V,D,20220728,000000,0.000639433,0.00089548,0.000621816,0.000730966,768252127.16783,0
CRTS.V,D,20220729,000000,0.000730573,0.00083985,0.000721423,0.000773697,314870380.95578,0
CRTS.V,D,20220730,000000,0.000773727,0.00078019,0.000757937,0.000762919,151338680.94726,0
CRTS.V,D,20220731,000000,0.000761819,0.000798368,0.000758017,0.00078399,215421352.47543,0
CRTS.V,D,20220801,000000,0.000784195,0.000789467,0.000605279,0.00062241,210975968.17811,0
CRTS.V,D,20220802,000000,0.000624375,0.00071728,0.000605131,0.000619065,268444866.32044,0
CRTS.V,D,20220803,000000,0.000618675,0.000650934,0.000610187,0.000617054,216181145.34334,0
CRTS.V,D,20220804,000000,0.000614307,0.000641864,0.000602104,0.000638647,169745869.20159,0
CRTS.V,D,20220805,000000,0.000638608,0.000642518,0.000626971,0.000634521,180127645.35542,0
CRTS.V,D,20220806,000000,0.000635521,0.000641416,0.000602608,0.00060925,226193517.18022,0
CRTS.V,D,20220807,000000,0.00061054,0.000615625,0.000511897,0.000562547,274425865.3645,0
CRTS.V,D,20220808,000000,0.000562747,0.000600284,0.000551107,0.000557357,237664136.00766,0
CRTS.V,D,20220809,000000,0.000557937,0.000569384,0.000552623,0.000563983,198515432.69403,0
CRTS.V,D,20220810,000000,0.000564063,0.000630179,0.000558554,0.000623621,228157299.49333,0
CRTS.V,D,20220811,000000,0.000624287,0.000751813,0.000577281,0.000579432,273394737.60037,0
CRTS.V,D,20220812,000000,0.000579512,0.000621692,0.000563292,0.000603548,195635303.82363,0
CRTS.V,D,20220813,000000,0.000605178,0.000641579,0.000600462,0.000637629,187243064.2704,0
CRTS.V,D,20220814,000000,0.000638139,0.000638262,0.000580482,0.000602137,172836330.21918,0
CRTS.V,D,20220815,000000,0.00060024,0.000644861,0.000591103,0.000633116,250485708.94161,0
CRTS.V,D,20220816,000000,0.000633188,0.000635082,0.000618966,0.000623166,166414583.27518,0
CRTS.V,D,20220817,000000,0.000623546,0.000632357,0.000618764,0.00062226,202141373.59052,0
CRTS.V,D,20220818,000000,0.000622124,0.000624962,0.00058725,0.000596206,209398188.56596,0
CRTS.V,D,20220819,000000,0.00059603,0.000608511,0.000558386,0.000593649,306890499.3744,0
CRTS.V,D,20220820,000000,0.000594324,0.000772114,0.00050324,0.000509255,244616225.25052,0
CRTS.V,D,20220821,000000,0.0005075,0.00057222,0.00050184,0.000508615,232299626.4723,0
CRTS.V,D,20220822,000000,0.00050913,0.00054172,0.000499845,0.00049992,188378289.44605,0
CRTS.V,D,20220823,000000,0.000500665,0.000561021,0.000499885,0.000552911,233785051.03062,0
CRTS.V,D,20220824,000000,0.000553075,0.000559175,0.000532887,0.000547349,217887605.90788,0
CRTS.V,D,20220825,000000,0.000546184,0.000558934,0.000534125,0.000547716,230200495.5808,0
CRTS.V,D,20220826,000000,0.000547776,0.000559528,0.000528778,0.000549765,293898180.8219,0
CRTS.V,D,20220827,000000,0.000549835,0.000563735,0.000528036,0.000534286,221501383.66005,0
CRTS.V,D,20220828,000000,0.000535616,0.000556707,0.000513175,0.00052151,280327578.27532,0
CRTS.V,D,20220829,000000,0.00052369,0.000558366,0.000518485,0.000536638,224223252.61269,0
CRTS.V,D,20220830,000000,0.000537153,0.000544193,0.0005322,0.000538478,202305287.9757,0
CRTS.V,D,20220831,000000,0.000539143,0.000593508,0.000536335,0.000592044,240290178.3635,0
CRTS.V,D,20220901,000000,0.000593484,0.000639964,0.000590326,0.000638252,200533046.86203,0
CRTS.V,D,20220902,000000,0.000638262,0.000653091,0.000634774,0.000651238,208671063.1972,0
CRTS.V,D,20220903,000000,0.000651154,0.000659046,0.000648277,0.00065897,204194018.78819,0
CRTS.V,D,20220904,000000,0.000657636,0.000670067,0.00065105,0.0006686,199738901.03978,0
CRTS.V,D,20220905,000000,0.00066998,0.000680058,0.00066302,0.000677978,195081855.6693,0
CRTS.V,D,20220906,000000,0.000677568,0.00068799,0.000674933,0.00068382,179965816.5679,0
CRTS.V,D,20220907,000000,0.0006838,0.000690135,0.00066972,0.000688168,177261308.89972,0
CRTS.V,D,20220908,000000,0.000688031,0.00069549,0.000661553,0.000675741,182589074.9559,0
CRTS.V,D,20220909,000000,0.000674918,0.000696203,0.000666817,0.000685806,191743675.52618,0
CRTS.V,D,20220910,000000,0.000683943,0.000696338,0.00066523,0.000680206,196872937.847,0
CRTS.V,D,20220911,000000,0.00068252,0.000696241,0.000670415,0.000689996,197145426.38789,0
CRTS.V,D,20220912,000000,0.000691466,0.000698185,0.000673165,0.000677736,188338611.21479,0
CRTS.V,D,20220913,000000,0.000680934,0.000698054,0.000673108,0.000678804,199565344.88411,0
CRTS.V,D,20220914,000000,0.000676404,0.000682462,0.00066384,0.000680044,210016812.7118,0
CRTS.V,D,20220915,000000,0.00067993,0.000683378,0.000572186,0.000583812,389570299.87578,0
CRTS.V,D,20220916,000000,0.000583865,0.000609119,0.000538442,0.000553005,318227893.76036,0
CRTS.V,D,20220917,000000,0.000552625,0.00060112,0.000552455,0.000576848,206380651.06092,0
CRTS.V,D,20220918,000000,0.000577438,0.00061496,0.00057356,0.00058865,187385516.6536,0
CRTS.V,D,20220919,000000,0.00058923,0.000615,0.00057037,0.000594069,182775680.45815,0
CRTS.V,D,20220920,000000,0.000593519,0.00059861,0.00058008,0.000581478,172871390.52436,0
CRTS.V,D,20220921,000000,0.00058204,0.000592089,0.00057069,0.00057286,179000256.82459,0
CRTS.V,D,20220922,000000,0.00057283,0.0005836,0.00056992,0.0005727,175206160.5735,0
CRTS.V,D,20220923,000000,0.000572723,0.000579692,0.00057164,0.00057361,184361174.48574,0
CRTS.V,D,20220924,000000,0.00057354,0.000584959,0.000571806,0.000574422,178605588.9689,0
CRTS.V,D,20220925,000000,0.00057493,0.0005823,0.000568874,0.00057314,186891507.81855,0
CRTS.V,D,20220926,000000,0.00057315,0.00057317,0.00055855,0.00056561,177514634.8163,0
CRTS.V,D,20220927,000000,0.00056464,0.000568,0.00055846,0.000560374,172702296.4554,0
CRTS.V,D,20220928,000000,0.00056062,0.0005682,0.000543366,0.00056294,191768256.6062,0
CRTS.V,D,20220929,000000,0.00056308,0.00056438,0.000535043,0.000541734,201037849.4359,0
CRTS.V,D,20220930,000000,0.00054166,0.00054762,0.0005141,0.00051955,207616204.5705,0
CRTS.V,D,20221001,000000,0.00051932,0.000589941,0.0005102,0.00052526,224586583.7229,0
CRTS.V,D,20221002,000000,0.00052529,0.00053531,0.000512091,0.00051803,215347942.04332,0
CRTS.V,D,20221003,000000,0.000520232,0.000523952,0.000513601,0.000514081,202247177.5152,0
CRTS.V,D,20221004,000000,0.000514081,0.000527158,0.000504501,0.000504911,207505135.10997,0
CRTS.V,D,20221005,000000,0.000504611,0.000510402,0.000488429,0.000491598,211897234.6168,0
CRTS.V,D,20221006,000000,0.000491198,0.000493889,0.000443003,0.00044574,239976638.51904,0
CRTS.V,D,20221007,000000,0.000445806,0.000446067,0.000426617,0.000428044,240595904.3283,0
CRTS.V,D,20221008,000000,0.000427973,0.000437025,0.000408717,0.000409586,270066438.84523,0
CRTS.V,D,20221009,000000,0.000409612,0.000413821,0.000322585,0.000329216,334665178.1961,0
CRTS.V,D,20221010,000000,0.000329223,0.00035375,0.000282352,0.000287101,530274552.84769,0
CRTS.V,D,20221011,000000,0.000286671,0.000320818,0.000265203,0.000306202,405208916.9191,0
CRTS.V,D,20221012,000000,0.000306192,0.00032887,0.000298848,0.00031803,347948934.6272,0
CRTS.V,D,20221013,000000,0.000317846,0.000322268,0.000307492,0.000310115,335729813.8719,0
CRTS.V,D,20221014,000000,0.000310135,0.000316295,0.000283617,0.000302719,369906771.8934,0
CRTS.V,D,20221015,000000,0.000302722,0.000328476,0.000268309,0.000315826,370275203.3421,0
CRTS.V,D,20221016,000000,0.00031577,0.000317106,0.000278498,0.000279914,385280179.1598,0
CRTS.V,D,20221017,000000,0.000279611,0.000340207,0.000251118,0.000329657,604028951.392,0
CRTS.V,D,20221018,000000,0.00032963,0.000332723,0.000283667,0.000285634,338331049.2745,0
CRTS.V,D,20221019,000000,0.000285834,0.000290395,0.000261763,0.000261803,382249791.87503,0
CRTS.V,D,20221020,000000,0.00026183,0.000270848,0.000243505,0.000263054,391734548.21891,0
CRTS.V,D,20221021,000000,0.000263164,0.00028972,0.000255552,0.000263138,379087395.3216,0
CRTS.V,D,20221022,000000,0.000262021,0.000266588,0.000252918,0.000264851,381076086.2885,0
CRTS.V,D,20221023,000000,0.000264861,0.000268108,0.000259429,0.000262757,385910987.1806,0
CRTS.V,D,20221024,000000,0.000262752,0.000274242,0.00026189,0.000267343,364397576.712,0
CRTS.V,D,20221025,000000,0.000267351,0.000293771,0.000266601,0.00027363,375711131.1962,0
CRTS.V,D,20221026,000000,0.000273663,0.00032219,0.000267797,0.000298266,377088710.9174,0
CRTS.V,D,20221027,000000,0.000298263,0.000361092,0.00027328,0.00033413,396102614.4123,0
CRTS.V,D,20221028,000000,0.000334073,0.00036574,0.000288052,0.000294405,316538089.0105,0
CRTS.V,D,20221029,000000,0.000294426,0.000316916,0.000282634,0.000292887,358070044.2244,0
CRTS.V,D,20221030,000000,0.00029289,0.000315478,0.000262736,0.000265223,390122787.6247,0
CRTS.V,D,20221031,000000,0.000265103,0.00029945,0.00025963,0.000267429,368697474.1616,0
CRTS.V,D,20221101,000000,0.000267464,0.000296047,0.000265531,0.000271193,265451136.3831,0
CRTS.V,D,20221102,000000,0.00027104,0.000291967,0.000270321,0.000279513,349966490.8715,0
CRTS.V,D,20221103,000000,0.000279706,0.000280194,0.00025148,0.000252177,375446686.8174,0
CRTS.V,D,20221104,000000,0.00025219,0.000258169,0.000250455,0.00025184,402029718.0641,0
CRTS.V,D,20221105,000000,0.000251768,0.000255998,0.000250435,0.000252283,381520014.50729954,0
CRTS.V,D,20221106,000000,0.000252403,0.000257605,0.00025003,0.00025157,407008783.8558,0
CRTS.V,D,20221107,000000,0.000251518,0.000284554,0.000250018,0.000270145,419619226.9698602,0
CRTS.V,D,20221108,000000,0.000270201,0.00030058,0.000203168,0.000255755,316694625.6512798,0
CRTS.V,D,20221109,000000,0.000255915,0.000278105,0.000140955,0.00023637,214012639.9175728,0
CRTS.V,D,20221110,000000,0.000260664,0.000267958,0.000164882,0.000189938,1765693352.8763525,0
CRTS.V,D,20221111,000000,0.000192426,0.000249003,0.000178976,0.00020111,874388900.9163003,0
CRTS.V,D,20221112,000000,0.000201631,0.000208015,0.000181955,0.000200279,192234957.75370008,0
CRTS.V,D,20221113,000000,0.000200159,0.000209685,0.000181406,0.000182065,887189036.3086989,0
CRTS.V,D,20221114,000000,0.000181782,0.000198052,0.000179141,0.000187139,853868100.3719416,0
CRTS.V,D,20221115,000000,0.000187359,0.000214385,0.000182449,0.000197392,768356279.2912024,0
CRTS.V,D,20221116,000000,0.000201558,0.000205601,0.000186286,0.000189933,661704424.1143997,0
CRTS.V,D,20221117,000000,0.000189825,0.000218457,0.000180805,0.000193525,554152308.1600995,0
CRTS.V,D,20221118,000000,0.00019215,0.000199007,0.000185606,0.000187954,604286359.2915996,0
CRTS.V,D,20221119,000000,0.000188083,0.000201976,0.000181798,0.000197982,673901749.4280006,0
CRTS.V,D,20221120,000000,0.000197003,0.000197003,0.000178166,0.000181813,586658377.190201,0
CRTS.V,D,20221121,000000,0.000181993,0.000190379,0.000171106,0.000187375,568641740.7038997,0
CRTS.V,D,20221122,000000,0.000186076,0.000189369,0.000163516,0.000184115,583338640.0926791,0
CRTS.V,D,20221123,000000,0.000184475,0.000197599,0.000179693,0.000187793,551446468.3778001,0
CRTS.V,D,20221124,000000,0.000188195,0.000242394,0.000184087,0.00022392,516291334.86258817,0
CRTS.V,D,20221125,000000,0.000224369,0.000229323,0.000200326,0.000217766,501480494.38443244,0
CRTS.V,D,20221126,000000,0.000217044,0.000226367,0.000207789,0.000215073,499826896.2995003,0
CRTS.V,D,20221127,000000,0.000214623,0.000220849,0.000191983,0.000192529,544393734.2985092,0
CRTS.V,D,20221128,000000,0.000192838,0.00020106,0.000192267,0.000195434,635417191.9164001,0
CRTS.V,D,20221129,000000,0.000195296,0.00020072,0.000191803,0.000197257,536403575.74770015,0
CRTS.V,D,20221130,000000,0.000197027,0.000211737,0.000191855,0.00019277,364419118.2907998,0
CRTS.V,D,20221201,000000,0.000194306,0.000198492,0.000191861,0.00019271,386675804.6706006,0
CRTS.V,D,20221202,000000,0.000192882,0.000202028,0.000129307,0.000180731,595822150.3877019,0
CRTS.V,D,20221203,000000,0.000180561,0.000195454,0.000145425,0.000163126,381218991.8889882,0
CRTS.V,D,20221204,000000,0.000163006,0.00018745,0.000159576,0.000184168,298510598.9839507,0
CRTS.V,D,20221205,000000,0.000184067,0.000188038,0.000168399,0.000184524,334217163.52209926,0
CRTS.V,D,20221206,000000,0.000182564,0.000188276,0.000177998,0.00018644,395789431.0026999,0
CRTS.V,D,20221207,000000,0.000185996,0.00019919,0.000170502,0.000179882,321779480.2706531,0
CRTS.V,D,20221208,000000,0.0001799,0.000187301,0.000153288,0.000161011,488982595.07891166,0
CRTS.V,D,20221209,000000,0.000163743,0.000179555,0.000160611,0.000171717,658819162.0026857,0
CRTS.V,D,20221210,000000,0.000171715,0.0001802,0.000158608,0.000169287,518836359.9709993,0
CRTS.V,D,20221211,000000,0.000169308,0.000330187,0.000163175,0.000190429,557366326.0734001,0
CRTS.V,D,20221212,000000,0.000190609,0.000192329,0.000165462,0.000174716,199167902.30249968,0
CRTS.V,D,20221213,000000,0.000174635,0.000175714,0.000161723,0.000166198,226220670.2858999,0
CRTS.V,D,20221214,000000,0.00016615,0.00018166,0.000162592,0.000168382,145171184.35500002,0
CRTS.V,D,20221215,000000,0.00016824,0.000256051,0.000166613,0.000177996,178563089.62977788,0
CRTS.V,D,20221216,000000,0.000170417,0.000186489,0.000166517,0.000170074,151619717.58820006,0
CRTS.V,D,20221217,000000,0.000168844,0.000173115,0.000168844,0.000170872,136826279.6065001,0
CRTS.V,D,20221218,000000,0.000171112,0.000174286,0.000170847,0.000172602,127804937.93100004,0
CRTS.V,D,20221219,000000,0.00017251,0.000174996,0.000169209,0.00017161,140137257.43199992,0
CRTS.V,D,20221220,000000,0.000171538,0.00018116,0.00017134,0.000175587,139913988.32499993,0
CRTS.V,D,20221221,000000,0.000175787,0.000183092,0.000173995,0.000179139,125844087.55281001,0
CRTS.V,D,20221222,000000,0.000179057,0.000186688,0.000179037,0.000183011,131540581.20199993,0
CRTS.V,D,20221223,000000,0.000182909,0.000185662,0.000182113,0.00018465,131136145.57399993,0
CRTS.V,D,20221224,000000,0.000184753,0.000187573,0.000181963,0.000182457,124808303.9890001,0
CRTS.V,D,20221225,000000,0.000182481,0.000183964,0.000181819,0.000182296,132946266.5633,0
CRTS.V,D,20221226,000000,0.000182198,0.000184162,0.000181847,0.000183723,119393344.78299992,0
CRTS.V,D,20221227,000000,0.000183745,0.000192787,0.000183143,0.000192423,123204075.19810015,0
CRTS.V,D,20221228,000000,0.000192495,0.000255632,0.00019234,0.000243578,150377626.3192409,0
CRTS.V,D,20221229,000000,0.000243349,0.00027883,0.000228592,0.000274354,157463717.13341007,0
CRTS.V,D,20221230,000000,0.000274471,0.000289494,0.000266729,0.000285954,165349362.03070015,0
CRTS.V,D,20221231,000000,0.000284765,0.000285907,0.000248043,0.000269275,167423035.45731533,0
CRTS.V,D,20230101,000000,0.000269253,0.000281161,0.000267857,0.000274661,173941266.17929938,0
CRTS.V,D,20230102,000000,0.000274641,0.000294695,0.000274088,0.000279523,178750122.21489978,0
CRTS.V,D,20230103,000000,0.000279645,0.000349876,0.000235343,0.000254413,167216367.93880025,0
CRTS.V,D,20230104,000000,0.000254521,0.000299887,0.000240701,0.000271011,197531515.9118002,0
CRTS.V,D,20230105,000000,0.000270531,0.000303879,0.000209925,0.000247913,137669340.41193008,0
CRTS.V,D,20230106,000000,0.000247513,0.000329812,0.000243978,0.000260119,76223856.2097,0
CRTS.V,D,20230107,000000,0.000260117,0.000312505,0.000253931,0.000286328,12242613.607802995,0
CRTS.V,D,20230108,000000,0.00028506,0.00035207,0.000270083,0.000275359,33083012.806300018,0
CRTS.V,D,20230109,000000,0.000274659,0.00039566,0.000262768,0.000367914,60438340.293647796,0
CRTS.V,D,20230110,000000,0.0003743,0.00038787,0.000283969,0.00031,63914409.448799975,0
CRTS.V,D,20230111,000000,0.000309666,0.000369531,0.00030129,0.00031049,97409359.33260004,0
CRTS.V,D,20230112,000000,0.000307469,0.000354015,0.000305386,0.000351828,28635883.86370002,0
CRTS.V,D,20230113,000000,0.000354718,0.000373735,0.000349898,0.000369643,24820181.73200001,0
CRTS.V,D,20230114,000000,0.000367473,0.000375431,0.000351052,0.000354321,20282079.890699994,0
CRTS.V,D,20230115,000000,0.000353518,0.000372802,0.000350772,0.000372802,23719377.793600008,0
CRTS.V,D,20230116,000000,0.000369011,0.000385512,0.000356379,0.000384608,20662196.94800001,0
CRTS.V,D,20230117,000000,0.000384612,0.000555672,0.000371292,0.000461946,40040098.70409998,0
CRTS.V,D,20230118,000000,0.000472447,0.000751493,0.000460815,0.000524894,46581670.65441001,0
CRTS.V,D,20230119,000000,0.000523834,0.000619957,0.000492951,0.000560483,73494877.83229993,0
CRTS.V,D,20230120,000000,0.000561678,0.000599954,0.000536045,0.000580905,62391047.49240004,0
CRTS.V,D,20230121,000000,0.000580859,0.000700009,0.000561012,0.000681909,42092739.07000005,0
CRTS.V,D,20230122,000000,0.000677529,0.000944179,0.000616119,0.000804961,60001722.75099995,0
CRTS.V,D,20230123,000000,0.000805253,0.000905577,0.000757903,0.000829924,42349382.34839995,0
CRTS.V,D,20230124,000000,0.000829524,0.000899344,0.000818735,0.000853924,30550931.212599985,0
CRTS.V,D,20230125,000000,0.000853941,0.001150196,0.000826962,0.001138293,49831915.148820095,0
CRTS.V,D,20230126,000000,0.001138282,0.001292823,0.000796106,0.000895972,78912198.64788997,0
CRTS.V,D,20230127,000000,0.000896181,0.001061844,0.000806229,0.0008164,55577725.58142693,0
CRTS.V,D,20230128,000000,0.00081531,0.000829542,0.000771447,0.00080218,47907490.21280011,0
CRTS.V,D,20230129,000000,0.000782164,0.000804599,0.000756159,0.00079104,48502085.782600015,0
CRTS.V,D,20230130,000000,0.000789216,0.000823108,0.000760246,0.000771154,54063232.26139993,0
CRTS.V,D,20230131,000000,0.000770746,0.000889967,0.000763921,0.000879079,54359113.011,0
CRTS.V,D,20230201,000000,0.000882362,0.000887488,0.000783,0.000809339,61146556.51699994,0
CRTS.V,D,20230202,000000,0.000809149,0.000852494,0.000804624,0.000846752,63607248.378629915,0
CRTS.V,D,20230203,000000,0.000846669,0.000852749,0.000835164,0.000846068,62835900.98899998,0
CRTS.V,D,20230204,000000,0.000846668,0.000849258,0.00079738,0.000811165,62874791.89139991,0
CRTS.V,D,20230205,000000,0.000815165,0.000820684,0.000757347,0.000757679,42967259.88600002,0
CRTS.V,D,20230206,000000,0.000763391,0.000872364,0.00072916,0.000872326,70121597.12500006,0
CRTS.V,D,20230207,000000,0.000874335,0.000940528,0.000834978,0.000939796,54999151.88459491,0
CRTS.V,D,20230208,000000,0.000937456,0.003251618,0.000930137,0.00117004,235284348.15557417,0
CRTS.V,D,20230209,000000,0.00123005,0.00132971,0.00111099,0.00111121,5068717.035689998,0
CRTS.V,D,20230210,000000,0.0009506,0.00118048,0.0009506,0.00103958,5717898.225629997,0
CRTS.V,D,20230211,000000,0.00103157,0.00113755,0.00096331,0.0009966,92869425.16645007,0
CRTS.V,D,20230212,000000,0.00099539,0.00101988,0.00082973,0.00086736,38622235.015740015,0
CRTS.V,D,20230213,000000,0.00086639,0.00089145,0.00076021,0.00081927,345531045.48842007,0
CRTS.V,D,20230214,000000,0.00081605,0.00081917,0.000660864,0.000695602,126293829.50580005,0
CRTS.V,D,20230215,000000,0.000691884,0.00074795,0.000660185,0.000728802,8774873.447499998,0
CRTS.V,D,20230216,000000,0.000721508,0.000743426,0.00066898,0.00068015,34349143.87967,0
CRTS.V,D,20230217,000000,0.000655379,0.000730573,0.000655379,0.000700663,110910192.53490002,0
CRTS.V,D,20230218,000000,0.000692697,0.000707634,0.000675335,0.00068751,8085496.003900002,0
CRTS.V,D,20230219,000000,0.000695711,0.000742541,0.00068761,0.000698468,136384940.2018002,0
CRTS.V,D,20230220,000000,0.000695753,0.000747382,0.000680968,0.000706664,2457174.4782946007,0
CRTS.V,D,20230221,000000,0.000714164,0.000735751,0.000685489,0.000705269,2568359.2778,0
CRTS.V,D,20230222,000000,0.00070702,0.000718508,0.000639377,0.000664847,7846844.696499994,0
CRTS.V,D,20230223,000000,0.000668307,0.000727165,0.000650446,0.000666387,85508154.77530003,0
CRTS.V,D,20230224,000000,0.000655752,0.000686537,0.000616555,0.000639487,96185689.40409997,0
CRTS.V,D,20230225,000000,0.000632619,0.000637357,0.000591953,0.000613355,7872049.9256000025,0
CRTS.V,D,20230226,000000,0.000614168,0.000633244,0.000605936,0.000605936,8104717.153699998,0
CRTS.V,D,20230227,000000,0.000605161,0.000617849,0.000579375,0.000584153,2745127.132600001,0
CRTS.V,D,20230228,000000,0.000585735,0.000595488,0.000562445,0.000576992,2277421.3282,0
CRTS.V,D,20230301,000000,0.000567897,0.000580287,0.000537059,0.000545376,3727906.743800001,0
CRTS.V,D,20230302,000000,0.000547482,0.000566162,0.00049006,0.000508541,8280879.098871997,0
CRTS.V,D,20230303,000000,0.000530008,0.000530037,0.000479904,0.000495015,5788050.034994001,0
CRTS.V,D,20230304,000000,0.00054386,0.000560228,0.000488639,0.000523442,4696483.157799999,0
CRTS.V,D,20230305,000000,0.000524637,0.000566651,0.000458646,0.000550966,5430153.710599999,0
CRTS.V,D,20230306,000000,0.000542965,0.000553861,0.00050558,0.000519995,4170189.25920478,0
CRTS.V,D,20230307,000000,0.000513349,0.000610921,0.000501845,0.000515915,5892431.1538,0
CRTS.V,D,20230308,000000,0.000516374,0.000646197,0.000503045,0.000518248,4678709.344900002,0
CRTS.V,D,20230309,000000,0.000510449,0.000544862,0.000458704,0.000475414,4434973.176000001,0
CRTS.V,D,20230310,000000,0.000481914,0.000481914,0.00041785,0.000456698,8065705.6148999985,0
CRTS.V,D,20230311,000000,0.000459448,0.000476673,0.000432356,0.000448173,2889603.8725999985,0
CRTS.V,D,20230312,000000,0.000450485,0.000471688,0.000396896,0.00040004,44255596.11160002,0
CRTS.V,D,20230313,000000,0.000400229,0.000442805,0.000399342,0.000401405,248658303.32494822,0
CRTS.V,D,20230314,000000,0.000404449,0.000419366,0.000363731,0.000371231,140537131.96929988,0
CRTS.V,D,20230315,000000,0.000360906,0.00037058,0.000335293,0.000335386,9328692.793799996,0
CRTS.V,D,20230316,000000,0.0003348,0.0003348,0.000285805,0.000314597,15240467.85320001,0
CRTS.V,D,20230317,000000,0.000316176,0.000546981,0.000280643,0.000329265,25826899.6432395,0
CRTS.V,D,20230318,000000,0.000317114,0.000343629,0.000297707,0.000312519,18042901.911199994,0
CRTS.V,D,20230319,000000,0.000319452,0.000319452,0.000293585,0.00029446,5871920.129599999,0
CRTS.V,D,20230320,000000,0.000295673,0.000295985,0.000276742,0.000293382,4591081.18626,0
CRTS.V,D,20230321,000000,0.000293169,0.000315904,0.000275591,0.000308083,15098258.337130003,0
CRTS.V,D,20230322,000000,0.000308754,0.000311791,0.000275645,0.000295664,35614099.40799999,0
CRTS.V,D,20230323,000000,0.000290422,0.000300081,0.000265975,0.000292318,11427837.636300001,0
CRTS.V,D,20230324,000000,0.000291906,0.000292844,0.000262114,0.000264019,20317143.415735696,0
CRTS.V,D,20230325,000000,0.00026158,0.000279958,0.00026158,0.000275259,10015815.8889,0
CRTS.V,D,20230326,000000,0.000274774,0.000280349,0.000266458,0.000276749,7433161.308299998,0
CRTS.V,D,20230327,000000,0.000270508,0.000283125,0.000255623,0.00025572,14877035.403000005,0
CRTS.V,D,20230328,000000,0.000255207,0.000299563,0.000254504,0.000270016,18059863.6759,0
CRTS.V,D,20230329,000000,0.000271006,0.000271203,0.000256864,0.000258328,5584479.482599999,0
CRTS.V,D,20230330,000000,0.000258052,0.000295856,0.000240472,0.000255326,10525664.285500005,0
CRTS.V,D,20230331,000000,0.000256169,0.00049983,0.000240219,0.000248247,80119897.63669999,0
CRTS.V,D,20230401,000000,0.000244649,0.000261676,0.000235306,0.000245991,18270333.29669445,0
CRTS.V,D,20230402,000000,0.000245188,0.000252123,0.000236995,0.000244854,26329005.370099995,0
CRTS.V,D,20230403,000000,0.000246253,0.000249067,0.000238729,0.000239955,16240249.722900003,0
CRTS.V,D,20230404,000000,0.000238703,0.000254604,0.000238703,0.000247224,11224795.527200004,0
CRTS.V,D,20230405,000000,0.000247784,0.000265198,0.000240699,0.00024459,6949427.379400001,0
CRTS.V,D,20230406,000000,0.000244756,0.000248719,0.000232384,0.000246353,14022592.989560004,0
CRTS.V,D,20230407,000000,0.000244288,0.000249435,0.000236439,0.000239101,5652180.655000003,0
CRTS.V,D,20230408,000000,0.000238572,0.000257431,0.000237371,0.000248202,8025151.253099998,0
CRTS.V,D,20230409,000000,0.000247736,0.000255553,0.000242355,0.000250948,11222861.464600004,0
CRTS.V,D,20230410,000000,0.000252254,0.000306781,0.000236168,0.0002474,19756387.2524,0
CRTS.V,D,20230411,000000,0.0002477,0.000255704,0.00024069,0.000253631,5065149.3765,0
CRTS.V,D,20230412,000000,0.000252547,0.000264567,0.000242218,0.000249412,11751274.182399996,0
CRTS.V,D,20230413,000000,0.000248011,0.000257752,0.000245138,0.000253143,9710878.106099995,0
CRTS.V,D,20230414,000000,0.000253243,0.000256425,0.000250308,0.000251393,4663932.6732,0
CRTS.V,D,20230415,000000,0.000250943,0.000251146,0.000244034,0.000245821,6184759.729000001,0
CRTS.V,D,20230416,000000,0.000245013,0.000254922,0.00023952,0.00024347,4910509.8141,0
CRTS.V,D,20230417,000000,0.000243485,0.000264369,0.00024018,0.000249615,6226631.3456,0
CRTS.V,D,20230418,000000,0.00025006,0.000256767,0.000238703,0.000251145,5823174.4455999965,0
CRTS.V,D,20230419,000000,0.000255546,0.000260955,0.000240843,0.000245125,8738902.346410003,0
