<TICKER>,<PER>,<DATE>,<TIME>,<OPEN>,<HIGH>,<LOW>,<CLOSE>,<VOL>,<OPENINT>
CRV.V,D,20200814,000000,13.52,17,10.38,12.21,0,0
CRV.V,D,20200815,000000,12.21,17.02,5.811,7.177,0,0
CRV.V,D,20200816,000000,7.177,7.618,6.016,6.406,0,0
CRV.V,D,20200817,000000,6.406,6.413,4.115,4.389,0,0
CRV.V,D,20200818,000000,4.389,4.441,3.199,3.604,0,0
CRV.V,D,20200819,000000,3.604,5.034,3.321,3.938,0,0
CRV.V,D,20200820,000000,3.938,4.676,3.823,3.89,0,0
CRV.V,D,20200821,000000,3.89,4.066,3.207,3.23,0,0
CRV.V,D,20200822,000000,3.23,3.266,2.729,3.057,0,0
CRV.V,D,20200823,000000,3.057,3.086,2.61,2.7,0,0
CRV.V,D,20200824,000000,2.7,3.075,2.606,2.901,0,0
CRV.V,D,20200825,000000,2.901,3.337,2.681,2.867,0,0
CRV.V,D,20200826,000000,2.867,4.148,2.819,3.562,0,0
CRV.V,D,20200827,000000,3.562,4.344,3.213,3.346,0,0
CRV.V,D,20200828,000000,3.346,3.987,3.344,3.536,0,0
CRV.V,D,20200829,000000,3.536,3.549,3.09,3.108,0,0
CRV.V,D,20200830,000000,3.108,3.75,3.083,3.561,0,0
CRV.V,D,20200831,000000,3.561,4.45,3.431,4.386,0,0
CRV.V,D,20200901,000000,4.386,5.71,4.154,5.345,0,0
CRV.V,D,20200902,000000,5.345,5.369,3.89,4.336,0,0
CRV.V,D,20200903,000000,4.336,4.367,2.799,2.922,0,0
CRV.V,D,20200904,000000,2.922,3.273,2.767,2.865,0,0
CRV.V,D,20200905,000000,2.865,3.08,1.582,1.909,0,0
CRV.V,D,20200906,000000,1.909,2.331,1.522,2.165,0,0
CRV.V,D,20200907,000000,2.165,2.297,1.717,2.1,0,0
CRV.V,D,20200908,000000,2.1,2.125,1.771,1.842,0,0
CRV.V,D,20200909,000000,1.842,2.143,1.78,1.977,0,0
CRV.V,D,20200910,000000,1.977,2.194,1.938,1.962,0,0
CRV.V,D,20200911,000000,1.962,2.013,1.712,1.906,0,0
CRV.V,D,20200912,000000,1.906,2.148,1.817,2.103,0,0
CRV.V,D,20200913,000000,2.103,2.14,1.769,1.909,0,0
CRV.V,D,20200914,000000,1.909,1.98,1.795,1.846,0,0
CRV.V,D,20200915,000000,1.846,1.891,1.345,1.417,0,0
CRV.V,D,20200916,000000,1.417,1.462,1.201,1.282,0,0
CRV.V,D,20200917,000000,1.282,1.434,1.199,1.334,0,0
CRV.V,D,20200918,000000,1.334,1.435,1.225,1.259,0,0
CRV.V,D,20200919,000000,1.259,1.646,1.234,1.483,0,0
CRV.V,D,20200920,000000,1.483,1.632,1.303,1.362,0,0
CRV.V,D,20200921,000000,1.362,1.403,1.075,1.091,0,0
CRV.V,D,20200922,000000,1.091,1.152,1.017,1.079,0,0
CRV.V,D,20200923,000000,1.079,1.13,0.8702,0.8898,0,0
CRV.V,D,20200924,000000,0.8898,1.003,0.878,0.9936,0,0
CRV.V,D,20200925,000000,0.9936,1.045,0.8816,0.9765,0,0
CRV.V,D,20200926,000000,0.9765,1.145,0.9735,1.117,0,0
CRV.V,D,20200927,000000,1.117,1.139,0.9829,1.04,0,0
CRV.V,D,20200928,000000,1.04,1.099,0.9879,1.003,0,0
CRV.V,D,20200929,000000,1.003,1.02,0.9103,0.9524,0,0
CRV.V,D,20200930,000000,0.9524,0.9655,0.9117,0.9496,0,0
CRV.V,D,20201001,000000,0.9496,0.9844,0.8287,0.8656,0,0
CRV.V,D,20201002,000000,0.8656,0.877,0.7305,0.7641,0,0
CRV.V,D,20201003,000000,0.7641,0.81,0.7436,0.7675,0,0
CRV.V,D,20201004,000000,0.7675,0.7694,0.6776,0.698,0,0
CRV.V,D,20201005,000000,0.698,0.7205,0.616,0.6318,0,0
CRV.V,D,20201006,000000,0.6318,0.634,0.4965,0.5079,0,0
CRV.V,D,20201007,000000,0.5079,0.5297,0.4568,0.5255,0,0
CRV.V,D,20201008,000000,0.5255,0.5789,0.4659,0.5595,0,0
CRV.V,D,20201009,000000,0.5595,0.6383,0.5229,0.6247,0,0
CRV.V,D,20201010,000000,0.6247,0.6448,0.5493,0.5595,0,0
CRV.V,D,20201011,000000,0.5595,0.5793,0.5267,0.56,0,0
CRV.V,D,20201012,000000,0.56,0.5987,0.5398,0.5713,0,0
CRV.V,D,20201013,000000,0.5713,0.5735,0.5341,0.547,0,0
CRV.V,D,20201014,000000,0.547,0.5541,0.4788,0.5043,0,0
CRV.V,D,20201015,000000,0.5043,0.5077,0.4803,0.4992,0,0
CRV.V,D,20201016,000000,0.4992,0.514,0.4247,0.4305,0,0
CRV.V,D,20201017,000000,0.4305,0.4516,0.4189,0.4367,0,0
CRV.V,D,20201018,000000,0.4367,0.4747,0.4349,0.456,0,0
CRV.V,D,20201019,000000,0.456,0.4578,0.409,0.4137,0,0
CRV.V,D,20201020,000000,0.4137,0.4172,0.3549,0.3586,0,0
CRV.V,D,20201021,000000,0.3586,0.4034,0.3572,0.3842,0,0
CRV.V,D,20201022,000000,0.3842,0.4301,0.3826,0.4091,0,0
CRV.V,D,20201023,000000,0.4091,0.412,0.3697,0.379,0,0
CRV.V,D,20201024,000000,0.379,0.3824,0.3577,0.3736,0,0
CRV.V,D,20201025,000000,0.3736,0.382,0.3291,0.3384,0,0
CRV.V,D,20201026,000000,0.3384,0.4414,0.3349,0.4057,0,0
CRV.V,D,20201027,000000,0.4057,0.6512,0.3883,0.6469,0,0
CRV.V,D,20201028,000000,0.6469,0.6507,0.4593,0.4949,0,0
CRV.V,D,20201029,000000,0.4949,0.5249,0.4322,0.4481,0,0
CRV.V,D,20201030,000000,0.4481,0.4633,0.3817,0.3965,0,0
CRV.V,D,20201031,000000,0.3965,0.4498,0.3932,0.4176,0,0
CRV.V,D,20201101,000000,0.4176,0.4227,0.3897,0.4016,0,0
CRV.V,D,20201102,000000,0.4016,0.4246,0.357,0.3614,0,0
CRV.V,D,20201103,000000,0.3614,0.3692,0.3428,0.3577,0,0
CRV.V,D,20201104,000000,0.3577,0.376,0.3327,0.3444,0,0
CRV.V,D,20201105,000000,0.3444,0.387,0.3328,0.3636,0,0
CRV.V,D,20201106,000000,0.3636,0.4613,0.3594,0.452,0,0
CRV.V,D,20201107,000000,0.452,0.5565,0.4131,0.4347,0,0
CRV.V,D,20201108,000000,0.4347,0.5061,0.4246,0.4823,0,0
CRV.V,D,20201109,000000,0.4823,0.5063,0.4413,0.4623,0,0
CRV.V,D,20201110,000000,0.4623,0.6051,0.4561,0.5722,0,0
CRV.V,D,20201111,000000,0.5722,0.651,0.5454,0.5539,0,0
CRV.V,D,20201112,000000,0.5539,0.5909,0.523,0.5701,0,0
CRV.V,D,20201113,000000,0.5701,0.6993,0.5619,0.6898,0,0
CRV.V,D,20201114,000000,0.6898,0.742,0.5982,0.7062,0,0
CRV.V,D,20201115,000000,0.7062,0.839,0.7037,0.7769,0,0
CRV.V,D,20201116,000000,0.7769,0.8372,0.6948,0.8209,0,0
CRV.V,D,20201117,000000,0.8209,0.9061,0.803,0.8753,0,0
CRV.V,D,20201118,000000,0.8753,0.8857,0.6908,0.7598,0,0
CRV.V,D,20201119,000000,0.7598,0.8475,0.7159,0.8079,0,0
CRV.V,D,20201120,000000,0.8079,0.9577,0.7982,0.8619,0,0
CRV.V,D,20201121,000000,0.8619,0.8987,0.7976,0.8588,0,0
CRV.V,D,20201122,000000,0.8588,0.8763,0.7028,0.751,0,0
CRV.V,D,20201123,000000,0.751,0.8059,0.7182,0.7442,0,0
CRV.V,D,20201124,000000,0.7442,0.7977,0.6628,0.6882,0,0
CRV.V,D,20201125,000000,0.6882,0.7586,0.6301,0.6432,0,0
CRV.V,D,20201126,000000,0.6432,0.6641,0.4937,0.5945,0,0
CRV.V,D,20201127,000000,0.5945,0.6442,0.5448,0.6404,0,0
CRV.V,D,20201128,000000,0.6404,0.6501,0.5898,0.6096,0,0
CRV.V,D,20201129,000000,0.6096,0.6875,0.595,0.6563,0,0
CRV.V,D,20201130,000000,0.6563,0.7143,0.6556,0.6762,0,0
CRV.V,D,20201201,000000,0.6762,0.7601,0.6337,0.68,0,0
CRV.V,D,20201202,000000,0.68,0.8191,0.6616,0.8018,0,0
CRV.V,D,20201203,000000,0.8018,0.8578,0.7687,0.8294,0,0
CRV.V,D,20201204,000000,0.8294,0.8346,0.6695,0.6851,0,0
CRV.V,D,20201205,000000,0.6851,0.7421,0.6695,0.7415,0,0
CRV.V,D,20201206,000000,0.7415,0.7481,0.6723,0.7031,0,0
CRV.V,D,20201207,000000,0.7031,0.7444,0.6865,0.7086,0,0
CRV.V,D,20201208,000000,0.7086,0.7106,0.5902,0.6087,0,0
CRV.V,D,20201209,000000,0.6087,0.6404,0.5625,0.6334,0,0
CRV.V,D,20201210,000000,0.6334,0.6418,0.5822,0.6,0,0
CRV.V,D,20201211,000000,0.6,0.6029,0.5369,0.5564,0,0
CRV.V,D,20201212,000000,0.5564,0.599,0.5564,0.5921,0,0
CRV.V,D,20201213,000000,0.5921,0.6368,0.5768,0.616,0,0
CRV.V,D,20201214,000000,0.616,0.6415,0.5934,0.638,0,0
CRV.V,D,20201215,000000,0.638,0.6708,0.6242,0.629,0,0
CRV.V,D,20201216,000000,0.629,0.6531,0.5975,0.6511,0,0
CRV.V,D,20201217,000000,0.6511,0.6858,0.6166,0.6552,0,0
CRV.V,D,20201218,000000,0.6552,0.6563,0.6225,0.6456,0,0
CRV.V,D,20201219,000000,0.6456,0.6993,0.639,0.6645,0,0
CRV.V,D,20201220,000000,0.6645,0.6661,0.6079,0.6159,0,0
CRV.V,D,20201221,000000,0.6159,0.6283,0.5428,0.5579,0,0
CRV.V,D,20201222,000000,0.5579,0.5703,0.51,0.5582,0,0
CRV.V,D,20201223,000000,0.5582,0.5681,0.3865,0.4202,0,0
CRV.V,D,20201224,000000,0.4202,0.4807,0.4071,0.4788,0,0
CRV.V,D,20201225,000000,0.4788,0.5324,0.4637,0.4891,0,0
CRV.V,D,20201226,000000,0.4891,0.4923,0.4501,0.4691,0,0
CRV.V,D,20201227,000000,0.4691,0.5134,0.4406,0.4716,0,0
CRV.V,D,20201228,000000,0.4716,0.5229,0.4672,0.4977,0,0
CRV.V,D,20201229,000000,0.4977,0.5116,0.4437,0.4738,0,0
CRV.V,D,20201230,000000,0.4738,0.5924,0.467,0.5824,0,0
CRV.V,D,20201231,000000,0.5824,0.6391,0.5216,0.6278,0,0
CRV.V,D,20210101,000000,0.6278,0.6761,0.6073,0.6225,0,0
CRV.V,D,20210102,000000,0.6225,0.6244,0.5663,0.6141,0,0
CRV.V,D,20210103,000000,0.6141,0.694,0.5873,0.6776,0,0
CRV.V,D,20210104,000000,0.6776,0.7311,0.5864,0.6775,0,0
CRV.V,D,20210105,000000,0.6775,0.7279,0.6266,0.6887,0,0
CRV.V,D,20210106,000000,0.6887,0.7858,0.6707,0.7315,0,0
CRV.V,D,20210107,000000,0.7315,0.7885,0.6854,0.7173,0,0
CRV.V,D,20210108,000000,0.7173,0.733,0.626,0.6935,0,0
CRV.V,D,20210109,000000,0.6935,0.8027,0.671,0.7688,0,0
CRV.V,D,20210110,000000,0.7688,0.8425,0.7017,0.7541,0,0
CRV.V,D,20210111,000000,0.7541,0.7566,0.5349,0.6225,0,0
CRV.V,D,20210112,000000,0.6225,0.671,0.5927,0.6244,0,0
CRV.V,D,20210113,000000,0.6244,0.6915,0.6033,0.687,0,0
CRV.V,D,20210114,000000,0.687,0.7963,0.6615,0.7956,0,0
CRV.V,D,20210115,000000,0.7956,1.198,0.788,1.148,0,0
CRV.V,D,20210116,000000,1.148,1.266,1.045,1.109,0,0
CRV.V,D,20210117,000000,1.109,1.787,1.054,1.692,0,0
CRV.V,D,20210118,000000,1.692,1.784,1.391,1.608,0,0
CRV.V,D,20210119,000000,1.608,1.659,1.313,1.331,0,0
CRV.V,D,20210120,000000,1.331,1.649,1.261,1.631,0,0
CRV.V,D,20210121,000000,1.631,1.924,1.452,1.68,0,0
CRV.V,D,20210122,000000,1.68,2.114,1.438,1.966,0,0
CRV.V,D,20210123,000000,1.966,2.301,1.914,2.143,0,0
CRV.V,D,20210124,000000,2.143,2.353,2.045,2.264,0,0
CRV.V,D,20210125,000000,2.264,2.31,1.971,2.005,0,0
CRV.V,D,20210126,000000,2.005,2.239,1.828,2.147,0,0
CRV.V,D,20210127,000000,2.147,2.149,1.743,1.817,0,0
CRV.V,D,20210128,000000,1.817,2.204,1.754,2.082,0,0
CRV.V,D,20210129,000000,2.082,2.13,1.872,2.045,0,0
CRV.V,D,20210130,000000,2.045,2.62,1.888,2.551,0,0
CRV.V,D,20210131,000000,2.551,2.839,2.29,2.517,0,0
CRV.V,D,20210201,000000,2.517,2.683,2.305,2.544,0,0
CRV.V,D,20210202,000000,2.544,2.758,2.432,2.505,0,0
CRV.V,D,20210203,000000,2.505,2.702,2.41,2.638,0,0
CRV.V,D,20210204,000000,2.638,3.204,2.592,3.033,0,0
CRV.V,D,20210205,000000,3.033,3.364,3.022,3.266,0,0
CRV.V,D,20210206,000000,3.266,3.667,3.043,3.149,0,0
CRV.V,D,20210207,000000,3.149,3.197,2.679,2.987,0,0
CRV.V,D,20210208,000000,2.987,3.232,2.854,3.064,0,0
CRV.V,D,20210209,000000,3.064,3.283,2.942,3.178,0,0
CRV.V,D,20210210,000000,3.178,3.386,2.889,3.09,0,0
CRV.V,D,20210211,000000,3.09,3.57,3.003,3.559,0,0
CRV.V,D,20210212,000000,3.559,3.622,3.275,3.397,0,0
CRV.V,D,20210213,000000,3.397,3.524,3.178,3.293,0,0
CRV.V,D,20210214,000000,3.293,3.408,2.956,2.961,0,0
CRV.V,D,20210215,000000,2.961,3.015,2.335,2.718,0,0
CRV.V,D,20210216,000000,2.718,2.862,2.542,2.674,0,0
CRV.V,D,20210217,000000,2.674,2.875,2.495,2.786,0,0
CRV.V,D,20210218,000000,2.786,3.023,2.723,2.809,0,0
CRV.V,D,20210219,000000,2.809,2.873,2.564,2.628,0,0
CRV.V,D,20210220,000000,2.628,3.255,2.566,2.888,0,0
CRV.V,D,20210221,000000,2.888,3.078,2.819,2.908,0,0
CRV.V,D,20210222,000000,2.908,2.91,2.092,2.577,0,0
CRV.V,D,20210223,000000,2.577,2.602,1.782,2.137,0,0
CRV.V,D,20210224,000000,2.137,2.393,2.008,2.155,0,0
CRV.V,D,20210225,000000,2.155,2.336,1.995,2.01,0,0
CRV.V,D,20210226,000000,2.01,2.094,1.796,1.925,0,0
CRV.V,D,20210227,000000,1.925,2.102,1.921,1.964,0,0
CRV.V,D,20210228,000000,1.964,1.987,1.627,1.772,0,0
CRV.V,D,20210301,000000,1.772,2.005,1.752,2,0,0
CRV.V,D,20210302,000000,2,2.58,1.986,2.512,0,0
CRV.V,D,20210303,000000,2.512,2.633,2.261,2.279,0,0
CRV.V,D,20210304,000000,2.279,2.385,2.013,2.086,0,0
CRV.V,D,20210305,000000,2.086,2.115,1.914,2.054,0,0
CRV.V,D,20210306,000000,2.054,2.169,1.916,2.047,0,0
CRV.V,D,20210307,000000,2.047,2.26,2.044,2.244,0,0
CRV.V,D,20210308,000000,2.244,2.406,2.033,2.393,0,0
CRV.V,D,20210309,000000,2.393,2.485,2.283,2.406,0,0
CRV.V,D,20210310,000000,2.406,2.48,2.178,2.214,0,0
CRV.V,D,20210311,000000,2.214,2.223,2.068,2.174,0,0
CRV.V,D,20210312,000000,2.174,2.228,1.981,2.059,0,0
CRV.V,D,20210313,000000,2.059,2.382,1.984,2.377,0,0
CRV.V,D,20210314,000000,2.377,2.4,2.11,2.11,0,0
CRV.V,D,20210315,000000,2.11,2.352,2.051,2.226,0,0
CRV.V,D,20210316,000000,2.226,2.614,2.103,2.597,0,0
CRV.V,D,20210317,000000,2.597,2.597,2.281,2.422,0,0
CRV.V,D,20210318,000000,2.422,2.781,2.407,2.604,0,0
CRV.V,D,20210319,000000,2.604,2.794,2.487,2.746,0,0
CRV.V,D,20210320,000000,2.746,2.971,2.684,2.701,0,0
CRV.V,D,20210321,000000,2.701,2.757,2.518,2.595,0,0
CRV.V,D,20210322,000000,2.595,2.7,2.34,2.356,0,0
CRV.V,D,20210323,000000,2.356,3.204,2.228,2.883,0,0
CRV.V,D,20210324,000000,2.883,2.98,2.436,2.525,0,0
CRV.V,D,20210325,000000,2.525,2.719,2.328,2.386,0,0
CRV.V,D,20210326,000000,2.386,2.638,2.383,2.622,0,0
CRV.V,D,20210327,000000,2.622,3.194,2.558,3.122,0,0
CRV.V,D,20210328,000000,3.122,3.358,2.921,3.022,0,0
CRV.V,D,20210329,000000,3.022,3.573,2.995,3.524,0,0
CRV.V,D,20210330,000000,3.524,3.531,3.15,3.288,0,0
CRV.V,D,20210331,000000,3.288,3.295,3.022,3.134,0,0
CRV.V,D,20210401,000000,3.134,3.471,3.045,3.316,0,0
CRV.V,D,20210402,000000,3.316,3.516,3.222,3.35,0,0
CRV.V,D,20210403,000000,3.35,3.406,2.913,2.921,0,0
CRV.V,D,20210404,000000,2.921,3.118,2.864,3.103,0,0
CRV.V,D,20210405,000000,3.103,3.488,2.913,3.316,0,0
CRV.V,D,20210406,000000,3.316,3.394,3.031,3.176,0,0
CRV.V,D,20210407,000000,3.176,3.379,2.787,2.896,0,0
CRV.V,D,20210408,000000,2.896,3.095,2.852,3.074,0,0
CRV.V,D,20210409,000000,3.074,3.137,2.929,2.979,0,0
CRV.V,D,20210410,000000,2.979,3.052,2.866,2.96,0,0
CRV.V,D,20210411,000000,2.96,3.205,2.891,3.112,0,0
CRV.V,D,20210412,000000,3.112,3.123,2.941,3.031,0,0
CRV.V,D,20210413,000000,3.031,3.188,2.984,3.118,0,0
CRV.V,D,20210414,000000,3.118,3.295,2.984,3.157,0,0
CRV.V,D,20210415,000000,3.157,4.145,3.145,4.026,0,0
CRV.V,D,20210416,000000,4.026,4.646,3.703,3.915,0,0
CRV.V,D,20210417,000000,3.915,4.33,3.754,3.787,0,0
CRV.V,D,20210418,000000,3.787,3.87,2.67,3.224,0,0
CRV.V,D,20210419,000000,3.224,3.463,2.815,2.823,0,0
CRV.V,D,20210420,000000,2.823,3.097,2.589,3.028,0,0
CRV.V,D,20210421,000000,3.028,3.153,2.827,2.889,0,0
CRV.V,D,20210422,000000,2.889,3.301,2.724,2.762,0,0
CRV.V,D,20210423,000000,2.762,2.857,2.259,2.644,0,0
CRV.V,D,20210424,000000,2.644,2.646,2.349,2.377,0,0
CRV.V,D,20210425,000000,2.377,2.553,2.216,2.384,0,0
CRV.V,D,20210426,000000,2.384,2.837,2.354,2.781,0,0
CRV.V,D,20210427,000000,2.781,3.2,2.716,3.131,0,0
CRV.V,D,20210428,000000,3.131,3.214,2.827,3.038,0,0
CRV.V,D,20210429,000000,3.038,3.242,2.898,3.02,0,0
CRV.V,D,20210430,000000,3.02,3.388,2.962,3.335,0,0
CRV.V,D,20210501,000000,3.335,3.485,3.174,3.404,0,0
CRV.V,D,20210502,000000,3.404,3.412,3.135,3.276,0,0
CRV.V,D,20210503,000000,3.276,3.375,3.187,3.244,0,0
CRV.V,D,20210504,000000,3.244,3.253,2.818,2.828,0,0
CRV.V,D,20210505,000000,2.828,3.141,2.772,3.1,0,0
CRV.V,D,20210506,000000,3.1,3.42,3.031,3.246,0,0
CRV.V,D,20210507,000000,3.246,3.886,3.117,3.657,0,0
CRV.V,D,20210508,000000,3.657,3.965,3.471,3.574,0,0
CRV.V,D,20210509,000000,3.574,3.603,3.257,3.448,0,0
CRV.V,D,20210510,000000,3.448,3.686,2.873,3.09,0,0
CRV.V,D,20210511,000000,3.09,3.346,2.965,3.315,0,0
CRV.V,D,20210512,000000,3.315,3.878,3.251,3.389,0,0
CRV.V,D,20210513,000000,3.389,4.237,3.102,3.363,0,0
CRV.V,D,20210514,000000,3.363,3.825,3.317,3.683,0,0
CRV.V,D,20210515,000000,3.683,3.899,3.177,3.227,0,0
CRV.V,D,20210516,000000,3.227,3.501,3.01,3.27,0,0
CRV.V,D,20210517,000000,3.27,3.27,2.867,3.083,0,0
CRV.V,D,20210518,000000,3.083,3.606,3.048,3.494,0,0
CRV.V,D,20210519,000000,3.494,3.569,1.552,1.954,0,0
CRV.V,D,20210520,000000,1.954,2.432,1.652,2.2,0,0
CRV.V,D,20210521,000000,2.2,2.349,1.533,1.848,0,0
CRV.V,D,20210522,000000,1.848,1.987,1.55,1.631,0,0
CRV.V,D,20210523,000000,1.631,1.711,1.065,1.323,0,0
CRV.V,D,20210524,000000,1.323,1.645,1.279,1.625,0,0
CRV.V,D,20210525,000000,1.625,1.705,1.393,1.613,0,0
CRV.V,D,20210526,000000,1.613,1.93,1.578,1.896,0,0
CRV.V,D,20210527,000000,1.896,1.914,1.653,1.756,0,0
CRV.V,D,20210528,000000,1.756,1.791,1.504,1.59,0,0
CRV.V,D,20210529,000000,1.59,1.75,1.485,1.741,0,0
CRV.V,D,20210530,000000,1.741,1.798,1.617,1.679,0,0
CRV.V,D,20210531,000000,1.679,1.967,1.602,1.958,0,0
CRV.V,D,20210601,000000,1.958,2.076,1.787,2.05,0,0
CRV.V,D,20210602,000000,2.05,2.511,1.987,2.332,0,0
CRV.V,D,20210603,000000,2.332,2.744,2.299,2.502,0,0
CRV.V,D,20210604,000000,2.502,2.788,2.155,2.685,0,0
CRV.V,D,20210605,000000,2.685,2.899,2.405,2.53,0,0
CRV.V,D,20210606,000000,2.53,2.62,2.404,2.456,0,0
CRV.V,D,20210607,000000,2.456,2.571,2.122,2.151,0,0
CRV.V,D,20210608,000000,2.151,2.378,1.989,2.318,0,0
CRV.V,D,20210609,000000,2.318,2.579,2.164,2.524,0,0
CRV.V,D,20210610,000000,2.524,2.537,2.212,2.265,0,0
CRV.V,D,20210611,000000,2.265,2.308,2.063,2.162,0,0
CRV.V,D,20210612,000000,2.162,2.288,2.006,2.085,0,0
CRV.V,D,20210613,000000,2.085,2.269,2.055,2.205,0,0
CRV.V,D,20210614,000000,2.205,2.319,2.151,2.274,0,0
CRV.V,D,20210615,000000,2.274,2.356,2.193,2.238,0,0
CRV.V,D,20210616,000000,2.238,2.253,2.047,2.077,0,0
CRV.V,D,20210617,000000,2.077,2.173,2.01,2.095,0,0
CRV.V,D,20210618,000000,2.095,2.138,1.848,1.927,0,0
CRV.V,D,20210619,000000,1.927,1.972,1.856,1.856,0,0
CRV.V,D,20210620,000000,1.856,1.96,1.75,1.923,0,0
CRV.V,D,20210621,000000,1.923,1.95,1.421,1.448,0,0
CRV.V,D,20210622,000000,1.448,1.592,1.219,1.401,0,0
CRV.V,D,20210623,000000,1.401,1.578,1.339,1.505,0,0
CRV.V,D,20210624,000000,1.505,1.724,1.441,1.68,0,0
CRV.V,D,20210625,000000,1.68,1.738,1.431,1.441,0,0
CRV.V,D,20210626,000000,1.441,1.515,1.367,1.49,0,0
CRV.V,D,20210627,000000,1.49,1.6,1.439,1.589,0,0
CRV.V,D,20210628,000000,1.589,1.665,1.553,1.617,0,0
CRV.V,D,20210629,000000,1.617,1.861,1.604,1.795,0,0
CRV.V,D,20210630,000000,1.795,1.846,1.676,1.815,0,0
CRV.V,D,20210701,000000,1.815,1.853,1.65,1.694,0,0
CRV.V,D,20210702,000000,1.694,1.725,1.569,1.66,0,0
CRV.V,D,20210703,000000,1.66,1.786,1.632,1.757,0,0
CRV.V,D,20210704,000000,1.757,1.903,1.702,1.839,0,0
CRV.V,D,20210705,000000,1.839,1.847,1.696,1.797,0,0
CRV.V,D,20210706,000000,1.797,2.06,1.794,1.966,0,0
CRV.V,D,20210707,000000,1.966,2.098,1.931,1.939,0,0
CRV.V,D,20210708,000000,1.939,1.948,1.711,1.754,0,0
CRV.V,D,20210709,000000,1.754,1.793,1.677,1.767,0,0
CRV.V,D,20210710,000000,1.767,1.808,1.66,1.749,0,0
CRV.V,D,20210711,000000,1.749,1.779,1.717,1.761,0,0
CRV.V,D,20210712,000000,1.761,1.79,1.641,1.679,0,0
CRV.V,D,20210713,000000,1.679,1.69,1.567,1.605,0,0
CRV.V,D,20210714,000000,1.605,1.631,1.506,1.598,0,0
CRV.V,D,20210715,000000,1.598,1.646,1.487,1.505,0,0
CRV.V,D,20210716,000000,1.505,1.544,1.413,1.418,0,0
CRV.V,D,20210717,000000,1.418,1.464,1.397,1.427,0,0
CRV.V,D,20210718,000000,1.427,1.51,1.395,1.413,0,0
CRV.V,D,20210719,000000,1.413,1.42,1.324,1.342,0,0
CRV.V,D,20210720,000000,1.342,1.37,1.225,1.281,0,0
CRV.V,D,20210721,000000,1.281,1.471,1.245,1.446,0,0
CRV.V,D,20210722,000000,1.446,1.548,1.415,1.543,0,0
CRV.V,D,20210723,000000,1.543,1.616,1.479,1.603,0,0
CRV.V,D,20210724,000000,1.603,1.618,1.516,1.548,0,0
CRV.V,D,20210725,000000,1.548,1.559,1.461,1.525,0,0
CRV.V,D,20210726,000000,1.525,1.707,1.517,1.531,0,0
CRV.V,D,20210727,000000,1.531,1.585,1.473,1.571,0,0
CRV.V,D,20210728,000000,1.571,1.583,1.496,1.542,0,0
CRV.V,D,20210729,000000,1.542,1.632,1.509,1.623,0,0
CRV.V,D,20210730,000000,1.623,1.706,1.527,1.698,0,0
CRV.V,D,20210731,000000,1.698,1.759,1.647,1.706,0,0
CRV.V,D,20210801,000000,1.706,1.781,1.649,1.66,0,0
CRV.V,D,20210802,000000,1.66,1.692,1.607,1.626,0,0
CRV.V,D,20210803,000000,1.626,1.638,1.536,1.568,0,0
CRV.V,D,20210804,000000,1.568,1.647,1.532,1.624,0,0
CRV.V,D,20210805,000000,1.624,1.824,1.587,1.771,0,0
CRV.V,D,20210806,000000,1.771,1.973,1.696,1.922,0,0
CRV.V,D,20210807,000000,1.922,1.979,1.823,1.913,0,0
CRV.V,D,20210808,000000,1.913,1.937,1.722,1.757,0,0
CRV.V,D,20210809,000000,1.757,1.907,1.709,1.876,0,0
CRV.V,D,20210810,000000,1.876,2.073,1.832,2.066,0,0
CRV.V,D,20210811,000000,2.066,2.192,2.03,2.038,0,0
CRV.V,D,20210812,000000,2.056,2.057,1.927,2.031,0,0
CRV.V,D,20210813,000000,2.031,2.376,2.025,2.361,0,0
CRV.V,D,20210814,000000,2.361,2.364,2.161,2.263,0,0
CRV.V,D,20210815,000000,2.263,2.292,2.082,2.222,0,0
CRV.V,D,20210816,000000,2.222,2.287,2.099,2.123,0,0
CRV.V,D,20210817,000000,2.123,2.235,1.908,1.922,0,0
CRV.V,D,20210818,000000,1.922,2.015,1.854,1.912,0,0
CRV.V,D,20210819,000000,1.912,2.151,1.871,2.151,0,0
CRV.V,D,20210820,000000,2.151,2.342,2.127,2.269,0,0
CRV.V,D,20210821,000000,2.269,2.325,2.154,2.223,0,0
CRV.V,D,20210822,000000,2.223,2.468,2.183,2.443,0,0
CRV.V,D,20210823,000000,2.443,2.513,2.28,2.366,0,0
CRV.V,D,20210824,000000,2.366,2.387,2.09,2.097,0,0
CRV.V,D,20210825,000000,2.097,2.249,2.093,2.198,0,0
CRV.V,D,20210826,000000,2.198,2.239,2.017,2.05,0,0
CRV.V,D,20210827,000000,2.05,2.195,1.988,2.184,0,0
CRV.V,D,20210828,000000,2.184,2.217,2.081,2.096,0,0
CRV.V,D,20210829,000000,2.096,2.168,2.039,2.105,0,0
CRV.V,D,20210830,000000,2.105,2.267,2.024,2.097,0,0
CRV.V,D,20210831,000000,2.097,2.384,2.044,2.236,0,0
CRV.V,D,20210901,000000,2.236,2.314,2.161,2.308,0,0
CRV.V,D,20210902,000000,2.308,2.308,2.203,2.205,0,0
CRV.V,D,20210903,000000,2.205,2.273,2.167,2.206,0,0
CRV.V,D,20210904,000000,2.206,2.336,2.189,2.271,0,0
CRV.V,D,20210905,000000,2.271,2.544,2.248,2.481,0,0
CRV.V,D,20210906,000000,2.481,2.656,2.41,2.487,0,0
CRV.V,D,20210907,000000,2.487,2.5,1.655,1.989,0,0
CRV.V,D,20210908,000000,1.989,2.056,1.823,1.981,0,0
CRV.V,D,20210909,000000,1.981,2.429,1.913,2.38,0,0
CRV.V,D,20210910,000000,2.38,2.474,2.058,2.143,0,0
CRV.V,D,20210911,000000,2.143,2.328,2.123,2.269,0,0
CRV.V,D,20210912,000000,2.269,2.432,2.204,2.425,0,0
CRV.V,D,20210913,000000,2.425,2.479,2.049,2.36,0,0
CRV.V,D,20210914,000000,2.36,2.851,2.358,2.795,0,0
CRV.V,D,20210915,000000,2.795,3.207,2.717,3.013,0,0
CRV.V,D,20210916,000000,3.013,3.441,2.924,3.108,0,0
CRV.V,D,20210917,000000,3.108,3.232,2.774,2.806,0,0
CRV.V,D,20210918,000000,2.806,2.971,2.699,2.885,0,0
CRV.V,D,20210919,000000,2.885,3.093,2.68,3.043,0,0
CRV.V,D,20210920,000000,3.043,3.14,2.353,2.408,0,0
CRV.V,D,20210921,000000,2.408,2.663,2.149,2.195,0,0
CRV.V,D,20210922,000000,2.195,2.52,2.15,2.45,0,0
CRV.V,D,20210923,000000,2.45,2.838,2.359,2.79,0,0
CRV.V,D,20210924,000000,2.79,2.795,2.254,2.428,0,0
CRV.V,D,20210925,000000,2.428,2.481,2.274,2.312,0,0
CRV.V,D,20210926,000000,2.312,2.618,2.07,2.548,0,0
CRV.V,D,20210927,000000,2.548,2.748,2.359,2.369,0,0
CRV.V,D,20210928,000000,2.369,2.415,2.221,2.23,0,0
CRV.V,D,20210929,000000,2.23,2.4,2.213,2.289,0,0
CRV.V,D,20210930,000000,2.289,2.399,2.255,2.335,0,0
CRV.V,D,20211001,000000,2.335,2.557,2.288,2.535,0,0
CRV.V,D,20211002,000000,2.535,2.651,2.457,2.535,0,0
CRV.V,D,20211003,000000,2.535,2.963,2.488,2.818,0,0
CRV.V,D,20211004,000000,2.818,2.902,2.644,2.881,0,0
CRV.V,D,20211005,000000,2.881,3.035,2.766,2.939,0,0
CRV.V,D,20211006,000000,2.939,2.942,2.631,2.738,0,0
CRV.V,D,20211007,000000,2.738,2.9,2.658,2.811,0,0
CRV.V,D,20211008,000000,2.811,2.96,2.75,2.954,0,0
CRV.V,D,20211009,000000,2.954,3.093,2.869,2.907,0,0
CRV.V,D,20211010,000000,2.907,2.91,2.682,2.7,0,0
CRV.V,D,20211011,000000,2.7,2.811,2.643,2.696,0,0
CRV.V,D,20211012,000000,2.696,2.704,2.521,2.688,0,0
CRV.V,D,20211013,000000,2.688,2.999,2.648,2.961,0,0
CRV.V,D,20211014,000000,2.961,3.149,2.859,2.889,0,0
CRV.V,D,20211015,000000,2.889,3.015,2.814,2.899,0,0
CRV.V,D,20211016,000000,2.899,3.079,2.885,2.91,0,0
CRV.V,D,20211017,000000,2.91,2.918,2.739,2.87,0,0
CRV.V,D,20211018,000000,2.87,2.874,2.727,2.795,0,0
CRV.V,D,20211019,000000,2.795,2.847,2.683,2.792,0,0
CRV.V,D,20211020,000000,2.792,2.968,2.79,2.937,0,0
CRV.V,D,20211021,000000,2.937,3.055,2.843,2.858,0,0
CRV.V,D,20211022,000000,2.858,3.371,2.857,3.331,0,0
CRV.V,D,20211023,000000,3.331,3.788,3.185,3.694,0,0
CRV.V,D,20211024,000000,3.694,3.946,3.457,3.503,0,0
CRV.V,D,20211025,000000,3.503,4.828,3.486,4.795,0,0
CRV.V,D,20211026,000000,4.795,5.199,4.522,4.632,0,0
CRV.V,D,20211027,000000,4.632,4.716,4.076,4.442,0,0
CRV.V,D,20211028,000000,4.442,5.497,4.438,4.776,0,0
CRV.V,D,20211029,000000,4.776,5.006,4.56,4.665,0,0
CRV.V,D,20211030,000000,4.665,5.287,4.562,4.734,0,0
CRV.V,D,20211031,000000,4.734,4.745,4.306,4.424,0,0
CRV.V,D,20211101,000000,4.424,4.533,4.192,4.506,0,0
CRV.V,D,20211102,000000,4.506,4.634,4.226,4.287,0,0
CRV.V,D,20211103,000000,4.287,4.603,4.085,4.375,0,0
CRV.V,D,20211104,000000,4.375,4.537,4.062,4.163,0,0
CRV.V,D,20211105,000000,4.163,4.222,4.029,4.08,0,0
CRV.V,D,20211106,000000,4.08,4.295,3.889,4.111,0,0
CRV.V,D,20211107,000000,4.111,4.743,4.086,4.498,0,0
CRV.V,D,20211108,000000,4.498,4.674,4.301,4.635,0,0
CRV.V,D,20211109,000000,4.635,4.995,4.434,4.52,0,0
CRV.V,D,20211110,000000,4.52,4.596,3.724,4.08,0,0
CRV.V,D,20211111,000000,4.08,4.423,4.045,4.17,0,0
CRV.V,D,20211112,000000,4.17,4.29,3.885,4.029,0,0
CRV.V,D,20211113,000000,4.029,4.38,4.029,4.224,0,0
CRV.V,D,20211114,000000,4.224,4.371,4.035,4.129,0,0
CRV.V,D,20211115,000000,4.129,4.159,3.902,3.936,0,0
CRV.V,D,20211116,000000,3.936,3.938,3.343,3.709,0,0
CRV.V,D,20211117,000000,3.709,4.06,3.689,4.037,0,0
CRV.V,D,20211118,000000,4.037,4.245,3.585,4.139,0,0
CRV.V,D,20211119,000000,4.139,4.295,3.883,3.974,0,0
CRV.V,D,20211120,000000,3.974,4.182,3.85,3.945,0,0
CRV.V,D,20211121,000000,3.945,3.947,3.747,3.802,0,0
CRV.V,D,20211122,000000,3.802,4.536,3.717,4.261,0,0
CRV.V,D,20211123,000000,4.261,5.09,4.112,5.056,0,0
CRV.V,D,20211124,000000,5.056,6.1729,4.533,6.0511,0,0
CRV.V,D,20211125,000000,6.0409,6.4008,5.5134,5.7923,0,0
CRV.V,D,20211126,000000,5.7999,6.1097,4.7377,5.1275,0,0
CRV.V,D,20211127,000000,5.133,5.367,4.6751,4.8519,0,0
CRV.V,D,20211128,000000,4.8544,4.8935,4.2203,4.7535,0,0
CRV.V,D,20211129,000000,4.7464,5.0434,4.6063,4.8167,0,0
CRV.V,D,20211130,000000,4.8056,5.0099,4.5214,4.883,0,0
CRV.V,D,20211201,000000,4.8773,5.4792,4.8079,4.9351,0,0
CRV.V,D,20211202,000000,4.9311,4.9985,4.6474,4.7848,0,0
CRV.V,D,20211203,000000,4.7817,4.8213,4.014,4.3361,0,0
CRV.V,D,20211204,000000,4.3342,4.4287,3.0932,3.7981,0,0
CRV.V,D,20211205,000000,3.8038,3.967,3.341,3.5205,0,0
CRV.V,D,20211206,000000,3.5243,3.8515,3.2113,3.7708,0,0
CRV.V,D,20211207,000000,3.7679,4.1472,3.6731,3.9921,0,0
CRV.V,D,20211208,000000,4,4.22,3.7905,4.0716,0,0
CRV.V,D,20211209,000000,4.088,4.2714,3.607,3.7,0,0
CRV.V,D,20211210,000000,3.7,3.79,3.38,3.43,0,0
CRV.V,D,20211211,000000,3.42,3.72,3.29,3.67,0,0
CRV.V,D,20211212,000000,3.67,3.89,3.58,3.85,0,0
CRV.V,D,20211213,000000,3.86,3.91,3.26,3.38,0,0
CRV.V,D,20211214,000000,3.38,3.47,3.23,3.4,0,0
CRV.V,D,20211215,000000,3.4,3.8079,3.23194,3.68521,0,0
CRV.V,D,20211216,000000,3.68821,4.08923,3.67484,3.96919,0,0
CRV.V,D,20211217,000000,3.96819,4.46334,3.70811,4.30672,0,0
CRV.V,D,20211218,000000,4.30472,4.61284,4.10564,4.48879,0,0
CRV.V,D,20211219,000000,4.4908,4.6023,4.11506,4.2437,0,0
CRV.V,D,20211220,000000,4.24012,4.30172,3.78776,4.09823,0,0
CRV.V,D,20211221,000000,4.09564,4.63385,4.03661,4.61384,0,0
CRV.V,D,20211222,000000,4.61284,5.28559,4.59484,5.1936,0,0
CRV.V,D,20211223,000000,5.19308,5.43363,4.90898,5.13205,0,0
CRV.V,D,20211224,000000,5.13505,5.61681,5.03452,5.15009,0,0
CRV.V,D,20211225,000000,5.15309,5.87294,5.07053,5.82933,0,0
CRV.V,D,20211226,000000,5.82933,6.07504,5.63582,5.77088,18699263,0
CRV.V,D,20211227,000000,5.77088,5.8029,5.28659,5.36561,27093791,0
CRV.V,D,20211228,000000,5.36561,5.37161,4.65047,4.79748,59982534,0
CRV.V,D,20211229,000000,4.79696,5.20052,4.70894,4.87297,58633250,0
CRV.V,D,20211230,000000,4.87197,5.28006,4.65893,5.08602,42241330,0
CRV.V,D,20211231,000000,5.09102,5.71857,5.0065,5.44154,55177606.622249,0
CRV.V,D,20220101,000000,5.43954,6.297,5.31506,6.18324,73574062.228508,0
CRV.V,D,20220102,000000,6.18424,6.45029,5.91218,6.02721,55767084.591602,0
CRV.V,D,20220103,000000,6.02721,6.72567,5.734,6.31763,79207553.433516,0
CRV.V,D,20220104,000000,6.31963,6.80068,6.06479,6.20538,73312503.246457,0
CRV.V,D,20220105,000000,6.20538,6.429,4.9995,5.34447,60958143.668676,0
CRV.V,D,20220106,000000,5.34247,5.52745,5.07249,5.41646,56876706.850919,0
CRV.V,D,20220107,000000,5.41846,5.44491,4.73405,4.988,58965694.303971,0
CRV.V,D,20220108,000000,4.9795,5.26547,4.37356,4.687,40153367.552847,0
CRV.V,D,20220109,000000,4.687,4.871,4.516,4.656,34629906.461191,0
CRV.V,D,20220110,000000,4.659,4.678,4.017,4.311,53435773.228596,0
CRV.V,D,20220111,000000,4.307,4.67547,4.256,4.57846,34239312.198022,0
CRV.V,D,20220112,000000,4.57846,5.01801,4.57146,4.87395,35687607.71092,0
CRV.V,D,20220113,000000,4.87395,5.19008,4.75938,4.997,44129680.070055,0
CRV.V,D,20220114,000000,4.993,5.37615,4.65533,5.3506,51185496.395804,0
CRV.V,D,20220115,000000,5.35261,5.47974,5.2511,5.32266,32683339.586555,0
CRV.V,D,20220116,000000,5.32166,5.37168,5.06553,5.17007,23314926.083971,0
CRV.V,D,20220117,000000,5.17307,5.17907,4.60838,4.7399,40311064.696245,0
CRV.V,D,20220118,000000,4.7399,4.85094,4.40176,4.61238,25385565.803942,0
CRV.V,D,20220119,000000,4.60938,4.63585,4.20384,4.26028,31058498.714199,0
CRV.V,D,20220120,000000,4.26128,4.55791,4.07481,4.10282,26264597.648322,0
CRV.V,D,20220121,000000,4.10182,4.10441,3.21596,3.29299,42274705.741058,0
CRV.V,D,20220122,000000,3.30066,3.45404,2.56951,2.83785,51666874.999858,0
CRV.V,D,20220123,000000,2.83585,3.14894,2.82285,2.88458,31095935.700855,0
CRV.V,D,20220124,000000,2.89058,3.05561,2.36447,2.80884,36401134.501826,0
CRV.V,D,20220125,000000,2.80884,3.12056,2.70481,3.02451,40840854.568438,0
CRV.V,D,20220126,000000,3.02551,3.29197,2.8114,2.85943,44952394.533713,0
CRV.V,D,20220127,000000,2.85771,2.93817,2.65433,2.72336,28898527.698044,0
CRV.V,D,20220128,000000,2.72736,2.95189,2.69581,2.89387,26993319.109549,0
CRV.V,D,20220129,000000,2.89358,3.08392,2.88487,3.0139,21038525.809613,0
CRV.V,D,20220130,000000,3.0149,3.22397,2.92759,3.09093,37644548.779874,0
CRV.V,D,20220131,000000,3.09024,3.30998,2.94818,3.30665,38122383.675778,0
CRV.V,D,20220201,000000,3.30465,3.50275,3.24995,3.45607,30457499.531846,0
CRV.V,D,20220202,000000,3.45507,3.5071,3.07153,3.11849,24306246.893547,0
CRV.V,D,20220203,000000,3.12181,3.14157,2.98619,3.07254,15755488.203187,0
CRV.V,D,20220204,000000,3.07254,3.40138,3.05722,3.39471,19985318.060921,0
CRV.V,D,20220205,000000,3.39371,3.5725,3.38137,3.46808,21851833.947579,0
CRV.V,D,20220206,000000,3.46908,3.53677,3.27196,3.29532,16982241.577463,0
CRV.V,D,20220207,000000,3.29532,3.64091,3.29064,3.60952,31224452.823165,0
CRV.V,D,20220208,000000,3.61253,3.72561,3.29931,3.42208,28973527.058073,0
CRV.V,D,20220209,000000,3.42508,3.55019,3.34367,3.52187,14594352.768293,0
CRV.V,D,20220210,000000,3.52152,3.52287,3.19687,3.26428,18144604.858109,0
CRV.V,D,20220211,000000,3.26228,3.26829,2.82613,2.83785,18831523.366091,0
CRV.V,D,20220212,000000,2.83685,3.01781,2.7934,2.88344,14502118.996063,0
CRV.V,D,20220213,000000,2.88244,2.92646,2.72363,2.78567,12797283.988051,0
CRV.V,D,20220214,000000,2.77967,2.90574,2.65359,2.87244,19372780.980838,0
CRV.V,D,20220215,000000,2.87272,3.14789,2.86272,3.11987,17977347.32904,0
CRV.V,D,20220216,000000,3.11818,3.27329,3.05583,3.19692,19444789.081152,0
CRV.V,D,20220217,000000,3.1956,3.30098,2.89173,2.94606,22929444.40829,0
CRV.V,D,20220218,000000,2.94606,2.9991,2.79596,2.80868,13613059.171574,0
CRV.V,D,20220219,000000,2.80868,2.87172,2.71236,2.78139,8985835.4969318,0
CRV.V,D,20220220,000000,2.78139,2.80968,2.51401,2.5953,13613891.913869,0
CRV.V,D,20220221,000000,2.5953,2.69235,2.40096,2.41797,18696263.700208,0
CRV.V,D,20220222,000000,2.41321,2.42973,2.22489,2.34817,20967729.765676,0
CRV.V,D,20220223,000000,2.35017,2.51751,2.29915,2.3394,17315738.671196,0
CRV.V,D,20220224,000000,2.3404,2.3414,1.89195,2.16787,34115933.697426,0
CRV.V,D,20220225,000000,2.16387,2.4032,2.15886,2.4022,17912425.495855,0
CRV.V,D,20220226,000000,2.4002,2.45122,2.31593,2.41221,14820653.104965,0
CRV.V,D,20220227,000000,2.41196,2.41221,2.15708,2.2071,18098913.15992,0
CRV.V,D,20220228,000000,2.20788,2.43622,2.12985,2.39796,18188583.236787,0
CRV.V,D,20220301,000000,2.40096,2.60104,2.40096,2.52276,21144732.078064,0
CRV.V,D,20220302,000000,2.5215,2.75383,2.46349,2.65753,27416823.289595,0
CRV.V,D,20220303,000000,2.6578,2.67153,2.44449,2.5035,13117191.686882,0
CRV.V,D,20220304,000000,2.50575,2.52076,2.22144,2.25568,10044236.712421,0
CRV.V,D,20220305,000000,2.25368,2.28246,2.18644,2.25345,6183796.7146974,0
CRV.V,D,20220306,000000,2.25368,2.26768,2.08062,2.11363,9350507.2821284,0
CRV.V,D,20220307,000000,2.11263,2.13543,1.92639,1.9986,12484468.817163,0
CRV.V,D,20220308,000000,1.9996,2.12242,1.96959,2.0104,11506024.47675,0
CRV.V,D,20220309,000000,2.0094,2.21344,1.9994,2.14043,10517997.835772,0
CRV.V,D,20220310,000000,2.14243,2.16443,1.95659,2.02581,12596853.06057,0
CRV.V,D,20220311,000000,2.03061,2.10584,1.94378,1.9864,9331880.5398455,0
CRV.V,D,20220312,000000,1.9864,2.06041,1.9662,1.9992,5448482.283065,0
CRV.V,D,20220313,000000,1.9996,2.03341,1.89538,1.90857,5548131.9560325,0
CRV.V,D,20220314,000000,1.90738,2.0004,1.89438,1.93539,21633154.909516,0
CRV.V,D,20220315,000000,1.93619,2.0026,1.87037,1.96259,21971554.711817,0
CRV.V,D,20220316,000000,1.96359,2.06741,1.91338,2.05762,10327521.296703,0
CRV.V,D,20220317,000000,2.05662,2.18265,2.03641,2.13407,12027463.69853,0
CRV.V,D,20220318,000000,2.13485,2.25435,2.07904,2.22011,14441679.520545,0
CRV.V,D,20220319,000000,2.22011,2.3274,2.22011,2.26313,10064748.601054,0
CRV.V,D,20220320,000000,2.26413,2.30292,2.11985,2.16587,9846859.603774,0
CRV.V,D,20220321,000000,2.16487,2.24012,2.10484,2.2091,10793678.554168,0
CRV.V,D,20220322,000000,2.20788,2.32693,2.17809,2.27214,8955704.7157446,0
CRV.V,D,20220323,000000,2.27314,2.3952,2.23612,2.36795,10605889.392986,0
CRV.V,D,20220324,000000,2.36818,2.43797,2.33193,2.37895,10618377.030794,0
CRV.V,D,20220325,000000,2.37819,2.43546,2.26113,2.28291,11823656.168234,0
CRV.V,D,20220326,000000,2.28214,2.4102,2.26891,2.38595,7552933.1126709,0
CRV.V,D,20220327,000000,2.38595,2.65706,2.38595,2.62505,18672171.10258,0
CRV.V,D,20220328,000000,2.62579,2.73009,2.58377,2.67507,20998984.76523,0
CRV.V,D,20220329,000000,2.67234,2.89245,2.54476,2.78339,32038575.527663,0
CRV.V,D,20220330,000000,2.78139,2.90987,2.68634,2.84885,16139734.59425,0
CRV.V,D,20220331,000000,2.84885,2.94259,2.62152,2.66453,22776246.904447,0
CRV.V,D,20220401,000000,2.6648,2.83914,2.55677,2.79112,16727704.285329,0
CRV.V,D,20220402,000000,2.79056,2.95989,2.78011,2.89316,21666321.097606,0
CRV.V,D,20220403,000000,2.89616,3.05422,2.82685,2.95718,16272022.491937,0
CRV.V,D,20220404,000000,2.95789,3.01921,2.74382,2.89958,14864068.43689,0
CRV.V,D,20220405,000000,2.90387,2.96589,2.80028,2.86057,11611873.632853,0
CRV.V,D,20220406,000000,2.86157,2.86257,2.522,2.566,14822014.013283,0
CRV.V,D,20220407,000000,2.567,2.57626,2.43524,2.51825,10748797.194661,0
CRV.V,D,20220408,000000,2.51725,2.58352,2.36871,2.38195,11633487.321653,0
CRV.V,D,20220409,000000,2.37995,2.4895,2.30969,2.45474,8467985.3648396,0
CRV.V,D,20220410,000000,2.45474,2.52376,2.42073,2.46749,7558791.5539712,0
CRV.V,D,20220411,000000,2.46849,2.4815,2.14443,2.15265,10210486.046468,0
CRV.V,D,20220412,000000,2.15064,2.28346,2.13864,2.20066,8036808.9588829,0
CRV.V,D,20220413,000000,2.20066,2.29492,2.17765,2.26668,7158908.8014017,0
CRV.V,D,20220414,000000,2.26668,2.3277,2.20144,2.23322,8007615.215249,0
CRV.V,D,20220415,000000,2.23222,2.27123,2.18622,2.22244,4447818.407039,0
CRV.V,D,20220416,000000,2.22244,2.24745,2.19022,2.23345,2198107.4082215,0
CRV.V,D,20220417,000000,2.23522,2.34823,2.21822,2.28946,5353446.0146467,0
CRV.V,D,20220418,000000,2.28846,2.30246,2.05221,2.18265,15834858.886217,0
CRV.V,D,20220419,000000,2.18165,2.34547,2.15743,2.29446,9943296.7971111,0
CRV.V,D,20220420,000000,2.29546,2.41648,2.26645,2.31846,10878949.478921,0
CRV.V,D,20220421,000000,2.31846,2.40848,2.22545,2.22645,8137104.9795899,0
CRV.V,D,20220422,000000,2.22522,2.59252,2.18422,2.53225,41580520.931215,0
CRV.V,D,20220423,000000,2.53151,2.72955,2.46349,2.68727,34120059.502126,0
CRV.V,D,20220424,000000,2.68754,2.77956,2.59552,2.70954,20326905.086527,0
CRV.V,D,20220425,000000,2.70754,2.77355,2.4875,2.73755,15671782.35514,0
CRV.V,D,20220426,000000,2.73455,2.77728,2.425,2.42624,9890496.1593981,0
CRV.V,D,20220427,000000,2.42524,2.545,2.355,2.484,10343549.498197,0
CRV.V,D,20220428,000000,2.48525,2.55526,2.38724,2.407,11710697.741616,0
CRV.V,D,20220429,000000,2.40724,2.42824,2.201,2.22922,8728423.69516,0
CRV.V,D,20220430,000000,2.22922,2.25022,2.15021,2.17122,4660890.613695,0
CRV.V,D,20220501,000000,2.16922,2.16922,1.949,2.023,11810637.127191,0
CRV.V,D,20220502,000000,2.0212,2.12421,1.99,2.108,9695937.3620391,0
CRV.V,D,20220503,000000,2.10921,2.21678,2.0372,2.16278,12151865.688308,0
CRV.V,D,20220504,000000,2.16278,2.64474,2.13979,2.631,29221639.486535,0
CRV.V,D,20220505,000000,2.635,2.66447,2.27055,2.40552,25250901.584144,0
CRV.V,D,20220506,000000,2.40652,2.5165,2.18878,2.29777,19169693.96224,0
CRV.V,D,20220507,000000,2.30077,2.36976,2.22655,2.22855,11171905.324467,0
CRV.V,D,20220508,000000,2.22678,2.45726,2.17391,2.42727,21629426.059853,0
CRV.V,D,20220509,000000,2.42627,2.43127,1.97241,1.9896,19089117.857709,0
CRV.V,D,20220510,000000,1.9936,2.15135,1.86044,1.90424,20009106.435996,0
CRV.V,D,20220511,000000,1.90324,2.02719,1.37661,1.47253,34675822.322514,0
CRV.V,D,20220512,000000,1.47652,1.58432,1.04313,1.25348,27546265.263881,0
CRV.V,D,20220513,000000,1.2546,1.59544,1.23578,1.37865,24509225.37993,0
CRV.V,D,20220514,000000,1.37965,1.39349,1.2475,1.35111,15919962.544492,0
CRV.V,D,20220515,000000,1.35111,1.47922,1.34012,1.47723,8125920.450297,0
CRV.V,D,20220516,000000,1.47523,1.51533,1.31429,1.39219,8630691.7456643,0
CRV.V,D,20220517,000000,1.39518,1.46224,1.29332,1.38919,11247330.760696,0
CRV.V,D,20220518,000000,1.38919,1.41929,1.20343,1.25137,13012362.25738,0
CRV.V,D,20220519,000000,1.25237,1.27086,0.99391,1.12088,41622801.339113,0
CRV.V,D,20220520,000000,1.12288,1.18205,1.04795,1.12665,30857883.305376,0
CRV.V,D,20220521,000000,1.12765,1.23939,1.09868,1.18745,29705832.952885,0
CRV.V,D,20220522,000000,1.18745,1.26336,1.18745,1.23651,15785238.446381,0
CRV.V,D,20220523,000000,1.23452,1.41758,1.23452,1.31941,26356510.382665,0
CRV.V,D,20220524,000000,1.31842,1.31842,1.1847,1.24838,13967559.214177,0
CRV.V,D,20220525,000000,1.24925,1.28259,1.20268,1.24863,10276610.186067,0
CRV.V,D,20220526,000000,1.24863,1.25961,1.0898,1.21478,14398204.677709,0
CRV.V,D,20220527,000000,1.21578,1.23676,1.11089,1.17882,15696500.166644,0
CRV.V,D,20220528,000000,1.17764,1.29369,1.15842,1.23455,17796888.395341,0
CRV.V,D,20220529,000000,1.23353,1.23356,1.17681,1.23164,8936810.9718894,0
CRV.V,D,20220530,000000,1.23263,1.39602,1.22172,1.38689,14324004.641455,0
CRV.V,D,20220531,000000,1.38989,1.46497,1.31994,1.37276,13147777.127834,0
CRV.V,D,20220601,000000,1.3739,1.432,1.22835,1.25347,10806628.336598,0
CRV.V,D,20220602,000000,1.24962,1.28874,1.20072,1.23719,9435317.0902094,0
CRV.V,D,20220603,000000,1.23769,1.26636,1.16247,1.19256,7107314.6499069,0
CRV.V,D,20220604,000000,1.19346,1.19806,1.14571,1.17692,8733594.9362301,0
CRV.V,D,20220605,000000,1.17812,1.24389,1.14907,1.22586,8205951.2309644,0
CRV.V,D,20220606,000000,1.22585,1.33291,1.20685,1.28491,20639418.070052,0
CRV.V,D,20220607,000000,1.28492,1.29492,1.15707,1.22701,17365931.195565,0
CRV.V,D,20220608,000000,1.22602,1.22903,1.13817,1.16124,14008407.837478,0
CRV.V,D,20220609,000000,1.16224,1.17899,1.13103,1.14903,12550502.905251,0
CRV.V,D,20220610,000000,1.14802,1.16604,1.01891,1.04067,21285441.875826,0
CRV.V,D,20220611,000000,1.04067,1.06186,0.8849,0.91097,24617223.312855,0
CRV.V,D,20220612,000000,0.91096,0.95467,0.84181,0.90988,24077230.364292,0
CRV.V,D,20220613,000000,0.90788,0.90788,0.62526,0.72,102529794.04173,0
CRV.V,D,20220614,000000,0.71901,0.74582,0.63505,0.69417,75872124.277095,0
CRV.V,D,20220615,000000,0.69417,0.76915,0.60691,0.76385,67741259.431142,0
CRV.V,D,20220616,000000,0.76505,0.76972,0.65721,0.685139,31508722.177345,0
CRV.V,D,20220617,000000,0.659582,0.695,0.650295,0.662604,51285179.167287,0
CRV.V,D,20220618,000000,0.662,0.675795,0.534208,0.576065,57640835.127693,0
CRV.V,D,20220619,000000,0.575067,0.661206,0.553175,0.648156,64030906.971126,0
CRV.V,D,20220620,000000,0.649919,0.737688,0.606511,0.685945,26690301.370152,0
CRV.V,D,20220621,000000,0.683248,0.794364,0.674357,0.725501,29499260.209282,0
CRV.V,D,20220622,000000,0.728198,0.784236,0.681849,0.706093,27791941.574897,0
CRV.V,D,20220623,000000,0.706992,0.829869,0.692707,0.798101,36025166.808024,0
CRV.V,D,20220624,000000,0.798121,0.85634,0.795204,0.84534,29944054.579947,0
CRV.V,D,20220625,000000,0.846153,0.871128,0.78246,0.835415,20236809.783955,0
CRV.V,D,20220626,000000,0.838105,0.848914,0.771537,0.786912,32863251.974686,0
CRV.V,D,20220627,000000,0.78712,0.790362,0.721528,0.740141,12438501.296968,0
CRV.V,D,20220628,000000,0.740248,0.774295,0.705978,0.723309,12211201.306169,0
CRV.V,D,20220629,000000,0.723102,0.723102,0.680637,0.716232,17706926.940878,0
CRV.V,D,20220630,000000,0.716539,0.725129,0.632277,0.656311,39649885.70897,0
CRV.V,D,20220701,000000,0.65731,0.833032,0.649554,0.764758,44657279.767604,0
CRV.V,D,20220702,000000,0.765257,0.792648,0.726627,0.789352,15611603.207884,0
CRV.V,D,20220703,000000,0.791849,0.812043,0.75729,0.801956,13162212.855725,0
CRV.V,D,20220704,000000,0.796064,0.88244,0.796064,0.855872,16854197.353521,0
CRV.V,D,20220705,000000,0.855272,1.011386,0.827606,0.988012,37755060.848254,0
CRV.V,D,20220706,000000,0.988412,1.002696,0.916491,0.960742,28602071.815644,0
CRV.V,D,20220707,000000,0.960742,1.057835,0.937368,1.028383,19612905.635227,0
CRV.V,D,20220708,000000,1.027783,1.071649,0.986208,1.014891,18093668.58551,0
CRV.V,D,20220709,000000,1.014391,1.057865,1.003497,1.028882,14309907.189715,0
CRV.V,D,20220710,000000,1.028982,1.03288,0.953128,0.968119,9776337.7785034,0
CRV.V,D,20220711,000000,0.967419,0.967419,0.89888,0.907782,10844933.444312,0
CRV.V,D,20220712,000000,0.906665,0.921278,0.871228,0.883516,29160251.059823,0
CRV.V,D,20220713,000000,0.883028,1.027871,0.863466,1.015785,93646403.101222,0
CRV.V,D,20220714,000000,1.017583,1.176694,1.007793,1.167199,143237896.74064,0
CRV.V,D,20220715,000000,1.159904,1.185288,1.11193,1.11876,139640379.61234,0
CRV.V,D,20220716,000000,1.11876,1.19494,1.08557,1.17505,111960780.64869,0
CRV.V,D,20220717,000000,1.17516,1.1832,1.09786,1.11031,159745244.75971,0
CRV.V,D,20220718,000000,1.11041,1.27104,1.07525,1.22942,177444637.18543,0
CRV.V,D,20220719,000000,1.22942,1.38225,1.22461,1.254,165308751.22595,0
CRV.V,D,20220720,000000,1.2564,1.27833,1.13649,1.16186,138600373.53821,0
CRV.V,D,20220721,000000,1.16936,1.40547,1.10436,1.39435,230337720.85639,0
CRV.V,D,20220722,000000,1.39113,1.54481,1.37258,1.41361,234146879.54226,0
CRV.V,D,20220723,000000,1.41361,1.50288,1.34416,1.37376,202799313.89023,0
CRV.V,D,20220724,000000,1.37464,1.44253,1.35988,1.38496,131235018.25703,0
CRV.V,D,20220725,000000,1.38498,1.41645,1.21131,1.243,190796410.2505,0
CRV.V,D,20220726,000000,1.243,1.24854,1.0942,1.13716,177688368.33965,0
CRV.V,D,20220727,000000,1.13716,1.31269,1.11866,1.29061,209769438.13129,0
CRV.V,D,20220728,000000,1.29061,1.58059,1.24881,1.5151,275670186.19638,0
CRV.V,D,20220729,000000,1.5151,1.57852,1.40316,1.44489,203629749.24378,0
CRV.V,D,20220730,000000,1.45049,1.47672,1.37015,1.37617,188252054.60628,0
CRV.V,D,20220731,000000,1.38712,1.43154,1.34108,1.37302,223602691.41443,0
CRV.V,D,20220801,000000,1.37811,1.38267,1.27704,1.28969,137772401.78816,0
CRV.V,D,20220802,000000,1.30579,1.38567,1.218,1.33503,166570313.00521,0
CRV.V,D,20220803,000000,1.33503,1.43086,1.28352,1.38785,163989111.53619,0
CRV.V,D,20220804,000000,1.37311,1.39751,1.29479,1.32104,136344063.19409,0
CRV.V,D,20220805,000000,1.32104,1.44724,1.30675,1.39398,187600430.16077,0
CRV.V,D,20220806,000000,1.40957,1.45013,1.37792,1.40261,126041519.05188,0
CRV.V,D,20220807,000000,1.39961,1.42147,1.35999,1.41707,93127625.226314,0
CRV.V,D,20220808,000000,1.41707,1.49257,1.39404,1.44637,156141690.85027,0
CRV.V,D,20220809,000000,1.44637,1.44637,1.24,1.29556,169784904.91231,0
CRV.V,D,20220810,000000,1.29756,1.39395,1.24792,1.35869,179213284.20478,0
CRV.V,D,20220811,000000,1.3731,1.44276,1.37099,1.37895,174880892.44405,0
CRV.V,D,20220812,000000,1.38635,1.39694,1.33723,1.39334,123025907.17025,0
CRV.V,D,20220813,000000,1.39334,1.46905,1.3873,1.41875,139614950.99371,0
CRV.V,D,20220814,000000,1.41725,1.48975,1.3671,1.37813,179700422.439,0
CRV.V,D,20220815,000000,1.37825,1.45551,1.32708,1.33702,188716352.99596,0
CRV.V,D,20220816,000000,1.33403,1.34665,1.28285,1.29782,168236456.80912,0
CRV.V,D,20220817,000000,1.29782,1.33405,1.17446,1.20868,163935691.62739,0
CRV.V,D,20220818,000000,1.17278,1.22046,1.16269,1.17361,135684150.51156,0
CRV.V,D,20220819,000000,1.17542,1.17892,1.0114,1.05761,194553843.29874,0
CRV.V,D,20220820,000000,1.05761,1.0915,0.98539,0.99109,223313444.51097,0
CRV.V,D,20220821,000000,0.97248,1.05061,0.97247,1.04338,146428791.37348,0
CRV.V,D,20220822,000000,1.04338,1.07534,0.97692,1.07041,284442738.61482,0
CRV.V,D,20220823,000000,1.07041,1.1903,1.05229,1.17352,215309401.25611,0
CRV.V,D,20220824,000000,1.17338,1.22346,1.13761,1.20381,233940246.45971,0
CRV.V,D,20220825,000000,1.20381,1.22535,1.17366,1.18764,193757231.61725,0
CRV.V,D,20220826,000000,1.18964,1.2115,1.0775,1.08551,226552171.72609,0
CRV.V,D,20220827,000000,1.08551,1.08551,1.02056,1.03853,177839892.0561,0
CRV.V,D,20220828,000000,1.03852,1.06453,1.01739,1.0445,188952937.76515,0
CRV.V,D,20220829,000000,1.0445,1.06757,0.97645,1.06757,192083533.67981,0
CRV.V,D,20220830,000000,1.07059,1.11739,1.02355,1.074,181037405.57244,0
CRV.V,D,20220831,000000,1.07399,1.18601,1.05758,1.16439,208250356.07228,0
CRV.V,D,20220901,000000,1.16539,1.18044,1.06546,1.13033,167539850.33147,0
CRV.V,D,20220902,000000,1.13033,1.18048,1.08149,1.09956,210985726.05121,0
CRV.V,D,20220903,000000,1.09956,1.10862,1.0605,1.06561,186146705.35911,0
CRV.V,D,20220904,000000,1.0655,1.0964,1.0486,1.0886,277764925.72997,0
CRV.V,D,20220905,000000,1.0915,1.10751,1.0615,1.10371,180009626.56923,0
CRV.V,D,20220906,000000,1.10371,1.19752,1.0215,1.0374,331742455.62647,0
CRV.V,D,20220907,000000,1.0374,1.17455,1.02149,1.16568,204084749.6324,0
CRV.V,D,20220908,000000,1.1656,1.18057,1.10561,1.13827,269102383.12475,0
CRV.V,D,20220909,000000,1.13826,1.24741,1.1221,1.2026,244195625.58753,0
CRV.V,D,20220910,000000,1.20244,1.26956,1.16624,1.24714,253301853.85221,0
CRV.V,D,20220911,000000,1.26345,1.26364,1.15818,1.17428,296033141.72794,0
CRV.V,D,20220912,000000,1.17319,1.20434,1.12714,1.15711,255847433.98079,0
CRV.V,D,20220913,000000,1.15725,1.15735,1.05075,1.06702,269415778.96497,0
CRV.V,D,20220914,000000,1.06711,1.10511,1.03094,1.05316,237323139.30001,0
CRV.V,D,20220915,000000,1.05236,1.09129,1.01875,1.0708,201789242.12234,0
CRV.V,D,20220916,000000,1.0708,1.07526,1.0227,1.045,135301527.88644,0
CRV.V,D,20220917,000000,1.0451,1.08721,1.0438,1.0739,267351829.53137,0
CRV.V,D,20220918,000000,1.0739,1.08711,0.90201,0.9449,196097445.07481,0
CRV.V,D,20220919,000000,0.9449,0.983097,0.901892,0.979698,230419726.53246,0
CRV.V,D,20220920,000000,0.979698,0.989498,0.94909,0.965997,188098877.3022,0
CRV.V,D,20220921,000000,0.96631,0.96631,0.8529,0.8581,260443911.68223,0
CRV.V,D,20220922,000000,0.8581,0.9279,0.8367,0.9239,196407329.70485,0
CRV.V,D,20220923,000000,0.923192,0.941994,0.869,0.893811,158894257.86126,0
CRV.V,D,20220924,000000,0.915036,0.975983,0.913027,0.938975,129680549.86791,0
CRV.V,D,20220925,000000,0.9369,0.9391,0.891891,0.9029,155512297.14062,0
CRV.V,D,20220926,000000,0.9029,0.934193,0.872,0.9309,328167038.1299,0
CRV.V,D,20220927,000000,0.9309,0.9805,0.90491,0.907809,225393979.45142,0
CRV.V,D,20220928,000000,0.907809,0.9369,0.865913,0.9301,136150154.46231,0
CRV.V,D,20220929,000000,0.9301,0.9451,0.89881,0.920992,160754754.30755,0
CRV.V,D,20220930,000000,0.9168,0.945289,0.913,0.9259,157033682.66854,0
CRV.V,D,20221001,000000,0.9259,0.929993,0.8871,0.8911,243830998.42525,0
CRV.V,D,20221002,000000,0.8911,0.9071,0.8699,0.8809,138283736.08383,0
CRV.V,D,20221003,000000,0.8811,0.90339,0.8496,0.894189,116367455.34896,0
CRV.V,D,20221004,000000,0.894989,0.919176,0.882988,0.905171,268241559.48839,0
CRV.V,D,20221005,000000,0.905171,0.919176,0.8769,0.90299,233718579.481,0
CRV.V,D,20221006,000000,0.903081,0.937141,0.894043,0.912055,259498612.69772,0
CRV.V,D,20221007,000000,0.912255,0.913064,0.86997,0.881223,133165758.28362,0
CRV.V,D,20221008,000000,0.881188,0.911246,0.876101,0.877328,172148924.70295,0
CRV.V,D,20221009,000000,0.877328,0.890378,0.874887,0.887077,98011402.951752,0
CRV.V,D,20221010,000000,0.887077,0.891578,0.8579,0.867913,93900920.729511,0
CRV.V,D,20221011,000000,0.8681,0.8681,0.809962,0.828825,103328420.79859,0
CRV.V,D,20221012,000000,0.828825,0.840041,0.81381,0.821125,133420994.83825,0
CRV.V,D,20221013,000000,0.821133,0.839092,0.724857,0.798964,204065757.7977,0
CRV.V,D,20221014,000000,0.798164,0.847193,0.796916,0.804624,120762149.42371,0
CRV.V,D,20221015,000000,0.804632,0.826183,0.796948,0.823841,258923765.28041,0
CRV.V,D,20221016,000000,0.8238,0.825141,0.797916,0.821133,316245572.17887,0
CRV.V,D,20221017,000000,0.821141,0.902954,0.804932,0.894918,327807223.82727,0
CRV.V,D,20221018,000000,0.8949,0.920274,0.867083,0.915155,359870472.81899,0
CRV.V,D,20221019,000000,0.916092,0.921555,0.866031,0.8741,464103336.92361,0
CRV.V,D,20221020,000000,0.8741,0.885118,0.837833,0.846841,455015355.54816,0
CRV.V,D,20221021,000000,0.846841,0.906127,0.836041,0.895172,294163244.82501,0
CRV.V,D,20221022,000000,0.895163,0.901981,0.869926,0.872178,281303904.44282,0
CRV.V,D,20221023,000000,0.87217,0.887242,0.85096,0.874214,325737904.68281,0
CRV.V,D,20221024,000000,0.873914,0.925665,0.873187,0.886835,299799414.85526,0
CRV.V,D,20221025,000000,0.886835,0.945165,0.862891,0.919394,291491030.07719,0
CRV.V,D,20221026,000000,0.919403,0.959388,0.907036,0.945365,276231653.92534,0
CRV.V,D,20221027,000000,0.944164,0.958282,0.898963,0.910955,286160666.56235,0
CRV.V,D,20221028,000000,0.910955,0.962273,0.899972,0.941298,290818803.95715,0
CRV.V,D,20221029,000000,0.941279,0.978242,0.932208,0.943317,313856738.30624,0
CRV.V,D,20221030,000000,0.943326,0.946218,0.889178,0.90108,368648040.85374,0
CRV.V,D,20221031,000000,0.901089,0.9191,0.87593,0.879838,409555865.65239,0
CRV.V,D,20221101,000000,0.879847,0.897858,0.87483,0.889802,169221853.17175,0
CRV.V,D,20221102,000000,0.889811,0.917128,0.850591,0.855257,317311834.72467,0
CRV.V,D,20221103,000000,0.855257,0.926181,0.853849,0.910891,329758917.70891,0
CRV.V,D,20221104,000000,0.907891,1.069143,0.895837,1.026982,385326982.01828,0
CRV.V,D,20221105,000000,1.027182,1.039162,0.99655,0.99795,338116930.25374174,0
CRV.V,D,20221106,000000,0.99815,1.028031,0.973929,0.983979,359213682.92169183,0
CRV.V,D,20221107,000000,0.983969,1.030193,0.930965,0.994229,331127160.0183745,0
CRV.V,D,20221108,000000,0.994398,1.018309,0.699161,0.75235,334046598.4616631,0
CRV.V,D,20221109,000000,0.753153,0.78941,0.536687,0.560954,351759960.7218716,0
CRV.V,D,20221110,000000,0.566505,0.77154,0.549859,0.697332,280938773.75121635,0
CRV.V,D,20221111,000000,0.697888,0.782692,0.625288,0.637601,286451567.8711456,0
CRV.V,D,20221112,000000,0.637346,0.675126,0.6098,0.621978,264702541.05410388,0
CRV.V,D,20221113,000000,0.6098,0.640395,0.59319,0.627021,332698845.75446284,0
CRV.V,D,20221114,000000,0.626022,0.638333,0.584563,0.599,299370274.59033406,0
CRV.V,D,20221115,000000,0.59897,0.63253,0.596005,0.598501,412426902.68932533,0
CRV.V,D,20221116,000000,0.598169,0.615719,0.573389,0.586354,353762992.58245707,0
CRV.V,D,20221117,000000,0.586513,0.591614,0.535477,0.563649,614757102.2367761,0
CRV.V,D,20221118,000000,0.550654,0.565741,0.542194,0.551665,272505106.5055469,0
CRV.V,D,20221119,000000,0.551665,0.554495,0.539247,0.549522,309588465.7582391,0
CRV.V,D,20221120,000000,0.549528,0.553463,0.502542,0.514117,639224107.3035017,0
CRV.V,D,20221121,000000,0.514112,0.51738,0.470497,0.480518,524989559.9890167,0
CRV.V,D,20221122,000000,0.480523,0.735283,0.401613,0.628133,3209453038.8963847,0
CRV.V,D,20221123,000000,0.628332,0.709354,0.608169,0.689148,710878325.2232172,0
CRV.V,D,20221124,000000,0.688149,0.723421,0.662297,0.677331,374814756.4222159,0
CRV.V,D,20221125,000000,0.677331,0.70063,0.657633,0.68371,277971795.2648193,0
CRV.V,D,20221126,000000,0.68462,0.756661,0.671377,0.705484,312414127.23730534,0
CRV.V,D,20221127,000000,0.705491,0.71784,0.694434,0.701551,275813941.96408457,0
CRV.V,D,20221128,000000,0.701719,0.702349,0.627555,0.646854,275485413.7946081,0
CRV.V,D,20221129,000000,0.646848,0.681539,0.636658,0.672851,249601774.74315578,0
CRV.V,D,20221130,000000,0.672851,0.691568,0.646955,0.663327,262446088.01947972,0
CRV.V,D,20221201,000000,0.663127,0.676168,0.639894,0.643139,283489276.77033645,0
CRV.V,D,20221202,000000,0.643932,0.655303,0.623962,0.645139,225380320.72642806,0
CRV.V,D,20221203,000000,0.645139,0.66328,0.640932,0.645165,168835280.35730097,0
CRV.V,D,20221204,000000,0.645165,0.675035,0.632963,0.669967,210392141.44277838,0
CRV.V,D,20221205,000000,0.670034,0.691197,0.665099,0.68022,144124222.32461762,0
CRV.V,D,20221206,000000,0.680268,0.693093,0.6652,0.672087,284167252.0196708,0
CRV.V,D,20221207,000000,0.6721,0.689086,0.646913,0.6571,197086709.79247168,0
CRV.V,D,20221208,000000,0.6571,0.670187,0.644881,0.666147,224842967.73085776,0
CRV.V,D,20221209,000000,0.666147,0.671127,0.636938,0.646119,117783155.62966101,0
CRV.V,D,20221210,000000,0.646119,0.650193,0.636887,0.649887,124536307.66220383,0
CRV.V,D,20221211,000000,0.6431,0.647229,0.634863,0.636964,241606266.84639692,0
CRV.V,D,20221212,000000,0.637027,0.638164,0.593118,0.610155,273383897.38734555,0
CRV.V,D,20221213,000000,0.610155,0.661038,0.597067,0.652743,170382368.25616786,0
CRV.V,D,20221214,000000,0.652743,0.665893,0.640151,0.647145,194063206.96428812,0
CRV.V,D,20221215,000000,0.647145,0.649165,0.616962,0.619024,178026138.19149637,0
CRV.V,D,20221216,000000,0.619224,0.627225,0.539954,0.542954,196799604.9939368,0
CRV.V,D,20221217,000000,0.541954,0.557223,0.532959,0.555172,191716525.96215984,0
CRV.V,D,20221218,000000,0.555172,0.561128,0.548922,0.557973,45833802.744160086,0
CRV.V,D,20221219,000000,0.552988,0.571129,0.51589,0.51589,168569249.12543866,0
CRV.V,D,20221220,000000,0.5159,0.538143,0.51489,0.521121,206835922.3417423,0
CRV.V,D,20221221,000000,0.521121,0.535116,0.51192,0.526921,247152292.43058646,0
CRV.V,D,20221222,000000,0.526926,0.530127,0.50285,0.520611,170844366.56258553,0
CRV.V,D,20221223,000000,0.520027,0.530068,0.517812,0.521848,231574369.34591654,0
CRV.V,D,20221224,000000,0.521848,0.528152,0.517048,0.521863,106255515.90776573,0
CRV.V,D,20221225,000000,0.521863,0.530084,0.515707,0.523122,139627677.16671133,0
CRV.V,D,20221226,000000,0.524037,0.536598,0.518448,0.531194,122625174.0404719,0
CRV.V,D,20221227,000000,0.531194,0.540697,0.516209,0.524795,166845714.1889053,0
CRV.V,D,20221228,000000,0.524795,0.530541,0.508425,0.508525,165854717.86964324,0
CRV.V,D,20221229,000000,0.50883,0.523685,0.505642,0.510875,64300850.83936848,0
CRV.V,D,20221230,000000,0.511375,0.531029,0.492893,0.52903,158980020.63597113,0
CRV.V,D,20221231,000000,0.52903,0.533628,0.521734,0.525037,175969734.4362221,0
CRV.V,D,20230101,000000,0.525037,0.529035,0.51923,0.526852,149362616.64340255,0
CRV.V,D,20230102,000000,0.526852,0.548891,0.519082,0.535123,164906664.08321163,0
CRV.V,D,20230103,000000,0.535223,0.537323,0.522186,0.526595,106992711.65010625,0
CRV.V,D,20230104,000000,0.526495,0.565774,0.52589,0.549719,104454479.47125919,0
CRV.V,D,20230105,000000,0.549419,0.559227,0.540473,0.54201,141209149.88659316,0
CRV.V,D,20230106,000000,0.542137,0.547686,0.523286,0.542132,114451186.44512452,0
CRV.V,D,20230107,000000,0.542326,0.553545,0.541921,0.548668,106750427.0288179,0
CRV.V,D,20230108,000000,0.548768,0.564504,0.542808,0.564215,135661684.17360723,0
CRV.V,D,20230109,000000,0.564232,0.693231,0.564187,0.652793,183320719.2199164,0
CRV.V,D,20230110,000000,0.6531,0.660087,0.634868,0.64559,141013662.58581284,0
CRV.V,D,20230111,000000,0.646197,0.677239,0.645903,0.659034,202436975.28443888,0
CRV.V,D,20230112,000000,0.659041,0.697763,0.63883,0.691262,153487789.52950683,0
CRV.V,D,20230113,000000,0.691369,0.833592,0.6797,0.809273,182805034.7040595,0
CRV.V,D,20230114,000000,0.809173,0.852228,0.76146,0.814741,190387869.35150075,0
CRV.V,D,20230115,000000,0.814741,0.874397,0.784778,0.834842,124764687.42942075,0
CRV.V,D,20230116,000000,0.83495,0.933455,0.823047,0.871909,187626105.7003649,0
CRV.V,D,20230117,000000,0.871917,0.949433,0.856634,0.909991,181493370.7761447,0
CRV.V,D,20230118,000000,0.908,0.955176,0.857968,0.909055,170041194.34509626,0
CRV.V,D,20230119,000000,0.909145,0.932216,0.874448,0.890264,163038627.81830865,0
CRV.V,D,20230120,000000,0.889864,1.031565,0.888627,1.016073,162951221.41328597,0
CRV.V,D,20230121,000000,1.015983,1.042577,0.979619,1.015003,148968093.87330964,0
CRV.V,D,20230122,000000,1.016293,1.168622,0.989078,1.070114,206034930.9115102,0
CRV.V,D,20230123,000000,1.070114,1.119934,1.065017,1.070261,132404922.91867466,0
CRV.V,D,20230124,000000,1.073461,1.108499,1.039614,1.048931,144264182.07587957,0
CRV.V,D,20230125,000000,0.994229,1.061291,0.973004,1.015262,122222966.50954951,0
CRV.V,D,20230126,000000,1.015473,1.094253,1.012082,1.050784,160243450.91708547,0
CRV.V,D,20230127,000000,1.050595,1.136529,1.004991,1.128729,134190951.40904804,0
CRV.V,D,20230128,000000,1.130171,1.137273,1.04533,1.064913,90548786.3926298,0
CRV.V,D,20230129,000000,1.064913,1.10662,1.055743,1.08645,61840287.90593432,0
CRV.V,D,20230130,000000,1.08644,1.0972,0.96599,0.98957,70866997.48723754,0
CRV.V,D,20230131,000000,0.98957,1.04452,0.98589,1.02599,50218477.503884666,0
CRV.V,D,20230201,000000,1.02598,1.125256,0.97399,1.108967,80061811.44073696,0
CRV.V,D,20230202,000000,1.108955,1.170287,1.054174,1.073815,120258449.24828671,0
CRV.V,D,20230203,000000,1.073415,1.13629,1.058059,1.11329,110050513.12939972,0
CRV.V,D,20230204,000000,1.11329,1.13017,1.08829,1.1264,64018233.80428049,0
CRV.V,D,20230205,000000,1.12639,1.1292,1.01497,1.03446,68285138.72775716,0
CRV.V,D,20230206,000000,1.03536,1.08809,1.02678,1.05854,64266711.5822734,0
CRV.V,D,20230207,000000,1.05854,1.09433,1.0362,1.08818,72366930.82576434,0
CRV.V,D,20230208,000000,1.08907,1.2365,1.07905,1.13599,133273797.2105694,0
CRV.V,D,20230209,000000,1.13599,1.15789,0.94424,0.95819,108602843.87951303,0
CRV.V,D,20230210,000000,0.9578,0.99718,0.935487,0.958244,66022361.08869135,0
CRV.V,D,20230211,000000,0.9587,0.970626,0.928993,0.956586,52559859.58159952,0
CRV.V,D,20230212,000000,0.955991,0.987009,0.916028,0.931193,58097394.092106014,0
CRV.V,D,20230213,000000,0.930593,1.087785,0.897416,1.03706,165803100.92242002,0
CRV.V,D,20230214,000000,1.039371,1.11586,1.02051,1.0653,103853507.808421,0
CRV.V,D,20230215,000000,1.06553,1.1622,1.05951,1.15651,66180886.72883656,0
CRV.V,D,20230216,000000,1.15421,1.21722,1.09525,1.09647,125652381.45391634,0
CRV.V,D,20230217,000000,1.09217,1.2423,1.08321,1.22122,96387268.4829482,0
CRV.V,D,20230218,000000,1.22282,1.27012,1.16672,1.26612,46072444.93355118,0
CRV.V,D,20230219,000000,1.2634,1.27408,1.19215,1.20977,40167849.4966428,0
CRV.V,D,20230220,000000,1.21218,1.28883,1.15734,1.27115,41148210.18351707,0
CRV.V,D,20230221,000000,1.27115,1.2979,1.15134,1.1591,40931102.405563675,0
CRV.V,D,20230222,000000,1.1581,1.1631,1.0679,1.0989,29745031.378214754,0
CRV.V,D,20230223,000000,1.09851,1.1367,1.07549,1.08594,29725092.046342354,0
CRV.V,D,20230224,000000,1.08585,1.08885,0.97995,0.99188,41174871.56662769,0
CRV.V,D,20230225,000000,0.99129,1.00735,0.95024,0.96237,26571346.452336654,0
CRV.V,D,20230226,000000,0.9838,1.024841,0.977339,1.014201,23104303.03588272,0
CRV.V,D,20230227,000000,1.014951,1.049931,0.98391,1.00636,33453931.219319794,0
CRV.V,D,20230228,000000,1.00695,1.041931,0.985717,0.995269,30216617.53651929,0
CRV.V,D,20230301,000000,0.996299,1.05809,0.986358,1.022633,31537942.64156739,0
CRV.V,D,20230302,000000,1.026223,1.040246,0.9723,0.993189,27112605.26150641,0
CRV.V,D,20230303,000000,0.993189,0.99516,0.896116,0.928965,35558084.31263068,0
CRV.V,D,20230304,000000,0.929765,0.944004,0.884344,0.908973,23796743.233137403,0
CRV.V,D,20230305,000000,0.907764,0.941056,0.904172,0.932603,24520935.46572005,0
CRV.V,D,20230306,000000,0.931602,0.97099,0.915019,0.949343,36032841.919653684,0
CRV.V,D,20230307,000000,0.949605,1.00078,0.943,0.968052,39306267.7489647,0
CRV.V,D,20230308,000000,0.969052,0.984021,0.881047,0.887464,34067064.78378509,0
CRV.V,D,20230309,000000,0.887811,0.920867,0.819036,0.827074,37171072.18139541,0
CRV.V,D,20230310,000000,0.826983,0.892763,0.811614,0.88127,42963267.58549074,0
CRV.V,D,20230311,000000,0.88326,0.941077,0.798267,0.85456,62149973.944783755,0
CRV.V,D,20230312,000000,0.85456,0.940203,0.848029,0.928667,36833648.34218966,0
CRV.V,D,20230313,000000,0.927253,1.016795,0.911465,0.990135,59011809.81624092,0
CRV.V,D,20230314,000000,0.990336,1.05092,0.958789,0.989962,51453990.48724618,0
CRV.V,D,20230315,000000,0.988603,1.017362,0.871678,0.885604,53288907.74898452,0
CRV.V,D,20230316,000000,0.885495,0.923965,0.877879,0.90986,32658039.1214596,0
CRV.V,D,20230317,000000,0.908648,1.014534,0.900501,1.009911,38917358.806471765,0
CRV.V,D,20230318,000000,1.008908,1.04812,0.984952,1.004394,36830313.58671113,0
CRV.V,D,20230319,000000,1.003,1.069288,0.984708,1.039239,33923133.37685777,0
CRV.V,D,20230320,000000,1.039841,1.042439,0.96154,0.978659,34923416.65335991,0
CRV.V,D,20230321,000000,0.97896,1.012828,0.939902,0.989055,34594269.93268381,0
CRV.V,D,20230322,000000,0.987641,1.009485,0.924562,0.936359,38829322.844358094,0
CRV.V,D,20230323,000000,0.936459,0.99157,0.933815,0.966406,27772236.474711765,0
CRV.V,D,20230324,000000,0.966406,0.972803,0.89423,0.909618,27587153.174445927,0
CRV.V,D,20230325,000000,0.909709,0.936426,0.899359,0.912584,26210440.77806025,0
CRV.V,D,20230326,000000,0.912785,0.946751,0.908407,0.926346,17101537.810897063,0
CRV.V,D,20230327,000000,0.925917,0.938362,0.875824,0.883215,23456664.69627525,0
CRV.V,D,20230328,000000,0.883515,0.930781,0.877816,0.913856,26966310.197338276,0
CRV.V,D,20230329,000000,0.918758,0.964325,0.913847,0.949871,18040487.548429728,0
CRV.V,D,20230330,000000,0.955186,0.962921,0.91,0.921149,25192617.67395211,0
CRV.V,D,20230331,000000,0.921149,0.952195,0.905972,0.940088,20744739.771038987,0
CRV.V,D,20230401,000000,0.940088,0.950947,0.915521,0.923432,19914335.22537144,0
CRV.V,D,20230402,000000,0.923432,0.926489,0.890305,0.904661,16307016.852294555,0
CRV.V,D,20230403,000000,0.904661,0.935231,0.882297,0.910455,28664718.849127732,0
CRV.V,D,20230404,000000,0.911255,1.010144,0.910055,1.001601,35166910.36141437,0
CRV.V,D,20230405,000000,1.00061,1.03521,0.985565,1.00126,26124933.240358796,0
CRV.V,D,20230406,000000,1.00127,1.015737,0.985496,1.012354,28581083.21467813,0
CRV.V,D,20230407,000000,1.002161,1.027455,0.994776,1.012449,23609156.79928194,0
CRV.V,D,20230408,000000,1.012949,1.046433,1.003862,1.0265,27172422.22645609,0
CRV.V,D,20230409,000000,1.0265,1.03854,0.98697,1.02379,23679777.826139502,0
CRV.V,D,20230410,000000,1.01701,1.02573,0.9908,1.01373,23958523.55204469,0
CRV.V,D,20230411,000000,1.01293,1.04574,1.01117,1.01991,25609215.45401099,0
CRV.V,D,20230412,000000,1.01991,1.04678,0.97899,1.0247,34164306.606981955,0
CRV.V,D,20230413,000000,1.0244,1.07098,1.01528,1.06642,31837646.74946701,0
CRV.V,D,20230414,000000,1.06652,1.11286,1.06435,1.09541,36845418.17910394,0
CRV.V,D,20230415,000000,1.09501,1.10583,1.07591,1.08588,31151491.934900627,0
CRV.V,D,20230416,000000,1.08708,1.10525,1.06563,1.10524,28657610.833054576,0
CRV.V,D,20230417,000000,1.10525,1.11156,1.04755,1.05173,35167507.01364253,0
CRV.V,D,20230418,000000,1.05172,1.1119,1.03771,1.06848,35268729.5159157,0
CRV.V,D,20230419,000000,1.06897,1.07632,0.94945,0.95819,36298242.17730112,0
