<TICKER>,<PER>,<DATE>,<TIME>,<OPEN>,<HIGH>,<LOW>,<CLOSE>,<VOL>,<OPENINT>
DAI.V,D,20171227,000000,0.915159,1,0.886178,0.969767,0,0
DAI.V,D,20171228,000000,0.968816,1.05,0.917622,0.990096,0,0
DAI.V,D,20171229,000000,0.992185,1.01,0.952251,0.998248,0,0
DAI.V,D,20171230,000000,0.999102,0.999645,0.922517,0.990408,0,0
DAI.V,D,20171231,000000,0.986929,1,0.958197,0.996542,0,0
DAI.V,D,20180101,000000,0.998458,1.02,0.982746,0.9901,0,0
DAI.V,D,20180102,000000,0.991888,1.05,0.980747,0.987869,0,0
DAI.V,D,20180103,000000,0.989061,1.01,0.982826,0.99305,0,0
DAI.V,D,20180104,000000,0.997557,1.02,0.972775,1.01,0,0
DAI.V,D,20180105,000000,1.01,1.02,0.954866,0.992699,0,0
DAI.V,D,20180106,000000,0.997491,1.01,0.987975,1,0,0
DAI.V,D,20180107,000000,1,1.03,0.945163,0.990644,0,0
DAI.V,D,20180108,000000,0.998917,1.03,0.959237,0.997669,0,0
DAI.V,D,20180109,000000,0.99366,1.01,0.95361,0.998594,0,0
DAI.V,D,20180110,000000,0.999151,1.04,0.743216,0.934961,0,0
DAI.V,D,20180111,000000,0.778917,1.03,0.720637,1,0,0
DAI.V,D,20180112,000000,1.01,1.06,0.964405,0.99674,0,0
DAI.V,D,20180113,000000,0.996631,1.04,0.988338,1.02,0,0
DAI.V,D,20180114,000000,1.02,1.04,0.987981,0.997733,0,0
DAI.V,D,20180115,000000,0.998339,1.01,0.990487,0.996509,0,0
DAI.V,D,20180116,000000,0.997144,1.04,0.924228,0.99547,0,0
DAI.V,D,20180117,000000,0.975613,1.03,0.945498,0.992339,0,0
DAI.V,D,20180118,000000,0.998447,1.01,0.975833,1,0,0
DAI.V,D,20180119,000000,0.996044,1.01,0.979406,1,0,0
DAI.V,D,20180120,000000,1,1.02,0.995654,0.998643,0,0
DAI.V,D,20180121,000000,1,1.01,0.98267,1,0,0
DAI.V,D,20180122,000000,1,1,1,1,0,0
DAI.V,D,20200407,000000,1.015,1.024,1.009,1.021,0,0
DAI.V,D,20200408,000000,1.021,1.041,1.019,1.029,0,0
DAI.V,D,20200409,000000,1.03,1.032,1.013,1.025,0,0
DAI.V,D,20200410,000000,1.025,1.031,1.007,1.02,0,0
DAI.V,D,20200411,000000,1.02,1.03,1.013,1.027,0,0
DAI.V,D,20200412,000000,1.027,1.027,1.014,1.021,0,0
DAI.V,D,20200413,000000,1.021,1.031,0.9999,1.019,0,0
DAI.V,D,20200414,000000,1.019,1.024,1.012,1.016,0,0
DAI.V,D,20200415,000000,1.017,1.024,1.01,1.017,0,0
DAI.V,D,20200416,000000,1.017,1.046,1.006,1.024,0,0
DAI.V,D,20200417,000000,1.025,1.026,1.01,1.016,0,0
DAI.V,D,20200418,000000,1.015,1.04,1.009,1.022,0,0
DAI.V,D,20200419,000000,1.022,1.025,1.004,1.015,0,0
DAI.V,D,20200420,000000,1.015,1.028,1.008,1.015,0,0
DAI.V,D,20200421,000000,1.015,1.024,1.009,1.013,0,0
DAI.V,D,20200422,000000,1.013,1.021,1.009,1.015,0,0
DAI.V,D,20200423,000000,1.015,1.034,1.008,1.017,0,0
DAI.V,D,20200424,000000,1.018,1.024,1.008,1.019,0,0
DAI.V,D,20200425,000000,1.018,1.029,1.007,1.018,0,0
DAI.V,D,20200426,000000,1.017,1.024,1.007,1.01,0,0
DAI.V,D,20200427,000000,1.01,1.023,1.004,1.019,0,0
DAI.V,D,20200428,000000,1.018,1.024,1.01,1.017,0,0
DAI.V,D,20200429,000000,1.017,1.032,1.008,1.013,0,0
DAI.V,D,20200430,000000,1.013,1.021,1.003,1.016,0,0
DAI.V,D,20200501,000000,1.016,1.025,1.006,1.015,0,0
DAI.V,D,20200502,000000,1.015,1.017,1.008,1.013,0,0
DAI.V,D,20200503,000000,1.013,1.021,1.007,1.007,0,0
DAI.V,D,20200504,000000,1.007,1.016,1.005,1.009,0,0
DAI.V,D,20200505,000000,1.009,1.009,1.004,1.005,0,0
DAI.V,D,20200506,000000,1.005,1.013,1.003,1.004,0,0
DAI.V,D,20200507,000000,1.005,1.009,0.9998,1.003,0,0
DAI.V,D,20200508,000000,1.004,1.009,1.001,1.004,0,0
DAI.V,D,20200509,000000,1.005,1.009,1.002,1.006,0,0
DAI.V,D,20200510,000000,1.009,1.028,1.002,1.003,0,0
DAI.V,D,20200511,000000,1.003,1.01,1.002,1.009,0,0
DAI.V,D,20200512,000000,1.009,1.01,1.004,1.005,0,0
DAI.V,D,20200513,000000,1.005,1.009,1.003,1.007,0,0
DAI.V,D,20200514,000000,1.007,1.01,1.003,1.005,0,0
DAI.V,D,20200515,000000,1.005,1.01,1.003,1.007,0,0
DAI.V,D,20200516,000000,1.007,1.009,1.005,1.009,0,0
DAI.V,D,20200517,000000,1.009,1.01,1.006,1.008,0,0
DAI.V,D,20200518,000000,1.008,1.009,1.003,1.004,0,0
DAI.V,D,20200519,000000,1.004,1.007,1.002,1.004,0,0
DAI.V,D,20200520,000000,1.004,1.005,1,1.003,0,0
DAI.V,D,20200521,000000,1.003,1.008,1,1.002,0,0
DAI.V,D,20200522,000000,1.002,1.005,0.999,1.002,0,0
DAI.V,D,20200523,000000,1.002,1.006,1.001,1.004,0,0
DAI.V,D,20200524,000000,1.004,1.007,1.002,1.004,0,0
DAI.V,D,20200525,000000,1.004,1.007,1.002,1.004,0,0
DAI.V,D,20200526,000000,1.004,1.006,1.002,1.004,0,0
DAI.V,D,20200527,000000,1.004,1.005,1.002,1.004,0,0
DAI.V,D,20200528,000000,1.004,1.006,1.002,1.005,0,0
DAI.V,D,20200529,000000,1.004,1.005,1.001,1.003,0,0
DAI.V,D,20200530,000000,1.003,1.009,0.9992,1.002,0,0
DAI.V,D,20200531,000000,1.002,1.004,0.9988,1.002,0,0
DAI.V,D,20200601,000000,1.003,1.008,0.9997,1.003,0,0
DAI.V,D,20200602,000000,1.003,1.023,0.9672,1.003,0,0
DAI.V,D,20200603,000000,1.003,1.011,0.9999,1.001,0,0
DAI.V,D,20200604,000000,1.001,1.014,1.001,1.002,0,0
DAI.V,D,20200605,000000,1.002,1.009,1.001,1.004,0,0
DAI.V,D,20200606,000000,1.004,1.006,1.002,1.002,0,0
DAI.V,D,20200607,000000,1.002,1.005,1.001,1.002,0,0
DAI.V,D,20200608,000000,1.002,1.003,1,1.001,0,0
DAI.V,D,20200609,000000,1.001,1.006,1,1.003,0,0
DAI.V,D,20200610,000000,1.003,1.006,1.001,1.003,0,0
DAI.V,D,20200611,000000,1.003,1.007,0.9991,1.007,0,0
DAI.V,D,20200612,000000,1.007,1.007,0.9996,1.001,0,0
DAI.V,D,20200613,000000,1.001,1.003,0.9998,1,0,0
DAI.V,D,20200614,000000,1,1.033,1,1.033,0,0
DAI.V,D,20200615,000000,1.033,1.033,1.006,1.008,0,0
DAI.V,D,20200616,000000,1.008,1.01,1.003,1.004,0,0
DAI.V,D,20200617,000000,1.004,1.011,1.003,1.009,0,0
DAI.V,D,20200618,000000,1.009,1.011,1.005,1.009,0,0
DAI.V,D,20200619,000000,1.009,1.012,1.005,1.007,0,0
DAI.V,D,20200620,000000,1.007,1.013,1.006,1.007,0,0
DAI.V,D,20200621,000000,1.007,1.008,1.004,1.006,0,0
DAI.V,D,20200622,000000,1.006,1.009,1.004,1.006,0,0
DAI.V,D,20200623,000000,1.006,1.01,1.004,1.006,0,0
DAI.V,D,20200624,000000,1.006,1.015,1.005,1.005,0,0
DAI.V,D,20200625,000000,1.005,1.009,1.002,1.003,0,0
DAI.V,D,20200626,000000,1.003,1.007,1.001,1.004,0,0
DAI.V,D,20200627,000000,1.004,1.007,1.001,1.006,0,0
DAI.V,D,20200628,000000,1.006,1.007,1.001,1.004,0,0
DAI.V,D,20200629,000000,1.004,1.008,1.003,1.005,0,0
DAI.V,D,20200630,000000,1.005,1.009,1.003,1.007,0,0
DAI.V,D,20200701,000000,1.007,1.016,1.007,1.014,0,0
DAI.V,D,20200702,000000,1.014,1.017,1.01,1.016,0,0
DAI.V,D,20200703,000000,1.017,1.027,1.008,1.016,0,0
DAI.V,D,20200704,000000,1.016,1.022,1.015,1.016,0,0
DAI.V,D,20200705,000000,1.016,1.017,1.01,1.012,0,0
DAI.V,D,20200706,000000,1.012,1.019,1.011,1.016,0,0
DAI.V,D,20200707,000000,1.016,1.017,1.011,1.013,0,0
DAI.V,D,20200708,000000,1.013,1.019,1.011,1.016,0,0
DAI.V,D,20200709,000000,1.016,1.022,1.013,1.019,0,0
DAI.V,D,20200710,000000,1.019,1.024,1.017,1.018,0,0
DAI.V,D,20200711,000000,1.018,1.022,1.016,1.019,0,0
DAI.V,D,20200712,000000,1.019,1.024,1.017,1.02,0,0
DAI.V,D,20200713,000000,1.02,1.026,1.012,1.015,0,0
DAI.V,D,20200714,000000,1.015,1.021,1.012,1.015,0,0
DAI.V,D,20200715,000000,1.015,1.02,1.009,1.014,0,0
DAI.V,D,20200716,000000,1.013,1.019,1.009,1.017,0,0
DAI.V,D,20200717,000000,1.017,1.017,1.01,1.011,0,0
DAI.V,D,20200718,000000,1.011,1.015,1.011,1.012,0,0
DAI.V,D,20200719,000000,1.012,1.021,1.008,1.01,0,0
DAI.V,D,20200720,000000,1.01,1.017,1.006,1.011,0,0
DAI.V,D,20200721,000000,1.011,1.014,1.008,1.01,0,0
DAI.V,D,20200722,000000,1.01,1.023,1.01,1.022,0,0
DAI.V,D,20200723,000000,1.022,1.039,1.022,1.032,0,0
DAI.V,D,20200724,000000,1.032,1.039,1.025,1.027,0,0
DAI.V,D,20200725,000000,1.027,1.038,1.004,1.007,0,0
DAI.V,D,20200726,000000,1.007,1.017,1.004,1.011,0,0
DAI.V,D,20200727,000000,1.011,1.019,1.008,1.015,0,0
DAI.V,D,20200728,000000,1.015,1.024,1.011,1.021,0,0
DAI.V,D,20200729,000000,1.021,1.039,1.019,1.029,0,0
DAI.V,D,20200730,000000,1.029,1.037,1.021,1.029,0,0
DAI.V,D,20200731,000000,1.029,1.034,1.017,1.023,0,0
DAI.V,D,20200801,000000,1.023,1.025,1.013,1.018,0,0
DAI.V,D,20200802,000000,1.018,1.027,1.012,1.021,0,0
DAI.V,D,20200803,000000,1.021,1.022,1.012,1.015,0,0
DAI.V,D,20200804,000000,1.015,1.024,1.012,1.015,0,0
DAI.V,D,20200805,000000,1.015,1.019,1.012,1.017,0,0
DAI.V,D,20200806,000000,1.017,1.02,1.014,1.018,0,0
DAI.V,D,20200807,000000,1.018,1.029,1.014,1.02,0,0
DAI.V,D,20200808,000000,1.02,1.025,1.013,1.022,0,0
DAI.V,D,20200809,000000,1.022,1.028,1.015,1.017,0,0
DAI.V,D,20200810,000000,1.017,1.024,1.015,1.018,0,0
DAI.V,D,20200811,000000,1.018,1.026,1.015,1.019,0,0
DAI.V,D,20200812,000000,1.019,1.022,1.014,1.017,0,0
DAI.V,D,20200813,000000,1.017,1.025,1.013,1.022,0,0
DAI.V,D,20200814,000000,1.022,1.022,1.005,1.009,0,0
DAI.V,D,20200815,000000,1.008,1.014,1.007,1.012,0,0
DAI.V,D,20200816,000000,1.011,1.015,1.006,1.009,0,0
DAI.V,D,20200817,000000,1.008,1.013,1.003,1.005,0,0
DAI.V,D,20200818,000000,1.005,1.007,1,1.004,0,0
DAI.V,D,20200819,000000,1.004,1.021,1,1.005,0,0
DAI.V,D,20200820,000000,1.005,1.008,1.001,1.005,0,0
DAI.V,D,20200821,000000,1.004,1.01,1.002,1.009,0,0
DAI.V,D,20200822,000000,1.009,1.01,1,1.004,0,0
DAI.V,D,20200823,000000,1.004,1.008,1.002,1.005,0,0
DAI.V,D,20200824,000000,1.005,1.019,1.005,1.018,0,0
DAI.V,D,20200825,000000,1.018,1.024,1.01,1.013,0,0
DAI.V,D,20200826,000000,1.013,1.021,1.009,1.013,0,0
DAI.V,D,20200827,000000,1.013,1.024,1.011,1.014,0,0
DAI.V,D,20200828,000000,1.014,1.015,1.01,1.011,0,0
DAI.V,D,20200829,000000,1.011,1.016,1.009,1.013,0,0
DAI.V,D,20200830,000000,1.013,1.025,1.012,1.015,0,0
DAI.V,D,20200831,000000,1.015,1.018,1.011,1.014,0,0
DAI.V,D,20200901,000000,1.014,1.019,1.013,1.014,0,0
DAI.V,D,20200902,000000,1.014,1.016,1.007,1.007,0,0
DAI.V,D,20200903,000000,1.007,1.015,1.005,1.008,0,0
DAI.V,D,20200904,000000,1.008,1.023,1.006,1.018,0,0
DAI.V,D,20200905,000000,1.018,1.048,1.012,1.015,0,0
DAI.V,D,20200906,000000,1.015,1.021,1.011,1.019,0,0
DAI.V,D,20200907,000000,1.019,1.028,1.015,1.025,0,0
DAI.V,D,20200908,000000,1.025,1.03,1.021,1.024,0,0
DAI.V,D,20200909,000000,1.024,1.028,1.017,1.028,0,0
DAI.V,D,20200910,000000,1.028,1.034,1.024,1.033,0,0
DAI.V,D,20200911,000000,1.033,1.037,1.028,1.036,0,0
DAI.V,D,20200912,000000,1.036,1.036,1.027,1.028,0,0
DAI.V,D,20200913,000000,1.029,1.031,1.019,1.022,0,0
DAI.V,D,20200914,000000,1.022,1.046,1.021,1.042,0,0
DAI.V,D,20200915,000000,1.042,1.042,1.017,1.021,0,0
DAI.V,D,20200916,000000,1.021,1.024,1.012,1.014,0,0
DAI.V,D,20200917,000000,1.014,1.023,1.014,1.02,0,0
DAI.V,D,20200918,000000,1.02,1.028,1.015,1.018,0,0
DAI.V,D,20200919,000000,1.018,1.019,1.01,1.012,0,0
DAI.V,D,20200920,000000,1.012,1.013,1.009,1.011,0,0
DAI.V,D,20200921,000000,1.011,1.015,1.009,1.01,0,0
DAI.V,D,20200922,000000,1.009,1.016,1.009,1.012,0,0
DAI.V,D,20200923,000000,1.012,1.014,1.009,1.011,0,0
DAI.V,D,20200924,000000,1.011,1.014,1.009,1.012,0,0
DAI.V,D,20200925,000000,1.012,1.014,1.008,1.011,0,0
DAI.V,D,20200926,000000,1.01,1.014,1.006,1.01,0,0
DAI.V,D,20200927,000000,1.01,1.014,1.009,1.01,0,0
DAI.V,D,20200928,000000,1.01,1.012,1.008,1.011,0,0
DAI.V,D,20200929,000000,1.011,1.013,1.009,1.012,0,0
DAI.V,D,20200930,000000,1.012,1.013,1.009,1.01,0,0
DAI.V,D,20201001,000000,1.01,1.011,1.007,1.01,0,0
DAI.V,D,20201002,000000,1.01,1.021,1.009,1.011,0,0
DAI.V,D,20201003,000000,1.01,1.013,1.009,1.009,0,0
DAI.V,D,20201004,000000,1.009,1.012,1.009,1.01,0,0
DAI.V,D,20201005,000000,1.01,1.013,1.009,1.011,0,0
DAI.V,D,20201006,000000,1.011,1.013,1.008,1.01,0,0
DAI.V,D,20201007,000000,1.01,1.012,1.009,1.01,0,0
DAI.V,D,20201008,000000,1.01,1.012,1.009,1.01,0,0
DAI.V,D,20201009,000000,1.01,1.013,1.009,1.012,0,0
DAI.V,D,20201010,000000,1.012,1.013,1.01,1.011,0,0
DAI.V,D,20201011,000000,1.011,1.012,1.009,1.01,0,0
DAI.V,D,20201012,000000,1.01,1.013,1.009,1.011,0,0
DAI.V,D,20201013,000000,1.011,1.012,1.009,1.011,0,0
DAI.V,D,20201014,000000,1.011,1.011,1.009,1.009,0,0
DAI.V,D,20201015,000000,1.009,1.012,1.008,1.009,0,0
DAI.V,D,20201016,000000,1.009,1.011,1.008,1.009,0,0
DAI.V,D,20201017,000000,1.009,1.011,1.008,1.008,0,0
DAI.V,D,20201018,000000,1.008,1.011,1.008,1.009,0,0
DAI.V,D,20201019,000000,1.009,1.011,1.008,1.009,0,0
DAI.V,D,20201020,000000,1.009,1.009,1.006,1.008,0,0
DAI.V,D,20201021,000000,1.008,1.011,1.007,1.009,0,0
DAI.V,D,20201022,000000,1.009,1.011,1.007,1.008,0,0
DAI.V,D,20201023,000000,1.008,1.009,1.005,1.009,0,0
DAI.V,D,20201024,000000,1.009,1.009,1.006,1.006,0,0
DAI.V,D,20201025,000000,1.006,1.008,1.005,1.006,0,0
DAI.V,D,20201026,000000,1.006,1.009,1.005,1.008,0,0
DAI.V,D,20201027,000000,1.008,1.011,1.007,1.01,0,0
DAI.V,D,20201028,000000,1.008,1.012,1.008,1.009,0,0
DAI.V,D,20201029,000000,1.009,1.011,1.007,1.009,0,0
DAI.V,D,20201030,000000,1.009,1.011,1.008,1.01,0,0
DAI.V,D,20201031,000000,1.01,1.011,1.009,1.01,0,0
DAI.V,D,20201101,000000,1.01,1.011,1.009,1.011,0,0
DAI.V,D,20201102,000000,1.011,1.012,1.009,1.011,0,0
DAI.V,D,20201103,000000,1.01,1.012,1.009,1.011,0,0
DAI.V,D,20201104,000000,1.011,1.012,1.008,1.01,0,0
DAI.V,D,20201105,000000,1.01,1.011,1.007,1.01,0,0
DAI.V,D,20201106,000000,1.01,1.012,1.008,1.01,0,0
DAI.V,D,20201107,000000,1.01,1.036,1.008,1.01,0,0
DAI.V,D,20201108,000000,1.01,1.011,1.007,1.009,0,0
DAI.V,D,20201109,000000,1.009,1.011,1.007,1.009,0,0
DAI.V,D,20201110,000000,1.009,1.01,1.007,1.008,0,0
DAI.V,D,20201111,000000,1.008,1.011,1.007,1.009,0,0
DAI.V,D,20201112,000000,1.009,1.011,1.006,1.008,0,0
DAI.V,D,20201113,000000,1.008,1.011,1.006,1.008,0,0
DAI.V,D,20201114,000000,1.008,1.009,1.005,1.008,0,0
DAI.V,D,20201115,000000,1.008,1.008,1.005,1.008,0,0
DAI.V,D,20201116,000000,1.008,1.008,1.004,1.005,0,0
DAI.V,D,20201117,000000,1.005,1.008,1.002,1.004,0,0
DAI.V,D,20201118,000000,1.004,1.007,1.002,1.005,0,0
DAI.V,D,20201119,000000,1.005,1.006,1.002,1.004,0,0
DAI.V,D,20201120,000000,1.004,1.007,1.003,1.005,0,0
DAI.V,D,20201121,000000,1.005,1.007,1.003,1.004,0,0
DAI.V,D,20201122,000000,1.004,1.007,1,1.004,0,0
DAI.V,D,20201123,000000,1.003,1.005,1.001,1.003,0,0
DAI.V,D,20201124,000000,1.003,1.007,1,1.002,0,0
DAI.V,D,20201125,000000,1.002,1.009,1.001,1.003,0,0
DAI.V,D,20201126,000000,1.003,1.317,1,1.003,0,0
DAI.V,D,20201127,000000,1.003,1.007,0.9938,1.003,0,0
DAI.V,D,20201128,000000,1.004,1.009,0.9978,1.004,0,0
DAI.V,D,20201129,000000,1.004,1.009,1.001,1.004,0,0
DAI.V,D,20201130,000000,1.004,1.01,1.001,1.006,0,0
DAI.V,D,20201201,000000,1.006,1.01,1.002,1.004,0,0
DAI.V,D,20201202,000000,1.004,1.008,1.002,1.004,0,0
DAI.V,D,20201203,000000,1.004,1.006,1.002,1.004,0,0
DAI.V,D,20201204,000000,1.004,1.007,1.002,1.005,0,0
DAI.V,D,20201205,000000,1.004,1.007,1.003,1.005,0,0
DAI.V,D,20201206,000000,1.005,1.006,1.003,1.005,0,0
DAI.V,D,20201207,000000,1.005,1.007,1.003,1.005,0,0
DAI.V,D,20201208,000000,1.005,1.007,1.004,1.005,0,0
DAI.V,D,20201209,000000,1.005,1.008,1.003,1.004,0,0
DAI.V,D,20201210,000000,1.004,1.005,1.003,1.004,0,0
DAI.V,D,20201211,000000,1.004,1.005,1.003,1.004,0,0
DAI.V,D,20201212,000000,1.004,1.006,1.001,1.003,0,0
DAI.V,D,20201213,000000,1.003,1.004,1.002,1.003,0,0
DAI.V,D,20201214,000000,1.003,1.004,1.001,1.002,0,0
DAI.V,D,20201215,000000,1.002,1.004,1.001,1.002,0,0
DAI.V,D,20201216,000000,1.002,1.004,1.001,1.002,0,0
DAI.V,D,20201217,000000,1.002,1.004,1.001,1.001,0,0
DAI.V,D,20201218,000000,1.001,1.004,1.001,1.003,0,0
DAI.V,D,20201219,000000,1.003,1.004,1.002,1.003,0,0
DAI.V,D,20201220,000000,1.003,1.004,1.001,1.002,0,0
DAI.V,D,20201221,000000,1.001,1.003,0.999,1.001,0,0
DAI.V,D,20201222,000000,1,1.003,0.9999,1.002,0,0
DAI.V,D,20201223,000000,1.001,1.003,1,1.002,0,0
DAI.V,D,20201224,000000,1.002,1.006,1.001,1.002,0,0
DAI.V,D,20201225,000000,1.002,1.004,1.001,1.003,0,0
DAI.V,D,20201226,000000,1.003,1.005,1.002,1.002,0,0
DAI.V,D,20201227,000000,1.002,1.006,1,1.002,0,0
DAI.V,D,20201228,000000,1.002,1.005,1.002,1.003,0,0
DAI.V,D,20201229,000000,1.003,1.005,1.001,1.004,0,0
DAI.V,D,20201230,000000,1.003,1.005,1.002,1.004,0,0
DAI.V,D,20201231,000000,1.004,1.006,1.003,1.004,0,0
DAI.V,D,20210101,000000,1.004,1.007,1.002,1.005,0,0
DAI.V,D,20210102,000000,1.005,1.006,0.9985,1,0,0
DAI.V,D,20210103,000000,1,1.009,0.9986,1.003,0,0
DAI.V,D,20210104,000000,1.003,1.008,1,1.002,0,0
DAI.V,D,20210105,000000,1.001,1.006,0.9999,1.003,0,0
DAI.V,D,20210106,000000,1.003,1.009,1,1.002,0,0
DAI.V,D,20210107,000000,1.002,1.003,0.9993,1.001,0,0
DAI.V,D,20210108,000000,1.001,1.002,0.9991,1.001,0,0
DAI.V,D,20210109,000000,1.001,1.003,0.9988,1.003,0,0
DAI.V,D,20210110,000000,1.003,1.041,0.9986,0.9999,0,0
DAI.V,D,20210111,000000,0.9999,1.045,0.9985,0.9996,0,0
DAI.V,D,20210112,000000,0.9996,1.002,0.998,1,0,0
DAI.V,D,20210113,000000,0.9995,1.002,0.9989,1.001,0,0
DAI.V,D,20210114,000000,0.9999,1.003,0.9992,1.002,0,0
DAI.V,D,20210115,000000,1.002,1.003,0.9995,1,0,0
DAI.V,D,20210116,000000,1,1.003,0.9996,1.001,0,0
DAI.V,D,20210117,000000,1.001,1.002,0.9995,1.001,0,0
DAI.V,D,20210118,000000,1.001,1.002,0.9995,1.001,0,0
DAI.V,D,20210119,000000,1.001,1.002,0.9987,1.001,0,0
DAI.V,D,20210120,000000,1.001,1.002,0.9991,1,0,0
DAI.V,D,20210121,000000,1,1.001,0.9985,1,0,0
DAI.V,D,20210122,000000,1,1.005,0.9995,1.001,0,0
DAI.V,D,20210123,000000,1.001,1.003,1,1.003,0,0
DAI.V,D,20210124,000000,1.002,1.003,1,1.001,0,0
DAI.V,D,20210125,000000,1.001,1.003,0.9998,1.001,0,0
DAI.V,D,20210126,000000,1.001,1.001,0.9994,1.001,0,0
DAI.V,D,20210127,000000,1.001,1.002,0.9999,1.001,0,0
DAI.V,D,20210128,000000,1.001,1.002,1,1.001,0,0
DAI.V,D,20210129,000000,1.001,1.004,0.9987,1,0,0
DAI.V,D,20210130,000000,1,1.001,0.9986,1,0,0
DAI.V,D,20210131,000000,1,1.001,0.9982,1,0,0
DAI.V,D,20210201,000000,0.9999,1.001,0.9997,1.001,0,0
DAI.V,D,20210202,000000,1.001,1.002,1,1.001,0,0
DAI.V,D,20210203,000000,1.001,1.002,1,1.001,0,0
DAI.V,D,20210204,000000,1.001,1.003,1,1.001,0,0
DAI.V,D,20210205,000000,1.001,1.003,1,1.001,0,0
DAI.V,D,20210206,000000,1.001,1.005,1,1.003,0,0
DAI.V,D,20210207,000000,1.004,1.005,1,1.001,0,0
DAI.V,D,20210208,000000,1.001,1.004,0.9996,1.001,0,0
DAI.V,D,20210209,000000,1.001,1.002,0.9992,1.001,0,0
DAI.V,D,20210210,000000,1.001,1.004,0.9996,1.001,0,0
DAI.V,D,20210211,000000,1.002,1.004,1,1.001,0,0
DAI.V,D,20210212,000000,1.001,1.002,0.9996,1.002,0,0
DAI.V,D,20210213,000000,1.002,1.004,1.001,1.001,0,0
DAI.V,D,20210214,000000,1.001,1.003,1.001,1.002,0,0
DAI.V,D,20210215,000000,1.002,1.041,0.9993,1.001,0,0
DAI.V,D,20210216,000000,1.001,1.002,0.9993,1.001,0,0
DAI.V,D,20210217,000000,1.001,1.002,0.9998,1.001,0,0
DAI.V,D,20210218,000000,1.001,1.002,0.9995,1.001,0,0
DAI.V,D,20210219,000000,1.001,1.148,0.9996,1,0,0
DAI.V,D,20210220,000000,1,1.002,0.9997,1,0,0
DAI.V,D,20210221,000000,1,1.002,0.9999,1,0,0
DAI.V,D,20210222,000000,1,1.083,0.9986,0.9988,0,0
DAI.V,D,20210223,000000,0.9988,1.086,0.9988,1.001,0,0
DAI.V,D,20210224,000000,1.001,1.002,0.9985,1.002,0,0
DAI.V,D,20210225,000000,1.002,1.002,0.9997,1.001,0,0
DAI.V,D,20210226,000000,1.001,1.003,1,1.001,0,0
DAI.V,D,20210227,000000,1.001,1.002,1,1.002,0,0
DAI.V,D,20210228,000000,1.002,1.004,0.9994,1.003,0,0
DAI.V,D,20210301,000000,1.003,1.004,1,1.001,0,0
DAI.V,D,20210302,000000,1.001,1.003,0.9997,1,0,0
DAI.V,D,20210303,000000,1,1.002,1,1.001,0,0
DAI.V,D,20210304,000000,1.001,1.002,0.9999,1.001,0,0
DAI.V,D,20210305,000000,1.001,1.002,1,1.001,0,0
DAI.V,D,20210306,000000,1.001,1.002,1,1.001,0,0
DAI.V,D,20210307,000000,1.001,1.002,0.9993,1,0,0
DAI.V,D,20210308,000000,1,1.001,0.9998,1.001,0,0
DAI.V,D,20210309,000000,1.001,1.002,1,1.001,0,0
DAI.V,D,20210310,000000,1.001,1.001,0.9997,1,0,0
DAI.V,D,20210311,000000,1,1.002,0.9997,1.001,0,0
DAI.V,D,20210312,000000,1.001,1.002,0.9998,1.002,0,0
DAI.V,D,20210313,000000,1.002,1.003,1,1.001,0,0
DAI.V,D,20210314,000000,1.001,1.003,1,1.002,0,0
DAI.V,D,20210315,000000,1.002,1.004,1,1.002,0,0
DAI.V,D,20210316,000000,1.002,1.003,1,1.001,0,0
DAI.V,D,20210317,000000,1.001,1.002,1,1.002,0,0
DAI.V,D,20210318,000000,1.002,1.002,1.001,1.001,0,0
DAI.V,D,20210319,000000,1.001,1.002,1,1.001,0,0
DAI.V,D,20210320,000000,1.001,1.002,1.001,1.001,0,0
DAI.V,D,20210321,000000,1.001,1.002,1.001,1.001,0,0
DAI.V,D,20210322,000000,1.001,1.002,1,1.002,0,0
DAI.V,D,20210323,000000,1.001,1.002,1.001,1.001,0,0
DAI.V,D,20210324,000000,1.001,1.002,1.001,1.001,0,0
DAI.V,D,20210325,000000,1.001,1.002,1.001,1.001,0,0
DAI.V,D,20210326,000000,1.001,1.002,1.001,1.001,0,0
DAI.V,D,20210327,000000,1.001,1.002,1.001,1.002,0,0
DAI.V,D,20210328,000000,1.002,1.003,1,1.001,0,0
DAI.V,D,20210329,000000,1.001,1.001,0.9999,1,0,0
DAI.V,D,20210330,000000,1,1.001,0.999,1.001,0,0
DAI.V,D,20210331,000000,1.001,1.002,0.9998,1.001,0,0
DAI.V,D,20210401,000000,1.001,1.001,0.9992,1.001,0,0
DAI.V,D,20210402,000000,1.001,1.001,0.9993,1.001,0,0
DAI.V,D,20210403,000000,1.001,1.001,0.9993,1.001,0,0
DAI.V,D,20210404,000000,1.001,1.001,1,1.001,0,0
DAI.V,D,20210405,000000,1.001,1.004,1,1.001,0,0
DAI.V,D,20210406,000000,1.001,1.001,0.9998,1,0,0
DAI.V,D,20210407,000000,1,1.001,0.9995,1,0,0
DAI.V,D,20210408,000000,1,1.001,0.9989,1.001,0,0
DAI.V,D,20210409,000000,1.001,1.001,0.9997,1,0,0
DAI.V,D,20210410,000000,1,1.001,0.9986,1,0,0
DAI.V,D,20210411,000000,1,1.001,0.9991,1,0,0
DAI.V,D,20210412,000000,1,1,0.9992,0.9994,0,0
DAI.V,D,20210413,000000,0.9994,1,0.9985,0.9999,0,0
DAI.V,D,20210414,000000,0.9999,1.002,0.9992,1.001,0,0
DAI.V,D,20210415,000000,1.001,1.008,0.9993,1.002,0,0
DAI.V,D,20210416,000000,1.002,1.004,0.9937,1,0,0
DAI.V,D,20210417,000000,1,1.001,0.9992,1.001,0,0
DAI.V,D,20210418,000000,1.001,1.006,0.9999,1.001,0,0
DAI.V,D,20210419,000000,1.001,1.001,0.9975,1,0,0
DAI.V,D,20210420,000000,1,1.003,0.9997,1,0,0
DAI.V,D,20210421,000000,1,1.002,0.9984,1.001,0,0
DAI.V,D,20210422,000000,1.001,1.002,0.9992,1.001,0,0
DAI.V,D,20210423,000000,1.001,1.002,0.9992,1.001,0,0
DAI.V,D,20210424,000000,1,1.002,1,1.002,0,0
DAI.V,D,20210425,000000,1.002,1.002,1,1.001,0,0
DAI.V,D,20210426,000000,1.001,1.002,1,1.001,0,0
DAI.V,D,20210427,000000,1.001,1.002,1,1.001,0,0
DAI.V,D,20210428,000000,1.001,1.002,1,1.001,0,0
DAI.V,D,20210429,000000,1.001,1.002,1,1.001,0,0
DAI.V,D,20210430,000000,1.001,1.002,1.001,1.001,0,0
DAI.V,D,20210501,000000,1.001,1.003,1.001,1.002,0,0
DAI.V,D,20210502,000000,1.002,1.003,1,1.002,0,0
DAI.V,D,20210503,000000,1.002,1.003,1.001,1.001,0,0
DAI.V,D,20210504,000000,1.001,1.002,1,1.001,0,0
DAI.V,D,20210505,000000,1.001,1.003,1,1.001,0,0
DAI.V,D,20210506,000000,1.001,1.004,1,1.002,0,0
DAI.V,D,20210507,000000,1.002,1.004,0.9976,1.001,0,0
DAI.V,D,20210508,000000,1.001,1.002,1,1.001,0,0
DAI.V,D,20210509,000000,1.001,1.003,0.9998,1.001,0,0
DAI.V,D,20210510,000000,1.001,1.003,0.9995,1.001,0,0
DAI.V,D,20210511,000000,1.001,1.002,1,1.001,0,0
DAI.V,D,20210512,000000,1.001,1.002,1,1.001,0,0
DAI.V,D,20210513,000000,1.001,1.014,0.9997,1,0,0
DAI.V,D,20210514,000000,1,1.002,0.9996,1.001,0,0
DAI.V,D,20210515,000000,1.001,1.002,0.9927,1.001,0,0
DAI.V,D,20210516,000000,1.001,1.002,1,1.001,0,0
DAI.V,D,20210517,000000,1.001,1.003,0.9999,1,0,0
DAI.V,D,20210518,000000,1,1.002,0.9993,1,0,0
DAI.V,D,20210519,000000,1,1.024,0.9979,1.002,0,0
DAI.V,D,20210520,000000,1.002,1.005,0.9972,1.002,0,0
DAI.V,D,20210521,000000,1.002,1.005,0.9994,1.004,0,0
DAI.V,D,20210522,000000,1.004,1.004,1,1.002,0,0
DAI.V,D,20210523,000000,1.002,1.006,1.001,1.001,0,0
DAI.V,D,20210524,000000,1.001,1.064,0.9999,1,0,0
DAI.V,D,20210525,000000,1,1.002,1,1.002,0,0
DAI.V,D,20210526,000000,1.002,1.002,0.9997,1.001,0,0
DAI.V,D,20210527,000000,1.001,1.002,1,1.002,0,0
DAI.V,D,20210528,000000,1.002,1.002,0.9999,1.001,0,0
DAI.V,D,20210529,000000,1.001,1.002,0.9842,1.001,0,0
DAI.V,D,20210530,000000,1.001,1.002,0.9999,1.001,0,0
DAI.V,D,20210531,000000,1.001,1.002,0.9986,1.002,0,0
DAI.V,D,20210601,000000,1.002,1.002,1.001,1.002,0,0
DAI.V,D,20210602,000000,1.002,1.002,1,1.001,0,0
DAI.V,D,20210603,000000,1.001,1.002,1.001,1.001,0,0
DAI.V,D,20210604,000000,1.001,1.002,1,1.001,0,0
DAI.V,D,20210605,000000,1.001,1.002,1,1.001,0,0
DAI.V,D,20210606,000000,1.001,1.002,1,1.001,0,0
DAI.V,D,20210607,000000,1.001,1.002,1,1.001,0,0
DAI.V,D,20210608,000000,1.001,1.005,1.001,1.001,0,0
DAI.V,D,20210609,000000,1.001,1.003,1,1.001,0,0
DAI.V,D,20210610,000000,1.001,1.003,1.001,1.001,0,0
DAI.V,D,20210611,000000,1.001,1.006,0.9983,1.001,0,0
DAI.V,D,20210612,000000,1.001,1.003,1,1.001,0,0
DAI.V,D,20210613,000000,1.001,1.003,1.001,1.001,0,0
DAI.V,D,20210614,000000,1.001,1.002,0.9976,1.001,0,0
DAI.V,D,20210615,000000,1.001,1.003,0.9989,1.001,0,0
DAI.V,D,20210616,000000,1.001,1.003,0.9997,1.001,0,0
DAI.V,D,20210617,000000,1.001,1.002,1,1.001,0,0
DAI.V,D,20210618,000000,1.001,1.002,0.9997,1.001,0,0
DAI.V,D,20210619,000000,1.001,1.004,1,1.001,0,0
DAI.V,D,20210620,000000,1.001,1.002,1,1.001,0,0
DAI.V,D,20210621,000000,1.001,1.003,1,1.001,0,0
DAI.V,D,20210622,000000,1.001,1.003,0.9988,1.001,0,0
DAI.V,D,20210623,000000,1.001,1.002,1,1.001,0,0
DAI.V,D,20210624,000000,1.001,1.002,1,1.001,0,0
DAI.V,D,20210625,000000,1.001,1.002,0.9998,1.001,0,0
DAI.V,D,20210626,000000,1.001,1.002,1,1.001,0,0
DAI.V,D,20210627,000000,1.001,1.004,1,1.001,0,0
DAI.V,D,20210628,000000,1.001,1.002,0.9981,1.001,0,0
DAI.V,D,20210629,000000,1.001,1.002,0.9999,1.001,0,0
DAI.V,D,20210630,000000,1.001,1.002,0.9997,1.001,0,0
DAI.V,D,20210701,000000,1.001,1.003,1.001,1.001,0,0
DAI.V,D,20210702,000000,1.001,1.002,1.001,1.001,0,0
DAI.V,D,20210703,000000,1.001,1.001,1.001,1.001,0,0
DAI.V,D,20210704,000000,1.001,1.003,1.001,1.001,0,0
DAI.V,D,20210705,000000,1.001,1.001,1,1.001,0,0
DAI.V,D,20210706,000000,1.001,1.002,1,1,0,0
DAI.V,D,20210707,000000,1,1.001,1,1.001,0,0
DAI.V,D,20210708,000000,1.001,1.001,1,1.001,0,0
DAI.V,D,20210709,000000,1.001,1.001,1,1.001,0,0
DAI.V,D,20210710,000000,1.001,1.001,1,1.001,0,0
DAI.V,D,20210711,000000,1.001,1.001,1,1.001,0,0
DAI.V,D,20210712,000000,1.001,1.002,0.9997,1.001,0,0
DAI.V,D,20210713,000000,1.001,1.002,1.001,1.001,0,0
DAI.V,D,20210714,000000,1.001,1.002,1.001,1.001,0,0
DAI.V,D,20210715,000000,1.001,1.002,1.001,1.001,0,0
DAI.V,D,20210716,000000,1.001,1.001,1.001,1.001,0,0
DAI.V,D,20210717,000000,1.001,1.001,1.001,1.001,0,0
DAI.V,D,20210718,000000,1.001,1.001,1.001,1.001,0,0
DAI.V,D,20210719,000000,1.001,1.001,1.001,1.001,0,0
DAI.V,D,20210720,000000,1.001,1.002,1.001,1.001,0,0
DAI.V,D,20210721,000000,1.001,1.001,1.001,1.001,0,0
DAI.V,D,20210722,000000,1.001,1.002,1.001,1.001,0,0
DAI.V,D,20210723,000000,1.001,1.002,1.001,1.001,0,0
DAI.V,D,20210724,000000,1.001,1.002,1.001,1.001,0,0
DAI.V,D,20210725,000000,1.001,1.001,1,1.001,0,0
DAI.V,D,20210726,000000,1.001,1.002,1.001,1.001,0,0
DAI.V,D,20210727,000000,1.001,1.002,1.001,1.001,0,0
DAI.V,D,20210728,000000,1.001,1.002,1.001,1.001,0,0
DAI.V,D,20210729,000000,1.001,1.002,1.001,1.001,0,0
DAI.V,D,20210730,000000,1.001,1.001,1,1.001,0,0
DAI.V,D,20210731,000000,1.001,1.002,1.001,1.001,0,0
DAI.V,D,20210801,000000,1.001,1.001,1,1.001,0,0
DAI.V,D,20210802,000000,1.001,1.002,1.001,1.001,0,0
DAI.V,D,20210803,000000,1.001,1.001,0.9996,1,0,0
DAI.V,D,20210804,000000,1,1.001,0.9997,1.001,0,0
DAI.V,D,20210805,000000,1.001,1.001,1,1.001,0,0
DAI.V,D,20210806,000000,1.001,1.002,1.001,1.001,0,0
DAI.V,D,20210807,000000,1.001,1.001,1.001,1.001,0,0
DAI.V,D,20210808,000000,1.001,1.002,1,1.001,0,0
DAI.V,D,20210809,000000,1.001,1.003,0.9998,1,0,0
DAI.V,D,20210810,000000,1,1.001,0.9997,1.001,0,0
DAI.V,D,20210811,000000,1.001,1.001,0.9998,1.001,0,0
DAI.V,D,20210812,000000,1.001,1.002,1,1.001,0,0
DAI.V,D,20210813,000000,1.001,1.002,1,1.001,0,0
DAI.V,D,20210814,000000,1.001,1.003,1.001,1.001,0,0
DAI.V,D,20210815,000000,1.001,1.002,1.001,1.001,0,0
DAI.V,D,20210816,000000,1.001,1.001,1,1,0,0
DAI.V,D,20210817,000000,1,1.001,0.9998,1.001,0,0
DAI.V,D,20210818,000000,1.001,1.001,1,1,0,0
DAI.V,D,20210819,000000,1,1.001,1,1.001,0,0
DAI.V,D,20210820,000000,1.001,1.001,1,1.001,0,0
DAI.V,D,20210821,000000,1.001,1.001,1,1.001,0,0
DAI.V,D,20210822,000000,1.001,1.001,1,1.001,0,0
DAI.V,D,20210823,000000,1.001,1.001,1,1.001,0,0
DAI.V,D,20210824,000000,1.001,1.001,1.001,1.001,0,0
DAI.V,D,20210825,000000,1.001,1.001,1,1.001,0,0
DAI.V,D,20210826,000000,1.001,1.004,1.001,1.001,0,0
DAI.V,D,20210827,000000,1.001,1.001,1,1.001,0,0
DAI.V,D,20210828,000000,1.001,1.003,1.001,1.001,0,0
DAI.V,D,20210829,000000,1.001,1.001,1.001,1.001,0,0
DAI.V,D,20210830,000000,1.001,1.002,1.001,1.001,0,0
DAI.V,D,20210831,000000,1.001,1.001,1,1,0,0
DAI.V,D,20210901,000000,1,1.001,1,1.001,0,0
DAI.V,D,20210902,000000,1.001,1.001,1,1,0,0
DAI.V,D,20210903,000000,1,1.001,0.9999,1,0,0
DAI.V,D,20210904,000000,1,1,0.9994,0.9999,0,0
DAI.V,D,20210905,000000,0.9999,1,0.9997,1,0,0
DAI.V,D,20210906,000000,1,1,0.9995,1,0,0
DAI.V,D,20210907,000000,1,1.002,0.9979,0.9999,0,0
DAI.V,D,20210908,000000,0.9999,1,0.9991,1,0,0
DAI.V,D,20210909,000000,1,1,0.9991,1,0,0
DAI.V,D,20210910,000000,1,1,0.9995,0.9998,0,0
DAI.V,D,20210911,000000,0.9998,1,0.9985,0.9998,0,0
DAI.V,D,20210912,000000,0.9998,1.001,0.9996,1,0,0
DAI.V,D,20210913,000000,1,1.001,1,1,0,0
DAI.V,D,20210914,000000,1,1.001,0.9995,0.9999,0,0
DAI.V,D,20210915,000000,0.9999,1.001,0.9995,1,0,0
DAI.V,D,20210916,000000,1,1.002,0.9999,1,0,0
DAI.V,D,20210917,000000,1,1.001,0.9998,1,0,0
DAI.V,D,20210918,000000,1,1.001,1,1,0,0
DAI.V,D,20210919,000000,1,1.001,0.9999,1,0,0
DAI.V,D,20210920,000000,1,1.001,1,1,0,0
DAI.V,D,20210921,000000,1,1.001,0.9996,1.001,0,0
DAI.V,D,20210922,000000,1.001,1.001,0.9991,1,0,0
DAI.V,D,20210923,000000,1,1.001,0.9993,1,0,0
DAI.V,D,20210924,000000,1,1.002,0.9999,1,0,0
DAI.V,D,20210925,000000,1,1.001,1,1.001,0,0
DAI.V,D,20210926,000000,1.001,1.001,1,1,0,0
DAI.V,D,20210927,000000,1,1.001,1,1,0,0
DAI.V,D,20210928,000000,1,1,0.9998,1,0,0
DAI.V,D,20210929,000000,1,1.001,0.9997,1,0,0
DAI.V,D,20210930,000000,1,1.001,0.9997,1,0,0
DAI.V,D,20211001,000000,1,1.001,0.9997,1.001,0,0
DAI.V,D,20211002,000000,1.001,1.001,1,1.001,0,0
DAI.V,D,20211003,000000,1.001,1.002,1,1.001,0,0
DAI.V,D,20211004,000000,1.001,1.001,1,1,0,0
DAI.V,D,20211005,000000,1,1.001,0.9993,1.001,0,0
DAI.V,D,20211006,000000,1.001,1.001,0.9998,1,0,0
DAI.V,D,20211007,000000,1,1.001,1,1.001,0,0
DAI.V,D,20211008,000000,1.001,1.001,0.999,1,0,0
DAI.V,D,20211009,000000,1,1.001,1,1,0,0
DAI.V,D,20211010,000000,1.001,1.001,0.9999,1.001,0,0
DAI.V,D,20211011,000000,1.001,1.001,0.9997,1,0,0
DAI.V,D,20211012,000000,1,1,0.9997,1,0,0
DAI.V,D,20211013,000000,1,1.001,0.9989,1,0,0
DAI.V,D,20211014,000000,1,1.001,0.9996,1,0,0
DAI.V,D,20211015,000000,1,1.001,0.9991,1,0,0
DAI.V,D,20211016,000000,1,1.001,0.9961,0.9998,0,0
DAI.V,D,20211017,000000,0.9998,1,0.9992,0.9999,0,0
DAI.V,D,20211018,000000,0.9999,1.002,0.9993,0.9997,0,0
DAI.V,D,20211019,000000,0.9997,1,0.9994,0.9999,0,0
DAI.V,D,20211020,000000,0.9999,1.001,0.9995,1,0,0
DAI.V,D,20211021,000000,1,1.001,0.9978,1,0,0
DAI.V,D,20211022,000000,1,1.001,0.9996,1,0,0
DAI.V,D,20211023,000000,1,1.001,0.9999,1,0,0
DAI.V,D,20211024,000000,1,1.001,0.9998,1,0,0
DAI.V,D,20211025,000000,1,1.001,0.9996,1,0,0
DAI.V,D,20211026,000000,1,1,0.9998,1,0,0
DAI.V,D,20211027,000000,1,1.001,0.997,0.9999,0,0
DAI.V,D,20211028,000000,0.9999,1.005,0.9996,1,0,0
DAI.V,D,20211029,000000,1,1.002,0.9995,1,0,0
DAI.V,D,20211030,000000,1,1.001,0.9996,1.001,0,0
DAI.V,D,20211031,000000,1.001,1.008,0.9996,1,0,0
DAI.V,D,20211101,000000,0.9999,1.002,0.9996,1.001,0,0
DAI.V,D,20211102,000000,1.001,1.001,0.9996,1.001,0,0
DAI.V,D,20211103,000000,1.001,1.003,0.999,1,0,0
DAI.V,D,20211104,000000,1,1.002,0.9996,1.001,0,0
DAI.V,D,20211105,000000,1.001,1.001,1,1,0,0
DAI.V,D,20211106,000000,1,1.001,0.9998,1.001,0,0
DAI.V,D,20211107,000000,1.001,1.001,0.9999,1,0,0
DAI.V,D,20211108,000000,1,1.001,0.9998,1,0,0
DAI.V,D,20211109,000000,1,1.002,0.9996,0.9997,0,0
DAI.V,D,20211110,000000,0.9997,1,0.9995,0.9999,0,0
DAI.V,D,20211111,000000,0.9999,1,0.9997,0.9998,0,0
DAI.V,D,20211112,000000,0.9999,1.001,0.9992,1,0,0
DAI.V,D,20211113,000000,1,1.001,0.9998,1,0,0
DAI.V,D,20211114,000000,1,1,0.9997,1,0,0
DAI.V,D,20211115,000000,1,1.001,0.9997,1,0,0
DAI.V,D,20211116,000000,0.9999,1,0.9968,1,0,0
DAI.V,D,20211117,000000,1,1,0.9997,1,0,0
DAI.V,D,20211118,000000,1,1.001,0.998,1,0,0
DAI.V,D,20211119,000000,1,1.001,0.9992,0.9999,0,0
DAI.V,D,20211120,000000,0.9999,1.002,0.9998,1.001,0,0
DAI.V,D,20211121,000000,1.001,1.001,0.9998,1,0,0
DAI.V,D,20211122,000000,1,1.001,0.9986,0.9999,0,0
DAI.V,D,20211123,000000,0.9999,1.000206,0.999104,0.999517,0,0
DAI.V,D,20211124,000000,0.999522,1.000145,0.9988,1.000001,0,0
DAI.V,D,20211125,000000,1.000029,1.001144,0.999141,1.000151,0,0
DAI.V,D,20211126,000000,1.000192,1.001018,0.9986,0.999279,0,0
DAI.V,D,20211127,000000,0.999284,1.00065,0.998772,1.000321,0,0
DAI.V,D,20211128,000000,1.000281,1.0006,0.999701,1.000131,0,0
DAI.V,D,20211129,000000,1.000126,1.0013,0.9995,1.000198,0,0
DAI.V,D,20211130,000000,1.000198,1.000793,0.9998,1.00015,0,0
DAI.V,D,20211201,000000,1.00015,1.000257,0.999502,1.00011,0,0
DAI.V,D,20211202,000000,1.00011,1.0003,0.999726,1.000183,0,0
DAI.V,D,20211203,000000,1.000192,1.0003,0.999857,0.999987,0,0
DAI.V,D,20211204,000000,0.999991,1.000188,0.9995,0.999981,0,0
DAI.V,D,20211205,000000,0.999947,1.000232,0.999572,1.000065,0,0
DAI.V,D,20211206,000000,1.0001,1.000255,0.999946,1.00004,0,0
DAI.V,D,20211207,000000,1.00004,1.000222,0.99744,0.999851,0,0
DAI.V,D,20211208,000000,0.999868,1.000367,0.999607,1.000007,0,0
DAI.V,D,20211209,000000,1.000004,1.000303,0.9996,1.00004,0,0
DAI.V,D,20211210,000000,1.000024,1.000289,0.999337,1.000161,0,0
DAI.V,D,20211211,000000,1.000161,1.000264,0.999935,0.999954,0,0
DAI.V,D,20211212,000000,0.999954,1.000039,0.999888,0.999921,0,0
DAI.V,D,20211213,000000,0.999922,1.0024,0.99955,0.99987,0,0
DAI.V,D,20211214,000000,0.99987,1.001,0.999755,1.000028,0,0
DAI.V,D,20211215,000000,1.000005,1.00022,0.99984,1.00003,0,0
DAI.V,D,20211216,000000,1.00003,1.00025,0.99786,0.99997,0,0
DAI.V,D,20211217,000000,0.99997,1.00025,0.9993,0.999975,0,0
DAI.V,D,20211218,000000,0.999982,1.000249,0.99992,1.0001,0,0
DAI.V,D,20211219,000000,1.0001,1.00016,0.99994,1,0,0
DAI.V,D,20211220,000000,1,1.00025,0.99999,1.00012,0,0
DAI.V,D,20211221,000000,1.00012,1.00046,0.9996,1.00015,0,0
DAI.V,D,20211222,000000,1.00016,1.00026,0.9995,0.99992,0,0
DAI.V,D,20211223,000000,0.99989,1.00063,0.99981,1.00004,0,0
DAI.V,D,20211224,000000,1.00004,1.00013,0.99985,0.99998,0,0
DAI.V,D,20211225,000000,0.99997,1.00013,0.99994,0.99997,0,0
DAI.V,D,20211226,000000,0.99997,1.00059,0.9988,0.99992,1850958,0
DAI.V,D,20211227,000000,0.99992,1.00006,0.99941,0.99991,6455336,0
DAI.V,D,20211228,000000,0.99991,1.0006,0.999345,0.999917,3611852,0
DAI.V,D,20211229,000000,0.999887,1.0252,0.999509,0.999945,2297054,0
DAI.V,D,20211230,000000,0.999945,1.0005,0.9999,1.000155,3719638,0
DAI.V,D,20211231,000000,1.000175,1.0005,0.9999,0.99993,2619269.417549,0
DAI.V,D,20220101,000000,0.99993,1.00013,0.99956,0.99999,2023004.2002378,0
DAI.V,D,20220102,000000,0.99999,1.00024,0.99991,0.99996,2538116.2459164,0
DAI.V,D,20220103,000000,0.99996,1.00002,0.99966,0.99994,4891475.0247546,0
DAI.V,D,20220104,000000,0.99998,1,0.99767,0.99994,3272978.9938008,0
DAI.V,D,20220105,000000,0.99991,1.00025,0.99972,0.99981,3836976.6963758,0
DAI.V,D,20220106,000000,0.99984,1.0004,0.99972,0.999985,4963716.0407404,0
DAI.V,D,20220107,000000,0.999972,1.000459,0.9996,1.000104,4217934.5982049,0
DAI.V,D,20220108,000000,1.000102,1.0045,0.9998,1.00001,3017725.3657806,0
DAI.V,D,20220109,000000,1,1.00033,0.99932,1,2201499.8125645,0
DAI.V,D,20220110,000000,1,1.0005,0.99977,1.00015,3292230.2660409,0
DAI.V,D,20220111,000000,1.00018,1.00079,0.99971,1,3442747.5801946,0
DAI.V,D,20220112,000000,1,1.00014,0.99955,0.9999,3260638.3703936,0
DAI.V,D,20220113,000000,0.9999,1.00008,0.9997,1.00008,2531053.7649467,0
DAI.V,D,20220114,000000,1.00008,1.0002,0.9999,1.00002,2822912.6095109,0
DAI.V,D,20220115,000000,1.00002,1.0047,0.9999,1.00018,3545167.9025445,0
DAI.V,D,20220116,000000,1.00018,1.00029,1,1.00027,1649743.9183324,0
DAI.V,D,20220117,000000,1.00027,1.00051,1,1.00002,2718646.8256327,0
DAI.V,D,20220118,000000,1.00004,1.0001,0.9999,1.000002,2299190.9200858,0
DAI.V,D,20220119,000000,1.000001,1.0001,0.9997,1.000019,2933066.9270797,0
DAI.V,D,20220120,000000,1.000039,1.000092,0.99921,0.999881,2302025.5275992,0
DAI.V,D,20220121,000000,0.999919,1.000548,0.9996,1.000191,3988901.6264707,0
DAI.V,D,20220122,000000,1.00015,1.000745,0.999877,0.999998,3745435.2043862,0
DAI.V,D,20220123,000000,0.999999,1.0022,0.999867,1.00016,2273362.6288959,0
DAI.V,D,20220124,000000,1.00016,1.00079,0.99966,1.00006,4989641.9801104,0
DAI.V,D,20220125,000000,1.00005,1.00081,0.99995,0.99996,2528561.1026847,0
DAI.V,D,20220126,000000,0.99996,1.00012,0.99966,0.99997,2866195.2576734,0
DAI.V,D,20220127,000000,0.99995,1,0.9995,0.99999,3284702.3891931,0
DAI.V,D,20220128,000000,0.99999,1,0.99969,0.99988,2379019.7926216,0
DAI.V,D,20220129,000000,0.99988,0.99995,0.99958,0.99973,2036790.5211536,0
DAI.V,D,20220130,000000,0.99971,0.99995,0.99928,0.99994,2398135.3500278,0
DAI.V,D,20220131,000000,0.99994,0.99995,0.99937,0.99986,2646986.4637205,0
DAI.V,D,20220201,000000,0.99987,0.99991,0.99978,0.99987,1912356.3085855,0
DAI.V,D,20220202,000000,0.99987,0.99995,0.99976,0.99993,2916138.5866192,0
DAI.V,D,20220203,000000,0.99993,0.99995,0.9994,0.99983,1863396.6318537,0
DAI.V,D,20220204,000000,0.99983,1.00021,0.99972,0.99998,2430293.2138092,0
DAI.V,D,20220205,000000,0.99998,1,0.99981,1,1641297.781054,0
DAI.V,D,20220206,000000,1,1,0.99984,0.99995,1288875.7929501,0
DAI.V,D,20220207,000000,0.99995,1,0.9993,0.99987,3003744.0200661,0
DAI.V,D,20220208,000000,0.99987,1,0.9998,0.999848,2454478.490124,0
DAI.V,D,20220209,000000,0.999847,1,0.9998,0.999893,2785091.5669067,0
DAI.V,D,20220210,000000,0.999893,1.000424,0.9998,1.000055,3164084.4510888,0
DAI.V,D,20220211,000000,1.000055,1.000999,0.999988,1.000271,3805959.4926611,0
DAI.V,D,20220212,000000,1.000194,1.000257,0.999919,1.00004,1180930.7222645,0
DAI.V,D,20220213,000000,1.000039,1.000088,0.999142,0.999864,1202825.2408978,0
DAI.V,D,20220214,000000,0.999929,1.000039,0.999757,0.999849,1625916.3283627,0
DAI.V,D,20220215,000000,0.999879,1.000097,0.999548,1.000002,1700245.0647372,0
DAI.V,D,20220216,000000,0.999968,1.000209,0.999902,1.000101,1333221.996588,0
DAI.V,D,20220217,000000,1.000094,1.000135,0.999698,0.999866,1690305.970745,0
DAI.V,D,20220218,000000,0.999891,1.00011,0.99965,1.00002,1415215.2675823,0
DAI.V,D,20220219,000000,1.00002,1.00006,0.99984,0.99998,1457760.6406034,0
DAI.V,D,20220220,000000,0.99994,1.00036,0.99991,0.99995,1456944.9368389,0
DAI.V,D,20220221,000000,0.99994,1.00004,0.9993,1.00004,2230147.9456374,0
DAI.V,D,20220222,000000,1.00002,1.01055,0.99965,1.00142,3012653.1826692,0
DAI.V,D,20220223,000000,1.00143,1.00145,0.99916,0.99987,1996573.4519301,0
DAI.V,D,20220224,000000,0.99987,1.00007,0.99976,1.00003,3376988.3769281,0
DAI.V,D,20220225,000000,1.00004,1.00055,0.99971,0.99993,2088264.0449782,0
DAI.V,D,20220226,000000,0.99992,1.00006,0.99987,0.99998,1747731.0645432,0
DAI.V,D,20220227,000000,0.99998,1.00008,0.99972,0.99979,2531580.1905011,0
DAI.V,D,20220228,000000,0.99982,0.999876,0.999579,0.999811,3570657.2599839,0
DAI.V,D,20220301,000000,0.999796,0.999878,0.999504,0.999758,2269768.2192882,0
DAI.V,D,20220302,000000,0.999758,0.999892,0.999738,0.999871,1417854.9386503,0
DAI.V,D,20220303,000000,0.999871,1.000133,0.999805,0.999995,1822416.0735765,0
DAI.V,D,20220304,000000,0.99995,1.000348,0.9995,1.000073,4720077.672026,0
DAI.V,D,20220305,000000,1.000081,1.000102,0.9994,0.999784,2992156.6778774,0
DAI.V,D,20220306,000000,0.999784,1.000001,0.999686,0.999896,1726929.9774999,0
DAI.V,D,20220307,000000,0.999896,1.000042,0.999745,0.999757,2277752.0899414,0
DAI.V,D,20220308,000000,0.999757,1.003501,0.999686,1.0005,7862758.3063817,0
DAI.V,D,20220309,000000,1.0004,1.009202,1.0001,1.0004,5888647.5875637,0
DAI.V,D,20220310,000000,1.0003,1.003901,0.9998,1.0004,2249890.8114481,0
DAI.V,D,20220311,000000,0.999924,1.000071,0.999905,0.999967,50550.190064123,0
DAI.V,D,20220312,000000,0.999911,1.010201,0.999904,1.007301,2954697.528501,0
DAI.V,D,20220313,000000,1.007101,1.008402,1.003901,1.005101,1684888.8983735,0
DAI.V,D,20220314,000000,1.000109,1.000791,0.999904,0.999957,1848424.4753953,0
DAI.V,D,20220315,000000,0.999945,1.000235,0.999802,0.99982,4401205.5502795,0
DAI.V,D,20220316,000000,0.999821,1.00013,0.999653,0.999876,6830805.8855992,0
DAI.V,D,20220317,000000,0.999916,1.000165,0.999451,1.00002,2679440.1787617,0
DAI.V,D,20220318,000000,1.00002,1.00012,0.998409,1.00007,4098496.9824805,0
DAI.V,D,20220319,000000,1.00007,1.0002,0.99994,1.00005,3149421.9094724,0
DAI.V,D,20220320,000000,1.00005,1.00036,0.99994,0.99994,972330.49760081,0
DAI.V,D,20220321,000000,0.99992,1.00012,0.99943,0.99975,1806161.0621061,0
DAI.V,D,20220322,000000,0.99975,1.00015,0.999248,0.999797,2543753.200036,0
DAI.V,D,20220323,000000,0.999818,1.000074,0.999635,0.999785,1982545.3699455,0
DAI.V,D,20220324,000000,0.999782,1.000241,0.9997,0.999917,2304413.105898,0
DAI.V,D,20220325,000000,0.999883,1.000078,0.999726,0.999737,2137226.2212194,0
DAI.V,D,20220326,000000,0.999796,1.000044,0.999728,0.999827,1105196.788595,0
DAI.V,D,20220327,000000,0.999827,0.999877,0.999688,0.999847,1600678.4367086,0
DAI.V,D,20220328,000000,0.999845,1.000146,0.999545,0.999885,3305473.0386819,0
DAI.V,D,20220329,000000,0.999901,1.000157,0.998,0.999776,3137735.5951838,0
DAI.V,D,20220330,000000,0.999775,1.000114,0.999663,0.999758,3640414.5858872,0
DAI.V,D,20220331,000000,0.999758,1.0002,0.999757,0.99985,3302420.3580842,0
DAI.V,D,20220401,000000,0.99984,1.00016,0.99972,0.99997,6405329.1401197,0
DAI.V,D,20220402,000000,0.99997,1.0005,0.99976,1.00017,2413769.1594449,0
DAI.V,D,20220403,000000,1.00018,1.001,0.99999,1.00003,6602089.9728291,0
DAI.V,D,20220404,000000,1.00002,1.004901,0.999729,0.99986,2183912.5149757,0
DAI.V,D,20220405,000000,0.999859,1.0048,0.999654,0.999752,3267639.1307818,0
DAI.V,D,20220406,000000,0.999681,1.000339,0.999643,0.999726,2914199.0970504,0
DAI.V,D,20220407,000000,0.999726,0.999856,0.9994,0.999788,2786075.4621709,0
DAI.V,D,20220408,000000,0.999789,1.0001,0.99965,1.000002,2184200.3535724,0
DAI.V,D,20220409,000000,1.000004,1.000064,0.999758,0.999777,992867.2827766,0
DAI.V,D,20220410,000000,0.999784,1.000009,0.999726,0.999822,1087003.0243378,0
DAI.V,D,20220411,000000,0.999823,0.999998,0.999675,0.999863,3399890.287784,0
DAI.V,D,20220412,000000,0.999863,0.999976,0.998764,0.999704,1775890.465439,0
DAI.V,D,20220413,000000,0.999706,0.999911,0.998695,0.999693,2667345.0228794,0
DAI.V,D,20220414,000000,0.999693,1.000015,0.999657,0.999965,3272569.7576631,0
DAI.V,D,20220415,000000,0.999923,1.00006,0.999763,1.000041,1368370.2560102,0
DAI.V,D,20220416,000000,1.000043,1.0002,0.999818,0.999846,726313.2584558,0
DAI.V,D,20220417,000000,0.999846,0.999882,0.999562,0.99979,993472.08900032,0
DAI.V,D,20220418,000000,0.999791,1.0002,0.999494,0.999786,3871937.200795,0
DAI.V,D,20220419,000000,0.999783,0.999959,0.999731,0.999929,1742907.4023755,0
DAI.V,D,20220420,000000,0.999926,1,0.9996,0.999832,1848448.4046916,0
DAI.V,D,20220421,000000,0.999832,1.000081,0.999712,0.999963,1381162.6713815,0
DAI.V,D,20220422,000000,1.000079,1.00011,0.999773,1.000035,2777785.863133,0
DAI.V,D,20220423,000000,1.000069,1.00055,0.996,0.9995,2473068.484708,0
DAI.V,D,20220424,000000,0.9996,1,0.9991,0.9993,4305946.3774365,0
DAI.V,D,20220425,000000,0.9993,1.000105,0.9993,0.9997,1533483.8767943,0
DAI.V,D,20220426,000000,0.999703,1.000099,0.99931,0.999834,1716782.9418757,0
DAI.V,D,20220427,000000,0.999828,1.0006,0.999703,0.999845,2340435.5997444,0
DAI.V,D,20220428,000000,1.0028,1.0044,1.0019,1.0037,2289682.8374604,0
DAI.V,D,20220429,000000,1.0037,1.005401,0.999865,0.999999,2797493.4894175,0
DAI.V,D,20220430,000000,1,1.0003,0.999777,1.000076,1702220.1950557,0
DAI.V,D,20220501,000000,1.000074,1.000183,0.99984,0.999887,1815644.1762836,0
DAI.V,D,20220502,000000,0.999869,1.000026,0.99975,0.999866,2036628.2379273,0
DAI.V,D,20220503,000000,0.999947,1.000014,0.999706,0.999902,1561790.7422819,0
DAI.V,D,20220504,000000,0.999903,1.000071,0.9993,0.999806,2554440.2524797,0
DAI.V,D,20220505,000000,0.999804,1.000185,0.999755,0.999923,2468036.4552835,0
DAI.V,D,20220506,000000,0.999923,1,0.999,1,1978573.6173699,0
DAI.V,D,20220507,000000,0.999,1,0.999,1,612039.24510262,0
DAI.V,D,20220508,000000,0.999,1.003,0.999,0.999,3311319.3582163,0
DAI.V,D,20220509,000000,0.999,1.001,0.999,1,4185790.3925491,0
DAI.V,D,20220510,000000,0.999,1,0.999,0.999,5171579.3558173,0
DAI.V,D,20220511,000000,0.999,1.007283,0.995106,1.005067,9357964.148419,0
DAI.V,D,20220512,000000,1.004767,1.08207,0.99474,1.00578,24443439.164656,0
DAI.V,D,20220513,000000,0.99959,1.00599,0.99281,0.9987,5281329.3026227,0
DAI.V,D,20220514,000000,1.0001,1.0002,0.9999,1.0001,419330.55360536,0
DAI.V,D,20220515,000000,1.0006,1.0008,0.9996,0.9996,314015.77402512,0
DAI.V,D,20220516,000000,1,1.0002,0.999,0.9994,1960934.5302481,0
DAI.V,D,20220517,000000,0.9995,1.0003,0.9992,0.9998,2554928.956453,0
DAI.V,D,20220518,000000,1,1.00769,0.999,1.00609,1134505.0887384,0
DAI.V,D,20220519,000000,1.00599,1.00729,1.00439,1.00569,3529972.8348322,0
DAI.V,D,20220520,000000,1.00569,1.01328,1.00349,1.00529,3136185.85227,0
DAI.V,D,20220521,000000,1.00529,1.01248,0.9994,1.0003,1315374.7827015,0
DAI.V,D,20220522,000000,1.0003,1.0014,0.9996,1,691118.59456003,0
DAI.V,D,20220523,000000,1,1.0002,0.9995,0.9999,2015011.0538405,0
DAI.V,D,20220524,000000,0.9993,1.0001,0.9992,0.9999,2107322.8642404,0
DAI.V,D,20220525,000000,0.9999,1.0001,0.9984,0.9998,1916454.3348135,0
DAI.V,D,20220526,000000,0.9999,1.000099,0.999299,0.999999,1294675.9942347,0
DAI.V,D,20220527,000000,0.999899,1.0004,0.999499,0.999499,2102839.4340474,0
DAI.V,D,20220528,000000,0.9998,1,0.9996,0.9997,1867316.3834799,0
DAI.V,D,20220529,000000,0.9997,0.9998,0.9996,0.9997,746263.2750055,0
DAI.V,D,20220530,000000,1.005672,1.010368,0.991019,0.9998,730589.69335986,0
DAI.V,D,20220531,000000,0.9997,1,0.9996,0.9997,841822.16152951,0
DAI.V,D,20220601,000000,0.996722,1.006595,0.992705,1.004495,1017555.2845914,0
DAI.V,D,20220602,000000,1.004495,1.005095,0.998401,1.004495,714175.64254108,0
DAI.V,D,20220603,000000,1.004595,1.006103,0.993944,1.005025,812520.24986956,0
DAI.V,D,20220604,000000,0.9996,1.005165,0.99925,0.99934,696030.89982338,0
DAI.V,D,20220605,000000,0.99934,0.99956,0.99906,0.9991,993044.62239075,0
DAI.V,D,20220606,000000,0.9991,1.000539,0.99863,0.9995,2659113.1092575,0
DAI.V,D,20220607,000000,0.9997,1.0001,0.9995,0.9998,2214328.2647629,0
DAI.V,D,20220608,000000,0.9998,1.0001,0.99918,0.99966,3207928.9689015,0
DAI.V,D,20220609,000000,0.99966,1.000549,0.998111,0.999859,4488619.0824526,0
DAI.V,D,20220610,000000,0.999849,1.000059,0.999269,0.999429,12251481.015609,0
DAI.V,D,20220611,000000,0.999129,1.0003,0.999129,1.0001,1834384.2401866,0
DAI.V,D,20220612,000000,1,1.0004,0.9997,0.9999,1504897.0740275,0
DAI.V,D,20220613,000000,1,1.0029,0.9998,0.9999,41101168.008494,0
DAI.V,D,20220614,000000,1,1.0022,0.9996,0.9997,62783260.74353,0
DAI.V,D,20220615,000000,0.9998,1.001197,0.997102,0.999498,115365333.71846,0
DAI.V,D,20220616,000000,0.999599,1.000798,0.997801,0.9988,24834024.780382,0
DAI.V,D,20220617,000000,0.99863,1,0.99804,0.9983,36876676.345731,0
DAI.V,D,20220618,000000,0.9999,1,0.997152,0.997282,68113585.308385,0
DAI.V,D,20220619,000000,0.997182,1.0005,0.997022,0.9993,77605028.206029,0
DAI.V,D,20220620,000000,0.9997,1,0.9994,0.9999,13624232.23957,0
DAI.V,D,20220621,000000,0.9992,1.001497,0.9992,0.9999,5580199.4393391,0
DAI.V,D,20220622,000000,1,1.000199,0.999399,0.999799,66516078.410739,0
DAI.V,D,20220623,000000,0.999799,1.000798,0.9992,0.999599,7696119.8277035,0
DAI.V,D,20220624,000000,0.999699,1.00018,0.99931,0.99941,11453066.779826,0
DAI.V,D,20220625,000000,0.9991,1.00013,0.9991,0.9999,8231869.8074622,0
DAI.V,D,20220626,000000,0.9999,1.00032,0.99959,0.99999,26820776.667876,0
DAI.V,D,20220627,000000,0.99998,1.00028,0.9994,0.99959,4018791.1998647,0
DAI.V,D,20220628,000000,0.9995,1.001,0.9994,1.0002,8315772.5750801,0
DAI.V,D,20220629,000000,1.0001,1.000837,0.999599,0.999889,7089067.2007174,0
DAI.V,D,20220630,000000,0.999899,1.000149,0.99901,0.999799,25737041.460228,0
DAI.V,D,20220701,000000,0.9997,1.0007,0.9997,0.9999,173123492.98732,0
DAI.V,D,20220705,000000,0.994605,1.005293,0.986813,0.998301,818712.66120803,0
DAI.V,D,20220706,000000,0.997502,1.009289,0.990409,0.999599,3172361.4666007,0
DAI.V,D,20220707,000000,0.999899,1.007191,0.996203,1.001998,1208753.656448,0
DAI.V,D,20220708,000000,1.0001,1.007395,0.997301,1.000699,1051110.3007683,0
DAI.V,D,20220709,000000,1.000599,1.004697,0.998001,0.9996,697178.80811912,0
DAI.V,D,20220710,000000,0.9995,1.010293,0.996602,0.9991,754878.33038921,0
DAI.V,D,20220711,000000,0.9991,0.9999,0.997301,0.9994,774789.78803928,0
DAI.V,D,20220712,000000,0.9994,1.001997,0.997302,0.9988,2207584.8901058,0
DAI.V,D,20220713,000000,0.999,1.002097,0.997202,1.000998,26108652.031584,0
DAI.V,D,20220714,000000,1.001398,1.002398,0.997102,0.998201,20480737.927892,0
DAI.V,D,20220715,000000,1.001099,1.0023,0.9974,0.9994,18908329.953277,0
DAI.V,D,20220716,000000,0.9999,1.0023,0.9974,0.9984,12974286.528274,0
DAI.V,D,20220717,000000,0.9985,1.00267,0.99762,0.99814,13469858.479045,0
DAI.V,D,20220718,000000,0.99814,1.00241,0.99748,0.99767,17640391.681755,0
DAI.V,D,20220719,000000,0.9979,1.00255,0.9976,1.00236,23111936.418895,0
DAI.V,D,20220720,000000,0.9993,1.0022,0.9972,0.99905,16539290.859061,0
DAI.V,D,20220721,000000,1.00096,1.00225,0.99731,1.00184,29822231.13383,0
DAI.V,D,20220722,000000,1.00054,1.0022,0.99721,1.00104,18902800.737404,0
DAI.V,D,20220723,000000,1.00132,1.0021,0.99734,0.99899,16052550.460439,0
DAI.V,D,20220724,000000,1.0018,1.00264,0.99735,1.00119,9199534.479825,0
DAI.V,D,20220725,000000,1.00099,1.00234,0.99715,0.99899,20291622.746922,0
DAI.V,D,20220726,000000,0.99899,1.00225,0.99717,0.99765,26212516.214351,0
DAI.V,D,20220727,000000,0.99765,1.00215,0.9972,1.00004,19931703.179814,0
DAI.V,D,20220728,000000,0.99984,1.00228,0.99691,1.0005,23622123.93788,0
DAI.V,D,20220729,000000,1.00051,1.002601,0.997599,1.001911,17128396.025347,0
DAI.V,D,20220730,000000,0.99921,1.002301,0.997299,1.00043,6813809.6898835,0
DAI.V,D,20220731,000000,1.0011,1.002521,0.997339,1.00123,21428232.347751,0
DAI.V,D,20220801,000000,1.0013,1.002451,0.99723,0.99909,14364728.980942,0
DAI.V,D,20220802,000000,0.997799,1.00197,0.99711,1.00197,26545263.749806,0
DAI.V,D,20220803,000000,1.0016,1.00216,0.9973,1.00054,17328622.327086,0
DAI.V,D,20220804,000000,0.99813,1.00212,0.99694,0.99803,28498054.659058,0
DAI.V,D,20220805,000000,0.99803,1.0022,0.99711,0.99909,18520860.82604,0
DAI.V,D,20220806,000000,1.00179,1.002431,0.997189,0.99843,11028327.94331,0
DAI.V,D,20220807,000000,1.00232,1.002431,0.99709,1.00039,30918247.471099,0
DAI.V,D,20220808,000000,1.00089,1.00228,0.99715,1.00012,35132158.02649,0
DAI.V,D,20220809,000000,0.99982,1.002481,0.99748,1.0005,40966912.938888,0
DAI.V,D,20220810,000000,1.0008,1.002661,0.997929,1.0004,29100767.711824,0
DAI.V,D,20220811,000000,1.00129,1.002401,1.00034,1.00097,41956266.857566,0
DAI.V,D,20220812,000000,1.001,1.002141,1.00044,1.001861,82911233.738838,0
DAI.V,D,20220813,000000,1.001851,1.002091,1.0004,1.00139,30043798.274921,0
DAI.V,D,20220814,000000,1.00089,1.00198,0.997209,0.998509,36282223.996611,0
DAI.V,D,20220815,000000,0.998509,1.0019,0.996849,1.00114,41830907.000736,0
DAI.V,D,20220816,000000,1.00115,1.00197,0.9972,1.00019,9808359.9081742,0
DAI.V,D,20220817,000000,1.00059,1.00179,0.9968,1.00098,20830194.911268,0
DAI.V,D,20220818,000000,1.00167,1.00179,0.99686,0.99731,18281804.449521,0
DAI.V,D,20220819,000000,0.9985,1.002,0.9968,1.0016,18207408.409771,0
DAI.V,D,20220820,000000,1.0017,1.00199,0.99722,1.00119,19144745.758224,0
DAI.V,D,20220821,000000,0.99828,1.00211,0.997211,1.00068,15050018.152616,0
DAI.V,D,20220822,000000,1.00148,1.00222,0.997301,0.99783,22331388.58835,0
DAI.V,D,20220823,000000,0.99752,1.00179,0.99729,1.00052,13709635.777862,0
DAI.V,D,20220824,000000,1.0006,1.0023,0.99703,1.00169,34380474.053163,0
DAI.V,D,20220825,000000,1.00208,1.00226,0.99737,1.00043,18180954.984764,0
DAI.V,D,20220826,000000,0.99943,1.00193,0.99711,1.0013,14346831.281142,0
DAI.V,D,20220827,000000,1.00129,1.00216,0.99727,0.99912,26851144.81446,0
DAI.V,D,20220828,000000,0.99882,1.00175,0.9972,0.99979,9215963.5237847,0
DAI.V,D,20220829,000000,0.9998,1.00089,0.997111,0.99817,25108862.806928,0
DAI.V,D,20220830,000000,0.99868,0.999458,0.99717,0.99768,21630663.502883,0
DAI.V,D,20220831,000000,0.99859,0.99903,0.99694,0.99789,21245833.127201,0
DAI.V,D,20220901,000000,0.99789,0.9999,0.99726,0.99834,18571205.621361,0
DAI.V,D,20220902,000000,0.99844,0.99907,0.99705,0.99895,39292340.386116,0
DAI.V,D,20220903,000000,0.99895,0.99907,0.997,0.9987,9829822.5578994,0
DAI.V,D,20220904,000000,0.9987,0.999,0.9974,0.9986,7092991.3122486,0
DAI.V,D,20220905,000000,0.9976,1,0.9972,0.9988,25787609.101364,0
DAI.V,D,20220906,000000,0.9984,0.999,0.9972,0.9989,23910258.328154,0
DAI.V,D,20220907,000000,0.9989,0.99912,0.9973,0.99897,34936828.394166,0
DAI.V,D,20220908,000000,0.99876,0.9991,0.99707,0.99775,33604336.675743,0
DAI.V,D,20220909,000000,0.99825,0.99932,0.99709,0.99853,22668486.317323,0
DAI.V,D,20220910,000000,0.99797,0.9994,0.99714,0.99859,11820924.430704,0
DAI.V,D,20220911,000000,0.9986,0.99929,0.99746,0.99834,17847268.485289,0
DAI.V,D,20220912,000000,0.99804,0.99921,0.99728,0.9987,11799464.213258,0
DAI.V,D,20220913,000000,0.9979,0.9992,0.99705,0.99822,63107959.167709,0
DAI.V,D,20220914,000000,0.99752,0.99919,0.99714,0.99915,48025998.20384,0
DAI.V,D,20220915,000000,0.99885,0.99927,0.99703,0.99781,55561193.581201,0
DAI.V,D,20220916,000000,0.99823,0.9998,0.99676,0.9981,37923486.875734,0
DAI.V,D,20220917,000000,0.9979,0.999,0.9972,0.9986,25465292.88435,0
DAI.V,D,20220918,000000,0.9987,1.0019,0.997001,0.9989,20661266.670564,0
DAI.V,D,20220919,000000,0.9998,1.002,0.9968,1,26593180.759218,0
DAI.V,D,20220920,000000,1.0003,1.0023,0.9971,1.0012,16191178.19869,0
DAI.V,D,20220921,000000,1.0006,1.0023,0.9972,1.0014,37615339.441708,0
DAI.V,D,20220922,000000,1.0015,1.0015,0.997,0.9982,25654327.053498,0
DAI.V,D,20220923,000000,0.9989,1.002,0.9965,0.9989,30058514.260208,0
DAI.V,D,20220924,000000,0.99873,1.002,0.99725,1.00179,12088646.363167,0
DAI.V,D,20220925,000000,1.0017,1.00215,0.9971,1.00039,41311914.489164,0
DAI.V,D,20220926,000000,0.99971,1.0023,0.99738,0.999,15167214.125727,0
DAI.V,D,20220927,000000,0.9994,1.0024,0.9975,0.9998,39751294.922377,0
DAI.V,D,20220928,000000,0.9993,1,0.9988,0.9998,19144586.333905,0
DAI.V,D,20220929,000000,0.9998,1,0.999,0.9996,17172334.64021,0
DAI.V,D,20220930,000000,0.9996,1.0023,0.999,0.9999,45785103.73514,0
DAI.V,D,20221001,000000,1,1.0023,0.9977,1.002,24602906.45309,0
DAI.V,D,20221002,000000,0.999,1.0023,0.9975,0.9978,16471303.086193,0
DAI.V,D,20221003,000000,0.9978,1.002401,0.9974,1.0021,20723224.750999,0
DAI.V,D,20221004,000000,0.9975,1.0023,0.9975,0.997699,21216187.753153,0
DAI.V,D,20221005,000000,0.997699,1.002101,0.9972,0.9982,8899831.8031504,0
DAI.V,D,20221006,000000,0.9982,1.00238,0.99732,0.99938,19463118.203342,0
DAI.V,D,20221007,000000,1.00017,1.00243,0.99741,1.00095,35102298.438426,0
DAI.V,D,20221008,000000,1.0009,1.00262,0.99765,1.00065,12647380.116214,0
DAI.V,D,20221009,000000,0.99995,1.0023,0.9975,1.0008,19192598.650681,0
DAI.V,D,20221010,000000,1.0007,1.0023,0.9974,0.9998,17507952.164385,0
DAI.V,D,20221011,000000,0.999,1.0021,0.99743,0.99891,14660652.612809,0
DAI.V,D,20221012,000000,0.9986,1.00236,0.99749,0.99803,23758997.195633,0
DAI.V,D,20221013,000000,0.99833,1.00234,0.99713,0.99918,25717888.238016,0
DAI.V,D,20221014,000000,0.99848,1.00191,0.9977,1.00004,15916082.681487,0
DAI.V,D,20221015,000000,1.00043,1.0019,0.99766,1.00075,16539674.539105,0
DAI.V,D,20221016,000000,1.00096,1.00188,0.9977,1.00124,19064132.414731,0
DAI.V,D,20221017,000000,1.00085,1.00194,0.99778,1.00102,21555862.405389,0
DAI.V,D,20221018,000000,1.00103,1.00192,0.99773,0.99986,20737392.907529,0
DAI.V,D,20221019,000000,1.0001,1.00188,0.99742,1.0016,12690182.998972,0
DAI.V,D,20221020,000000,1.00129,1.00189,0.99703,0.99769,15152087.441373,0
DAI.V,D,20221021,000000,0.99823,1.00182,0.99741,1.00018,19805977.254786,0
DAI.V,D,20221022,000000,1.00017,1.00189,0.99732,0.99959,12321086.835708,0
DAI.V,D,20221023,000000,0.99979,1.00191,0.99739,0.99874,28299350.864125,0
DAI.V,D,20221024,000000,0.99922,1.00177,0.99749,0.99985,25878675.133185,0
DAI.V,D,20221025,000000,0.99994,1.00196,0.99757,1.00172,27424522.758812,0
DAI.V,D,20221026,000000,1.00194,1.00194,0.99751,1.00087,26660330.639993,0
DAI.V,D,20221027,000000,1.00138,1.00194,0.99749,0.99937,15569144.200079,0
DAI.V,D,20221028,000000,0.99856,1.00182,0.99746,0.997599,22256205.380045,0
DAI.V,D,20221029,000000,0.9978,1.002201,0.997369,0.99923,17475337.552269,0
DAI.V,D,20221030,000000,0.99894,1.002101,0.997269,1.0002,10537808.628872,0
DAI.V,D,20221031,000000,1.00001,1.00242,0.99739,0.99802,21146934.134167,0
DAI.V,D,20221101,000000,0.99834,1.00233,0.99752,1.00119,11459862.190306,0
DAI.V,D,20221102,000000,1.0012,1.00212,0.99731,0.99818,32911222.729712,0
DAI.V,D,20221103,000000,0.99785,1.0021,0.99734,1.0011,17807388.659301,0
DAI.V,D,20221104,000000,1.0017,1.0021,0.99746,0.99768,26610900.136068,0
DAI.V,D,20221105,000000,0.99797,1.002,0.99751,1.00105,11956309.967580326,0
DAI.V,D,20221106,000000,1.00085,1.00212,0.99741,0.99918,14663168.876521474,0
DAI.V,D,20221107,000000,0.99847,1.00188,0.99723,1.00083,24882396.994515445,0
DAI.V,D,20221108,000000,1.0012,1.008298,0.9974,1.0032,33635686.33232835,0
DAI.V,D,20221109,000000,1.0035,1.02424,0.9985,1.01502,48910340.2786929,0
DAI.V,D,20221110,000000,1.01863,1.10949,0.99085,1.00751,63371755.796648175,0
DAI.V,D,20221111,000000,1.00721,1.20316,0.9959,1.0044,30622144.70967645,0
DAI.V,D,20221112,000000,1.0037,1.01434,0.9973,0.9983,37680994.2003226,0
DAI.V,D,20221113,000000,0.9993,1.0031,0.9973,1.0008,29287284.702246573,0
DAI.V,D,20221114,000000,1.0018,1.0026,0.9972,1.0012,46160300.58414891,0
DAI.V,D,20221115,000000,1.00155,1.0032,0.9975,1.002,30668948.084390033,0
DAI.V,D,20221116,000000,1.00118,1.00334,0.99776,1.00099,28348165.49852109,0
DAI.V,D,20221117,000000,1.00207,1.00266,0.99737,1.0021,24399844.35529723,0
DAI.V,D,20221118,000000,1.0019,1.00254,0.99729,0.99945,23326047.874832086,0
DAI.V,D,20221119,000000,0.99945,1.00188,0.99719,0.99935,28213810.34683798,0
DAI.V,D,20221120,000000,0.99936,1.0022,0.99735,1.00109,43176351.35354339,0
DAI.V,D,20221121,000000,1.00107,1.00279,0.99737,1.0009,62566918.42185954,0
DAI.V,D,20221122,000000,1.0009,1.00192,0.99759,0.99958,41879995.67741349,0
DAI.V,D,20221123,000000,0.9991,1.0017,0.99768,1.00001,50042043.68836869,0
DAI.V,D,20221124,000000,0.99961,1.00257,0.99799,1.00066,22182797.797335654,0
DAI.V,D,20221125,000000,1.00064,1.002,0.99745,0.99773,27018173.115427814,0
DAI.V,D,20221126,000000,0.99823,1.00227,0.99742,0.99981,17016023.009085473,0
DAI.V,D,20221127,000000,0.99982,1.00176,0.99721,0.99936,17228775.397637498,0
DAI.V,D,20221128,000000,0.99917,1.00178,0.99666,0.99742,50841929.51642555,0
DAI.V,D,20221129,000000,0.99762,1.002239,0.9966,0.997131,29165629.464875564,0
DAI.V,D,20221130,000000,0.997131,1.0023,0.997131,0.99874,18435450.175732784,0
DAI.V,D,20221201,000000,0.99853,1.00225,0.99742,1.00006,15815119.205220532,0
DAI.V,D,20221202,000000,0.99896,1.00223,0.9972,1.00106,22569810.843141627,0
DAI.V,D,20221203,000000,1.00066,1.0024,0.99719,1.002,10989876.028301045,0
DAI.V,D,20221204,000000,1.002,1.0026,0.9977,0.9997,12119722.441700347,0
DAI.V,D,20221205,000000,0.9996,1.0024,0.99708,1.00093,15250093.272871658,0
DAI.V,D,20221206,000000,1.0008,1.00256,0.99731,1.00138,13663489.064382741,0
DAI.V,D,20221207,000000,1.0015,1.00216,0.99705,0.9975,17394122.241729762,0
DAI.V,D,20221208,000000,0.9972,1.0018,0.99708,0.99837,19563240.09756604,0
DAI.V,D,20221209,000000,0.99817,1.00211,0.99719,0.99973,18801938.152194463,0
DAI.V,D,20221210,000000,0.99954,1.00105,0.99726,0.99768,16306776.05157134,0
DAI.V,D,20221211,000000,0.99798,1.0012,0.99734,0.9981,6735116.206108056,0
DAI.V,D,20221212,000000,0.9977,1.00115,0.996852,0.99809,12167899.213675149,0
DAI.V,D,20221213,000000,0.99839,1.00138,0.997201,1.00036,22569103.76599783,0
DAI.V,D,20221214,000000,1.00048,1.00114,0.99714,1.00087,24064371.669443287,0
DAI.V,D,20221215,000000,1.00107,1.0012,0.9973,0.9989,11583346.298352225,0
DAI.V,D,20221216,000000,0.9993,1.0012,0.9976,0.998,17354294.68086935,0
DAI.V,D,20221217,000000,0.9977,1.0012,0.99735,1.00043,11628025.836808473,0
DAI.V,D,20221218,000000,1.00003,1.0011,0.99764,0.99992,1006662.7911405641,0
DAI.V,D,20221219,000000,0.99985,1.00115,0.99739,0.99979,7583308.576946426,0
DAI.V,D,20221220,000000,1.0002,1.00109,0.99737,0.99844,17141088.03648551,0
DAI.V,D,20221221,000000,0.99854,1.00109,0.99742,0.99945,13511789.25840529,0
DAI.V,D,20221222,000000,0.99935,1.00105,0.99695,0.99734,8676452.261909422,0
DAI.V,D,20221223,000000,0.99773,1.0012,0.99708,0.9998,18259501.950253814,0
DAI.V,D,20221224,000000,0.99959,1.00201,0.9972,0.99954,7675424.797252878,0
DAI.V,D,20221225,000000,1.00034,1.00173,0.997,0.99895,15361908.927191582,0
DAI.V,D,20221226,000000,0.99958,1.00181,0.997,0.9988,16753710.714849908,0
DAI.V,D,20221227,000000,0.9989,1.0018,0.9968,0.99781,31763422.671571728,0
DAI.V,D,20221228,000000,0.99781,1.00181,0.9971,1.00036,62602698.88313433,0
DAI.V,D,20221229,000000,0.99957,1.00181,0.997,1.00106,21511289.451325998,0
DAI.V,D,20221230,000000,1.00125,1.00199,0.99708,1.0017,27347468.856955912,0
DAI.V,D,20221231,000000,1.00169,1.0021,0.9972,1.0001,8407951.139909832,0
DAI.V,D,20230101,000000,1.0002,1.00197,0.99731,1.00033,7661907.098171053,0
DAI.V,D,20230102,000000,1.00053,1.00208,0.99728,0.99808,10313712.024779351,0
DAI.V,D,20230103,000000,0.99807,1.00198,0.99728,0.99961,9328339.69510306,0
DAI.V,D,20230104,000000,1.00012,1.00199,0.99714,0.99757,12370296.866384225,0
DAI.V,D,20230105,000000,0.99747,1.0018,0.99719,0.99745,10904136.776397515,0
DAI.V,D,20230106,000000,0.99794,1.0012,0.99699,0.99759,20456691.856805857,0
DAI.V,D,20230107,000000,0.99748,1.00202,0.99709,0.99806,5752670.596504299,0
DAI.V,D,20230108,000000,0.99756,1.00203,0.99711,0.99808,8923571.526295379,0
DAI.V,D,20230109,000000,0.9983,1.00221,0.997091,0.99999,16323961.800052525,0
DAI.V,D,20230110,000000,0.9995,1.0024,0.997191,1.00184,14305721.116688898,0
DAI.V,D,20230111,000000,1.00186,1.002,0.99677,1.0007,44522520.81193102,0
DAI.V,D,20230112,000000,1.00071,1.0022,0.99709,1.00069,21110638.65202781,0
DAI.V,D,20230113,000000,1.0009,1.00222,0.99699,1.00169,20097930.966327798,0
DAI.V,D,20230114,000000,1.00169,1.00231,0.995844,1.00004,36029762.76097202,0
DAI.V,D,20230115,000000,1.00015,1.00173,0.997479,0.997799,24689232.258605175,0
DAI.V,D,20230116,000000,0.997499,1.0017,0.99706,0.99882,19168893.39251482,0
DAI.V,D,20230117,000000,0.99873,1.00199,0.99695,0.99941,19010231.753651395,0
DAI.V,D,20230118,000000,0.9986,1.00223,0.99717,0.99775,18368152.36474078,0
DAI.V,D,20230119,000000,0.99775,1.00219,0.99725,0.99886,17799357.724542953,0
DAI.V,D,20230120,000000,0.99936,1.00218,0.99719,1.00047,13657609.096423248,0
DAI.V,D,20230121,000000,1.00048,1.00229,0.99727,1.0018,22344087.59064145,0
DAI.V,D,20230122,000000,1.00149,1.00222,0.99738,1.00179,10413553.538411375,0
DAI.V,D,20230123,000000,1.0003,1.00224,0.99718,0.99775,21403083.960720006,0
DAI.V,D,20230124,000000,0.99824,1.00216,0.99719,0.99974,21573069.439782888,0
DAI.V,D,20230125,000000,0.99953,1.00146,0.99733,0.99966,13425007.040852033,0
DAI.V,D,20230126,000000,1.00027,1.00138,0.99708,1.00128,16998619.542293392,0
DAI.V,D,20230127,000000,1.00129,1.00148,0.99698,0.99939,16139406.453787869,0
DAI.V,D,20230128,000000,1.00137,1.00173,0.99719,0.99859,17964861.957377803,0
DAI.V,D,20230129,000000,0.9981,1.00157,0.99722,0.99866,21985257.859993722,0
DAI.V,D,20230130,000000,0.99915,1.00226,0.99713,1.00207,22438007.371245455,0
DAI.V,D,20230131,000000,1.00207,1.00214,0.99715,1.00209,7862018.198823509,0
DAI.V,D,20230201,000000,1.00219,1.00244,0.99739,1.00176,15277207.8363259,0
DAI.V,D,20230202,000000,1.00175,1.00223,0.99728,0.99859,27701058.037528515,0
DAI.V,D,20230203,000000,0.9988,1.00242,0.99733,0.99888,21288874.31526792,0
DAI.V,D,20230204,000000,0.99918,1.00187,0.99738,0.99859,17368282.959120497,0
DAI.V,D,20230205,000000,0.99878,1.00195,0.997199,1.00165,18610140.676143948,0
DAI.V,D,20230206,000000,1.00135,1.002171,0.99707,0.99844,20022535.18507192,0
DAI.V,D,20230207,000000,0.99824,1.0021,0.99702,0.99987,28788163.08659521,0
DAI.V,D,20230208,000000,0.99875,1.00179,0.99691,0.99887,15617192.901793933,0
DAI.V,D,20230209,000000,0.99957,1.0019,0.99699,1.0012,28410276.48395773,0
DAI.V,D,20230210,000000,1.0006,1.1167,0.99718,0.99975,20443413.320568185,0
DAI.V,D,20230211,000000,0.99866,1.002,0.99711,0.9997,25829629.36042822,0
DAI.V,D,20230212,000000,0.9995,1.00194,0.99715,1.00018,10391311.548162973,0
DAI.V,D,20230213,000000,1.0002,1.003703,0.99748,0.998739,17763060.2962617,0
DAI.V,D,20230214,000000,0.998649,1.002561,0.996388,0.99978,11534512.111109901,0
DAI.V,D,20230215,000000,0.999219,1.00178,0.996609,0.99958,10453240.951871479,0
DAI.V,D,20230216,000000,0.99959,1.002131,0.996969,0.99962,9607207.581207354,0
DAI.V,D,20230217,000000,0.99954,1.00221,0.99696,1.00019,8708604.30512837,0
DAI.V,D,20230218,000000,0.99997,1.0021,0.997389,0.99846,2458239.0830069026,0
DAI.V,D,20230219,000000,0.99796,1.002291,0.99733,1.00113,5351531.482109117,0
DAI.V,D,20230220,000000,1.00122,1.00259,0.99759,1.00184,5129721.086618651,0
DAI.V,D,20230221,000000,1.00184,1.00243,0.99758,0.99967,6286300.6396529265,0
DAI.V,D,20230222,000000,0.99978,1.00227,0.99745,1.00143,6072545.99399972,0
DAI.V,D,20230223,000000,1.00129,1.00219,0.99719,0.99843,6750456.780933409,0
DAI.V,D,20230224,000000,0.99845,1.00235,0.99735,1.00068,8822420.715928512,0
DAI.V,D,20230225,000000,1.0013,1.00248,0.99739,0.99907,2865298.065535983,0
DAI.V,D,20230226,000000,1.00129,1.0023,0.99748,1.00076,3616800.8497672374,0
DAI.V,D,20230227,000000,1.00005,1.00226,0.99729,1.00066,7054808.415141622,0
DAI.V,D,20230228,000000,1.00065,1.00216,0.99689,0.9997,5382186.221486237,0
DAI.V,D,20230301,000000,1.0001,1.00212,0.99717,0.99753,5453045.416250348,0
DAI.V,D,20230302,000000,0.99754,1.0036,0.99707,1.00018,6337710.3435944,0
DAI.V,D,20230303,000000,1.00118,1.0026,0.99724,0.99807,5243838.521587845,0
DAI.V,D,20230304,000000,0.99837,1.00208,0.99708,1.00207,2426799.1725853737,0
DAI.V,D,20230305,000000,1.00207,1.00218,0.99738,0.99931,2804751.1951743914,0
DAI.V,D,20230306,000000,0.99971,1.00217,0.99726,0.99944,11246038.619419184,0
DAI.V,D,20230307,000000,0.9995,1.00214,0.99719,0.99965,10742838.481308667,0
DAI.V,D,20230308,000000,0.99906,1.00201,0.99709,0.99784,10647062.33739111,0
DAI.V,D,20230309,000000,0.9978,1.0015,0.99685,0.99899,6761626.478078546,0
DAI.V,D,20230310,000000,0.9998,1.00494,0.99704,1.00361,6310790.472411552,0
DAI.V,D,20230311,000000,1.00294,1.0071,0.87118,0.96134,37496759.221056074,0
DAI.V,D,20230312,000000,0.96175,0.987825,0.946733,0.986715,14774479.271724459,0
DAI.V,D,20230313,000000,0.986917,1.001375,0.98607,0.99913,15522678.379941741,0
DAI.V,D,20230314,000000,0.99879,1.002458,0.995338,0.998788,13203571.382297143,0
DAI.V,D,20230315,000000,0.998958,1.002236,0.995691,0.998376,16571757.120059855,0
DAI.V,D,20230316,000000,0.998677,1.000913,0.995978,0.997478,9366803.579409849,0
DAI.V,D,20230317,000000,1.000164,1.003,0.996115,1.000382,5356661.215786371,0
DAI.V,D,20230318,000000,1.000192,1.002831,0.99748,1.001987,4838072.805307546,0
DAI.V,D,20230319,000000,1.002188,1.002198,0.996995,1.000322,3023653.6733494154,0
DAI.V,D,20230320,000000,1.000402,1.003347,0.996157,0.99823,7436833.426750418,0
DAI.V,D,20230321,000000,0.998531,1.002302,0.995782,0.998475,9632559.444415769,0
DAI.V,D,20230322,000000,0.998977,1.002457,0.996721,0.997425,6854537.698990696,0
DAI.V,D,20230323,000000,0.997425,1.002508,0.996277,1.001278,9663788.535923388,0
DAI.V,D,20230324,000000,1.000567,1.002001,0.996083,1.000329,9214106.461517017,0
DAI.V,D,20230325,000000,1.000409,1.00164,0.996545,0.997367,5819603.006245248,0
DAI.V,D,20230326,000000,0.997266,1.00153,0.99707,0.99783,7371069.831573794,0
DAI.V,D,20230327,000000,0.9985,1.00117,0.99688,0.99887,6801186.060203607,0
DAI.V,D,20230328,000000,0.99967,1.00163,0.99692,1.00089,7624807.2786353715,0
DAI.V,D,20230329,000000,1.00119,1.00192,0.99639,0.99988,11383882.077901576,0
DAI.V,D,20230330,000000,0.9981,1.00166,0.99659,0.99937,19656239.003068767,0
DAI.V,D,20230331,000000,0.99987,1.0004,0.99831,0.9997,36133566.37289681,0
DAI.V,D,20230401,000000,0.9997,1.00047,0.99859,0.99886,23307363.828691754,0
DAI.V,D,20230402,000000,0.99897,1.00063,0.99861,1.00063,5069011.040505214,0
DAI.V,D,20230403,000000,1.00002,1.00063,0.99862,0.99999,13451674.284187434,0
DAI.V,D,20230404,000000,1,1.00051,0.99849,0.99951,10248705.878984485,0
DAI.V,D,20230405,000000,0.99941,1.0008,0.99837,0.99866,12016978.729527988,0
DAI.V,D,20230406,000000,0.99866,1.00069,0.99813,0.99935,6338151.432153624,0
DAI.V,D,20230407,000000,0.99915,1.00063,0.99898,0.99995,7178135.0856148675,0
DAI.V,D,20230408,000000,1.00034,1.00065,0.9988,0.99959,4020348.678929171,0
DAI.V,D,20230409,000000,0.99969,1.00064,0.998869,0.999169,3637221.6778439507,0
DAI.V,D,20230410,000000,0.999369,1.003592,0.99857,0.999719,9952815.043866744,0
DAI.V,D,20230411,000000,1.000119,1.00062,0.998909,0.99968,12063983.217868209,0
DAI.V,D,20230412,000000,0.99928,1.00111,0.99901,0.99978,8308279.096951487,0
DAI.V,D,20230413,000000,0.99978,1.00174,0.9992,1.00036,7709675.064502562,0
DAI.V,D,20230414,000000,1.00015,1.00098,0.99907,0.99983,5574231.333906604,0
DAI.V,D,20230415,000000,1.00023,1.0008,0.999139,1.0005,9053459.757819232,0
DAI.V,D,20230416,000000,1.00049,1.00081,0.999059,0.999579,6261545.841372211,0
DAI.V,D,20230417,000000,0.999679,1.00076,0.999079,0.99998,7732357.712499531,0
DAI.V,D,20230418,000000,1.0002,1.00081,0.998889,0.99927,9199040.668737879,0
DAI.V,D,20230419,000000,0.99939,1.000969,0.99871,1.00022,10982724.120179066,0
