<TICKER>,<PER>,<DATE>,<TIME>,<OPEN>,<HIGH>,<LOW>,<CLOSE>,<VOL>,<OPENINT>
FXS.V,D,20220514,000000,11.28578,11.31373,8.86868,9.04741,385467.175979,0
FXS.V,D,20220515,000000,9.06729,9.59555,8.2774,9.19004,704870.55780021,0
FXS.V,D,20220516,000000,9.18904,9.43666,8.12979,8.36212,350842.64863902,0
FXS.V,D,20220517,000000,8.36012,8.66372,8.21431,8.40007,260698.33218361,0
FXS.V,D,20220518,000000,8.4039,8.43187,7.0708,7.09676,177299.4441275,0
FXS.V,D,20220519,000000,7.10204,7.24375,6.3253,6.64901,227023.8719941,0
FXS.V,D,20220520,000000,6.662,6.71728,5.9898,6.22153,251986.21611952,0
FXS.V,D,20220521,000000,6.22153,6.49055,6.16136,6.40167,160477.30529997,0
FXS.V,D,20220522,000000,6.38269,7.8266,6.3757,7.66879,856195.54391787,0
FXS.V,D,20220523,000000,7.69076,8.29886,7.1781,7.21833,833665.50009623,0
FXS.V,D,20220524,000000,7.19536,7.31994,6.75556,6.96493,285103.4518841,0
FXS.V,D,20220525,000000,6.93697,7.53071,6.86706,7.42982,177387.50780402,0
FXS.V,D,20220526,000000,7.43007,7.51972,6.658,6.77522,232532.66452449,0
FXS.V,D,20220527,000000,6.77522,6.86413,6.5914,6.64169,122379.68301907,0
FXS.V,D,20220528,000000,6.65141,6.88642,6.58668,6.84698,152282.12365129,0
FXS.V,D,20220529,000000,6.83985,6.86585,6.64781,6.81549,86549.724484845,0
FXS.V,D,20220530,000000,6.81618,7.37883,6.81164,7.37084,103780.26656017,0
FXS.V,D,20220531,000000,7.45103,7.65987,7.16426,7.52298,157009.89522091,0
FXS.V,D,20220601,000000,7.53265,7.71137,6.56808,6.58407,144726.62274001,0
FXS.V,D,20220602,000000,6.56708,6.7709,6.54345,6.656,118379.87483101,0
FXS.V,D,20220603,000000,6.65401,6.81286,6.49789,6.5453,106177.8136307,0
FXS.V,D,20220604,000000,6.54637,6.55629,5.50465,5.63977,796082.3747321,0
FXS.V,D,20220605,000000,5.64171,5.7404,5.48539,5.69264,482650.47245818,0
FXS.V,D,20220606,000000,5.68665,5.96504,5.60484,5.79707,1105787.0329258,0
FXS.V,D,20220607,000000,5.78608,5.79619,4.78188,5.02892,884950.79449937,0
FXS.V,D,20220608,000000,5.03292,6.21683,4.83685,5.75326,1860313.5326917,0
FXS.V,D,20220609,000000,5.74926,6.66267,5.66252,6.13484,1602577.3156669,0
FXS.V,D,20220610,000000,6.1389,6.1389,5.68152,5.70275,1342615.2316284,0
FXS.V,D,20220611,000000,5.69775,5.76765,5.11859,5.18114,303350.37219269,0
FXS.V,D,20220612,000000,5.13919,5.57141,5.07775,5.36639,468920.54570795,0
FXS.V,D,20220613,000000,5.36434,5.47326,4.78938,4.79632,1818816.9484595,0
FXS.V,D,20220614,000000,4.80331,4.88556,4.50804,4.53056,2737174.0825667,0
FXS.V,D,20220615,000000,4.53056,4.62472,4.20553,4.55715,1523104.9646356,0
FXS.V,D,20220616,000000,4.54717,4.57958,4.31695,4.35933,548543.80597059,0
FXS.V,D,20220617,000000,4.32702,4.35207,4.03267,4.06412,1136564.214202,0
FXS.V,D,20220618,000000,4.06212,4.12812,3.90552,3.98154,3147789.9613222,0
FXS.V,D,20220619,000000,3.98453,4.2449,3.9553,4.21394,4310062.0978453,0
FXS.V,D,20220620,000000,4.22,5.33712,4.1,5.06542,1182108.1476248,0
FXS.V,D,20220621,000000,5.09639,5.53646,4.9955,5.24722,1149544.6140252,0
FXS.V,D,20220622,000000,5.23776,5.28171,4.9925,5.14485,585994.82889727,0
FXS.V,D,20220623,000000,5.15233,5.30669,5.07792,5.18881,300788.86003088,0
FXS.V,D,20220624,000000,5.18281,5.43398,5.10189,5.40778,734470.85078061,0
FXS.V,D,20220625,000000,5.40958,5.54006,5.23454,5.35025,467309.77464452,0
FXS.V,D,20220626,000000,5.34026,5.85848,5.33731,5.65355,728923.82400479,0
FXS.V,D,20220627,000000,5.65955,5.91133,5.3404,5.39609,459424.52194381,0
FXS.V,D,20220628,000000,5.39303,5.42978,4.9969,5.03675,289073.61142069,0
FXS.V,D,20220629,000000,5.03874,5.03895,4.62393,4.69931,444871.6660799,0
FXS.V,D,20220630,000000,4.69636,4.96529,4.59479,4.78425,856508.78464706,0
FXS.V,D,20220701,000000,4.7453,4.9425,4.7413,4.8875,361383.91576944,0
FXS.V,D,20220702,000000,4.875,4.94,4.77,4.8725,221558.51651265,0
FXS.V,D,20220703,000000,4.87914,4.89212,4.78377,4.78877,689128.79494031,0
FXS.V,D,20220704,000000,4.78829,4.89911,4.7638,4.87215,146628.85198373,0
FXS.V,D,20220705,000000,4.86515,5.29017,4.83967,5.28019,476686.89822928,0
FXS.V,D,20220706,000000,5.28019,5.38607,5.18329,5.28718,312654.08291198,0
FXS.V,D,20220707,000000,5.32114,5.34312,5.16831,5.28683,229225.19225816,0
FXS.V,D,20220708,000000,5.285,5.55455,5.13891,5.1599,373177.51969203,0
FXS.V,D,20220709,000000,5.1609,5.25584,5.13092,5.24685,72868.489321769,0
FXS.V,D,20220710,000000,5.24185,5.24185,5.11742,5.1639,81029.625229264,0
FXS.V,D,20220711,000000,5.14191,5.20435,5.08491,5.1024,86115.492388108,0
FXS.V,D,20220712,000000,5.09941,5.11239,4.79672,4.82317,109361.9242497,0
FXS.V,D,20220713,000000,4.80239,4.85214,4.71281,4.7707,183411.40605924,0
FXS.V,D,20220714,000000,4.7727,5.21387,4.76771,5.13991,313264.2029131,0
FXS.V,D,20220715,000000,5.13991,5.34679,5.10893,5.28042,343736.22588258,0
FXS.V,D,20220716,000000,5.27842,5.54589,5.15645,5.48835,182182.08987075,0
FXS.V,D,20220717,000000,5.48857,5.68203,5.48152,5.53456,207484.36626283,0
FXS.V,D,20220718,000000,5.54456,6.20414,5.52351,6.04861,475986.5051221,0
FXS.V,D,20220719,000000,6.03819,7.174,5.95776,6.78509,526035.15805975,0
FXS.V,D,20220720,000000,6.789,6.98516,6.55087,6.64133,494441.78950167,0
FXS.V,D,20220721,000000,6.65433,6.7048,6.424,6.63759,188346.8913157,0
FXS.V,D,20220722,000000,6.63766,7.11242,6.59232,6.75849,331093.58951615,0
FXS.V,D,20220723,000000,6.75755,6.83662,6.50533,6.51224,151817.72566114,0
FXS.V,D,20220724,000000,6.5003,6.74693,6.49178,6.70334,94248.977966938,0
FXS.V,D,20220725,000000,6.69934,6.76028,6.14686,6.2235,183856.29280613,0
FXS.V,D,20220726,000000,6.20856,6.22062,5.75723,5.81587,143761.80287984,0
FXS.V,D,20220727,000000,5.80587,6.24656,5.78135,6.2365,151877.7904009,0
FXS.V,D,20220728,000000,6.2375,7.37237,6.17163,7.13143,832410.52666046,0
FXS.V,D,20220729,000000,7.1265,7.1485,6.77591,6.78978,347346.53952686,0
FXS.V,D,20220730,000000,6.78978,7.45476,6.7487,7.24546,367834.85952724,0
FXS.V,D,20220731,000000,7.23167,8.01716,7.15958,7.71677,761136.34450112,0
FXS.V,D,20220801,000000,7.74186,7.74409,7.26232,7.45924,294177.24363031,0
FXS.V,D,20220802,000000,7.46924,7.47817,6.85506,7.0892,258061.66908802,0
FXS.V,D,20220803,000000,7.09135,7.67653,6.85389,7.45786,539939.42730327,0
FXS.V,D,20220804,000000,7.46364,7.50628,7.21422,7.21522,212982.82265781,0
FXS.V,D,20220805,000000,7.21522,7.55976,7.14357,7.3504,177554.72067072,0
FXS.V,D,20220806,000000,7.3474,7.50813,7.1445,7.21366,101526.91035689,0
FXS.V,D,20220807,000000,7.22759,7.36625,6.98561,7.28338,86594.078380354,0
FXS.V,D,20220808,000000,7.28738,7.89458,7.2183,7.73693,317084.96892697,0
FXS.V,D,20220809,000000,7.73993,7.82517,6.8333,6.83737,318965.48457867,0
FXS.V,D,20220810,000000,6.83137,7.30541,6.79617,6.99603,458729.28099758,0
FXS.V,D,20220811,000000,7.0081,7.28906,6.73442,6.76318,352711.25584665,0
FXS.V,D,20220812,000000,6.77138,6.8014,6.42421,6.75711,282124.44855785,0
FXS.V,D,20220813,000000,6.7531,6.99263,6.62205,6.63759,135395.93082323,0
FXS.V,D,20220814,000000,6.62265,6.75757,6.44493,6.45,152372.79981291,0
FXS.V,D,20220815,000000,6.45294,6.58497,6.11241,6.20043,155866.23103417,0
FXS.V,D,20220816,000000,6.20155,6.20912,5.82583,5.94554,239214.70771801,0
FXS.V,D,20220817,000000,5.93753,6.28569,5.83853,5.84041,221655.51737823,0
FXS.V,D,20220818,000000,5.86253,6.04172,5.83347,6.02306,142143.53436582,0
FXS.V,D,20220819,000000,6.0196,6.61066,5.983,6.42964,715746.00872846,0
FXS.V,D,20220820,000000,6.45019,6.82075,6.22381,6.3,460506.23343604,0
FXS.V,D,20220821,000000,6.30687,6.75807,6.29894,6.7078,251973.37554525,0
FXS.V,D,20220822,000000,6.69487,6.86007,6.36562,6.52483,313079.14487106,0
FXS.V,D,20220823,000000,6.51389,6.64894,6.37094,6.43313,115483.79071579,0
FXS.V,D,20220824,000000,6.45294,6.6134,6.09312,6.38257,135426.63984091,0
FXS.V,D,20220825,000000,6.38051,6.56261,6.20712,6.37719,140141.01224275,0
FXS.V,D,20220826,000000,6.38794,6.42155,5.85971,5.91159,125196.72575967,0
FXS.V,D,20220827,000000,5.90853,6.03484,5.59256,5.67317,246628.2368189,0
FXS.V,D,20220828,000000,5.67606,5.86594,5.50239,5.793,95076.431783898,0
FXS.V,D,20220829,000000,5.79694,5.8507,5.56483,5.7694,99275.803096643,0
FXS.V,D,20220830,000000,5.77558,6.0603,5.66928,5.89047,303592.86296618,0
FXS.V,D,20220831,000000,5.90147,6.05606,5.74906,5.82,159000.01954254,0
FXS.V,D,20220901,000000,5.84688,5.986,5.61,5.69566,135644.6232988,0
FXS.V,D,20220902,000000,5.69677,6.22806,5.63106,6.06373,180313.56947649,0
FXS.V,D,20220903,000000,6.06097,6.2095,5.91359,6.012,71677.49549403,0
FXS.V,D,20220904,000000,6.0336,6.325,5.9736,6.254,87688.208183514,0
FXS.V,D,20220905,000000,6.256,6.57266,6.118,6.388,218017.32827076,0
FXS.V,D,20220906,000000,6.40464,7.016,6.20538,6.245,551648.25089685,0
FXS.V,D,20220907,000000,6.23244,6.2575,5.9017,6.19343,204760.6420737,0
FXS.V,D,20220908,000000,6.21944,6.38657,6.15855,6.25694,176348.54173608,0
FXS.V,D,20220909,000000,6.285,6.97553,6.16786,6.51221,236315.59809025,0
FXS.V,D,20220910,000000,6.4994,6.54996,6.36634,6.48523,62876.08357368,0
FXS.V,D,20220911,000000,6.48036,6.66333,6.36635,6.49056,110084.243409,0
FXS.V,D,20220912,000000,6.48456,6.62106,6.2807,6.32627,131720.90183537,0
FXS.V,D,20220913,000000,6.31914,6.32026,5.68151,5.71611,152566.66348184,0
FXS.V,D,20220914,000000,5.71711,5.71711,5.47689,5.54439,228189.58110836,0
FXS.V,D,20220915,000000,5.55339,5.58929,5.30767,5.40451,126195.91782843,0
FXS.V,D,20220916,000000,5.40362,5.42984,5.07749,5.16148,173917.35041636,0
FXS.V,D,20220917,000000,5.16848,5.371,5.145,5.32753,92941.854544756,0
FXS.V,D,20220918,000000,5.337,5.59444,5.20248,5.328,239852.00181373,0
FXS.V,D,20220919,000000,5.31947,5.40254,5.177,5.32653,253733.29625298,0
FXS.V,D,20220920,000000,5.30153,5.347,5.08651,5.08651,100038.46728203,0
FXS.V,D,20220921,000000,5.14,5.14,4.35644,4.399,671447.09764118,0
FXS.V,D,20220922,000000,4.394,4.47845,4.34,4.417,225160.29154997,0
FXS.V,D,20220923,000000,4.41844,4.535,4.249,4.31457,166241.52310416,0
FXS.V,D,20220924,000000,4.30983,4.364,4.19896,4.31335,73851.092961653,0
FXS.V,D,20220925,000000,4.315,4.36413,4.227,4.299,80550.955795301,0
FXS.V,D,20220926,000000,4.29709,4.41944,4.25,4.306,107569.26595388,0
FXS.V,D,20220927,000000,4.30557,4.429,4.18,4.22358,263364.82714261,0
FXS.V,D,20220928,000000,4.22258,4.257,4.0006,4.106,212320.44226027,0
FXS.V,D,20220929,000000,4.104,4.177,4.023,4.08541,142968.13987267,0
FXS.V,D,20220930,000000,4.08241,4.343,4.0434,4.116,268976.65201147,0
FXS.V,D,20221001,000000,4.104,4.534,4.065,4.262,433698.81231862,0
FXS.V,D,20221002,000000,4.262,4.361,4.145,4.275,161124.04793372,0
FXS.V,D,20221003,000000,4.27543,4.55246,4.178,4.47245,115013.94654439,0
FXS.V,D,20221004,000000,4.46645,4.69341,4.44989,4.6814,215605.5720123,0
FXS.V,D,20221005,000000,4.67894,4.88747,4.61946,4.71347,250133.4381141,0
FXS.V,D,20221006,000000,4.71594,4.86554,4.67075,4.74481,58243.988610307,0
FXS.V,D,20221007,000000,4.74585,4.89164,4.67384,4.88068,66904.276410697,0
FXS.V,D,20221008,000000,4.87649,5.13521,4.80138,5.05036,130105.65787878,0
FXS.V,D,20221009,000000,5.04531,5.23105,4.92449,5.09402,88149.401978209,0
FXS.V,D,20221010,000000,5.09202,5.24348,4.93399,5.14249,87224.027623663,0
FXS.V,D,20221011,000000,5.144,5.166,4.94601,4.98355,65095.851671353,0
FXS.V,D,20221012,000000,4.9865,5.03785,4.73086,4.81314,73960.802376936,0
FXS.V,D,20221013,000000,4.81614,5.0899,4.60468,4.87039,93942.321314514,0
FXS.V,D,20221014,000000,4.87044,5.16531,4.84358,5.08515,72077.459419064,0
FXS.V,D,20221015,000000,5.0842,6.10112,5.08315,5.95036,504481.49517072,0
FXS.V,D,20221016,000000,5.9583,6.32938,5.84212,5.97424,297775.2640385,0
FXS.V,D,20221017,000000,5.9783,6.17462,5.85223,6.09612,130458.37056178,0
FXS.V,D,20221018,000000,6.11212,7.08964,6.02118,6.6944,459116.25835719,0
FXS.V,D,20221019,000000,6.68633,6.8022,6.06194,6.185,217238.26399161,0
FXS.V,D,20221020,000000,6.185,6.22669,6.01324,6.12939,148576.67833098,0
FXS.V,D,20221021,000000,6.13557,6.36906,6.057,6.2045,118483.13758848,0
FXS.V,D,20221022,000000,6.20525,6.2695,5.95836,6.02254,57056.593169185,0
FXS.V,D,20221023,000000,6.02754,6.07897,5.62417,6.06585,100519.52620398,0
FXS.V,D,20221024,000000,6.06379,6.28357,5.80417,5.87229,62719.548998666,0
FXS.V,D,20221025,000000,5.90524,6.14884,5.694,6.01993,76080.447827679,0
FXS.V,D,20221026,000000,6.02005,6.2008,5.91071,6.09177,74703.435416612,0
FXS.V,D,20221027,000000,6.0877,6.27169,6.00308,6.10537,75562.670083472,0
FXS.V,D,20221028,000000,6.10637,6.15506,5.88647,6.03227,79234.780653991,0
FXS.V,D,20221029,000000,6.03215,7.16251,6.0242,6.95167,236121.79300293,0
FXS.V,D,20221030,000000,6.95267,7.11864,6.63113,6.65033,71146.842906667,0
FXS.V,D,20221031,000000,6.65927,6.842,6.46897,6.65247,64029.007561363,0
FXS.V,D,20221101,000000,6.6496,6.91459,6.53976,6.56428,87624.130612789,0
FXS.V,D,20221102,000000,6.57228,6.59468,6.30468,6.31262,54972.289031767,0
FXS.V,D,20221103,000000,6.31968,6.6296,6.31962,6.53193,46422.115788068,0
FXS.V,D,20221104,000000,6.54193,7.22443,6.49668,6.89655,92886.132460369,0
FXS.V,D,20221105,000000,6.89655,7.15457,6.89062,7.00035,54015.81747908889,0
FXS.V,D,20221106,000000,7.00021,7.29722,6.89921,6.93721,74016.00548718088,0
FXS.V,D,20221107,000000,6.92755,6.92862,6.6766,6.69674,45512.299099460484,0
FXS.V,D,20221108,000000,6.68,6.722,5.38016,5.54659,99851.40716150054,0
FXS.V,D,20221109,000000,5.56163,5.6223,5.20509,5.33461,173284.76062829918,0
FXS.V,D,20221110,000000,5.36833,6.04566,5.13808,5.4518,64325.058006335974,0
FXS.V,D,20221111,000000,5.43427,6.4188,4.90723,4.957,32594.97339872714,0
FXS.V,D,20221112,000000,4.971,4.98887,4.33219,4.42602,50768.625290080374,0
FXS.V,D,20221113,000000,4.439,5.41803,4.40206,4.58357,151736.25060420597,0
FXS.V,D,20221114,000000,4.58757,4.78178,4.45486,4.70493,41957.304450664175,0
FXS.V,D,20221115,000000,4.70294,4.8137,4.67332,4.68284,13120.079905790193,0
FXS.V,D,20221116,000000,4.69526,4.75733,4.56325,4.57583,13080.98552778981,0
FXS.V,D,20221117,000000,4.57579,4.69419,4.30291,4.44253,69575.00510365314,0
FXS.V,D,20221118,000000,4.44475,4.49931,4.39811,4.41787,16264.512476595866,0
FXS.V,D,20221119,000000,4.41942,4.58523,4.41752,4.58523,13559.00455782911,0
FXS.V,D,20221120,000000,4.59286,4.66193,4.44921,4.4662,36317.34018232118,0
FXS.V,D,20221121,000000,4.45721,4.45726,4.26139,4.33379,27686.00055315892,0
FXS.V,D,20221122,000000,4.33879,4.35273,4.22435,4.28646,12317.318104693915,0
FXS.V,D,20221123,000000,4.29766,6.86792,4.28738,4.46808,338585.189576621,0
FXS.V,D,20221124,000000,4.47516,4.55817,4.42708,4.55322,17587.785287497954,0
FXS.V,D,20221125,000000,4.54513,4.63684,4.47513,4.59838,16634.52723356477,0
FXS.V,D,20221126,000000,4.59938,4.67457,4.58011,4.60833,24221.573399861336,0
FXS.V,D,20221127,000000,4.60328,4.64712,4.58002,4.5971,13319.862484680474,0
FXS.V,D,20221128,000000,4.59615,4.77437,4.51452,4.65818,63409.25039462316,0
FXS.V,D,20221129,000000,4.65623,4.95937,4.61501,4.62829,39981.010975588804,0
FXS.V,D,20221130,000000,4.62929,4.9233,4.60543,4.90825,29004.248207630917,0
FXS.V,D,20221201,000000,4.91939,4.95745,4.8241,4.86234,13145.699098816971,0
FXS.V,D,20221202,000000,4.86829,4.92149,4.82153,4.90129,11887.10459805782,0
FXS.V,D,20221203,000000,4.88029,4.88424,4.82148,4.82697,6097.704364600063,0
FXS.V,D,20221204,000000,4.82448,4.96299,4.82048,4.91898,11187.601619651556,0
FXS.V,D,20221205,000000,4.91998,5.37959,4.91998,5.26616,95999.99485289372,0
FXS.V,D,20221206,000000,5.26616,5.43889,5.16105,5.33289,74887.00335685366,0
FXS.V,D,20221207,000000,5.332,6.233,5.33195,5.66606,397029.12288481405,0
FXS.V,D,20221208,000000,5.673,6.32463,5.673,5.95242,187526.55719462756,0
FXS.V,D,20221209,000000,5.95942,6.236,5.95442,6.10018,57166.20219659561,0
FXS.V,D,20221210,000000,6.12525,6.35994,6.05088,6.05594,82870.92289332229,0
FXS.V,D,20221211,000000,6.05594,6.09712,5.856,5.87059,81076.46267642216,0
FXS.V,D,20221212,000000,5.86759,5.87217,5.55044,5.6664,85728.16403866421,0
FXS.V,D,20221213,000000,5.66768,5.89106,5.4014,5.6377,104337.15231594042,0
FXS.V,D,20221214,000000,5.63625,5.87147,5.63625,5.6744,44726.29571669601,0
FXS.V,D,20221215,000000,5.674,5.73315,5.36807,5.42954,45382.255082920085,0
FXS.V,D,20221216,000000,5.43554,5.49755,5.18952,5.22352,50708.96523496179,0
FXS.V,D,20221217,000000,5.22404,5.22404,5.08402,5.13667,74449.75956313398,0
FXS.V,D,20221218,000000,5.13551,5.32753,5.12821,5.30469,23375.244554647397,0
FXS.V,D,20221219,000000,5.30769,5.35575,5.10805,5.142,31827.332714953143,0
FXS.V,D,20221220,000000,5.16,5.27084,4.98495,5.00535,53945.97547149252,0
FXS.V,D,20221221,000000,5.01915,5.137,4.8811,4.9412,43035.08490412503,0
FXS.V,D,20221222,000000,4.9392,4.962,4.61354,4.6623,60650.470541787494,0
FXS.V,D,20221223,000000,4.65921,4.79142,4.6354,4.71853,40359.508173982475,0
FXS.V,D,20221224,000000,4.71862,4.77252,4.70362,4.74667,12066.27745321147,0
FXS.V,D,20221225,000000,4.74476,4.79186,4.73934,4.76229,17723.12563400859,0
FXS.V,D,20221226,000000,4.75743,4.79323,4.73315,4.73796,20104.800036746266,0
FXS.V,D,20221227,000000,4.74215,4.76005,4.51337,4.53419,40366.3827442048,0
FXS.V,D,20221228,000000,4.53523,4.54414,4.27365,4.29872,27742.919199893135,0
FXS.V,D,20221229,000000,4.29976,4.42383,4.28429,4.32297,22670.832100747924,0
FXS.V,D,20221230,000000,4.32905,4.36104,4.19582,4.20181,32105.00588584044,0
FXS.V,D,20221231,000000,4.2009,4.23388,4.1099,4.13593,17192.955954419678,0
FXS.V,D,20230101,000000,4.12889,4.56494,4.10191,4.41992,122867.93660781332,0
FXS.V,D,20230102,000000,4.42592,4.68213,4.41197,4.64747,75885.17476480655,0
FXS.V,D,20230103,000000,4.64151,4.87919,4.52519,4.83816,62758.26796276738,0
FXS.V,D,20230104,000000,4.83911,5.17788,4.83911,5.01834,63708.60409089155,0
FXS.V,D,20230105,000000,5.02234,5.06248,4.97286,5.0042,29282.014617364537,0
FXS.V,D,20230106,000000,4.98525,5.14851,4.85767,5.1474,57477.86731279471,0
FXS.V,D,20230107,000000,5.14341,5.27158,5.08073,5.09978,41315.70449972493,0
FXS.V,D,20230108,000000,5.09972,5.84989,5.08424,5.62116,90021.73603778287,0
FXS.V,D,20230109,000000,5.61399,5.94329,5.53934,5.54394,118260.799902395,0
FXS.V,D,20230110,000000,5.55394,5.58055,5.43624,5.44271,31362.482423448168,0
FXS.V,D,20230111,000000,5.43898,5.59483,5.37584,5.53189,40617.31339499085,0
FXS.V,D,20230112,000000,5.54767,6.80075,5.51839,6.53159,211317.58364389391,0
FXS.V,D,20230113,000000,6.53465,6.92555,6.28057,6.77168,218938.47624243365,0
FXS.V,D,20230114,000000,6.76554,7.58476,6.58379,6.85734,246261.44109240695,0
FXS.V,D,20230115,000000,6.88369,8.85674,6.61899,8.47446,915603.8451132608,0
FXS.V,D,20230116,000000,8.47254,9.89896,8.33942,8.89918,1130588.7849667806,0
FXS.V,D,20230117,000000,8.94818,10.055,8.83603,9.078,737278.7477857459,0
FXS.V,D,20230118,000000,9.07691,9.23282,8.23726,8.84656,672600.9268848386,0
FXS.V,D,20230119,000000,8.84665,10.38069,8.52766,9.9336,890819.5192498376,0
FXS.V,D,20230120,000000,9.9536,11.4008,9.8028,10.74683,1385041.0563691172,0
FXS.V,D,20230121,000000,10.77094,11.40251,10.42481,10.5201,656484.718490439,0
FXS.V,D,20230122,000000,10.50158,10.85474,9.80267,10.04701,521047.020569,0
FXS.V,D,20230123,000000,10.03501,10.83119,9.71278,10.42277,552324.2030219688,0
FXS.V,D,20230124,000000,10.46157,11.2019,9.72136,9.75529,491742.4276292572,0
FXS.V,D,20230125,000000,9.77678,10.82508,9.50281,10.37866,2142360.810754632,0
FXS.V,D,20230126,000000,10.39577,11.2758,10.07481,10.14981,2194526.7335029147,0
FXS.V,D,20230127,000000,10.14881,11.06566,9.85387,10.71225,2158154.5432970757,0
FXS.V,D,20230128,000000,10.73175,11.88056,10.61934,10.92218,1413573.596596451,0
FXS.V,D,20230129,000000,10.93119,11.35157,10.8326,11.23545,278126.666693487,0
FXS.V,D,20230130,000000,11.22945,11.31545,9.8891,10.09761,217424.70361637912,0
FXS.V,D,20230131,000000,10.10271,10.51032,10.0205,10.26892,116809.4108513077,0
FXS.V,D,20230201,000000,10.27382,10.92387,9.5799,10.86465,527809.9774872665,0
FXS.V,D,20230202,000000,10.87654,11.73506,10.57695,10.86996,644086.1666124391,0
FXS.V,D,20230203,000000,10.87628,11.47406,10.3169,10.97688,491006.346082371,0
FXS.V,D,20230204,000000,10.97688,11.13467,10.57542,10.66485,202704.29677152925,0
FXS.V,D,20230205,000000,10.65285,10.67085,9.79855,9.91558,319715.32755486044,0
FXS.V,D,20230206,000000,9.90648,12.83351,9.88357,12.23449,2058573.887539096,0
FXS.V,D,20230207,000000,12.30149,13.64914,11.90107,12.62576,2482601.7800976434,0
FXS.V,D,20230208,000000,12.63376,13.12379,11.34725,11.57893,1084993.2443481002,0
FXS.V,D,20230209,000000,11.57193,14.246,11.48057,12.0502,3332222.6092370427,0
FXS.V,D,20230210,000000,12.0382,12.63714,10.26775,10.45846,717371.7037739208,0
FXS.V,D,20230211,000000,10.455,10.56406,10.0537,10.54205,396688.5933487954,0
FXS.V,D,20230212,000000,10.55611,10.98099,10.08751,10.24682,398734.6125381951,0
FXS.V,D,20230213,000000,10.23802,10.87581,9.34911,9.77928,1229794.6700599105,0
FXS.V,D,20230214,000000,9.79038,10.41279,9.65295,10.04291,794392.6890585382,0
FXS.V,D,20230215,000000,10.07044,11.58674,9.82344,11.30103,1423590.501635417,0
FXS.V,D,20230216,000000,11.33604,11.69687,10.16535,10.19547,691007.4966541472,0
FXS.V,D,20230217,000000,10.18346,11.5008,10.0419,11.0511,1121862.3223814897,0
FXS.V,D,20230218,000000,11.06088,11.78236,10.96666,11.37282,616391.7439108781,0
FXS.V,D,20230219,000000,11.35082,11.46283,10.51305,10.76737,286838.7535815434,0
FXS.V,D,20230220,000000,10.75036,11.02921,10.353,10.69064,195131.39357555585,0
FXS.V,D,20230221,000000,10.69443,11.14911,10.07401,10.19583,337667.0374534155,0
FXS.V,D,20230222,000000,10.20173,10.64764,9.75356,10.536,449521.7977507303,0
FXS.V,D,20230223,000000,10.53242,11.45906,10.43873,10.88141,1038749.2824575834,0
FXS.V,D,20230224,000000,10.86774,10.99254,9.9819,10.0869,521876.9142790807,0
FXS.V,D,20230225,000000,10.08,10.59206,9.70546,10.0387,428282.50864401594,0
FXS.V,D,20230226,000000,10.0596,10.55995,10.0256,10.42463,344230.4255013605,0
FXS.V,D,20230227,000000,10.42652,11.24356,10.14241,11.09155,600212.1510996938,0
FXS.V,D,20230228,000000,11.11856,11.615,10.54221,11.25525,1007665.8201709054,0
FXS.V,D,20230301,000000,11.26937,12.27072,11.22457,12.07157,861214.0209899192,0
FXS.V,D,20230302,000000,12.08457,12.17722,11.02767,11.18245,780553.6239867281,0
FXS.V,D,20230303,000000,11.18389,11.18689,9.92389,10.11361,613746.7374078301,0
FXS.V,D,20230304,000000,10.11371,10.20012,9.40047,9.58367,491977.05874033284,0
FXS.V,D,20230305,000000,9.58277,10.0244,9.58277,9.67906,259010.660923267,0
FXS.V,D,20230306,000000,9.67916,9.90021,9.43185,9.78341,355159.53445368196,0
FXS.V,D,20230307,000000,9.77892,9.9629,9.05928,9.26746,358899.1332935624,0
FXS.V,D,20230308,000000,9.26263,9.46405,8.87265,8.95164,258501.15318815355,0
FXS.V,D,20230309,000000,8.92166,9.01328,8.12129,8.29483,400048.12203340896,0
FXS.V,D,20230310,000000,8.27932,8.59,7.89664,7.90488,380879.94906075194,0
FXS.V,D,20230311,000000,7.90589,8.21876,6.59192,7.58459,2172741.2003878327,0
FXS.V,D,20230312,000000,7.60464,8.24031,7.21249,8.12066,500896.5078897507,0
FXS.V,D,20230313,000000,8.12975,9.21075,8.11057,9.00679,767845.6481703459,0
FXS.V,D,20230314,000000,9.01483,9.57423,8.47524,8.96478,648198.4011515839,0
FXS.V,D,20230315,000000,8.97592,9.47407,7.97457,8.18263,588084.8379982463,0
FXS.V,D,20230316,000000,8.1731,8.44097,7.97775,8.25176,402155.7905352094,0
FXS.V,D,20230317,000000,8.25626,8.77898,8.237,8.68096,341460.3955995619,0
FXS.V,D,20230318,000000,8.6869,9.20868,8.57609,8.71139,336483.73761050677,0
FXS.V,D,20230319,000000,8.70595,8.88319,8.29858,8.52123,511759.791629776,0
FXS.V,D,20230320,000000,8.52475,8.59889,7.96534,8.03422,276356.54897643655,0
FXS.V,D,20230321,000000,8.02418,8.4028,7.75953,8.11087,386830.5663202401,0
FXS.V,D,20230322,000000,8.1128,8.47386,7.64967,7.89373,405922.0134610365,0
FXS.V,D,20230323,000000,7.88987,8.25949,7.83309,8.14992,133240.61080821682,0
FXS.V,D,20230324,000000,8.15108,8.22944,7.69938,7.86009,112102.78195581977,0
FXS.V,D,20230325,000000,7.87789,7.9955,7.61761,7.69346,118257.34332246879,0
FXS.V,D,20230326,000000,7.65742,8.06417,7.64441,7.82583,111627.54877311838,0
FXS.V,D,20230327,000000,7.84862,7.97029,7.3818,7.46658,133816.62239765123,0
FXS.V,D,20230328,000000,7.47151,8.1632,7.32834,7.99804,283942.5748657328,0
FXS.V,D,20230329,000000,8.01512,9.19339,8.00304,8.74757,515640.33786615066,0
FXS.V,D,20230330,000000,8.74462,9.02671,8.30833,8.46637,271923.9147267718,0
FXS.V,D,20230331,000000,8.46529,8.93759,8.33667,8.88287,119311.3392176151,0
FXS.V,D,20230401,000000,8.88287,9.06108,8.71009,8.84727,152827.4706680071,0
FXS.V,D,20230402,000000,8.83418,8.92355,8.48885,8.74751,220853.8533325757,0
FXS.V,D,20230403,000000,8.74042,9.29793,8.47147,8.86037,413557.0178963823,0
FXS.V,D,20230404,000000,8.86955,9.66796,8.82297,9.54787,275119.81508972036,0
FXS.V,D,20230405,000000,9.55187,10.11144,9.39357,9.7335,287145.5662030988,0
FXS.V,D,20230406,000000,9.70149,9.78193,9.2175,9.61236,181353.67535802769,0
FXS.V,D,20230407,000000,9.60746,9.74687,9.28438,9.36202,184168.87490415905,0
FXS.V,D,20230408,000000,9.36001,9.8041,9.10764,9.17258,185018.2468813672,0
FXS.V,D,20230409,000000,9.16157,9.27063,8.58498,8.87723,445466.3584533702,0
FXS.V,D,20230410,000000,8.87621,9.11201,8.7271,9.0304,88817.19118199861,0
FXS.V,D,20230411,000000,9.0344,9.17352,8.68581,8.72154,155971.65525829472,0
FXS.V,D,20230412,000000,8.71762,9.00465,8.41975,8.71779,96869.56966534934,0
FXS.V,D,20230413,000000,8.74582,9.16261,8.53344,9.13376,224447.6866158151,0
FXS.V,D,20230414,000000,9.14368,10.25943,9.12475,10.11038,416226.2390412037,0
FXS.V,D,20230415,000000,10.18845,10.69913,9.95385,10.31628,469532.59122943605,0
FXS.V,D,20230416,000000,10.33119,10.63177,10.03152,10.43909,224116.30713773263,0
FXS.V,D,20230417,000000,10.44299,10.44733,9.94394,10.09655,213320.78821342823,0
FXS.V,D,20230418,000000,10.10896,10.9039,10.02681,10.14472,446481.7917923578,0
FXS.V,D,20230419,000000,10.14893,10.2323,9.01924,9.10164,343307.601666245,0
