<TICKER>,<PER>,<DATE>,<TIME>,<OPEN>,<HIGH>,<LOW>,<CLOSE>,<VOL>,<OPENINT>
JST.V,D,20220514,000000,0.0424178,0.0443212,0.0388022,0.0403793,292518872.91551,0
JST.V,D,20220515,000000,0.0403634,0.0438441,0.0399999,0.0424348,252396186.12471,0
JST.V,D,20220516,000000,0.042429,0.0467638,0.0401497,0.0416957,140258231.00585,0
JST.V,D,20220517,000000,0.0416758,0.0431725,0.0407869,0.0427387,135526726.56758,0
JST.V,D,20220518,000000,0.0427643,0.0432281,0.0387296,0.0393688,168537049.0791,0
JST.V,D,20220519,000000,0.0394487,0.0404636,0.0377147,0.04001,143210897.99687,0
JST.V,D,20220520,000000,0.03998,0.0407851,0.0383501,0.0388533,317433991.1507,0
JST.V,D,20220521,000000,0.0388933,0.0410624,0.03843,0.0396284,199580112.75946,0
JST.V,D,20220522,000000,0.0396284,0.0431938,0.0395885,0.0422992,467932751.17531,0
JST.V,D,20220523,000000,0.0422992,0.0459194,0.0415601,0.0435976,465793140.77322,0
JST.V,D,20220524,000000,0.0435477,0.0461346,0.0405454,0.0426745,233676139.68343,0
JST.V,D,20220525,000000,0.0426944,0.0449505,0.0421236,0.044097,263096750.17757,0
JST.V,D,20220526,000000,0.0440371,0.0445709,0.0402117,0.0412987,473976824.34158,0
JST.V,D,20220527,000000,0.0412945,0.041928,0.0392568,0.0395804,282372946.14705,0
JST.V,D,20220528,000000,0.0395345,0.0411688,0.0394387,0.0405225,254366170.1665,0
JST.V,D,20220529,000000,0.0405217,0.0410952,0.0396399,0.0406952,246325378.14404,0
JST.V,D,20220530,000000,0.0407547,0.0439622,0.040487,0.043719,327335772.90715,0
JST.V,D,20220531,000000,0.043759,0.0441507,0.0418995,0.0435108,213295528.78274,0
JST.V,D,20220601,000000,0.0435222,0.0477118,0.0415984,0.0417524,343520009.83771,0
JST.V,D,20220602,000000,0.0417524,0.0462084,0.0416283,0.0440883,240503552.70505,0
JST.V,D,20220603,000000,0.0441193,0.0455451,0.0417393,0.0426069,154149842.4535,0
JST.V,D,20220604,000000,0.0426199,0.0426319,0.0404953,0.0418781,243231249.64813,0
JST.V,D,20220605,000000,0.0418672,0.0428909,0.0410851,0.0427897,215057157.45117,0
JST.V,D,20220606,000000,0.0428097,0.0446538,0.0423302,0.0432836,553782978.16902,0
JST.V,D,20220607,000000,0.0432632,0.0436424,0.0408253,0.0426254,537640571.08864,0
JST.V,D,20220608,000000,0.0426354,0.0427575,0.0412432,0.0420526,607290731.40996,0
JST.V,D,20220609,000000,0.0420526,0.042083,0.0411075,0.0414452,501976818.95863,0
JST.V,D,20220610,000000,0.0414452,0.0425126,0.0389502,0.0392697,573312571.97573,0
JST.V,D,20220611,000000,0.0392601,0.0397063,0.0365346,0.0369582,304194417.5602,0
JST.V,D,20220612,000000,0.0370171,0.0407262,0.0362592,0.0373041,495033475.03083,0
JST.V,D,20220613,000000,0.0372741,0.0372741,0.0287368,0.0297985,1133815069.0253,0
JST.V,D,20220614,000000,0.0298088,0.0299081,0.0258115,0.0268877,1762694061.2614,0
JST.V,D,20220615,000000,0.0268777,0.0282089,0.0242889,0.0278981,1480807566.8509,0
JST.V,D,20220616,000000,0.0283787,0.0283987,0.0260986,0.026393,518357169.67698,0
JST.V,D,20220617,000000,0.0257047,0.0275616,0.0257047,0.0270775,576390863.7704,0
JST.V,D,20220618,000000,0.0270877,0.0283459,0.0246594,0.025868,1528014317.6987,0
JST.V,D,20220619,000000,0.0259279,0.0273771,0.0251542,0.0270947,826602155.11259,0
JST.V,D,20220620,000000,0.0271147,0.0288782,0.0269776,0.0286285,593219260.19982,0
JST.V,D,20220621,000000,0.0286185,0.0306055,0.0280663,0.0296543,441608339.17199,0
JST.V,D,20220622,000000,0.0296414,0.0298361,0.0279432,0.0282447,524010769.04555,0
JST.V,D,20220623,000000,0.0282507,0.0288092,0.0277592,0.0285264,334657799.0183,0
JST.V,D,20220624,000000,0.0285224,0.0300329,0.0285155,0.0299593,702543433.21107,0
JST.V,D,20220625,000000,0.029948,0.0302717,0.0285638,0.0296902,456767151.02706,0
JST.V,D,20220626,000000,0.0297382,0.0312239,0.0293219,0.0308209,344951322.88806,0
JST.V,D,20220627,000000,0.0308212,0.0338233,0.0297062,0.0307386,497301321.06612,0
JST.V,D,20220628,000000,0.0307326,0.0328111,0.0297784,0.030881,332011976.82025,0
JST.V,D,20220629,000000,0.0308664,0.0309283,0.027977,0.0288261,347220734.85119,0
JST.V,D,20220630,000000,0.0288204,0.0290201,0.0259113,0.0264203,355089769.07265,0
JST.V,D,20220701,000000,0.0264332,0.0280811,0.0263993,0.0271331,344401221.76316,0
JST.V,D,20220702,000000,0.0271211,0.0287175,0.0266849,0.0280603,353646296.95259,0
JST.V,D,20220703,000000,0.0280603,0.0283321,0.027071,0.0281963,221424210.40234,0
JST.V,D,20220704,000000,0.0282253,0.0304534,0.0278877,0.029092,308166588.32269,0
JST.V,D,20220705,000000,0.029091,0.0296634,0.028177,0.029081,287272704.72445,0
JST.V,D,20220706,000000,0.029082,0.0312606,0.0284756,0.0294416,417632500.86231,0
JST.V,D,20220707,000000,0.0294376,0.0302678,0.0290121,0.0301599,266326574.02736,0
JST.V,D,20220708,000000,0.0301599,0.0306016,0.0292495,0.0298641,272989836.62722,0
JST.V,D,20220709,000000,0.0298381,0.0306366,0.0297292,0.0305207,224144599.60834,0
JST.V,D,20220710,000000,0.0305106,0.0305686,0.0288478,0.0293554,175430279.00701,0
JST.V,D,20220711,000000,0.0293234,0.0293454,0.0276463,0.027699,201622359.9763,0
JST.V,D,20220712,000000,0.0276951,0.0292358,0.0271578,0.0273057,2528465160.8595,0
JST.V,D,20220713,000000,0.0273029,0.0277722,0.0261512,0.0270057,13466298958.111,0
JST.V,D,20220714,000000,0.0271156,0.0281331,0.0268958,0.0279132,11623211234.241,0
JST.V,D,20220715,000000,0.0279432,0.0291783,0.0278005,0.0286714,31098685099.234,0
JST.V,D,20220716,000000,0.0286714,0.0295041,0.0282387,0.0290913,18310772420.432,0
JST.V,D,20220717,000000,0.0293741,0.0300743,0.0288063,0.0291824,24903987429.802,0
JST.V,D,20220718,000000,0.0292921,0.0306082,0.0288599,0.0297931,26792620879.332,0
JST.V,D,20220719,000000,0.0297911,0.0318313,0.029485,0.0316151,16189704116.766,0
JST.V,D,20220720,000000,0.0316,0.0318835,0.0298445,0.0300015,18999074860.774,0
JST.V,D,20220721,000000,0.0300015,0.0303148,0.0288614,0.0301175,12213763966.819,0
JST.V,D,20220722,000000,0.0301172,0.0321987,0.0298318,0.0307068,15547728261.958,0
JST.V,D,20220723,000000,0.03071,0.0315375,0.0297218,0.0300157,14031257313.726,0
JST.V,D,20220724,000000,0.030003,0.0307925,0.030003,0.0305758,11052989852.714,0
JST.V,D,20220725,000000,0.0305761,0.0307461,0.0282931,0.0286623,9370502623.7766,0
JST.V,D,20220726,000000,0.0286623,0.0286729,0.0271516,0.0279342,10396998367.073,0
JST.V,D,20220727,000000,0.02795,0.0300435,0.0276939,0.0297371,13407583145.96,0
JST.V,D,20220728,000000,0.0297271,0.0308802,0.0296709,0.0307762,16052998406.716,0
JST.V,D,20220729,000000,0.0307862,0.0310237,0.0295,0.0301824,20187608915.071,0
JST.V,D,20220730,000000,0.0301824,0.0313206,0.0297516,0.0305304,27160177566.936,0
JST.V,D,20220731,000000,0.0305204,0.0324087,0.0297989,0.0313572,20327396661.363,0
JST.V,D,20220801,000000,0.0313694,0.0347183,0.030102,0.0322897,8829675610.7585,0
JST.V,D,20220802,000000,0.0324197,0.0345221,0.0304619,0.0314153,11229041278.493,0
JST.V,D,20220803,000000,0.0314153,0.0339968,0.0314153,0.0338185,6494562697.5548,0
JST.V,D,20220804,000000,0.0337001,0.0337671,0.0319722,0.0325313,5802858146.7919,0
JST.V,D,20220805,000000,0.032531,0.0332466,0.0322139,0.0330263,5567635855.4778,0
JST.V,D,20220806,000000,0.0330163,0.0338151,0.0329063,0.0331476,3993602216.9292,0
JST.V,D,20220807,000000,0.0331473,0.033168,0.0323936,0.033106,9700562774.4163,0
JST.V,D,20220808,000000,0.0330863,0.0335667,0.0326042,0.033154,5833253357.1924,0
JST.V,D,20220809,000000,0.032994,0.0333057,0.0310365,0.0315663,6705144331.1436,0
JST.V,D,20220810,000000,0.0315663,0.033409,0.030928,0.0332096,7096825359.5676,0
JST.V,D,20220811,000000,0.0332333,0.0359065,0.0330096,0.0338359,7144768713.3049,0
JST.V,D,20220812,000000,0.0338259,0.0345473,0.0331366,0.0340557,7466557918.6133,0
JST.V,D,20220813,000000,0.0341157,0.0348774,0.0340563,0.0344834,5854033309.3273,0
JST.V,D,20220814,000000,0.0344834,0.0352341,0.0337481,0.0343106,7358627398.8477,0
JST.V,D,20220815,000000,0.0342903,0.0348004,0.0333387,0.0340082,6701993671.3069,0
JST.V,D,20220816,000000,0.0340082,0.0341627,0.0332557,0.0341331,8841145806.9728,0
JST.V,D,20220817,000000,0.0341127,0.0359054,0.03295,0.0332623,9084594541.604,0
JST.V,D,20220818,000000,0.0333427,0.0333903,0.0328423,0.0331603,9924502572.6024,0
JST.V,D,20220819,000000,0.0331133,0.0332033,0.02892,0.0292229,13285955771.796,0
JST.V,D,20220820,000000,0.0292229,0.0293953,0.028168,0.0282497,12698129227.32,0
JST.V,D,20220821,000000,0.0282394,0.0295891,0.0282392,0.0294791,8289538123.1335,0
JST.V,D,20220822,000000,0.0296194,0.0296212,0.0280683,0.0284249,11866522083.299,0
JST.V,D,20220823,000000,0.0284357,0.0318927,0.0283175,0.0304106,14169325636.349,0
JST.V,D,20220824,000000,0.03041,0.0306012,0.029218,0.0298627,11051196344.611,0
JST.V,D,20220825,000000,0.0298624,0.0303179,0.0294009,0.0300909,8355776355.4405,0
JST.V,D,20220826,000000,0.0300809,0.0301303,0.02781,0.0280628,9087456285.2567,0
JST.V,D,20220827,000000,0.0280628,0.0281325,0.0269008,0.0277608,11846444778.022,0
JST.V,D,20220828,000000,0.0277606,0.0287914,0.0273878,0.02783,7919203115.5755,0
JST.V,D,20220829,000000,0.02794,0.028482,0.0266587,0.028382,8752951938.9132,0
JST.V,D,20220830,000000,0.028402,0.0300388,0.0274005,0.0279725,8771733962.4845,0
JST.V,D,20220831,000000,0.0279722,0.0286406,0.0276386,0.0279597,6299314967.6473,0
JST.V,D,20220901,000000,0.0279597,0.0281406,0.0268987,0.0272984,4920155868.8267,0
JST.V,D,20220902,000000,0.0272984,0.0278519,0.0270327,0.0271033,7420734049.5239,0
JST.V,D,20220903,000000,0.0270943,0.0274627,0.02696,0.02733,6951667285.3453,0
JST.V,D,20220904,000000,0.02734,0.0276628,0.02703,0.02757,9242330077.1041,0
JST.V,D,20220905,000000,0.02757,0.02792,0.02686,0.0272227,10349428015.643,0
JST.V,D,20220906,000000,0.0272327,0.0278428,0.02531,0.02555,14766587094.407,0
JST.V,D,20220907,000000,0.02555,0.0261197,0.0248012,0.0260918,13277570732.255,0
JST.V,D,20220908,000000,0.0260816,0.0266424,0.0256218,0.0265142,10195425404.44,0
JST.V,D,20220909,000000,0.02667,0.0279573,0.0265145,0.0275594,14724012195.075,0
JST.V,D,20220910,000000,0.0275599,0.0284822,0.0275499,0.0281754,14340577197.608,0
JST.V,D,20220911,000000,0.0281956,0.0285503,0.0278395,0.0283471,10342146596.454,0
JST.V,D,20220912,000000,0.0283071,0.0288561,0.0275763,0.0279956,12120874166.898,0
JST.V,D,20220913,000000,0.0281785,0.028618,0.0262108,0.0264603,13263884360.607,0
JST.V,D,20220914,000000,0.0264605,0.0264626,0.025891,0.0262666,15460988353.624,0
JST.V,D,20220915,000000,0.0262666,0.0271649,0.0257638,0.0262876,15891418382.813,0
JST.V,D,20220916,000000,0.02629,0.0263276,0.0256074,0.0258774,12881468735.927,0
JST.V,D,20220917,000000,0.02588,0.02667,0.0258674,0.02648,8986987773.8463,0
JST.V,D,20220918,000000,0.0265,0.02666,0.0250575,0.02522,11676870346.867,0
JST.V,D,20220919,000000,0.0251975,0.0252025,0.0240524,0.0250725,11538042665.639,0
JST.V,D,20220920,000000,0.0250725,0.0259426,0.0249225,0.0256326,18743724863.497,0
JST.V,D,20220921,000000,0.0256405,0.02591,0.0246325,0.02487,15795957465.187,0
JST.V,D,20220922,000000,0.02451,0.02527,0.0241876,0.02517,15981711699.322,0
JST.V,D,20220923,000000,0.02518,0.0255726,0.02439,0.02473,19241137141.688,0
JST.V,D,20220924,000000,0.0247383,0.0253185,0.0247383,0.025072,10608754470.069,0
JST.V,D,20220925,000000,0.02507,0.0251113,0.02466,0.02474,9490478336.2772,0
JST.V,D,20220926,000000,0.02475,0.0269727,0.02447,0.02507,24204844366.384,0
JST.V,D,20220927,000000,0.02509,0.02582,0.02489,0.0249775,16518937711.975,0
JST.V,D,20220928,000000,0.02498,0.025105,0.0241576,0.02473,12897546773.454,0
JST.V,D,20220929,000000,0.02477,0.0252,0.0243976,0.0251725,17557517587.094,0
JST.V,D,20220930,000000,0.02518,0.0253125,0.0248125,0.02492,14487364218.054,0
JST.V,D,20221001,000000,0.02493,0.0249825,0.02454,0.02466,8329977240.1268,0
JST.V,D,20221002,000000,0.02466,0.02836,0.0246,0.02659,20398180307.479,0
JST.V,D,20221003,000000,0.0266027,0.0269427,0.0251225,0.0254425,15155497368.783,0
JST.V,D,20221004,000000,0.0254525,0.0257577,0.0251425,0.0257277,14837873442.543,0
JST.V,D,20221005,000000,0.0257277,0.0257877,0.0249525,0.0253051,10155821578.968,0
JST.V,D,20221006,000000,0.025175,0.0257151,0.025174,0.0256844,21824440275.579,0
JST.V,D,20221007,000000,0.0256844,0.0256944,0.0250818,0.0253936,12069109710.335,0
JST.V,D,20221008,000000,0.0253825,0.0258234,0.0253318,0.0255566,13368154451.533,0
JST.V,D,20221009,000000,0.0255566,0.0257726,0.02523,0.0256551,15042572375.334,0
JST.V,D,20221010,000000,0.0256551,0.0313231,0.0254925,0.0281572,34564580534.147,0
JST.V,D,20221011,000000,0.02816,0.0290871,0.0262074,0.0269276,20592453960.529,0
JST.V,D,20221012,000000,0.0270276,0.0287089,0.0265892,0.0268608,21226572608.603,0
JST.V,D,20221013,000000,0.0268608,0.0270397,0.024229,0.025492,16462461121.932,0
JST.V,D,20221014,000000,0.025492,0.0292818,0.0253218,0.0286011,19278417912.711,0
JST.V,D,20221015,000000,0.0285809,0.0301612,0.0269016,0.0269813,10202653071.678,0
JST.V,D,20221016,000000,0.02702,0.0272811,0.0260616,0.0263611,9180250625.1052,0
JST.V,D,20221017,000000,0.0263613,0.0284606,0.0258597,0.0270605,8269608741.1208,0
JST.V,D,20221018,000000,0.0270608,0.0299021,0.0270005,0.0278017,7205645684.9419,0
JST.V,D,20221019,000000,0.0278828,0.0320006,0.0276108,0.03019,15031925869.455,0
JST.V,D,20221020,000000,0.0302,0.0313391,0.0287009,0.0299879,8295423094.8211,0
JST.V,D,20221021,000000,0.0299979,0.0307,0.0283277,0.0289123,8147830028.5631,0
JST.V,D,20221022,000000,0.028932,0.0293329,0.0282314,0.0288926,6106688793.098,0
JST.V,D,20221023,000000,0.0288926,0.0289123,0.0276322,0.0280439,7461613223.0077,0
JST.V,D,20221024,000000,0.0280436,0.0294724,0.0278017,0.0283714,9959186320.0388,0
JST.V,D,20221025,000000,0.0283911,0.0286577,0.0275289,0.028199,6491007064.7876,0
JST.V,D,20221026,000000,0.0281996,0.0287981,0.0281373,0.028748,4748037315.9902,0
JST.V,D,20221027,000000,0.0287581,0.0293765,0.0285563,0.0288317,3835180081.754,0
JST.V,D,20221028,000000,0.0288317,0.030784,0.0288209,0.0304064,6525644179.3651,0
JST.V,D,20221029,000000,0.0304158,0.0307007,0.0297198,0.0300069,5415967980.8612,0
JST.V,D,20221030,000000,0.0300172,0.0306377,0.0290358,0.0290358,6830155055.986,0
JST.V,D,20221031,000000,0.0290361,0.0293259,0.0284154,0.0289277,5170790269.4171,0
JST.V,D,20221101,000000,0.0289583,0.0292144,0.0286843,0.0289271,3217276301.4973,0
JST.V,D,20221102,000000,0.0289271,0.0289271,0.0271476,0.0274184,7281794174.9815,0
JST.V,D,20221103,000000,0.0274184,0.0282972,0.0273484,0.0280197,5842284885.5063,0
JST.V,D,20221104,000000,0.0277492,0.0294026,0.0277492,0.0293824,4506214358.4338,0
JST.V,D,20221105,000000,0.0293521,0.029783,0.028962,0.0291918,7051255760.293086,0
JST.V,D,20221106,000000,0.0292018,0.0296691,0.0286729,0.0287023,7039579533.112257,0
JST.V,D,20221107,000000,0.0287023,0.0287326,0.0277419,0.0279536,4388834228.4637,0
JST.V,D,20221108,000000,0.0279584,0.0281841,0.0243741,0.0250951,5404702846.863195,0
JST.V,D,20221109,000000,0.0250951,0.0276645,0.021663,0.0232962,5874583559.49671,0
JST.V,D,20221110,000000,0.0230147,0.0270513,0.021432,0.0241342,4598094075.950454,0
JST.V,D,20221111,000000,0.0241534,0.0276831,0.0222011,0.0225027,4025154438.983606,0
JST.V,D,20221112,000000,0.0224757,0.0230941,0.0218706,0.0224196,2970652108.9139833,0
JST.V,D,20221113,000000,0.0224296,0.0230484,0.020887,0.0211046,2955486081.532177,0
JST.V,D,20221114,000000,0.0211104,0.0211924,0.01874,0.0204293,3465848991.089681,0
JST.V,D,20221115,000000,0.0204383,0.0214585,0.0204073,0.0210489,2745612592.1188917,0
JST.V,D,20221116,000000,0.0210643,0.0229007,0.0203398,0.0205309,2921540175.469839,0
JST.V,D,20221117,000000,0.0207222,0.0207322,0.0201209,0.020474,3163330246.351476,0
JST.V,D,20221118,000000,0.0204642,0.020723,0.0203745,0.0205563,3919676328.774287,0
JST.V,D,20221119,000000,0.0205563,0.0229838,0.0205337,0.0213775,5755784148.969936,0
JST.V,D,20221120,000000,0.0213907,0.0221219,0.0203189,0.0203989,6767092873.083767,0
JST.V,D,20221121,000000,0.0203792,0.0214601,0.0198085,0.0205151,6382210497.374763,0
JST.V,D,20221122,000000,0.0205154,0.0217315,0.0203456,0.0211741,5326622377.066404,0
JST.V,D,20221123,000000,0.0211841,0.022493,0.0211125,0.0223156,10402150748.644007,0
JST.V,D,20221124,000000,0.0223356,0.0228969,0.0215803,0.0220714,18113223497.347004,0
JST.V,D,20221125,000000,0.0220714,0.0239449,0.0216627,0.0225272,13568742132.350483,0
JST.V,D,20221126,000000,0.0225269,0.022707,0.0221454,0.0223268,7387562114.172305,0
JST.V,D,20221127,000000,0.0223368,0.022626,0.0221869,0.0224556,6282042773.642873,0
JST.V,D,20221128,000000,0.0224556,0.0224867,0.0214278,0.0218517,10709834048.37671,0
JST.V,D,20221129,000000,0.0218515,0.022292,0.0217004,0.0220718,5342205878.467351,0
JST.V,D,20221130,000000,0.0220718,0.0225711,0.0219407,0.0225709,7301911394.401625,0
JST.V,D,20221201,000000,0.0225709,0.0240593,0.02249,0.0226214,11347936537.643986,0
JST.V,D,20221202,000000,0.0226411,0.0227818,0.0221318,0.0224113,10548708043.129066,0
JST.V,D,20221203,000000,0.0224213,0.022582,0.0221544,0.0222122,17524134282.193756,0
JST.V,D,20221204,000000,0.0222222,0.0223145,0.0219344,0.0221444,24227878634.835278,0
JST.V,D,20221205,000000,0.0221322,0.023497,0.02208,0.0222507,23782767559.385723,0
JST.V,D,20221206,000000,0.0222522,0.0223104,0.022,0.0221196,21602874026.307304,0
JST.V,D,20221207,000000,0.0221296,0.0228309,0.02145,0.02193,30816699987.249138,0
JST.V,D,20221208,000000,0.02193,0.0233021,0.02184,0.0227616,27203744519.53245,0
JST.V,D,20221209,000000,0.0227623,0.0231209,0.0226314,0.0226507,21987544838.516163,0
JST.V,D,20221210,000000,0.0226507,0.0234002,0.02251,0.0228395,24995021627.994034,0
JST.V,D,20221211,000000,0.0228395,0.0230398,0.0223745,0.0224622,15125376400.365799,0
JST.V,D,20221212,000000,0.0224645,0.0228623,0.0215404,0.021852,12665086945.426323,0
JST.V,D,20221213,000000,0.021852,0.0222645,0.0215137,0.0221647,13622473740.512278,0
JST.V,D,20221214,000000,0.0221749,0.0235986,0.0221538,0.0224316,9117929243.202868,0
JST.V,D,20221215,000000,0.02244,0.0224422,0.0217922,0.0219522,9842138685.621016,0
JST.V,D,20221216,000000,0.0219544,0.0219544,0.0206541,0.0209242,12349210505.768364,0
JST.V,D,20221217,000000,0.0209021,0.0209142,0.0197712,0.0201726,9837760103.27913,0
JST.V,D,20221218,000000,0.0201826,0.0205508,0.0201626,0.0204927,2354176356.953417,0
JST.V,D,20221219,000000,0.0205233,0.0205251,0.0194402,0.01977,8906505201.655539,0
JST.V,D,20221220,000000,0.01977,0.0204402,0.0194194,0.0202808,11204645699.766384,0
JST.V,D,20221221,000000,0.0202908,0.0204508,0.0201298,0.020151,10320006644.003231,0
JST.V,D,20221222,000000,0.020151,0.02134,0.0201208,0.0205765,11591434264.471836,0
JST.V,D,20221223,000000,0.0205765,0.0209379,0.0205669,0.0208279,10121296146.080326,0
JST.V,D,20221224,000000,0.0208279,0.0209279,0.0207685,0.0208485,11820058370.443504,0
JST.V,D,20221225,000000,0.0208485,0.0214596,0.0207563,0.0208973,14005522953.097088,0
JST.V,D,20221226,000000,0.0208979,0.0210881,0.0205153,0.0205459,13289614623.53634,0
JST.V,D,20221227,000000,0.0205459,0.0207161,0.0201813,0.0202221,15021597244.65316,0
JST.V,D,20221228,000000,0.0202121,0.0203241,0.0197665,0.0198893,15260145254.721716,0
JST.V,D,20221229,000000,0.0198994,0.0213393,0.0198697,0.020031,13370283658.99975,0
JST.V,D,20221230,000000,0.020031,0.0201809,0.01953,0.0197801,10499192274.962854,0
JST.V,D,20221231,000000,0.0197799,0.0200178,0.0197099,0.0198001,15095892820.473965,0
JST.V,D,20230101,000000,0.0197899,0.0199312,0.0196684,0.0198807,11690589615.799797,0
JST.V,D,20230102,000000,0.0198607,0.0202321,0.0196917,0.0201633,12849093260.382576,0
JST.V,D,20230103,000000,0.0201635,0.0202431,0.019972,0.0200022,12598935686.673391,0
JST.V,D,20230104,000000,0.0200024,0.0203119,0.0199816,0.0201434,21335000797.78831,0
JST.V,D,20230105,000000,0.0201334,0.0203127,0.0200126,0.0202129,17721598731.20534,0
JST.V,D,20230106,000000,0.0202139,0.0203127,0.0194589,0.0201438,18856396200.20146,0
JST.V,D,20230107,000000,0.0201436,0.0201535,0.019865,0.019905,17052202133.81067,0
JST.V,D,20230108,000000,0.0199052,0.0202557,0.0197768,0.0202376,16603003020.217833,0
JST.V,D,20230109,000000,0.020246,0.02127,0.0202258,0.0209,14271266199.63256,0
JST.V,D,20230110,000000,0.0208898,0.0213981,0.0206979,0.021183,17070719257.329277,0
JST.V,D,20230111,000000,0.0211738,0.0214094,0.0210064,0.0213496,9143055720.188076,0
JST.V,D,20230112,000000,0.0214679,0.0220015,0.02124,0.0219722,12241857041.165277,0
JST.V,D,20230113,000000,0.021882,0.022692,0.0216811,0.022692,13536706538.301565,0
JST.V,D,20230114,000000,0.022692,0.0240148,0.0223727,0.0231112,7891558762.990019,0
JST.V,D,20230115,000000,0.0231123,0.0244739,0.0230139,0.024097,9336763378.299673,0
JST.V,D,20230116,000000,0.0240872,0.0245098,0.0234698,0.0238705,9889404942.993755,0
JST.V,D,20230117,000000,0.0238705,0.0248905,0.0236019,0.0246127,10769487555.410511,0
JST.V,D,20230118,000000,0.0246127,0.0248025,0.0229365,0.0230988,9912842657.195381,0
JST.V,D,20230119,000000,0.0230888,0.0235702,0.022927,0.0235191,6053015668.32681,0
JST.V,D,20230120,000000,0.0235091,0.0245047,0.0232295,0.0244242,7622550045.567325,0
JST.V,D,20230121,000000,0.0244244,0.024915,0.0242451,0.024855,8245857767.212137,0
JST.V,D,20230122,000000,0.0249047,0.024914,0.0243034,0.0243949,6591149450.658372,0
JST.V,D,20230123,000000,0.0243949,0.024983,0.0243346,0.024924,7599523234.863003,0
JST.V,D,20230124,000000,0.0249535,0.0260723,0.0248925,0.0252805,8721152503.147076,0
JST.V,D,20230125,000000,0.0252808,0.0257346,0.0242334,0.0255543,9725712491.419834,0
JST.V,D,20230126,000000,0.0255543,0.0259339,0.02491,0.025092,10720862616.277386,0
JST.V,D,20230127,000000,0.025102,0.0364098,0.024875,0.0279006,19636289212.151463,0
JST.V,D,20230128,000000,0.0274866,0.0287469,0.0268156,0.0269054,2853313740.4619646,0
JST.V,D,20230129,000000,0.0268854,0.0272008,0.026654,0.0270611,446544241.28937,0
JST.V,D,20230130,000000,0.0270611,0.0273027,0.02509,0.0252018,573369058.2993206,0
JST.V,D,20230131,000000,0.0252018,0.0262876,0.0251013,0.0259423,703048246.4271429,0
JST.V,D,20230201,000000,0.0259421,0.0279614,0.0253405,0.0272916,1074721363.2013237,0
JST.V,D,20230202,000000,0.0272914,0.0279425,0.026943,0.0269654,682440018.1123238,0
JST.V,D,20230203,000000,0.0269557,0.029806,0.0269267,0.0283423,783686036.0329256,0
JST.V,D,20230204,000000,0.0283523,0.0287923,0.0278522,0.0285426,534232707.1251587,0
JST.V,D,20230205,000000,0.0285323,0.0305352,0.0274163,0.0276669,805720310.9172013,0
JST.V,D,20230206,000000,0.0277172,0.0284163,0.0273497,0.0277611,535335773.9527777,0
JST.V,D,20230207,000000,0.0277611,0.033821,0.0275422,0.0296721,1670004500.9020329,0
JST.V,D,20230208,000000,0.0296718,0.03047,0.028342,0.0288723,660391630.4830713,0
JST.V,D,20230209,000000,0.028862,0.02908,0.0266967,0.0268124,447653186.5085474,0
JST.V,D,20230210,000000,0.0268027,0.0274766,0.0266667,0.026904,432058504.14964014,0
JST.V,D,20230211,000000,0.02691,0.0278939,0.0268732,0.0277825,424975756.3366388,0
JST.V,D,20230212,000000,0.0277856,0.0279234,0.0271141,0.0272627,526111943.7386678,0
JST.V,D,20230213,000000,0.0272527,0.0273349,0.0257824,0.0263142,842488759.5784729,0
JST.V,D,20230214,000000,0.0263245,0.0269432,0.0258601,0.0269002,1077768809.7025094,0
JST.V,D,20230215,000000,0.026901,0.0287046,0.0267075,0.0286854,1449520721.4797943,0
JST.V,D,20230216,000000,0.0286952,0.0296656,0.0278264,0.0278395,1321619249.589018,0
JST.V,D,20230217,000000,0.0278395,0.0293718,0.0274722,0.0292126,1099988084.1407695,0
JST.V,D,20230218,000000,0.0292429,0.0300248,0.0286955,0.029265,969115754.4810897,0
JST.V,D,20230219,000000,0.029235,0.0303552,0.0288538,0.0298866,928535917.9615297,0
JST.V,D,20230220,000000,0.0298766,0.0338534,0.0288075,0.0321813,1431023831.7741637,0
JST.V,D,20230221,000000,0.0321813,0.0342365,0.0303846,0.0307455,1355135040.0980792,0
JST.V,D,20230222,000000,0.0307252,0.0308959,0.0294638,0.0302403,914968100.992446,0
JST.V,D,20230223,000000,0.0302394,0.0307031,0.0297833,0.0298439,728961178.7924035,0
JST.V,D,20230224,000000,0.0298342,0.030343,0.0291626,0.0294697,1036100272.1465819,0
JST.V,D,20230225,000000,0.0294497,0.0298621,0.0287417,0.029072,947570081.5988412,0
JST.V,D,20230226,000000,0.0290629,0.0312047,0.0290223,0.0300918,1512049464.3610456,0
JST.V,D,20230227,000000,0.0301015,0.0309228,0.0295227,0.0302415,819364797.3200247,0
JST.V,D,20230228,000000,0.0302318,0.0304218,0.029307,0.0294659,899346832.5483494,0
JST.V,D,20230301,000000,0.0294759,0.0298733,0.028914,0.0297839,961711337.0975289,0
JST.V,D,20230302,000000,0.0297839,0.0299536,0.0284926,0.0289326,1162365045.4392781,0
JST.V,D,20230303,000000,0.0289223,0.0290229,0.0266837,0.0272719,1048595183.1722722,0
JST.V,D,20230304,000000,0.0272719,0.0280817,0.0271614,0.0274219,1071047290.0623586,0
JST.V,D,20230305,000000,0.0274119,0.027902,0.0273411,0.027423,861046061.5337584,0
JST.V,D,20230306,000000,0.027433,0.0274633,0.0268013,0.0270484,957769881.2800089,0
JST.V,D,20230307,000000,0.0270484,0.0277081,0.0261895,0.0262287,1035807273.3277183,0
JST.V,D,20230308,000000,0.0262287,0.0265481,0.0253585,0.025379,989503886.5846195,0
JST.V,D,20230309,000000,0.0253875,0.0259619,0.0228452,0.0230121,1238694213.930499,0
JST.V,D,20230310,000000,0.0230123,0.0231607,0.0217593,0.0226515,1019799056.3388199,0
JST.V,D,20230311,000000,0.0226506,0.0236612,0.0222237,0.0230992,1103834136.6609473,0
JST.V,D,20230312,000000,0.0230791,0.0243297,0.0229428,0.0243196,924353463.6841246,0
JST.V,D,20230313,000000,0.0243196,0.0264895,0.0241598,0.0263146,1457920428.914041,0
JST.V,D,20230314,000000,0.0263146,0.0276729,0.0260382,0.0268198,1106267707.4584944,0
JST.V,D,20230315,000000,0.02682,0.027458,0.0258033,0.0262096,1017483595.4009897,0
JST.V,D,20230316,000000,0.0262094,0.0266405,0.0258615,0.0263961,995371645.9212301,0
JST.V,D,20230317,000000,0.026385,0.0277232,0.02626,0.0276725,1255994252.2242708,0
JST.V,D,20230318,000000,0.0276725,0.0280755,0.0268523,0.027081,1006223696.9155445,0
JST.V,D,20230319,000000,0.0270506,0.0280514,0.0268363,0.0277538,1055964026.6966256,0
JST.V,D,20230320,000000,0.0277229,0.0284422,0.026695,0.0269781,1443097904.159384,0
JST.V,D,20230321,000000,0.0269681,0.0273485,0.0261361,0.0272068,1461383616.4797642,0
JST.V,D,20230322,000000,0.0272065,0.027476,0.0244358,0.0250384,1011792563.4184039,0
JST.V,D,20230323,000000,0.0250284,0.0266667,0.0250199,0.0265451,1300718075.890851,0
JST.V,D,20230324,000000,0.0265451,0.0265728,0.0254798,0.0256664,996881890.2288162,0
JST.V,D,20230325,000000,0.0256785,0.0260357,0.0253686,0.0256148,865912727.9843668,0
JST.V,D,20230326,000000,0.0256048,0.0261432,0.0255945,0.0258091,582458528.9931494,0
JST.V,D,20230327,000000,0.0258084,0.0260134,0.0245247,0.0249017,1179863986.7202342,0
JST.V,D,20230328,000000,0.0249017,0.0254969,0.0248089,0.0253299,808100605.5758908,0
JST.V,D,20230329,000000,0.0253299,0.0260963,0.0251781,0.0260447,621716627.6570309,0
JST.V,D,20230330,000000,0.0260478,0.026708,0.0258213,0.0261973,820416747.9085546,0
JST.V,D,20230331,000000,0.0261973,0.0268959,0.0259449,0.0266953,841753392.8015939,0
JST.V,D,20230401,000000,0.0266956,0.0277781,0.0266953,0.02765,1111644468.417584,0
JST.V,D,20230402,000000,0.0276502,0.0281715,0.0266881,0.0268767,689167522.0120313,0
JST.V,D,20230403,000000,0.0268767,0.0269416,0.0260483,0.0263005,656951596.4074134,0
JST.V,D,20230404,000000,0.0262505,0.0269602,0.0262402,0.0268237,795077834.4272681,0
JST.V,D,20230405,000000,0.0268334,0.0274201,0.0265509,0.0273999,851188962.980973,0
JST.V,D,20230406,000000,0.0273901,0.0304925,0.0273582,0.0275997,1321378949.5611515,0
JST.V,D,20230407,000000,0.0275997,0.0298949,0.0271365,0.0273605,1004529032.6950904,0
JST.V,D,20230408,000000,0.0273702,0.028193,0.0273297,0.0276208,916289811.4868941,0
JST.V,D,20230409,000000,0.0276208,0.0281689,0.0268066,0.0281689,943908220.272511,0
JST.V,D,20230410,000000,0.0281789,0.0293891,0.0271887,0.0276727,9063678346.579657,0
JST.V,D,20230411,000000,0.0276727,0.0289626,0.0276507,0.0285279,1223015782.321714,0
JST.V,D,20230412,000000,0.0285082,0.0285768,0.0271111,0.0274014,1447816628.3509226,0
JST.V,D,20230413,000000,0.0274014,0.0277566,0.0271122,0.0277366,962258210.3863928,0
JST.V,D,20230414,000000,0.0277466,0.0281284,0.0275017,0.0278331,1130163074.9739661,0
JST.V,D,20230415,000000,0.0278331,0.0281759,0.0277138,0.027755,851614654.8899826,0
JST.V,D,20230416,000000,0.0277547,0.0287232,0.0275053,0.0282889,2026794496.1622078,0
JST.V,D,20230417,000000,0.0282892,0.0283827,0.0274248,0.0275162,1355643169.3572376,0
JST.V,D,20230418,000000,0.0275162,0.0280918,0.027444,0.0279147,998924761.1460626,0
JST.V,D,20230419,000000,0.0279142,0.0282722,0.0264622,0.026894,1374002957.2531893,0
