<TICKER>,<PER>,<DATE>,<TIME>,<OPEN>,<HIGH>,<LOW>,<CLOSE>,<VOL>,<OPENINT>
KSM.V,D,20200213,000000,1.197,1.378,1.138,1.307,0,0
KSM.V,D,20200214,000000,1.293,2.444,1.293,1.667,0,0
KSM.V,D,20200215,000000,1.643,2.18,1.55,1.67,0,0
KSM.V,D,20200216,000000,1.665,1.716,1.492,1.504,0,0
KSM.V,D,20200217,000000,1.504,1.795,1.358,1.402,0,0
KSM.V,D,20200218,000000,1.403,1.794,1.403,1.653,0,0
KSM.V,D,20200219,000000,1.651,2.257,1.557,2.079,0,0
KSM.V,D,20200220,000000,2.079,2.383,1.896,2.001,0,0
KSM.V,D,20200221,000000,1.975,3.336,1.938,2.689,0,0
KSM.V,D,20200222,000000,2.689,3.697,2.465,3.153,0,0
KSM.V,D,20200223,000000,3.153,3.153,2.445,2.812,0,0
KSM.V,D,20200224,000000,2.812,3.225,2.771,3.214,0,0
KSM.V,D,20200225,000000,3.214,3.472,2.867,3.027,0,0
KSM.V,D,20200226,000000,3.027,3.156,2.13,2.346,0,0
KSM.V,D,20200227,000000,2.346,2.944,2.135,2.723,0,0
KSM.V,D,20200228,000000,2.723,3.009,2.332,2.718,0,0
KSM.V,D,20200229,000000,2.704,3.123,2.647,2.886,0,0
KSM.V,D,20200301,000000,2.886,3.081,1.976,2.845,0,0
KSM.V,D,20200302,000000,2.845,3.968,2.845,3.624,0,0
KSM.V,D,20200303,000000,3.624,3.624,3.419,3.59,0,0
KSM.V,D,20200304,000000,3.594,3.626,3.262,3.484,0,0
KSM.V,D,20200305,000000,3.484,3.55,3.106,3.12,0,0
KSM.V,D,20200306,000000,3.12,3.217,2.903,2.931,0,0
KSM.V,D,20200307,000000,2.931,3.225,2.671,3.08,0,0
KSM.V,D,20200308,000000,3.08,3.504,2.936,3.012,0,0
KSM.V,D,20200309,000000,3.002,3.17,2.244,2.495,0,0
KSM.V,D,20200310,000000,2.495,2.618,2.264,2.417,0,0
KSM.V,D,20200311,000000,2.425,2.532,1.916,2.035,0,0
KSM.V,D,20200312,000000,2.035,2.062,1.453,1.502,0,0
KSM.V,D,20200313,000000,1.502,1.938,1.184,1.638,0,0
KSM.V,D,20200314,000000,1.64,1.83,1.504,1.828,0,0
KSM.V,D,20200315,000000,1.834,1.834,1.298,1.568,0,0
KSM.V,D,20200316,000000,1.568,1.577,1.305,1.546,0,0
KSM.V,D,20200317,000000,1.546,1.603,1.403,1.527,0,0
KSM.V,D,20200318,000000,1.527,1.601,1.457,1.587,0,0
KSM.V,D,20200319,000000,1.587,2.008,1.489,1.936,0,0
KSM.V,D,20200320,000000,1.938,2.166,1.771,1.882,0,0
KSM.V,D,20200321,000000,1.882,2.075,1.875,1.983,0,0
KSM.V,D,20200322,000000,1.983,2.081,1.858,1.925,0,0
KSM.V,D,20200323,000000,1.925,2.227,1.925,2.185,0,0
KSM.V,D,20200324,000000,2.185,2.283,1.966,2.258,0,0
KSM.V,D,20200325,000000,2.258,2.281,1.974,2.078,0,0
KSM.V,D,20200326,000000,2.083,2.098,1.9,2.02,0,0
KSM.V,D,20200327,000000,2.02,2.095,1.879,1.976,0,0
KSM.V,D,20200328,000000,1.989,1.989,1.829,1.916,0,0
KSM.V,D,20200329,000000,1.916,1.916,1.776,1.893,0,0
KSM.V,D,20200330,000000,1.893,2.065,1.858,1.957,0,0
KSM.V,D,20200331,000000,1.96,2,1.911,1.981,0,0
KSM.V,D,20200401,000000,1.981,2.168,1.953,2.156,0,0
KSM.V,D,20200402,000000,2.16,2.45,2.16,2.398,0,0
KSM.V,D,20200403,000000,2.404,2.954,2.392,2.787,0,0
KSM.V,D,20200404,000000,2.788,2.887,2.67,2.688,0,0
KSM.V,D,20200405,000000,2.688,2.688,2.502,2.54,0,0
KSM.V,D,20200406,000000,2.544,2.796,2.544,2.76,0,0
KSM.V,D,20200407,000000,2.76,2.888,2.734,2.871,0,0
KSM.V,D,20200408,000000,2.871,2.892,2.543,2.598,0,0
KSM.V,D,20200409,000000,2.598,2.765,2.597,2.732,0,0
KSM.V,D,20200410,000000,2.732,2.769,2.605,2.745,0,0
KSM.V,D,20200411,000000,2.745,2.772,2.575,2.693,0,0
KSM.V,D,20200412,000000,2.693,2.799,2.635,2.754,0,0
KSM.V,D,20200413,000000,2.754,2.874,2.685,2.807,0,0
KSM.V,D,20200414,000000,2.807,3.082,2.795,2.984,0,0
KSM.V,D,20200415,000000,2.984,3.081,2.924,2.992,0,0
KSM.V,D,20200416,000000,2.992,3.234,2.897,3.201,0,0
KSM.V,D,20200417,000000,3.201,3.307,2.84,3.078,0,0
KSM.V,D,20200418,000000,3.078,3.262,3.078,3.21,0,0
KSM.V,D,20200419,000000,3.21,3.369,3.152,3.22,0,0
KSM.V,D,20200420,000000,3.22,3.356,3.073,3.349,0,0
KSM.V,D,20200421,000000,3.349,3.37,3.349,3.37,0,0
KSM.V,D,20200422,000000,3.376,4.004,3.367,3.941,0,0
KSM.V,D,20200423,000000,3.941,5.005,3.933,4.733,0,0
KSM.V,D,20200424,000000,4.733,5.355,4.168,4.374,0,0
KSM.V,D,20200425,000000,4.374,4.374,3.864,4.116,0,0
KSM.V,D,20200426,000000,4.116,4.587,4.018,4.224,0,0
KSM.V,D,20200427,000000,4.224,4.258,3.945,3.993,0,0
KSM.V,D,20200428,000000,3.993,4.354,3.939,4.225,0,0
KSM.V,D,20200429,000000,4.225,4.392,4.12,4.268,0,0
KSM.V,D,20200430,000000,4.268,5.205,4.263,5.113,0,0
KSM.V,D,20200501,000000,5.113,6.39,4.908,5.25,0,0
KSM.V,D,20200502,000000,5.25,5.464,4.805,5.178,0,0
KSM.V,D,20200503,000000,5.178,5.856,5.09,5.668,0,0
KSM.V,D,20200504,000000,5.668,6.871,5.005,6.29,0,0
KSM.V,D,20200505,000000,6.29,6.764,5.388,5.718,0,0
KSM.V,D,20200506,000000,5.718,6.006,5.455,5.58,0,0
KSM.V,D,20200507,000000,5.58,6.146,5.402,6.095,0,0
KSM.V,D,20200508,000000,6.095,6.234,5.105,5.854,0,0
KSM.V,D,20200509,000000,5.854,6.276,5.321,6.033,0,0
KSM.V,D,20200510,000000,6.033,7.3,5.724,7.043,0,0
KSM.V,D,20200511,000000,7.043,7.22,5.883,5.997,0,0
KSM.V,D,20200512,000000,5.997,6.568,5.967,6.427,0,0
KSM.V,D,20200513,000000,6.427,7.679,6.372,7.404,0,0
KSM.V,D,20200514,000000,7.404,8.105,6.486,7.747,0,0
KSM.V,D,20200515,000000,7.747,8.264,6.599,6.922,0,0
KSM.V,D,20200516,000000,6.922,7.495,6.855,7.171,0,0
KSM.V,D,20200517,000000,7.171,7.31,6.67,7.093,0,0
KSM.V,D,20200518,000000,7.093,7.149,5.731,5.943,0,0
KSM.V,D,20200519,000000,5.943,6.603,5.03,6.363,0,0
KSM.V,D,20200520,000000,6.392,6.392,5.043,5.514,0,0
KSM.V,D,20200521,000000,5.515,6.547,5.431,5.856,0,0
KSM.V,D,20200522,000000,5.856,6.332,5.508,5.667,0,0
KSM.V,D,20200523,000000,5.667,6.563,5.593,6.278,0,0
KSM.V,D,20200524,000000,6.299,6.67,5.935,6.555,0,0
KSM.V,D,20200525,000000,6.555,6.811,5.765,6.12,0,0
KSM.V,D,20200526,000000,6.047,6.416,5.624,6.08,0,0
KSM.V,D,20200527,000000,6.083,6.338,5.971,6.1,0,0
KSM.V,D,20200528,000000,6.1,6.457,5.944,6.305,0,0
KSM.V,D,20200529,000000,6.305,6.376,5.935,6.295,0,0
KSM.V,D,20200530,000000,6.444,6.896,6.256,6.78,0,0
KSM.V,D,20200531,000000,6.932,6.932,6.481,6.799,0,0
KSM.V,D,20200601,000000,6.911,7.653,6.911,7.036,0,0
KSM.V,D,20200602,000000,7.211,7.211,6.623,6.889,0,0
KSM.V,D,20200603,000000,6.889,7.102,6.593,6.647,0,0
KSM.V,D,20200604,000000,6.647,6.658,6.295,6.592,0,0
KSM.V,D,20200605,000000,6.592,6.592,5.474,5.74,0,0
KSM.V,D,20200606,000000,5.74,5.868,5.696,5.725,0,0
KSM.V,D,20200607,000000,5.725,5.82,5.424,5.446,0,0
KSM.V,D,20200608,000000,5.446,5.947,5.44,5.708,0,0
KSM.V,D,20200609,000000,5.688,6.081,5.455,5.99,0,0
KSM.V,D,20200610,000000,5.99,6.158,5.803,5.863,0,0
KSM.V,D,20200611,000000,5.811,5.811,5.256,5.295,0,0
KSM.V,D,20200612,000000,5.295,5.639,5.295,5.554,0,0
KSM.V,D,20200613,000000,5.554,5.593,5.407,5.441,0,0
KSM.V,D,20200614,000000,5.441,5.452,5.258,5.427,0,0
KSM.V,D,20200615,000000,5.427,5.611,5.271,5.352,0,0
KSM.V,D,20200616,000000,5.312,5.877,5.312,5.739,0,0
KSM.V,D,20200617,000000,5.743,5.753,5.496,5.528,0,0
KSM.V,D,20200618,000000,5.52,5.703,5.443,5.575,0,0
KSM.V,D,20200619,000000,5.661,5.661,5.491,5.569,0,0
KSM.V,D,20200620,000000,5.569,5.612,5.438,5.583,0,0
KSM.V,D,20200621,000000,5.521,5.818,5.428,5.759,0,0
KSM.V,D,20200622,000000,5.759,6.111,5.759,5.819,0,0
KSM.V,D,20200623,000000,5.819,6.457,5.687,6.038,0,0
KSM.V,D,20200624,000000,5.983,6.223,5.576,5.614,0,0
KSM.V,D,20200625,000000,5.63,5.719,5.484,5.61,0,0
KSM.V,D,20200626,000000,5.587,5.719,5.397,5.458,0,0
KSM.V,D,20200627,000000,5.475,5.633,5.341,5.552,0,0
KSM.V,D,20200628,000000,5.554,6.201,5.511,6.027,0,0
KSM.V,D,20200629,000000,6.027,6.588,5.755,6.434,0,0
KSM.V,D,20200630,000000,6.434,6.49,5.945,6.449,0,0
KSM.V,D,20200701,000000,6.461,7.99,6.461,7.706,0,0
KSM.V,D,20200702,000000,7.706,8.053,7.055,8.004,0,0
KSM.V,D,20200703,000000,7.989,8.117,7.554,8.01,0,0
KSM.V,D,20200704,000000,8.085,8.815,7.948,8.671,0,0
KSM.V,D,20200705,000000,8.646,9.683,8.41,9.385,0,0
KSM.V,D,20200706,000000,9.308,10.19,8.656,9.163,0,0
KSM.V,D,20200707,000000,9.093,9.185,8.257,8.586,0,0
KSM.V,D,20200708,000000,8.501,9.078,7.977,8.519,0,0
KSM.V,D,20200709,000000,8.519,8.519,7.339,7.562,0,0
KSM.V,D,20200710,000000,7.562,8.136,7.293,7.38,0,0
KSM.V,D,20200711,000000,7.365,7.735,7.025,7.171,0,0
KSM.V,D,20200712,000000,7.12,7.786,6.973,7.595,0,0
KSM.V,D,20200713,000000,7.492,8.531,7.422,8.327,0,0
KSM.V,D,20200714,000000,8.327,8.418,7.696,7.967,0,0
KSM.V,D,20200715,000000,7.954,8.154,7.731,7.832,0,0
KSM.V,D,20200716,000000,7.832,7.989,7.104,7.325,0,0
KSM.V,D,20200717,000000,7.316,8.302,7.215,8.153,0,0
KSM.V,D,20200718,000000,8.153,8.272,7.665,8.214,0,0
KSM.V,D,20200719,000000,8.214,9.552,7.838,9.374,0,0
KSM.V,D,20200720,000000,9.374,9.801,9.131,9.264,0,0
KSM.V,D,20200721,000000,9.256,9.515,8.417,8.563,0,0
KSM.V,D,20200722,000000,8.563,9.957,8.429,9.532,0,0
KSM.V,D,20200723,000000,9.494,14.1,9.381,13.66,0,0
KSM.V,D,20200724,000000,13.66,16.04,11.27,12.64,0,0
KSM.V,D,20200725,000000,12.64,13.26,11.87,12.43,0,0
KSM.V,D,20200726,000000,12.43,12.63,11.66,11.98,0,0
KSM.V,D,20200727,000000,11.98,12.57,10.47,11.53,0,0
KSM.V,D,20200728,000000,11.53,12.6,11.39,12.26,0,0
KSM.V,D,20200729,000000,12.26,12.76,11.99,12.33,0,0
KSM.V,D,20200730,000000,12.33,12.44,9.391,10.2,0,0
KSM.V,D,20200731,000000,10.2,10.32,9.692,10.06,0,0
KSM.V,D,20200801,000000,10.06,10.54,9.728,10.45,0,0
KSM.V,D,20200802,000000,10.45,10.56,9.731,10.27,0,0
KSM.V,D,20200803,000000,10.27,11.21,10.03,10.79,0,0
KSM.V,D,20200804,000000,10.79,10.82,9.893,10.15,0,0
KSM.V,D,20200805,000000,10.15,10.6,10.09,10.57,0,0
KSM.V,D,20200806,000000,10.57,12.81,10.52,12.15,0,0
KSM.V,D,20200807,000000,12.15,12.4,10.97,11.7,0,0
KSM.V,D,20200808,000000,11.7,12.32,11.5,12.22,0,0
KSM.V,D,20200809,000000,12.22,13.88,11.95,13.74,0,0
KSM.V,D,20200810,000000,13.74,15.96,12.95,14.72,0,0
KSM.V,D,20200811,000000,14.72,15.31,12.01,13.88,0,0
KSM.V,D,20200812,000000,13.88,14.08,12.59,13.88,0,0
KSM.V,D,20200813,000000,13.88,14.08,12.65,13.1,0,0
KSM.V,D,20200814,000000,13.1,13.56,12.84,13.27,0,0
KSM.V,D,20200815,000000,13.27,13.46,12.91,13.4,0,0
KSM.V,D,20200816,000000,13.4,13.52,12.23,12.23,0,0
KSM.V,D,20200817,000000,12.23,12.27,10.8,12.01,0,0
KSM.V,D,20200818,000000,12.01,13.06,12,12.53,0,0
KSM.V,D,20200819,000000,12.53,12.6,11.41,11.91,0,0
KSM.V,D,20200820,000000,11.91,14.53,11.57,14.5,0,0
KSM.V,D,20200821,000000,14.5,15.75,13.13,14.4,0,0
KSM.V,D,20200822,000000,14.4,19.21,13.91,18.21,0,0
KSM.V,D,20200823,000000,18.21,18.5,16.64,17.64,0,0
KSM.V,D,20200824,000000,17.64,23.08,17.19,22.81,0,0
KSM.V,D,20200825,000000,22.81,39.06,22.28,36.01,0,0
KSM.V,D,20200826,000000,36.01,36.94,29.78,31.73,0,0
KSM.V,D,20200827,000000,31.73,32.7,26.22,26.86,0,0
KSM.V,D,20200828,000000,26.86,33.88,26.83,32.23,0,0
KSM.V,D,20200829,000000,32.23,38.96,31.28,33.97,0,0
KSM.V,D,20200830,000000,33.97,35.59,32.02,34.29,0,0
KSM.V,D,20200831,000000,34.29,47.64,32.73,45.8,0,0
KSM.V,D,20200901,000000,45.8,47.91,38.08,41.07,0,0
KSM.V,D,20200902,000000,41.07,59.03,40.96,56.99,0,0
KSM.V,D,20200903,000000,56.99,59.72,42.62,43.12,0,0
KSM.V,D,20200904,000000,43.12,47.2,34.25,42.36,0,0
KSM.V,D,20200905,000000,42.36,44.31,29.23,32.77,0,0
KSM.V,D,20200906,000000,32.77,38.93,29.53,38.14,0,0
KSM.V,D,20200907,000000,38.14,38.79,30.9,35.53,0,0
KSM.V,D,20200908,000000,35.53,35.89,30.67,31.33,0,0
KSM.V,D,20200909,000000,31.33,36.56,30.2,34,0,0
KSM.V,D,20200910,000000,34,37.04,31.67,33.08,0,0
KSM.V,D,20200911,000000,33.08,33.08,30.96,31.78,0,0
KSM.V,D,20200912,000000,31.78,36.59,31.12,35.19,0,0
KSM.V,D,20200913,000000,35.19,42.04,34.5,39.25,0,0
KSM.V,D,20200914,000000,39.25,42.88,38.29,40.16,0,0
KSM.V,D,20200915,000000,40.16,42.98,37.84,39.39,0,0
KSM.V,D,20200916,000000,39.39,42.42,37.76,42.16,0,0
KSM.V,D,20200917,000000,42.16,49.94,42.03,47.11,0,0
KSM.V,D,20200918,000000,47.11,48.8,42.04,44.66,0,0
KSM.V,D,20200919,000000,44.66,47.65,43.91,43.99,0,0
KSM.V,D,20200920,000000,43.99,44.78,36.97,39.65,0,0
KSM.V,D,20200921,000000,39.65,39.79,31.38,32.02,0,0
KSM.V,D,20200922,000000,32.02,33.89,31.13,33.29,0,0
KSM.V,D,20200923,000000,33.29,36.24,31.11,32.64,0,0
KSM.V,D,20200924,000000,32.64,37.15,32.2,36.63,0,0
KSM.V,D,20200925,000000,36.63,38.54,35.67,37.01,0,0
KSM.V,D,20200926,000000,37.01,37.12,35.06,35.84,0,0
KSM.V,D,20200927,000000,35.84,36.15,32.74,34.35,0,0
KSM.V,D,20200928,000000,34.35,36.37,32.62,33.84,0,0
KSM.V,D,20200929,000000,33.84,35.82,33.77,35.48,0,0
KSM.V,D,20200930,000000,35.48,35.58,33.78,33.98,0,0
KSM.V,D,20201001,000000,33.98,35.51,32.71,33.98,0,0
KSM.V,D,20201002,000000,33.98,34.17,30.64,32.08,0,0
KSM.V,D,20201003,000000,32.08,32.57,31.43,32.02,0,0
KSM.V,D,20201004,000000,32.02,32.08,31.19,31.94,0,0
KSM.V,D,20201005,000000,31.94,32.5,31.51,31.88,0,0
KSM.V,D,20201006,000000,31.88,31.93,27.85,28.28,0,0
KSM.V,D,20201007,000000,28.28,28.52,25.16,26.6,0,0
KSM.V,D,20201008,000000,26.6,29.41,23.34,27.82,0,0
KSM.V,D,20201009,000000,27.82,30.12,27.21,29.45,0,0
KSM.V,D,20201010,000000,29.45,31.97,29.13,29.77,0,0
KSM.V,D,20201011,000000,29.77,30.19,28.35,29.24,0,0
KSM.V,D,20201012,000000,29.24,32.83,29.18,32.07,0,0
KSM.V,D,20201013,000000,32.07,32.71,30.28,30.69,0,0
KSM.V,D,20201014,000000,30.69,32.04,29.23,31.05,0,0
KSM.V,D,20201015,000000,31.05,31.08,28.99,29.19,0,0
KSM.V,D,20201016,000000,29.19,29.57,27.32,27.88,0,0
KSM.V,D,20201017,000000,27.88,29.57,27.75,29.29,0,0
KSM.V,D,20201018,000000,29.29,31.07,28.39,30.81,0,0
KSM.V,D,20201019,000000,30.81,30.92,28.78,29.16,0,0
KSM.V,D,20201020,000000,29.16,29.6,27.82,28.16,0,0
KSM.V,D,20201021,000000,28.16,29.23,27.79,28.28,0,0
KSM.V,D,20201022,000000,28.28,29.38,28.22,28.46,0,0
KSM.V,D,20201023,000000,28.46,29.32,27.62,28.11,0,0
KSM.V,D,20201024,000000,28.11,28.23,26.49,27.39,0,0
KSM.V,D,20201025,000000,27.39,28.01,26.42,26.82,0,0
KSM.V,D,20201026,000000,26.82,36.39,26.4,35.37,0,0
KSM.V,D,20201027,000000,35.37,36.84,32.99,34.38,0,0
KSM.V,D,20201028,000000,34.38,34.45,30.68,31.63,0,0
KSM.V,D,20201029,000000,31.63,32.69,29.4,30.16,0,0
KSM.V,D,20201030,000000,30.16,30.49,28.48,29.65,0,0
KSM.V,D,20201031,000000,29.65,31.13,29.29,30.62,0,0
KSM.V,D,20201101,000000,30.62,32.86,29.96,32.22,0,0
KSM.V,D,20201102,000000,32.22,32.4,29.75,30.01,0,0
KSM.V,D,20201103,000000,30.01,30.82,27.87,28.84,0,0
KSM.V,D,20201104,000000,28.84,29.24,27.65,28.89,0,0
KSM.V,D,20201105,000000,28.89,31.29,28.59,30.37,0,0
KSM.V,D,20201106,000000,30.37,33.41,30.22,32.87,0,0
KSM.V,D,20201107,000000,32.87,34.83,29.99,31.2,0,0
KSM.V,D,20201108,000000,31.2,33.62,30.61,33.06,0,0
KSM.V,D,20201109,000000,33.06,34.12,32.18,33.14,0,0
KSM.V,D,20201110,000000,33.14,35.6,32.67,34.73,0,0
KSM.V,D,20201111,000000,34.73,37.3,34.58,35.6,0,0
KSM.V,D,20201112,000000,35.6,38.78,35.09,38.08,0,0
KSM.V,D,20201113,000000,38.08,39.34,37.16,38.53,0,0
KSM.V,D,20201114,000000,38.53,38.67,35.48,36.99,0,0
KSM.V,D,20201115,000000,36.99,37.71,34.09,35.53,0,0
KSM.V,D,20201116,000000,35.53,36.93,34.27,36.24,0,0
KSM.V,D,20201117,000000,36.24,38.65,35.85,38.14,0,0
KSM.V,D,20201118,000000,38.14,38.32,34.3,35.71,0,0
KSM.V,D,20201119,000000,35.71,37.2,34.58,35.38,0,0
KSM.V,D,20201120,000000,35.38,39.71,35.18,37.8,0,0
KSM.V,D,20201121,000000,37.8,41.25,37.03,40.66,0,0
KSM.V,D,20201122,000000,40.66,41.25,37.8,38.64,0,0
KSM.V,D,20201123,000000,38.64,41.01,38.37,40.49,0,0
KSM.V,D,20201124,000000,40.49,52.79,39.65,48.18,0,0
KSM.V,D,20201125,000000,48.18,50,40.67,42.31,0,0
KSM.V,D,20201126,000000,42.31,50.18,39.14,49.14,0,0
KSM.V,D,20201127,000000,49.14,49.51,43.01,45.36,0,0
KSM.V,D,20201128,000000,45.36,46.76,43.2,45.24,0,0
KSM.V,D,20201129,000000,45.24,53.49,44.48,53.11,0,0
KSM.V,D,20201130,000000,53.11,54.64,50.24,52.12,0,0
KSM.V,D,20201201,000000,52.12,56.59,50.6,54.25,0,0
KSM.V,D,20201202,000000,54.25,65.42,53.1,61.85,0,0
KSM.V,D,20201203,000000,61.85,62.9,57.57,59.17,0,0
KSM.V,D,20201204,000000,59.17,60.47,49.64,50.67,0,0
KSM.V,D,20201205,000000,50.67,56.56,49.75,55.87,0,0
KSM.V,D,20201206,000000,55.87,56.66,51,52.38,0,0
KSM.V,D,20201207,000000,52.38,54.43,51.68,53.53,0,0
KSM.V,D,20201208,000000,53.53,53.64,45.75,46.32,0,0
KSM.V,D,20201209,000000,46.32,51.35,44.13,49,0,0
KSM.V,D,20201210,000000,49,49.71,46.35,47,0,0
KSM.V,D,20201211,000000,47,47.16,43.58,45.07,0,0
KSM.V,D,20201212,000000,45.07,48.78,45.07,48.22,0,0
KSM.V,D,20201213,000000,48.22,52.72,47.2,50.85,0,0
KSM.V,D,20201214,000000,50.85,51.9,48.99,50.35,0,0
KSM.V,D,20201215,000000,50.35,57.45,49.93,56.88,0,0
KSM.V,D,20201216,000000,56.88,58.16,54.98,57.23,0,0
KSM.V,D,20201217,000000,57.23,62.5,55.35,58.09,0,0
KSM.V,D,20201218,000000,58.09,59.35,56.15,57.47,0,0
KSM.V,D,20201219,000000,57.47,59.25,55.64,55.85,0,0
KSM.V,D,20201220,000000,55.85,57,52.94,53.56,0,0
KSM.V,D,20201221,000000,53.56,55.92,48.91,49.49,0,0
KSM.V,D,20201222,000000,49.49,54.34,48.29,54.11,0,0
KSM.V,D,20201223,000000,54.11,54.9,43.95,47.5,0,0
KSM.V,D,20201224,000000,47.5,52.93,46.06,52.28,0,0
KSM.V,D,20201225,000000,52.28,52.45,48.01,49.99,0,0
KSM.V,D,20201226,000000,49.99,50.73,47.17,47.57,0,0
KSM.V,D,20201227,000000,47.57,51.26,46.29,50.15,0,0
KSM.V,D,20201228,000000,50.15,58.52,49.14,58.24,0,0
KSM.V,D,20201229,000000,58.24,62.94,53.67,61.51,0,0
KSM.V,D,20201230,000000,61.51,65.63,59.67,61.99,0,0
KSM.V,D,20201231,000000,61.99,73.37,59.77,72.03,0,0
KSM.V,D,20210101,000000,72.03,73.35,65.82,69.66,0,0
KSM.V,D,20210102,000000,69.66,73.04,65.16,69.16,0,0
KSM.V,D,20210103,000000,69.16,74.08,66.3,72.66,0,0
KSM.V,D,20210104,000000,72.66,74.38,61.43,68.46,0,0
KSM.V,D,20210105,000000,68.46,71.11,62.17,67.88,0,0
KSM.V,D,20210106,000000,67.88,75.74,65.6,75.38,0,0
KSM.V,D,20210107,000000,75.38,76.22,66.27,68.95,0,0
KSM.V,D,20210108,000000,68.95,71.72,64.31,68.88,0,0
KSM.V,D,20210109,000000,68.88,70.47,61.81,69.15,0,0
KSM.V,D,20210110,000000,69.15,74.53,66.18,71.1,0,0
KSM.V,D,20210111,000000,71.1,71.44,58.38,64.46,0,0
KSM.V,D,20210112,000000,64.46,67.77,61.96,62.82,0,0
KSM.V,D,20210113,000000,62.82,78.27,60.72,76.92,0,0
KSM.V,D,20210114,000000,76.92,88.72,76.31,88.51,0,0
KSM.V,D,20210115,000000,88.51,89.01,74.91,83.63,0,0
KSM.V,D,20210116,000000,83.63,109.45,81.5,102.56,0,0
KSM.V,D,20210117,000000,102.56,109.77,90.39,102.46,0,0
KSM.V,D,20210118,000000,102.46,121.25,101.87,109.18,0,0
KSM.V,D,20210119,000000,109.18,110.12,98.71,101.33,0,0
KSM.V,D,20210120,000000,101.33,107.58,90.1,106.07,0,0
KSM.V,D,20210121,000000,106.07,106.26,92.64,92.85,0,0
KSM.V,D,20210122,000000,92.85,105.3,85.53,104.1,0,0
KSM.V,D,20210123,000000,104.1,112.66,101.59,107.58,0,0
KSM.V,D,20210124,000000,107.58,112.14,100.68,104.1,0,0
KSM.V,D,20210125,000000,104.1,109.19,98.17,98.64,0,0
KSM.V,D,20210126,000000,98.64,103.92,93.34,102.02,0,0
KSM.V,D,20210127,000000,102.02,102.14,90.48,95.72,0,0
KSM.V,D,20210128,000000,95.72,117.88,93.95,114.27,0,0
KSM.V,D,20210129,000000,114.27,114.98,101.44,106.65,0,0
KSM.V,D,20210130,000000,106.65,107.48,99.26,101.07,0,0
KSM.V,D,20210131,000000,101.07,106.05,96.52,98.07,0,0
KSM.V,D,20210201,000000,98.07,101.73,95.58,100.94,0,0
KSM.V,D,20210202,000000,100.94,107.85,98.03,105.19,0,0
KSM.V,D,20210203,000000,105.19,122.58,104.97,119.15,0,0
KSM.V,D,20210204,000000,119.15,123.75,109.92,115.41,0,0
KSM.V,D,20210205,000000,115.41,122.1,114.27,121.1,0,0
KSM.V,D,20210206,000000,121.1,123.87,111.63,112.76,0,0
KSM.V,D,20210207,000000,112.76,115.74,100.98,115.74,0,0
KSM.V,D,20210208,000000,115.74,136.61,111.91,133.24,0,0
KSM.V,D,20210209,000000,133.24,138.5,126.41,130.75,0,0
KSM.V,D,20210210,000000,130.75,137.26,123.1,129.32,0,0
KSM.V,D,20210211,000000,129.32,146.93,126.52,142.29,0,0
KSM.V,D,20210212,000000,142.29,159.78,137.87,154.25,0,0
KSM.V,D,20210213,000000,154.25,168.96,153.32,161.6,0,0
KSM.V,D,20210214,000000,161.6,163.5,147.62,158.08,0,0
KSM.V,D,20210215,000000,158.08,220.78,138.58,190.78,0,0
KSM.V,D,20210216,000000,190.78,227.51,188.07,209.44,0,0
KSM.V,D,20210217,000000,209.44,242.82,195.88,240.59,0,0
KSM.V,D,20210218,000000,240.59,240.9,217.83,223.09,0,0
KSM.V,D,20210219,000000,223.09,241.53,206.37,224.08,0,0
KSM.V,D,20210220,000000,224.08,246.69,212.01,221.44,0,0
KSM.V,D,20210221,000000,221.44,236.53,216.42,223.98,0,0
KSM.V,D,20210222,000000,223.98,298.6,198.89,271.68,0,0
KSM.V,D,20210223,000000,271.68,285.67,215.06,240.75,0,0
KSM.V,D,20210224,000000,240.75,269.49,224.69,243.3,0,0
KSM.V,D,20210225,000000,243.3,257.81,223.17,224.44,0,0
KSM.V,D,20210226,000000,224.44,230.44,199.25,216.22,0,0
KSM.V,D,20210227,000000,216.22,238.99,216.15,229.45,0,0
KSM.V,D,20210228,000000,229.45,234.38,195.59,212.99,0,0
KSM.V,D,20210301,000000,212.99,230.63,209.51,227.89,0,0
KSM.V,D,20210302,000000,227.89,245.62,219.59,240.57,0,0
KSM.V,D,20210303,000000,240.57,258.8,238.71,244.51,0,0
KSM.V,D,20210304,000000,244.51,254.13,231.27,234.59,0,0
KSM.V,D,20210305,000000,234.59,234.92,212.09,228.15,0,0
KSM.V,D,20210306,000000,228.15,230.45,216.04,229.09,0,0
KSM.V,D,20210307,000000,229.09,239.17,225.52,233.82,0,0
KSM.V,D,20210308,000000,233.82,243.66,223.39,243.64,0,0
KSM.V,D,20210309,000000,243.64,296.38,239.04,289.46,0,0
KSM.V,D,20210310,000000,289.46,317.92,268.12,303.62,0,0
KSM.V,D,20210311,000000,303.62,344.03,279.51,329.77,0,0
KSM.V,D,20210312,000000,329.77,335.59,301.02,314.3,0,0
KSM.V,D,20210313,000000,314.3,322.96,301.59,313.49,0,0
KSM.V,D,20210314,000000,313.49,321.17,300.45,300.53,0,0
KSM.V,D,20210315,000000,300.53,324.43,280.44,310.39,0,0
KSM.V,D,20210316,000000,310.39,333.82,292.23,318.44,0,0
KSM.V,D,20210317,000000,318.44,348.22,310.04,345.4,0,0
KSM.V,D,20210318,000000,345.4,389.58,343.18,367.37,0,0
KSM.V,D,20210319,000000,367.37,421.79,356.62,383.76,0,0
KSM.V,D,20210320,000000,383.76,410.95,379.13,389.24,0,0
KSM.V,D,20210321,000000,389.24,415.58,382.46,399.6,0,0
KSM.V,D,20210322,000000,399.6,459.32,397.71,437.18,0,0
KSM.V,D,20210323,000000,437.18,453.54,417.13,422.4,0,0
KSM.V,D,20210324,000000,422.4,489.66,416.4,423.04,0,0
KSM.V,D,20210325,000000,423.04,435.06,371.39,411.08,0,0
KSM.V,D,20210326,000000,411.08,454.58,404.98,454.39,0,0
KSM.V,D,20210327,000000,454.39,504.69,447.53,468.83,0,0
KSM.V,D,20210328,000000,468.83,519.52,468.13,510.94,0,0
KSM.V,D,20210329,000000,510.94,567.4,507.68,547.54,0,0
KSM.V,D,20210330,000000,547.54,557.31,518.7,540.19,0,0
KSM.V,D,20210331,000000,540.19,557.77,476.74,496.66,0,0
KSM.V,D,20210401,000000,496.66,507.1,451.81,463.04,0,0
KSM.V,D,20210402,000000,463.04,464.86,419.91,449.4,0,0
KSM.V,D,20210403,000000,449.4,497.62,423.79,439.45,0,0
KSM.V,D,20210404,000000,439.45,455.49,430.69,445.23,0,0
KSM.V,D,20210405,000000,445.23,477.66,426.53,461.61,0,0
KSM.V,D,20210406,000000,461.61,468.82,431.28,440.33,0,0
KSM.V,D,20210407,000000,440.33,470.68,382.47,427.23,0,0
KSM.V,D,20210408,000000,427.23,467.8,423.51,460.74,0,0
KSM.V,D,20210409,000000,460.74,466.97,442.26,451,0,0
KSM.V,D,20210410,000000,451,460.6,441.02,448.45,0,0
KSM.V,D,20210411,000000,448.45,450.35,433.7,438.51,0,0
KSM.V,D,20210412,000000,438.51,439.79,410.15,422.07,0,0
KSM.V,D,20210413,000000,422.07,438,412.33,431.71,0,0
KSM.V,D,20210414,000000,431.71,475.91,420.96,454.82,0,0
KSM.V,D,20210415,000000,454.82,485.45,453.19,477.22,0,0
KSM.V,D,20210416,000000,477.22,481.13,424.82,447.15,0,0
KSM.V,D,20210417,000000,447.15,483.55,446.07,456.23,0,0
KSM.V,D,20210418,000000,456.23,466.31,374.23,406.08,0,0
KSM.V,D,20210419,000000,406.08,423.4,361.93,368.32,0,0
KSM.V,D,20210420,000000,368.32,384.59,317.12,383.93,0,0
KSM.V,D,20210421,000000,383.93,384.4,338.56,349.64,0,0
KSM.V,D,20210422,000000,349.64,387.05,342.06,349.03,0,0
KSM.V,D,20210423,000000,349.03,359.77,283.64,336.79,0,0
KSM.V,D,20210424,000000,336.79,337.25,298.18,303.2,0,0
KSM.V,D,20210425,000000,303.2,332.21,300.44,318.36,0,0
KSM.V,D,20210426,000000,318.36,400.1,315.82,395.81,0,0
KSM.V,D,20210427,000000,395.81,419.6,383.24,397.44,0,0
KSM.V,D,20210428,000000,397.44,407.56,368.58,394.45,0,0
KSM.V,D,20210429,000000,394.45,397.51,368.19,386.83,0,0
KSM.V,D,20210430,000000,386.83,413.63,378.9,406.26,0,0
KSM.V,D,20210501,000000,406.26,427.21,402.53,421.12,0,0
KSM.V,D,20210502,000000,421.12,441.28,400.32,414.04,0,0
KSM.V,D,20210503,000000,414.04,432.3,409.87,424.04,0,0
KSM.V,D,20210504,000000,424.04,438.8,384.21,389.5,0,0
KSM.V,D,20210505,000000,389.5,431.62,386.77,428.86,0,0
KSM.V,D,20210506,000000,428.86,454.1,413.56,446.93,0,0
KSM.V,D,20210507,000000,446.93,458.31,423.25,431.39,0,0
KSM.V,D,20210508,000000,431.39,470.03,426.6,434.57,0,0
KSM.V,D,20210509,000000,434.57,458.72,426.26,451.07,0,0
KSM.V,D,20210510,000000,451.07,459.73,388.33,408.81,0,0
KSM.V,D,20210511,000000,408.81,440.22,389.37,440.22,0,0
KSM.V,D,20210512,000000,440.22,524.12,434.4,461.49,0,0
KSM.V,D,20210513,000000,461.49,586.36,439.49,530.03,0,0
KSM.V,D,20210514,000000,530.03,597.18,506.96,596.97,0,0
KSM.V,D,20210515,000000,596.97,615.93,539.29,546.58,0,0
KSM.V,D,20210516,000000,546.58,610.41,499.72,545.93,0,0
KSM.V,D,20210517,000000,545.93,634.34,501.24,572,0,0
KSM.V,D,20210518,000000,572,625.17,561.06,593.47,0,0
KSM.V,D,20210519,000000,593.47,602.05,204.04,340.88,0,0
KSM.V,D,20210520,000000,340.88,448.74,286.8,388.85,0,0
KSM.V,D,20210521,000000,388.85,438.59,265.69,339.91,0,0
KSM.V,D,20210522,000000,339.91,354.21,284.58,314.89,0,0
KSM.V,D,20210523,000000,314.89,337.3,201.95,261.67,0,0
KSM.V,D,20210524,000000,261.67,348.95,252.7,348.31,0,0
KSM.V,D,20210525,000000,348.31,371.46,284.36,321.7,0,0
KSM.V,D,20210526,000000,321.7,360.24,310.91,342.9,0,0
KSM.V,D,20210527,000000,342.9,343.48,301.3,315.52,0,0
KSM.V,D,20210528,000000,315.52,342.93,271.22,289.15,0,0
KSM.V,D,20210529,000000,289.15,302.02,258.19,296.92,0,0
KSM.V,D,20210530,000000,296.92,320.33,275.38,309.92,0,0
KSM.V,D,20210531,000000,309.92,377.67,290.53,371.22,0,0
KSM.V,D,20210601,000000,371.22,376.38,347.92,367.03,0,0
KSM.V,D,20210602,000000,367.03,475.6,361.57,446.63,0,0
KSM.V,D,20210603,000000,446.63,486.73,445.54,463.09,0,0
KSM.V,D,20210604,000000,463.09,464.18,381.36,418.89,0,0
KSM.V,D,20210605,000000,418.89,453.99,383.95,402.6,0,0
KSM.V,D,20210606,000000,402.6,422.33,397.48,421.9,0,0
KSM.V,D,20210607,000000,421.9,446.18,371.76,378.46,0,0
KSM.V,D,20210608,000000,378.46,420.15,345.25,411.77,0,0
KSM.V,D,20210609,000000,411.77,517.56,388.53,510.94,0,0
KSM.V,D,20210610,000000,510.94,537.05,458.53,474.12,0,0
KSM.V,D,20210611,000000,474.12,492.59,404.78,415.89,0,0
KSM.V,D,20210612,000000,415.89,428.08,383.9,399.39,0,0
KSM.V,D,20210613,000000,399.39,448.95,386.38,434.08,0,0
KSM.V,D,20210614,000000,434.08,439.02,400.44,427.29,0,0
KSM.V,D,20210615,000000,427.29,428.95,380.8,380.96,0,0
KSM.V,D,20210616,000000,380.96,389.44,354.07,366.75,0,0
KSM.V,D,20210617,000000,366.75,376.96,338.98,347.2,0,0
KSM.V,D,20210618,000000,347.2,347.76,300.64,315.71,0,0
KSM.V,D,20210619,000000,315.71,326.34,300.71,300.94,0,0
KSM.V,D,20210620,000000,300.94,314.83,272.26,300.45,0,0
KSM.V,D,20210621,000000,300.45,302.56,207.95,211.77,0,0
KSM.V,D,20210622,000000,211.77,235.21,163.95,182.53,0,0
KSM.V,D,20210623,000000,182.53,224.61,172.51,203.87,0,0
KSM.V,D,20210624,000000,203.87,217.01,186.33,205.59,0,0
KSM.V,D,20210625,000000,205.59,213.05,172.17,174.13,0,0
KSM.V,D,20210626,000000,174.13,181.11,157.02,173.38,0,0
KSM.V,D,20210627,000000,173.38,179.4,162.09,179.39,0,0
KSM.V,D,20210628,000000,179.39,229.8,175.54,219.8,0,0
KSM.V,D,20210629,000000,219.8,237.76,206.29,213.82,0,0
KSM.V,D,20210630,000000,213.82,216.5,191.11,214.97,0,0
KSM.V,D,20210701,000000,214.97,214.97,193.34,198.7,0,0
KSM.V,D,20210702,000000,198.7,206.93,190.43,204.07,0,0
KSM.V,D,20210703,000000,204.07,213.46,198.06,206.71,0,0
KSM.V,D,20210704,000000,206.71,217.9,200.59,209.9,0,0
KSM.V,D,20210705,000000,209.9,209.93,193.17,198.1,0,0
KSM.V,D,20210706,000000,198.1,225.58,197.66,224.15,0,0
KSM.V,D,20210707,000000,224.15,244.25,224.05,236.8,0,0
KSM.V,D,20210708,000000,236.8,237.72,205.22,212.58,0,0
KSM.V,D,20210709,000000,212.58,216.39,199.93,213.05,0,0
KSM.V,D,20210710,000000,213.05,218.92,202.48,207.75,0,0
KSM.V,D,20210711,000000,207.75,214.91,204.27,210.6,0,0
KSM.V,D,20210712,000000,210.6,213.35,193.32,200.7,0,0
KSM.V,D,20210713,000000,200.7,203.75,189.45,192.41,0,0
KSM.V,D,20210714,000000,192.41,196.51,177.3,187.49,0,0
KSM.V,D,20210715,000000,187.49,209.69,180.1,201.61,0,0
KSM.V,D,20210716,000000,201.61,202.51,179.71,180.31,0,0
KSM.V,D,20210717,000000,180.31,187.83,175.86,178.53,0,0
KSM.V,D,20210718,000000,178.53,187.45,177.93,181.43,0,0
KSM.V,D,20210719,000000,181.43,182.25,161.46,163.61,0,0
KSM.V,D,20210720,000000,163.61,166.93,142.1,148.51,0,0
KSM.V,D,20210721,000000,148.51,182.36,144.27,174.16,0,0
KSM.V,D,20210722,000000,174.16,179.3,165.4,175.43,0,0
KSM.V,D,20210723,000000,175.43,179.71,163.06,177.92,0,0
KSM.V,D,20210724,000000,177.92,189,174.38,186.11,0,0
KSM.V,D,20210725,000000,186.11,189.65,175.91,184.56,0,0
KSM.V,D,20210726,000000,184.56,206.5,183.01,184.71,0,0
KSM.V,D,20210727,000000,184.71,189.44,176.33,185.53,0,0
KSM.V,D,20210728,000000,185.53,193.09,181.81,188.04,0,0
KSM.V,D,20210729,000000,188.04,195.28,181.5,189.9,0,0
KSM.V,D,20210730,000000,189.9,198.45,182.2,194.46,0,0
KSM.V,D,20210731,000000,194.46,203.78,191.37,197.8,0,0
KSM.V,D,20210801,000000,197.8,223.29,196.22,206.92,0,0
KSM.V,D,20210802,000000,206.92,211.37,200.83,204.94,0,0
KSM.V,D,20210803,000000,204.94,209.06,193.21,201.85,0,0
KSM.V,D,20210804,000000,201.85,218.42,198.64,215.14,0,0
KSM.V,D,20210805,000000,215.14,219.56,202.77,216.03,0,0
KSM.V,D,20210806,000000,216.03,236.3,211.32,227.44,0,0
KSM.V,D,20210807,000000,227.44,243.24,223.85,234.99,0,0
KSM.V,D,20210808,000000,234.99,235.47,211.49,215.7,0,0
KSM.V,D,20210809,000000,215.7,229.41,207.25,221.63,0,0
KSM.V,D,20210810,000000,221.63,253.59,217.14,241.08,0,0
KSM.V,D,20210811,000000,241.08,292.14,241.05,268.08,0,0
KSM.V,D,20210812,000000,267.95,269.24,246.89,261.31,0,0
KSM.V,D,20210813,000000,261.31,282.52,260.4,281.09,0,0
KSM.V,D,20210814,000000,281.09,285.62,264.05,273.17,0,0
KSM.V,D,20210815,000000,273.17,277.98,260.56,273.94,0,0
KSM.V,D,20210816,000000,273.94,318.26,270.31,299.68,0,0
KSM.V,D,20210817,000000,299.68,324.93,269.79,277.37,0,0
KSM.V,D,20210818,000000,277.37,303.85,263.26,281.43,0,0
KSM.V,D,20210819,000000,281.43,334,275.14,327.53,0,0
KSM.V,D,20210820,000000,327.53,349.96,313.27,345.51,0,0
KSM.V,D,20210821,000000,345.51,353.35,326.98,328.55,0,0
KSM.V,D,20210822,000000,328.55,343.57,317.79,330.95,0,0
KSM.V,D,20210823,000000,330.95,340.28,321.02,328.23,0,0
KSM.V,D,20210824,000000,328.23,332.21,289.5,296.29,0,0
KSM.V,D,20210825,000000,296.29,309.12,283.58,303.47,0,0
KSM.V,D,20210826,000000,303.47,310.02,273.53,277.16,0,0
KSM.V,D,20210827,000000,277.16,312.26,266.9,306.22,0,0
KSM.V,D,20210828,000000,306.22,320.47,297.07,305.38,0,0
KSM.V,D,20210829,000000,305.38,327.06,291.6,297.18,0,0
KSM.V,D,20210830,000000,297.18,320.53,286.4,298.09,0,0
KSM.V,D,20210831,000000,298.09,419.99,296.51,395.05,0,0
KSM.V,D,20210901,000000,395.05,419.13,367.25,388.2,0,0
KSM.V,D,20210902,000000,388.2,419.69,380.54,400.63,0,0
KSM.V,D,20210903,000000,400.63,430.66,395.31,406.84,0,0
KSM.V,D,20210904,000000,406.84,419.6,395.92,397.83,0,0
KSM.V,D,20210905,000000,397.83,407.98,387.41,402.25,0,0
KSM.V,D,20210906,000000,402.25,407.54,381.14,394.99,0,0
KSM.V,D,20210907,000000,394.99,397.92,278.7,330.4,0,0
KSM.V,D,20210908,000000,330.4,356.07,307.75,341.23,0,0
KSM.V,D,20210909,000000,341.23,393.15,325.81,389.05,0,0
KSM.V,D,20210910,000000,389.05,424.43,356.08,385.25,0,0
KSM.V,D,20210911,000000,385.25,424.42,374.92,418.81,0,0
KSM.V,D,20210912,000000,418.81,451.36,404.97,434.69,0,0
KSM.V,D,20210913,000000,434.69,446.55,378.46,404.77,0,0
KSM.V,D,20210914,000000,404.77,437.82,396.37,417.72,0,0
KSM.V,D,20210915,000000,417.72,434.59,405.22,428.79,0,0
KSM.V,D,20210916,000000,428.79,440.68,400.75,409.35,0,0
KSM.V,D,20210917,000000,409.35,417.11,384.21,389.23,0,0
KSM.V,D,20210918,000000,389.23,421.18,385.35,418.63,0,0
KSM.V,D,20210919,000000,418.63,423.53,395.44,400.64,0,0
KSM.V,D,20210920,000000,400.64,401.82,326.96,332.31,0,0
KSM.V,D,20210921,000000,332.31,348.98,298.45,305.43,0,0
KSM.V,D,20210922,000000,305.43,351.33,298.77,348.4,0,0
KSM.V,D,20210923,000000,348.4,359.1,338.66,358.3,0,0
KSM.V,D,20210924,000000,358.3,364.91,301.99,332.87,0,0
KSM.V,D,20210925,000000,332.87,339.36,321.54,327.58,0,0
KSM.V,D,20210926,000000,327.58,333.33,301.39,324.51,0,0
KSM.V,D,20210927,000000,324.51,346.44,314.95,315.33,0,0
KSM.V,D,20210928,000000,315.33,343.79,308.99,317.81,0,0
KSM.V,D,20210929,000000,317.81,340.82,314.23,322.62,0,0
KSM.V,D,20210930,000000,322.62,336.87,320.87,331.31,0,0
KSM.V,D,20211001,000000,331.31,353.45,328.71,348.79,0,0
KSM.V,D,20211002,000000,348.79,364.67,341.09,353.14,0,0
KSM.V,D,20211003,000000,353.14,357.39,342.18,346.52,0,0
KSM.V,D,20211004,000000,346.52,346.86,326.87,339.52,0,0
KSM.V,D,20211005,000000,339.52,344.33,329.81,337.24,0,0
KSM.V,D,20211006,000000,337.24,340.11,315.58,333.45,0,0
KSM.V,D,20211007,000000,333.45,368.49,326.99,355.01,0,0
KSM.V,D,20211008,000000,355.01,359.81,341.05,343.99,0,0
KSM.V,D,20211009,000000,343.99,364.11,341.18,353.45,0,0
KSM.V,D,20211010,000000,353.45,372.28,333.42,334.98,0,0
KSM.V,D,20211011,000000,334.98,345.67,321.91,330.46,0,0
KSM.V,D,20211012,000000,330.46,330.48,306.67,323.34,0,0
KSM.V,D,20211013,000000,323.34,367.01,311.41,366.22,0,0
KSM.V,D,20211014,000000,366.22,377.46,346.87,350.23,0,0
KSM.V,D,20211015,000000,350.23,371.79,336.59,348.33,0,0
KSM.V,D,20211016,000000,348.33,359.73,337.18,341.03,0,0
KSM.V,D,20211017,000000,341.03,351.53,333.02,350.68,0,0
KSM.V,D,20211018,000000,350.68,364.78,340.43,362.49,0,0
KSM.V,D,20211019,000000,362.49,380.37,357.2,380.06,0,0
KSM.V,D,20211020,000000,380.06,383.01,366.42,377.91,0,0
KSM.V,D,20211021,000000,377.91,384.67,361.04,368.63,0,0
KSM.V,D,20211022,000000,368.63,388.49,367.24,374.47,0,0
KSM.V,D,20211023,000000,374.47,385.72,372.03,381.91,0,0
KSM.V,D,20211024,000000,381.91,406.3,378.37,399.46,0,0
KSM.V,D,20211025,000000,399.46,414.58,395.17,402.17,0,0
KSM.V,D,20211026,000000,402.17,408.61,383.76,390.46,0,0
KSM.V,D,20211027,000000,390.46,396.15,355.7,356.72,0,0
KSM.V,D,20211028,000000,356.72,378.76,355.47,364.82,0,0
KSM.V,D,20211029,000000,364.82,372.56,362.07,366.03,0,0
KSM.V,D,20211030,000000,366.03,379.6,362.77,372.33,0,0
KSM.V,D,20211031,000000,372.33,378.97,353.86,370.29,0,0
KSM.V,D,20211101,000000,370.29,412.37,360.62,410.26,0,0
KSM.V,D,20211102,000000,410.26,454.99,398.27,443.8,0,0
KSM.V,D,20211103,000000,443.8,459.58,423.37,453.82,0,0
KSM.V,D,20211104,000000,453.82,460.04,431.66,441.56,0,0
KSM.V,D,20211105,000000,441.56,452.78,429.02,451.8,0,0
KSM.V,D,20211106,000000,451.8,461.27,433.45,445.62,0,0
KSM.V,D,20211107,000000,445.62,513.32,441.51,510.95,0,0
KSM.V,D,20211108,000000,510.95,517.86,476.66,482.52,0,0
KSM.V,D,20211109,000000,482.52,484.17,449.56,452.32,0,0
KSM.V,D,20211110,000000,452.32,470.59,398.87,427.82,0,0
KSM.V,D,20211111,000000,427.82,451.79,414.28,440.69,0,0
KSM.V,D,20211112,000000,440.69,443.63,408.42,422.97,0,0
KSM.V,D,20211113,000000,422.97,434.61,412.35,428.44,0,0
KSM.V,D,20211114,000000,428.44,435.28,420.68,433.78,0,0
KSM.V,D,20211115,000000,433.78,441.73,408.81,409.5,0,0
KSM.V,D,20211116,000000,409.5,409.5,354.94,366.5,0,0
KSM.V,D,20211117,000000,366.5,376.28,353.58,367.91,0,0
KSM.V,D,20211118,000000,367.91,372.67,332.72,339.35,0,0
KSM.V,D,20211119,000000,339.35,365.58,327.93,355.01,0,0
KSM.V,D,20211120,000000,355.01,368.15,343.43,367.02,0,0
KSM.V,D,20211121,000000,367.02,371.67,359.02,365.54,0,0
KSM.V,D,20211122,000000,365.54,366.29,335.59,337.88,0,0
KSM.V,D,20211123,000000,337.88,351.56,327.28,343.13,0,0
KSM.V,D,20211124,000000,344.29,347.36,323.55,329.00000,0,0
KSM.V,D,20211125,000000,329.00000,349.94,326.43,339.99000,0,0
KSM.V,D,20211126,000000,339.99000,340.55,300.53,315.64000,0,0
KSM.V,D,20211127,000000,315.64000,348.26,312.58,336.10000,0,0
KSM.V,D,20211128,000000,336.10000,355.23,320.49,343.738252855199,0,0
KSM.V,D,20211129,000000,343.85000,372.62,343.723734,369.55000,0,0
KSM.V,D,20211130,000000,370.42000,394.47,358.14,391.73000,0,0
KSM.V,D,20211201,000000,391.87000,405.44,382.2,396.89000,0,0
KSM.V,D,20211202,000000,396.89000,397.29,366.02,368.00000,0,0
KSM.V,D,20211203,000000,367.90000,370.91,334.49,346.64000,0,0
KSM.V,D,20211204,000000,346.28000,348.51,263.14,305.38000,0,0
KSM.V,D,20211205,000000,306.08000,307.33,278.42,292.54000,0,0
KSM.V,D,20211206,000000,292.54000,297.37,256.38,288.94000,0,0
KSM.V,D,20211207,000000,288.94000,318.72,284.45,289.94000,0,0
KSM.V,D,20211208,000000,289.94000,314.68,288.35,301.55000,0,0
KSM.V,D,20211209,000000,301.55000,308.46,284.14,290.45000,0,0
KSM.V,D,20211210,000000,290.45000,309.02,281.84,285.40000,0,0
KSM.V,D,20211211,000000,285.47000,296.55,276.17,295.60000,0,0
KSM.V,D,20211212,000000,294.71000,304.68,292.67,304.29000,0,0
KSM.V,D,20211213,000000,304.27000,308.1,270.05,276.84000,0,0
KSM.V,D,20211214,000000,276.87000,288.42,270.25,277.64000,0,0
KSM.V,D,20211215,000000,277.64000,292.7463,269.8348,288.473,0,0
KSM.V,D,20211216,000000,288.3729,293.4173,278.7557,283.0849,0,0
KSM.V,D,20211217,000000,283.385,283.485,269.7078,276.3105,0,0
KSM.V,D,20211218,000000,276.3105,281.9127,270.3811,280.6122,0,0
KSM.V,D,20211219,000000,280.6122,281.8127,272.609,277.8111,0,0
KSM.V,D,20211220,000000,277.8388,278.2112,260.5781,263.6791,0,0
KSM.V,D,20211221,000000,263.6054,271.1084,261.0783,268.6074,0,0
KSM.V,D,20211222,000000,268.6074,281.1124,266.4799,277.4386,0,0
KSM.V,D,20211223,000000,277.4109,293.2466,267.6535,291.2164,0,0
KSM.V,D,20211224,000000,291.1164,303.3516,284.7138,288.8443,0,0
KSM.V,D,20211225,000000,288.8732,294.7768,285.7428,292.617,0,0
KSM.V,D,20211226,000000,292.4169,321.5286,286.772,320.16,73096,0
KSM.V,D,20211227,000000,319.9599,344.1376,308.4233,325.0975,142856,0
KSM.V,D,20211228,000000,325.1975,334.2336,291.5583,296.3593,149668,0
KSM.V,D,20211229,000000,295.9592,304.0304,285.8572,287.2574,57435,0
KSM.V,D,20211230,000000,287.3575,287.9576,276.7553,280.156,42145,0
KSM.V,D,20211231,000000,280.256,287.8576,271.2271,277.6278,42172.505949016,0
KSM.V,D,20220101,000000,277.8278,288.6289,275.5724,287.1574,25675.209634117,0
KSM.V,D,20220102,000000,287.9288,298.7597,283.0566,294.859,34100.564366448,0
KSM.V,D,20220103,000000,295.159,299.86,285.6286,289.929,46662.873990727,0
KSM.V,D,20220104,000000,289.829,309.969,282.8,298.3702,82202.16435826,0
KSM.V,D,20220105,000000,298.4403,307.7,255,266.5733,84708.886667683,0
KSM.V,D,20220106,000000,266.3734,272.8727,258.8741,271.7728,53011.90351602,0
KSM.V,D,20220107,000000,271.3,274.1726,247.3505,252.0748,56614.665326382,0
KSM.V,D,20220108,000000,251.3749,254.8745,231.5768,241,79555.043817855,0
KSM.V,D,20220109,000000,241.5,252,238.8,247.5,31949.661146664,0
KSM.V,D,20220110,000000,247.2,250.6,228.6,239.6,51307.082860569,0
KSM.V,D,20220111,000000,239.8,261.8524,238.8,259.4259,59469.482881223,0
KSM.V,D,20220112,000000,259.3778,279.4559,258.9259,276.3105,90782.630164141,0
KSM.V,D,20220113,000000,276.3105,281.4407,266.2064,266.8067,49935.357802022,0
KSM.V,D,20220114,000000,266.5066,289.6447,264.4057,280.8842,59325.705089529,0
KSM.V,D,20220115,000000,281.1124,288.9444,279.3955,287.4436,30602.506687914,0
KSM.V,D,20220116,000000,287.4436,293.0464,273.9822,277.0108,58257.880577428,0
KSM.V,D,20220117,000000,277.2108,278.6114,255.5767,258.4033,37845.064958353,0
KSM.V,D,20220118,000000,258.6034,261.0044,248.0744,255.1765,29334.461293139,0
KSM.V,D,20220119,000000,255.4021,255.5022,240.8963,246.0738,22949.976308246,0
KSM.V,D,20220120,000000,246.1738,257.0514,240.9482,242.3485,27897.549984989,0
KSM.V,D,20220121,000000,242.2484,242.5242,210.6421,215.043,58416.115741699,0
KSM.V,D,20220122,000000,215.6647,217.6435,173.6347,189.2568,79786.764787072,0
KSM.V,D,20220123,000000,189.0567,198.1594,181.0362,184.1368,60155.857044592,0
KSM.V,D,20220124,000000,184.3369,191.8384,162.1324,173.6521,87129.857080276,0
KSM.V,D,20220125,000000,173.352,180.9543,169.8509,173.0865,58160.223851846,0
KSM.V,D,20220126,000000,173.0383,180.7903,162.2811,164.0984,85163.13526903,0
KSM.V,D,20220127,000000,164.3986,168.7843,155.6934,161.8809,73566.124924169,0
KSM.V,D,20220128,000000,162.2811,169.6339,159.0477,167.2502,62896.100329047,0
KSM.V,D,20220129,000000,167.3335,174.2523,167.2502,170.8512,42909.8380766,0
KSM.V,D,20220130,000000,170.5512,173.9522,161.6485,163.449,45214.179973208,0
KSM.V,D,20220131,000000,163.6654,165.6994,154.4618,164.182,66773.410410086,0
KSM.V,D,20220201,000000,164.182,176.088,158.495,172.8036,113896.69799723,0
KSM.V,D,20220202,000000,172.6035,177.7066,160.164,162.0457,89465.477608633,0
KSM.V,D,20220203,000000,162.1458,163.7818,156.1624,161.2806,52511.012793231,0
KSM.V,D,20220204,000000,161.0805,182.7913,160.7643,178.4426,103578.23795821,0
KSM.V,D,20220205,000000,178.4426,189.1323,177.5242,185.8114,48116.773423198,0
KSM.V,D,20220206,000000,185.8114,199.0392,180.2081,193.3773,59572.693000363,0
KSM.V,D,20220207,000000,193.3773,203.6424,193.0772,199.4395,72409.811931449,0
KSM.V,D,20220208,000000,199.6396,205.2641,184.9478,191.0718,74197.879941879,0
KSM.V,D,20220209,000000,190.7715,195.2756,185.1295,193.6127,70085.929977646,0
KSM.V,D,20220210,000000,193.3932,193.9131,178.6249,181.2268,69732.778215931,0
KSM.V,D,20220211,000000,181.3087,183.847,161.5485,161.7485,45121.037464327,0
KSM.V,D,20220212,000000,161.6485,172.4034,160.9804,167.4837,41350.251870748,0
KSM.V,D,20220213,000000,167.4004,172.086,160.8804,164.6988,29990.090832454,0
KSM.V,D,20220214,000000,164.5987,168.6011,159.1795,166.9001,30791.951542582,0
KSM.V,D,20220215,000000,166.8,178.407,166.5832,174.4046,30006.364235513,0
KSM.V,D,20220216,000000,174.5221,177.9245,168.0007,168.3842,71154.118523659,0
KSM.V,D,20220217,000000,168.401,170.102,155.4087,157.0098,80322.088441527,0
KSM.V,D,20220218,000000,156.8097,159.7117,147.5885,148.389,52565.722473194,0
KSM.V,D,20220219,000000,148.389,154.0924,146.173,150.3751,25420.237320947,0
KSM.V,D,20220220,000000,150.2751,151.4908,135.9544,140.4702,43535.859825905,0
KSM.V,D,20220221,000000,140.5702,144.3722,128.164,129.5648,93761.795801269,0
KSM.V,D,20220222,000000,129.4647,133.1532,122.1366,128.4642,77476.149503238,0
KSM.V,D,20220223,000000,128.477,135.2676,122.7736,125.2751,92617.271896581,0
KSM.V,D,20220224,000000,125.1751,125.4752,105.2421,115.5462,130128.68546772,0
KSM.V,D,20220225,000000,115.8347,126.0504,113.7341,126.0504,72544.246367617,0
KSM.V,D,20220226,000000,125.8629,130.052,122.0488,125.6628,67737.828013624,0
KSM.V,D,20220227,000000,125.5502,126.8507,115.2576,118.159,65950.768609321,0
KSM.V,D,20220228,000000,118.0472,129.8519,115.046,127.8511,55433.277981368,0
KSM.V,D,20220301,000000,128.064,142.557,127.9639,139.5418,137111.96024896,0
KSM.V,D,20220302,000000,139.3418,140.8422,133.3267,140.228,83177.200234423,0
KSM.V,D,20220303,000000,140.2421,143.6431,130.7261,132.4265,81918.308821062,0
KSM.V,D,20220304,000000,132.5265,133.24,118.9238,120.4361,43694.628822302,0
KSM.V,D,20220305,000000,120.4361,124.3249,116.5233,122.6368,34406.564033529,0
KSM.V,D,20220306,000000,122.6368,124.3373,117.1234,122.8368,33229.624064128,0
KSM.V,D,20220307,000000,122.7368,127.5382,115.223,119.6359,57918.845945527,0
KSM.V,D,20220308,000000,119.7359,128.3257,119.3239,121.3243,67909.040724648,0
KSM.V,D,20220309,000000,120.9242,137.0274,120.8242,133.9268,57702.469953862,0
KSM.V,D,20220310,000000,134.0134,140.028,122.9123,126.5506,83366.797907452,0
KSM.V,D,20220311,000000,126.8507,132.1528,121.1484,125.125,46197.937446017,0
KSM.V,D,20220312,000000,125.025,127.7255,123.4877,124.5125,21187.64567313,0
KSM.V,D,20220313,000000,124.5125,125.4251,116.9234,117.7353,26665.197646495,0
KSM.V,D,20220314,000000,117.647,121.0242,116.3116,119.1238,26035.20055234,0
KSM.V,D,20220315,000000,119.1119,125.1375,115.6116,124.6374,60648.327066208,0
KSM.V,D,20220316,000000,124.7374,131.1393,121.7365,129.3388,64229.17151544,0
KSM.V,D,20220317,000000,129.3388,136.4409,128.1384,134.167,55244.447805156,0
KSM.V,D,20220318,000000,134.1536,148.7892,131.1524,146.7587,80073.383601367,0
KSM.V,D,20220319,000000,146.6733,153.1919,144.3577,146.9588,63103.923558059,0
KSM.V,D,20220320,000000,146.9588,151.0906,142.0852,149.4598,64275.618626013,0
KSM.V,D,20220321,000000,149.3597,160.7643,144.8579,153.9769,97967.729903883,0
KSM.V,D,20220322,000000,153.8615,160.7643,153.5768,157.2786,37751.421066041,0
KSM.V,D,20220323,000000,157.1785,170.085,156.3625,162.4812,74064.53172769,0
KSM.V,D,20220324,000000,162.3811,165.4827,156.6626,163.9656,79377.479504537,0
KSM.V,D,20220325,000000,164.082,167.9175,157.8631,163.2653,64953.701873829,0
KSM.V,D,20220326,000000,163.1815,170.9854,163.1652,164.8824,77481.427212194,0
KSM.V,D,20220327,000000,164.8824,174.4698,163.4817,173.2693,53612.744562636,0
KSM.V,D,20220328,000000,173.352,182.1728,171.6515,174.6698,130249.99136213,0
KSM.V,D,20220329,000000,174.7873,187.0935,163.9492,181.1905,137380.09823051,0
KSM.V,D,20220330,000000,181.1905,193.3966,175.3701,187.9564,132861.90596789,0
KSM.V,D,20220331,000000,187.8563,200.9402,181.8364,190.4381,148551.4912975,0
KSM.V,D,20220401,000000,190.5572,195.7978,177.9534,193.7581,111101.97763463,0
KSM.V,D,20220402,000000,193.6774,207.0828,188.8378,204.3817,125942.94884876,0
KSM.V,D,20220403,000000,204.3817,205.8823,195.4782,201.6806,61554.646220377,0
KSM.V,D,20220404,000000,201.9606,204.982,182.9366,188.4565,77158.38250597,0
KSM.V,D,20220405,000000,188.3565,194.7584,183.5183,184.5185,51875.11013242,0
KSM.V,D,20220406,000000,184.6369,184.6369,167.0167,174.2,82631.595219571,0
KSM.V,D,20220407,000000,174.2,183.6184,170.5,180.518,102065.35696811,0
KSM.V,D,20220408,000000,180.318,193.9776,173.6521,173.8695,85301.414040799,0
KSM.V,D,20220409,000000,173.9696,178.1534,170.6682,175.9528,58450.103572809,0
KSM.V,D,20220410,000000,176.1528,179.7539,172.6345,176.1352,47105.058780222,0
KSM.V,D,20220411,000000,175.9352,175.9352,150.03,150.3451,62205.236010245,0
KSM.V,D,20220412,000000,150.4301,159.3319,148.6297,152.4457,54349.738848471,0
KSM.V,D,20220413,000000,152.3457,162.0648,150.7452,159.948,99639.398790326,0
KSM.V,D,20220414,000000,159.932,167.4502,155.9312,160.032,80636.663877719,0
KSM.V,D,20220415,000000,160.116,167.6335,158.4317,166.6333,61978.499971622,0
KSM.V,D,20220416,000000,166.6333,176.0352,164.6329,173.2346,77355.399692363,0
KSM.V,D,20220417,000000,173.4347,179.0358,169.3339,177.7355,35046.208734758,0
KSM.V,D,20220418,000000,177.7355,178.0356,155.2155,165.9498,74895.121008176,0
KSM.V,D,20220419,000000,165.7497,175.4351,163.4327,174.4349,58793.825678011,0
KSM.V,D,20220420,000000,174.5349,186.4373,173.4347,182.4365,131593.55483375,0
KSM.V,D,20220421,000000,182.4365,184.937,168.5169,168.5169,66979.31652768,0
KSM.V,D,20220422,000000,168.5169,173.5347,162.5325,164.4164,73878.501737125,0
KSM.V,D,20220423,000000,164.4329,166.6333,159.1318,165.2165,40784.231739068,0
KSM.V,D,20220424,000000,165.033,167.3335,157.1314,161.1322,36981.09593999,0
KSM.V,D,20220425,000000,161.2322,163.1326,149.1149,163.1326,70486.614436934,0
KSM.V,D,20220426,000000,163.1326,166.6167,152.7153,157.3,63399.078270575,0
KSM.V,D,20220427,000000,157.3157,163.9836,153,156.1156,83883.077256538,0
KSM.V,D,20220428,000000,156.1156,161.6162,154.6,157.3,57013.770161913,0
KSM.V,D,20220429,000000,157.3157,159.9,146.2,146.6147,73984.594833822,0
KSM.V,D,20220430,000000,146.6147,149.2149,137.6,137.9138,52005.793280813,0
KSM.V,D,20220501,000000,137.7,137.7,126.1,131.3,102646.76031286,0
KSM.V,D,20220502,000000,131.4,135.8136,126.0126,131.4,55203.152819067,0
KSM.V,D,20220503,000000,131.6132,135.5,126.1874,128.0872,52549.973951096,0
KSM.V,D,20220504,000000,127.9744,143,126.7746,141.8,83049.120538571,0
KSM.V,D,20220505,000000,141.5717,144.5566,125.4874,128.4743,95363.966090903,0
KSM.V,D,20220506,000000,128.4872,131.1869,120.8758,126.7873,111945.44035799,0
KSM.V,D,20220507,000000,126.5873,127.6872,118.4763,118.4763,71234.854895197,0
KSM.V,D,20220508,000000,118.4763,118.7881,111.4554,113.7659,71662.87362988,0
KSM.V,D,20220509,000000,113.7659,115.3769,95.062,98.8802,174655.71376227,0
KSM.V,D,20220510,000000,98.7802,104.5686,89.2643,89.5642,229128.13031108,0
KSM.V,D,20220511,000000,89.5642,95.6522,71.0219,74.0251,512347.64335131,0
KSM.V,D,20220512,000000,73.8258,76.9908,61.91374,68.50764,356406.84389695,0
KSM.V,D,20220513,000000,68.51451,83.72458,67.11156,76.76927,157143.944174,0
KSM.V,D,20220514,000000,76.66944,78.27456,66.1674,72.6908,174600.40839205,0
KSM.V,D,20220515,000000,72.69808,76.58495,68.62443,72.80523,97343.117256613,0
KSM.V,D,20220516,000000,72.9051,89.59236,68.71056,75.40185,411385.47018708,0
KSM.V,D,20220517,000000,75.40185,87.70342,72.59822,83.99067,261061.64594633,0
KSM.V,D,20220518,000000,83.99067,84.19041,71.9064,76.8999,209462.07313072,0
KSM.V,D,20220519,000000,76.99977,82.2177,71.0289,78.7212,194315.9695637,0
KSM.V,D,20220520,000000,78.52926,81.51024,73.30458,75.00988,115337.65036384,0
KSM.V,D,20220521,000000,75.10976,80.3873,73.31192,78.69756,141870.26929478,0
KSM.V,D,20220522,000000,78.49782,82.10136,78.10616,79.10496,103056.12050822,0
KSM.V,D,20220523,000000,79.20484,89.00199,78.30592,84.29872,165496.37417925,0
KSM.V,D,20220524,000000,84.19884,86.20507,75.20964,82.29288,175606.17388717,0
KSM.V,D,20220525,000000,82.49262,86.60463,78.61343,80.4034,155798.33486886,0
KSM.V,D,20220526,000000,80.50328,81.01079,69.02399,70.62223,196622.20497073,0
KSM.V,D,20220527,000000,70.6293,71.3286,64.72872,66.42685,229560.54383319,0
KSM.V,D,20220528,000000,66.42352,69.02606,65.12046,67.52091,127963.19168326,0
KSM.V,D,20220529,000000,67.61944,72.7221,65.33525,72.01997,149774.17049383,0
KSM.V,D,20220530,000000,72.11986,77.54568,70.82485,76.14666,175183.4698434,0
KSM.V,D,20220531,000000,76.34652,82.84197,73.4412,78.53712,248726.46800346,0
KSM.V,D,20220601,000000,78.53712,87.03032,70.82201,72.13502,390058.23119186,0
KSM.V,D,20220602,000000,72.13502,74.13322,70.43655,72.9343,247888.49290687,0
KSM.V,D,20220603,000000,73.03421,74.13322,67.5324,69.03988,143039.0701069,0
KSM.V,D,20220604,000000,69.03988,70.04532,66.62996,69.74695,155358.13213843,0
KSM.V,D,20220605,000000,69.74765,70.03691,67.04229,68.63542,146483.27177578,0
KSM.V,D,20220606,000000,68.73533,73.14071,67.53578,70.14033,331885.36545186,0
KSM.V,D,20220607,000000,70.24025,70.34157,65.64547,69.44301,253781.6501593,0
KSM.V,D,20220608,000000,69.54432,69.74695,65.15632,66.65664,326513.83975448,0
KSM.V,D,20220609,000000,66.95645,68.33912,65.5508,66.24431,232729.24357932,0
KSM.V,D,20220610,000000,66.24365,67.64381,57.8392,59.9232,360841.0906543,0
KSM.V,D,20220611,000000,59.82333,60.53516,55.23032,57.73469,234995.20493735,0
KSM.V,D,20220612,000000,57.73411,57.83573,50.62851,53.4342,270327.58810432,0
KSM.V,D,20220613,000000,53.33432,53.33432,42.87229,46.43536,1147746.1223668,0
KSM.V,D,20220614,000000,46.53569,50.84554,43.03578,50.13976,1271697.2837646,0
KSM.V,D,20220615,000000,50.24014,55.73862,47.11504,55.3169,1174820.8767652,0
KSM.V,D,20220616,000000,55.61645,57.83631,49.14096,50.12972,404604.8924232,0
KSM.V,D,20220617,000000,49.03175,50.88,48.41261,49.4406,495648.70153419,0
KSM.V,D,20220618,000000,49.39,49.72126,44.23444,47.52289,602417.70763685,0
KSM.V,D,20220619,000000,47.52289,51.9376,46.13209,50.43435,135353.65355724,0
KSM.V,D,20220620,000000,50.53928,54.2457,48.73656,51.84291,106249.75692318,0
KSM.V,D,20220621,000000,51.9428,57.454,51.4382,53.6463,100312.2552141,0
KSM.V,D,20220622,000000,53.74082,54.8451,51.0489,52.2477,102500.24334281,0
KSM.V,D,20220623,000000,52.2477,54.5454,51.7482,53.3466,57308.782889401,0
KSM.V,D,20220624,000000,53.3466,57.9594,53.3466,57.15538,277467.6728461,0
KSM.V,D,20220625,000000,57.15538,58.36146,54.06321,57.35982,134013.87884811,0
KSM.V,D,20220626,000000,57.45918,58.66949,54.36627,55.16633,133310.86796541,0
KSM.V,D,20220627,000000,55.16633,55.76708,52.08863,53.15265,55958.841507046,0
KSM.V,D,20220628,000000,53.05062,54.9505,50.14829,51.53653,67198.493531863,0
KSM.V,D,20220629,000000,51.43563,51.43975,48.03266,49.53998,98605.454584859,0
KSM.V,D,20220630,000000,49.63986,49.74024,44.84163,46.4442,130141.92196815,0
KSM.V,D,20220701,000000,46.4442,49.7502,45.9448,48.34676,124119.10867662,0
KSM.V,D,20220702,000000,48.43666,49.49054,47.3631,49.42062,117853.75623995,0
KSM.V,D,20220703,000000,49.41064,49.7852,47.31841,49.36574,96297.421507781,0
KSM.V,D,20220704,000000,49.3608,50.98289,48.31711,50.91811,61866.793349434,0
KSM.V,D,20220705,000000,50.79551,51.86778,48.51271,50.80486,53775.670723088,0
KSM.V,D,20220706,000000,50.88216,51.47824,49.11549,50.94753,51422.208253366,0
KSM.V,D,20220707,000000,50.89596,52.84836,50.65951,52.26074,50394.915897237,0
KSM.V,D,20220708,000000,52.28231,53.65956,50.53215,51.64687,63581.683012638,0
KSM.V,D,20220709,000000,51.60861,53.55172,51.18334,53.14717,61654.070093333,0
KSM.V,D,20220710,000000,53.23593,53.32321,49.69362,50.0604,25577.609205842,0
KSM.V,D,20220711,000000,50.08395,50.08395,47.75698,47.85689,35563.23584498,0
KSM.V,D,20220712,000000,47.85689,48.6513,46.14918,47.43851,88514.85082305,0
KSM.V,D,20220713,000000,47.45992,48.98197,46.10323,47.96479,343115.10346368,0
KSM.V,D,20220714,000000,47.86988,50.6436,47.37133,50.51567,378089.76568096,0
KSM.V,D,20220715,000000,50.51267,55.50468,50.21982,54.51464,757067.29272006,0
KSM.V,D,20220716,000000,54.50464,56.56369,52.77788,56.06118,358046.39678226,0
KSM.V,D,20220717,000000,56.09078,57.73272,54.30094,54.89672,434903.03183369,0
KSM.V,D,20220718,000000,54.90517,63.66718,54.37314,61.88976,583862.81622328,0
KSM.V,D,20220719,000000,61.85844,65.21765,61.62745,64.66835,715857.55491459,0
KSM.V,D,20220720,000000,64.307,65.57925,58.49725,61.37107,749826.09696064,0
KSM.V,D,20220721,000000,61.35107,61.79441,57.66788,61.36834,652159.78422824,0
KSM.V,D,20220722,000000,61.36834,69.55847,60.71764,67.15677,957512.77957976,0
KSM.V,D,20220723,000000,67.118,68.10638,63.62018,66.38161,562523.85585248,0
KSM.V,D,20220724,000000,66.38261,67.7649,65.25713,65.39842,359035.11384373,0
KSM.V,D,20220725,000000,65.5311,66.18457,59.3895,60.48184,431835.04394987,0
KSM.V,D,20220726,000000,60.45244,60.50005,55.46733,56.27344,649889.71940897,0
KSM.V,D,20220727,000000,56.277,60.75829,56.10949,60.32347,623019.25367128,0
KSM.V,D,20220728,000000,60.32347,67.06878,60.20665,66.09122,757847.84574662,0
KSM.V,D,20220729,000000,66.09188,67.16364,62.08224,63.39998,788554.29499833,0
KSM.V,D,20220730,000000,63.39998,66.58029,63.24129,64.39924,727387.94334104,0
KSM.V,D,20220731,000000,64.3433,67.68553,62.19203,65.86014,509899.48830587,0
KSM.V,D,20220801,000000,66.90006,68.97024,62.76043,63.11593,680024.93416546,0
KSM.V,D,20220802,000000,63.50905,64.56917,59.72373,61.1844,608225.03140438,0
KSM.V,D,20220803,000000,61.1794,63.78568,59.15597,62.86171,514039.60428403,0
KSM.V,D,20220804,000000,62.86485,63.0196,60.34822,60.58582,467377.53537964,0
KSM.V,D,20220805,000000,60.47081,63.65946,60.1318,62.6669,622603.29801417,0
KSM.V,D,20220806,000000,62.51388,68.3593,62.49987,67.84692,733280.18410146,0
KSM.V,D,20220807,000000,67.84792,68.31539,65.06481,67.08974,741089.06968452,0
KSM.V,D,20220808,000000,67.08974,67.80756,64.88908,65.76289,1318008.8810338,0
KSM.V,D,20220809,000000,65.76289,65.76989,59.32108,60.4871,1190931.0912122,0
KSM.V,D,20220810,000000,60.4871,64.28756,58.1757,63.19632,936066.39898219,0
KSM.V,D,20220811,000000,63.19632,64.15214,60.79935,60.80657,865708.3915138,0
KSM.V,D,20220812,000000,60.80657,61.2306,59.13655,60.79996,607428.68058656,0
KSM.V,D,20220813,000000,60.79996,62.10794,60.45761,60.95876,538462.34812857,0
KSM.V,D,20220814,000000,60.95476,63.41102,57.77002,58.79922,838345.90264798,0
KSM.V,D,20220815,000000,58.79863,60.36969,56.98067,57.60782,449639.42587573,0
KSM.V,D,20220816,000000,57.94448,58.2219,55.91456,56.49808,721790.52954371,0
KSM.V,D,20220817,000000,56.49808,58.24215,54.2658,54.2678,650436.50135269,0
KSM.V,D,20220818,000000,54.2678,55.71421,54.0097,54.96555,441088.36247237,0
KSM.V,D,20220819,000000,55.16252,55.21352,46.577,48.56586,787859.01422665,0
KSM.V,D,20220820,000000,48.57743,49.78448,46.82479,47.41305,610342.556782,0
KSM.V,D,20220821,000000,47.41305,50.25201,47.41258,50.248,518957.71881249,0
KSM.V,D,20220822,000000,50.78598,50.83751,46.7022,48.95968,547759.20841297,0
KSM.V,D,20220823,000000,49.23661,50.76291,48.34852,49.41999,779135.37266921,0
KSM.V,D,20220824,000000,49.35306,50.10001,48.23407,49.9745,950505.83669798,0
KSM.V,D,20220825,000000,49.9745,50.526,48.51894,48.75246,749595.90187922,0
KSM.V,D,20220826,000000,48.75446,49.07842,45.32491,45.70357,980070.90516087,0
KSM.V,D,20220827,000000,45.70411,45.71157,43.88949,45.41336,552565.54918472,0
KSM.V,D,20220828,000000,45.28391,47.31553,45.1959,46.892,730241.54825571,0
KSM.V,D,20220829,000000,46.892,49.28897,45.10429,49.26396,770796.59070582,0
KSM.V,D,20220830,000000,49.26494,50.3565,46.65533,47.84631,727064.44819773,0
KSM.V,D,20220831,000000,47.84583,49.6105,47.34926,48.089,679451.27592294,0
KSM.V,D,20220901,000000,48.08152,48.35352,45.63272,47.24517,614257.72067855,0
KSM.V,D,20220902,000000,47.24517,49.02588,46.77581,47.03405,717838.39839838,0
KSM.V,D,20220903,000000,47.03405,49.117,47.03405,48.418,744376.09727893,0
KSM.V,D,20220904,000000,48.418,51.31913,48.415,50.835,512077.20622284,0
KSM.V,D,20220905,000000,50.837,50.92009,48.708,49.86299,623750.60625554,0
KSM.V,D,20220906,000000,49.84598,52.48225,45.655,46.164,924817.05857557,0
KSM.V,D,20220907,000000,46.154,48.93851,45.06175,48.33938,712027.75142109,0
KSM.V,D,20220908,000000,48.3389,50.05751,48.14348,49.76846,738230.08322779,0
KSM.V,D,20220909,000000,49.64245,54.14875,49.61745,52.6779,812585.56490628,0
KSM.V,D,20220910,000000,52.67053,53.18829,51.57995,52.38495,769615.62436686,0
KSM.V,D,20220911,000000,52.38547,53.53873,51.25047,51.41334,769550.48659231,0
KSM.V,D,20220912,000000,51.33283,54.26031,50.92273,52.50845,751498.40378503,0
KSM.V,D,20220913,000000,52.08262,52.22692,46.43546,46.63693,952647.59314811,0
KSM.V,D,20220914,000000,46.63693,47.48047,46.12008,47.33183,671584.15344136,0
KSM.V,D,20220915,000000,47.34831,47.74998,44.76881,45.21893,681679.04895098,0
KSM.V,D,20220916,000000,45.25393,45.26174,42.64574,43.73863,777404.24262303,0
KSM.V,D,20220917,000000,43.766,44.73647,43.68663,44.497,436761.72443064,0
KSM.V,D,20220918,000000,44.497,44.72747,38.44216,40.593,622620.61685627,0
KSM.V,D,20220919,000000,40.50795,40.515,37.69977,40.048,1132381.0751424,0
KSM.V,D,20220920,000000,40.045,41.07821,39.27093,40.003,675920.21879986,0
KSM.V,D,20220921,000000,39.9788,43.71811,39.39294,41.354,990358.43274211,0
KSM.V,D,20220922,000000,39.887,42.519,39.244,41.559,671652.91092312,0
KSM.V,D,20220923,000000,41.55916,42.399,39.671,41.87681,779626.70005967,0
KSM.V,D,20220924,000000,41.86707,42.52575,41.12376,41.2833,604929.87325583,0
KSM.V,D,20220925,000000,41.274,41.81984,39.9324,39.934,582922.36621694,0
KSM.V,D,20220926,000000,39.934,42.41124,39.77481,41.647,714124.65747976,0
KSM.V,D,20220927,000000,41.645,45.20152,41.549,42.31277,1019398.4778879,0
KSM.V,D,20220928,000000,42.31977,44.346,40.55394,44.341,658295.13238705,0
KSM.V,D,20220929,000000,44.461,44.472,42.116,42.91429,580684.58204645,0
KSM.V,D,20220930,000000,42.894,43.68137,41.93581,41.998,387769.98000374,0
KSM.V,D,20221001,000000,41.998,42.78928,41.73,41.852,508826.43131086,0
KSM.V,D,20221002,000000,41.854,42.41124,40.998,41.74,528736.56383364,0
KSM.V,D,20221003,000000,41.68317,42.62926,40.18198,42.61426,439688.81263372,0
KSM.V,D,20221004,000000,42.60126,44.36431,42.33823,44.13324,588284.64432278,0
KSM.V,D,20221005,000000,44.13383,44.13383,42.119,43.03761,542618.5188605,0
KSM.V,D,20221006,000000,43.03861,44.0228,42.12421,42.35462,570009.28550958,0
KSM.V,D,20221007,000000,42.3642,43.51492,42.12058,42.49095,521121.62097512,0
KSM.V,D,20221008,000000,42.48925,43.84045,42.32081,42.60065,482123.49947752,0
KSM.V,D,20221009,000000,42.25756,43.87577,41.83444,43.75975,227618.68645167,0
KSM.V,D,20221010,000000,43.76975,44.21284,42.31654,42.9817,542158.23571894,0
KSM.V,D,20221011,000000,42.986,42.986,40.44196,40.92432,420509.85634204,0
KSM.V,D,20221012,000000,40.92432,41.23346,39.8192,40.28321,427972.99079579,0
KSM.V,D,20221013,000000,40.30521,41.02728,36.27646,41.01928,612927.68145072,0
KSM.V,D,20221014,000000,41.02369,42.26769,39.49797,39.63859,313608.60416927,0
KSM.V,D,20221015,000000,39.63459,40.23322,39.11774,39.16796,670933.42104761,0
KSM.V,D,20221016,000000,39.156,39.6174,38.39154,38.77655,729793.21707657,0
KSM.V,D,20221017,000000,38.77694,39.49495,37.58963,37.74675,882904.05235223,0
KSM.V,D,20221018,000000,37.752,38.25653,36.80074,37.44825,836515.25032464,0
KSM.V,D,20221019,000000,37.45475,38.28832,37.00737,38.023,645664.16672327,0
KSM.V,D,20221020,000000,38.02562,38.04286,35.58751,35.84049,901034.1595787,0
KSM.V,D,20221021,000000,35.83949,36.03272,34.24132,34.84379,1004036.0848993,0
KSM.V,D,20221022,000000,34.84379,35.15481,34.43241,34.52811,759176.1784159,0
KSM.V,D,20221023,000000,34.61877,34.83413,33.59169,34.23779,836639.93911553,0
KSM.V,D,20221024,000000,34.23779,34.95815,33.38067,34.12136,1152390.4802346,0
KSM.V,D,20221025,000000,34.12136,36.30707,33.98404,35.04221,1033148.1604868,0
KSM.V,D,20221026,000000,35.04291,35.85625,34.79704,35.75001,1161226.4162188,0
KSM.V,D,20221027,000000,35.69499,37.19581,34.77439,35.09711,958533.14442874,0
KSM.V,D,20221028,000000,35.08911,35.80723,34.32166,35.74215,622030.29094922,0
KSM.V,D,20221029,000000,35.74179,36.60244,35.37667,36.08366,762226.20015056,0
KSM.V,D,20221030,000000,36.08366,37.11954,35.56095,36.78235,952753.95049655,0
KSM.V,D,20221031,000000,36.47929,37.067,34.77583,34.93955,1260673.5350508,0
KSM.V,D,20221101,000000,34.9399,35.07774,33.78892,33.89161,889362.51339317,0
KSM.V,D,20221102,000000,33.89161,34.12883,31.88041,32.32006,874713.60402781,0
KSM.V,D,20221103,000000,32.32006,34.1759,32.22074,33.54566,797808.14713071,0
KSM.V,D,20221104,000000,33.54466,36.3009,33.27433,36.10889,1054139.2024495,0
KSM.V,D,20221105,000000,36.11853,39.8728,36.03524,38.94395,1541622.8508013994,0
KSM.V,D,20221106,000000,38.94434,39.03295,37.09623,37.12997,1191346.891795981,0
KSM.V,D,20221107,000000,37.14297,37.23798,34.61411,35.21858,1011114.0159058525,0
KSM.V,D,20221108,000000,35.22456,36.05981,26.08246,29.56242,1082390.2721758692,0
KSM.V,D,20221109,000000,29.56242,30.5185,24.05394,24.58218,867742.3678228841,0
KSM.V,D,20221110,000000,24.63362,31.37604,24.21966,28.44067,823325.9351873639,0
KSM.V,D,20221111,000000,28.48177,32.41139,25.2226,25.89562,832783.3886284063,0
KSM.V,D,20221112,000000,25.89812,26.38562,24.07159,24.16043,595828.2161330978,0
KSM.V,D,20221113,000000,24.16443,24.76631,23.26039,23.42216,772174.0557070185,0
KSM.V,D,20221114,000000,23.43215,24.12518,21.79326,24.09822,685903.8935814616,0
KSM.V,D,20221115,000000,24.22547,25.52445,23.92606,25.06891,366931.02747821895,0
KSM.V,D,20221116,000000,25.01345,25.49856,24.26177,24.57912,470477.600309934,0
KSM.V,D,20221117,000000,24.5744,24.91205,24.03152,24.25207,512166.3793015506,0
KSM.V,D,20221118,000000,24.25452,24.84836,23.76835,23.81458,486806.92324768245,0
KSM.V,D,20221119,000000,23.81458,24.58294,23.5527,24.51124,545935.1255985879,0
KSM.V,D,20221120,000000,24.51392,24.95926,23.5064,23.76882,701571.2615755425,0
KSM.V,D,20221121,000000,23.77005,24.16627,22.64308,24.12601,797823.2861205718,0
KSM.V,D,20221122,000000,24.12701,25.27113,23.29108,25.27113,600124.0371401143,0
KSM.V,D,20221123,000000,25.28176,26.39908,25.25166,26.00636,442304.2372828074,0
KSM.V,D,20221124,000000,26.00462,26.6105,25.8812,25.96791,298703.34612654964,0
KSM.V,D,20221125,000000,26.45256,26.8839,25.80489,26.20406,353591.0814169176,0
KSM.V,D,20221126,000000,26.20379,26.9898,26.18954,26.52561,403398.41801968246,0
KSM.V,D,20221127,000000,26.52134,27.20621,26.30494,26.46005,357085.54608066904,0
KSM.V,D,20221128,000000,26.46105,26.55979,24.84833,25.5243,413604.3373944131,0
KSM.V,D,20221129,000000,25.52804,27.04591,25.42208,26.82907,315445.06061943003,0
KSM.V,D,20221130,000000,26.83007,31.34333,26.81707,30.19121,649583.4575401802,0
KSM.V,D,20221201,000000,30.19121,30.80592,29.30934,30.0678,389168.1268880969,0
KSM.V,D,20221202,000000,30.0765,30.9931,29.41665,30.82585,354566.250011789,0
KSM.V,D,20221203,000000,30.82585,30.87609,29.12891,29.16292,451807.36421182833,0
KSM.V,D,20221204,000000,29.15792,29.56691,28.67887,29.32986,345877.7805351386,0
KSM.V,D,20221205,000000,29.32786,31.22262,29.27893,31.04693,420226.44996278785,0
KSM.V,D,20221206,000000,31.0271,31.78091,30.373,30.3787,468687.2843105571,0
KSM.V,D,20221207,000000,30.379,30.91593,29.01458,29.084,329319.8248915859,0
KSM.V,D,20221208,000000,29.073,30.50805,29.049,30.0351,395409.1521533896,0
KSM.V,D,20221209,000000,30.0281,30.0584,28.95445,29.03687,246764.20102223198,0
KSM.V,D,20221210,000000,29.03016,29.935,29.01487,29.72741,226175.74649530445,0
KSM.V,D,20221211,000000,29.72841,30.58531,29.6387,29.70497,435542.0082305904,0
KSM.V,D,20221212,000000,29.70694,29.84698,28.17154,28.78659,504503.9143224479,0
KSM.V,D,20221213,000000,28.76259,29.16104,27.73921,28.70111,404431.5684103115,0
KSM.V,D,20221214,000000,28.72011,29.07547,27.552,27.60993,454117.85143273196,0
KSM.V,D,20221215,000000,27.60893,27.71377,26.9537,27.32846,408903.23815203604,0
KSM.V,D,20221216,000000,27.33647,27.65076,24.44389,24.85449,357697.48904914,0
KSM.V,D,20221217,000000,24.85449,25.54983,23.96011,25.05726,334588.95113687357,0
KSM.V,D,20221218,000000,25.47002,25.55228,25.27001,25.31329,57977.889851609136,0
KSM.V,D,20221219,000000,25.44382,25.62026,24.29921,24.58751,242069.19764754144,0
KSM.V,D,20221220,000000,24.57875,25.08925,24.09924,24.78499,283108.3860758548,0
KSM.V,D,20221221,000000,24.78499,24.80799,24.13576,24.13721,265982.5851523032,0
KSM.V,D,20221222,000000,24.14697,24.87727,24.14697,24.84578,271329.78309937246,0
KSM.V,D,20221223,000000,24.84278,25.31871,24.76528,25.19923,304771.41152636457,0
KSM.V,D,20221224,000000,25.19948,25.34372,25.09349,25.21049,290068.41945023154,0
KSM.V,D,20221225,000000,25.21124,25.30124,24.53955,24.74578,397626.4235704126,0
KSM.V,D,20221226,000000,24.74603,25.51415,24.74603,25.5039,313010.887664363,0
KSM.V,D,20221227,000000,25.5099,26.00272,24.8843,25.00424,333245.18627184146,0
KSM.V,D,20221228,000000,25.01624,25.61383,24.40119,24.65568,299465.07044650335,0
KSM.V,D,20221229,000000,24.64893,25.6677,24.57571,25.43929,465669.57655813894,0
KSM.V,D,20221230,000000,25.45154,25.68569,24.41579,24.46752,232495.0557423455,0
KSM.V,D,20221231,000000,24.50123,24.57271,23.15119,23.15642,365808.6733364686,0
KSM.V,D,20230101,000000,23.15642,23.17841,22.11582,22.3385,482797.4742422252,0
KSM.V,D,20230102,000000,22.3385,22.85091,21.62513,22.76971,505268.3545196452,0
KSM.V,D,20230103,000000,22.74549,23.08953,22.36727,22.99603,511029.44049818284,0
KSM.V,D,20230104,000000,22.99626,24.69687,22.97158,24.05706,429756.95584809256,0
KSM.V,D,20230105,000000,24.05706,24.87953,24.00508,24.75533,438328.4098669217,0
KSM.V,D,20230106,000000,24.75657,24.99225,23.9128,24.60437,318628.9796362121,0
KSM.V,D,20230107,000000,25.03399,25.18944,24.2792,24.37915,281669.4398311693,0
KSM.V,D,20230108,000000,24.37768,24.92201,23.97716,24.91201,309249.14058066264,0
KSM.V,D,20230109,000000,24.91801,26.57381,24.84528,25.96974,473872.3967833727,0
KSM.V,D,20230110,000000,25.97,26.77732,25.46224,26.4397,407823.8969895052,0
KSM.V,D,20230111,000000,26.44176,26.82246,26.04466,26.72047,267472.7256146735,0
KSM.V,D,20230112,000000,26.72213,28.48414,26.72133,28.21154,355808.9188672627,0
KSM.V,D,20230113,000000,28.21182,29.10678,27.57186,28.69258,421996.78031955345,0
KSM.V,D,20230114,000000,28.61357,33.75039,28.61357,30.98655,715762.6313328249,0
KSM.V,D,20230115,000000,30.9931,31.3444,29.82539,31.00499,482254.47555979865,0
KSM.V,D,20230116,000000,31.21467,32.42564,30.38443,31.89664,454490.6127486946,0
KSM.V,D,20230117,000000,31.9676,36.827,31.6647,34.61346,812505.0263224791,0
KSM.V,D,20230118,000000,34.5878,35.455,31.71768,33.48933,708204.7768830555,0
KSM.V,D,20230119,000000,33.49899,34.9685,33.04703,33.79265,450839.39625256264,0
KSM.V,D,20230120,000000,33.80765,36.28454,33.23033,35.96147,397051.87550012954,0
KSM.V,D,20230121,000000,35.92911,36.94049,34.67998,35.11902,513349.6727092154,0
KSM.V,D,20230122,000000,35.10767,36.30553,34.27648,34.58792,355364.5817810247,0
KSM.V,D,20230123,000000,34.60092,35.94975,34.59992,35.94975,308242.22639614495,0
KSM.V,D,20230124,000000,35.93303,36.20398,32.6839,33.4,346394.8927543489,0
KSM.V,D,20230125,000000,33.39667,35.45157,32.21376,34.43551,426089.27100706013,0
KSM.V,D,20230126,000000,34.43585,35.31794,33.63801,34.44444,321275.3310849409,0
KSM.V,D,20230127,000000,34.45676,36.71018,33.64909,35.84462,347483.2160657439,0
KSM.V,D,20230128,000000,35.84362,37.68767,35.84218,36.0252,375046.07079757814,0
KSM.V,D,20230129,000000,36.0132,37.08285,35.67456,37.08285,367842.38709364296,0
KSM.V,D,20230130,000000,37.08048,37.58238,33.09967,33.82537,418730.3181610506,0
KSM.V,D,20230131,000000,33.82803,35.79557,33.82669,35.32618,351038.5765230299,0
KSM.V,D,20230201,000000,35.32218,36.6652,33.79834,36.38018,358190.59951258835,0
KSM.V,D,20230202,000000,36.35518,38.41684,36.26181,37.15343,436505.39722246287,0
KSM.V,D,20230203,000000,37.15443,38.44369,36.61776,37.81703,378433.71641637466,0
KSM.V,D,20230204,000000,37.81703,38.77426,37.48825,38.48946,313650.161829968,0
KSM.V,D,20230205,000000,38.50208,38.5841,35.15449,35.80095,399964.0671683525,0
KSM.V,D,20230206,000000,35.82531,36.37827,35.34436,35.75843,257985.5712205711,0
KSM.V,D,20230207,000000,35.74143,36.84321,34.90644,36.80158,394187.2035088232,0
KSM.V,D,20230208,000000,36.78584,37.42737,34.35581,36.58093,342712.4870645847,0
KSM.V,D,20230209,000000,36.61793,37.68087,32.2799,32.35591,447450.96699253016,0
KSM.V,D,20230210,000000,32.39624,33.28799,31.567,31.71176,425319.4877196353,0
KSM.V,D,20230211,000000,31.70576,32.71027,31.34939,32.57493,327082.62493160024,0
KSM.V,D,20230212,000000,32.61552,33.289,31.24569,31.83918,379791.609151918,0
KSM.V,D,20230213,000000,31.81918,32.18444,30.14511,31.95224,311686.6830978891,0
KSM.V,D,20230214,000000,31.96325,33.64812,31.89043,33.51807,390286.80978349125,0
KSM.V,D,20230215,000000,33.48406,36.95817,33.29298,36.73761,493460.8171492077,0
KSM.V,D,20230216,000000,36.73398,39.27653,35.79658,37.54676,638900.4265139044,0
KSM.V,D,20230217,000000,37.58477,44.31477,36.81568,43.22789,1155996.4735723035,0
KSM.V,D,20230218,000000,43.21432,44.45645,42.4153,42.9393,674675.0709648832,0
KSM.V,D,20230219,000000,42.96987,48.91978,42.62956,45.61749,886157.5443559746,0
KSM.V,D,20230220,000000,45.61503,46.0943,43.9664,45.17081,481013.1801195226,0
KSM.V,D,20230221,000000,45.16981,47.06906,43.08931,43.38481,525077.4443638932,0
KSM.V,D,20230222,000000,43.38737,43.80801,40.16602,41.134,381749.7149145835,0
KSM.V,D,20230223,000000,41.15359,42.82557,40.61412,40.93191,522201.33813055814,0
KSM.V,D,20230224,000000,41.44387,42.0253,37.28963,37.52862,465445.29081995785,0
KSM.V,D,20230225,000000,37.52925,38.66925,36.58212,37.88365,435871.41869897075,0
KSM.V,D,20230226,000000,37.89027,39.29875,37.81803,38.61932,467797.51079798554,0
KSM.V,D,20230227,000000,38.61893,39.87159,38.01956,38.72932,385214.6552653866,0
KSM.V,D,20230228,000000,38.71894,39.201,36.20533,36.38718,462030.1149461075,0
KSM.V,D,20230301,000000,36.36827,38.27491,35.81594,37.48487,494592.1918890485,0
KSM.V,D,20230302,000000,37.48487,38.32013,36.05536,36.37127,287705.6686046094,0
KSM.V,D,20230303,000000,36.39391,36.46746,32.65529,33.71602,469949.99346635834,0
KSM.V,D,20230304,000000,33.96372,34.4511,32.64063,33.74936,424285.68601264345,0
KSM.V,D,20230305,000000,33.7687,35.20452,33.65268,34.91484,299726.7891131196,0
KSM.V,D,20230306,000000,34.86218,35.28735,33.94041,34.59692,445994.55554057227,0
KSM.V,D,20230307,000000,34.58854,35.02865,32.45138,32.45138,415903.48252021114,0
KSM.V,D,20230308,000000,32.932,33.43532,31.14544,31.14675,313713.62873866566,0
KSM.V,D,20230309,000000,31.11089,32.52487,30.42891,31.03779,515752.3853883376,0
KSM.V,D,20230310,000000,31.0291,32.1046,28.7737,31.83953,440769.3699011805,0
KSM.V,D,20230311,000000,31.84533,32.94566,29.37647,29.95662,593321.6200462122,0
KSM.V,D,20230312,000000,30.12856,32.12066,29.7112,32.03945,421308.6301349745,0
KSM.V,D,20230313,000000,32.01825,34.10555,31.08804,34.04028,630475.717176625,0
KSM.V,D,20230314,000000,34.07271,37.60267,33.36152,35.98931,491612.1082353717,0
KSM.V,D,20230315,000000,35.96893,37.84754,32.83253,32.97492,458495.9660428601,0
KSM.V,D,20230316,000000,32.99166,33.8192,32.35962,33.10388,386599.5952193774,0
KSM.V,D,20230317,000000,33.10524,36.41299,32.46626,35.71647,431583.75693610025,0
KSM.V,D,20230318,000000,36.99241,37.98967,35.28902,35.6242,535984.5411585855,0
KSM.V,D,20230319,000000,35.61452,37.57289,35.31872,37.07764,317405.9764091504,0
KSM.V,D,20230320,000000,37.12441,37.15206,33.88388,34.19436,463706.68894881825,0
KSM.V,D,20230321,000000,34.19436,35.57485,33.16525,35.19592,413257.22433983744,0
KSM.V,D,20230322,000000,35.16984,35.54278,31.91494,32.84274,453879.22544116643,0
KSM.V,D,20230323,000000,32.84305,35.23086,32.63387,34.58479,406091.25348772557,0
KSM.V,D,20230324,000000,34.5888,35.46832,32.59717,33.3313,391353.61018006987,0
KSM.V,D,20230325,000000,33.31694,33.63898,31.894,32.29229,185741.4085295251,0
KSM.V,D,20230326,000000,32.2953,33.75902,32.14315,33.42072,171112.2727779591,0
KSM.V,D,20230327,000000,33.42973,33.93805,31.23418,31.66888,311725.78449517203,0
KSM.V,D,20230328,000000,31.68789,33.56106,31.31477,33.37201,202011.02110560573,0
KSM.V,D,20230329,000000,33.26464,35.07942,33.03555,35.05231,301315.98485857784,0
KSM.V,D,20230330,000000,34.94948,35.79087,33.63172,34.08054,332298.65405650914,0
KSM.V,D,20230331,000000,34.03719,35.68063,33.71944,34.92398,330310.71671145974,0
KSM.V,D,20230401,000000,34.89833,35.07882,33.56843,33.77816,445355.15733182867,0
KSM.V,D,20230402,000000,33.77449,34.01528,32.18087,32.48713,382557.84253831406,0
KSM.V,D,20230403,000000,32.50214,33.43068,31.67128,32.46566,396779.484079355,0
KSM.V,D,20230404,000000,32.47098,34.70179,32.47066,33.89928,413610.5020723249,0
KSM.V,D,20230405,000000,33.89928,34.41998,33.13563,33.6191,356431.5479675287,0
KSM.V,D,20230406,000000,33.61943,33.92017,32.7948,33.20162,286125.4804230266,0
KSM.V,D,20230407,000000,33.09291,33.38535,32.19159,32.40629,761525.2911219569,0
KSM.V,D,20230408,000000,32.41797,32.88705,32.05434,32.12853,277156.57913573354,0
KSM.V,D,20230409,000000,32.12352,32.69628,31.7114,32.63785,317521.40287935786,0
KSM.V,D,20230410,000000,32.62785,33.03948,32.18458,32.88795,471279.5635326223,0
KSM.V,D,20230411,000000,32.88995,34.55845,32.86929,33.97727,522894.68950339337,0
KSM.V,D,20230412,000000,33.95725,34.17807,32.56944,33.9945,274141.8158105887,0
KSM.V,D,20230413,000000,33.96847,36.22244,33.96847,35.70324,266310.0112086669,0
KSM.V,D,20230414,000000,35.69023,37.70314,35.46585,37.53713,301287.9321229499,0
KSM.V,D,20230415,000000,37.53513,38.30326,37.13113,37.38762,221145.64360543288,0
KSM.V,D,20230416,000000,37.29416,37.75165,36.47252,37.75165,182102.3124377805,0
KSM.V,D,20230417,000000,37.71463,37.84972,35.64381,35.92754,192405.80092901777,0
KSM.V,D,20230418,000000,35.84414,37.59666,35.68869,36.98229,183616.45816557246,0
KSM.V,D,20230419,000000,36.99892,37.2377,33.38234,33.59613,274029.99229067646,0
