<TICKER>,<PER>,<DATE>,<TIME>,<OPEN>,<HIGH>,<LOW>,<CLOSE>,<VOL>,<OPENINT>
LPT.V,D,20190103,000000,3.229,4.219,3.107,3.452,0,0
LPT.V,D,20190104,000000,3.452,3.487,3.082,3.141,0,0
LPT.V,D,20190105,000000,3.141,3.508,2.728,3.237,0,0
LPT.V,D,20190106,000000,3.237,3.444,3.077,3.2,0,0
LPT.V,D,20190107,000000,3.2,3.24,2.884,2.957,0,0
LPT.V,D,20190108,000000,2.957,3.152,2.869,2.949,0,0
LPT.V,D,20190109,000000,2.949,3.074,2.432,3.074,0,0
LPT.V,D,20190110,000000,3.074,3.074,2.527,2.527,0,0
LPT.V,D,20190111,000000,2.527,2.679,2.33,2.407,0,0
LPT.V,D,20190112,000000,2.407,2.58,2.327,2.435,0,0
LPT.V,D,20190113,000000,2.435,2.45,2.306,2.446,0,0
LPT.V,D,20190114,000000,2.446,2.552,2.352,2.398,0,0
LPT.V,D,20190115,000000,2.398,2.398,2.3,2.31,0,0
LPT.V,D,20190116,000000,2.31,2.474,2.264,2.36,0,0
LPT.V,D,20190117,000000,2.36,2.901,2.36,2.653,0,0
LPT.V,D,20190118,000000,2.653,2.656,2.423,2.444,0,0
LPT.V,D,20190119,000000,2.444,2.552,2.414,2.414,0,0
LPT.V,D,20190120,000000,2.414,2.414,2.064,2.107,0,0
LPT.V,D,20190121,000000,2.107,2.24,2.067,2.09,0,0
LPT.V,D,20190122,000000,2.09,2.187,2.084,2.125,0,0
LPT.V,D,20190123,000000,2.125,2.236,2.06,2.141,0,0
LPT.V,D,20190124,000000,2.141,2.219,2.093,2.219,0,0
LPT.V,D,20190125,000000,2.219,2.219,2.084,2.125,0,0
LPT.V,D,20190126,000000,2.125,2.316,2.104,2.14,0,0
LPT.V,D,20190127,000000,2.14,2.253,2.06,2.239,0,0
LPT.V,D,20190128,000000,2.239,2.24,2.042,2.042,0,0
LPT.V,D,20190129,000000,2.042,2.042,1.709,1.914,0,0
LPT.V,D,20190130,000000,1.914,2.167,1.838,2.04,0,0
LPT.V,D,20190131,000000,2.04,2.127,1.717,1.959,0,0
LPT.V,D,20190201,000000,1.959,4.327,1.959,3.301,0,0
LPT.V,D,20190202,000000,3.301,5.193,2.815,4.179,0,0
LPT.V,D,20190203,000000,4.179,4.829,3.57,4.464,0,0
LPT.V,D,20190204,000000,4.464,5.662,4.44,5.02,0,0
LPT.V,D,20190205,000000,5.02,5.758,4.778,5.103,0,0
LPT.V,D,20190206,000000,5.103,5.225,3.66,4.312,0,0
LPT.V,D,20190207,000000,4.312,5.036,3.645,4.408,0,0
LPT.V,D,20190208,000000,4.408,5.117,4.355,4.374,0,0
LPT.V,D,20190209,000000,4.374,4.931,4.35,4.653,0,0
LPT.V,D,20190210,000000,4.653,4.809,4.385,4.415,0,0
LPT.V,D,20190211,000000,4.415,4.897,4.178,4.409,0,0
LPT.V,D,20190212,000000,4.409,4.873,3.23,4.46,0,0
LPT.V,D,20190213,000000,4.46,6.022,4.421,5.232,0,0
LPT.V,D,20190214,000000,5.232,6.061,4.87,5.426,0,0
LPT.V,D,20190215,000000,5.426,5.886,5.07,5.52,0,0
LPT.V,D,20190216,000000,5.52,5.856,5.064,5.209,0,0
LPT.V,D,20190217,000000,5.209,6.039,4.897,5.69,0,0
LPT.V,D,20190218,000000,5.69,6.064,5.431,5.669,0,0
LPT.V,D,20190219,000000,5.669,6.016,5.415,5.592,0,0
LPT.V,D,20190220,000000,5.592,5.961,4.999,5.421,0,0
LPT.V,D,20190221,000000,5.421,5.906,4.402,5.76,0,0
LPT.V,D,20190222,000000,5.76,5.975,5.565,5.772,0,0
LPT.V,D,20190223,000000,5.772,6.41,5.772,5.896,0,0
LPT.V,D,20190224,000000,5.896,5.903,5.326,5.416,0,0
LPT.V,D,20190225,000000,5.416,5.864,5.107,5.634,0,0
LPT.V,D,20190226,000000,5.634,5.899,5.345,5.899,0,0
LPT.V,D,20190227,000000,5.899,5.918,5.474,5.639,0,0
LPT.V,D,20190228,000000,5.639,7.341,5.487,6.595,0,0
LPT.V,D,20190301,000000,6.595,6.866,4.931,6.23,0,0
LPT.V,D,20190302,000000,6.23,8.478,5.726,8.478,0,0
LPT.V,D,20190303,000000,8.478,9.908,6.71,7.724,0,0
LPT.V,D,20190304,000000,7.724,7.854,6.567,7.089,0,0
LPT.V,D,20190305,000000,7.089,7.605,6.28,7.09,0,0
LPT.V,D,20190306,000000,7.09,7.091,6.386,6.595,0,0
LPT.V,D,20190307,000000,6.595,6.95,5.63,6.166,0,0
LPT.V,D,20190308,000000,6.166,6.653,6.011,6.332,0,0
LPT.V,D,20190309,000000,6.332,6.79,5.93,6.573,0,0
LPT.V,D,20190310,000000,6.573,6.72,5.895,6.186,0,0
LPT.V,D,20190311,000000,6.186,6.471,5.816,6.262,0,0
LPT.V,D,20190312,000000,6.262,6.665,5.988,6.591,0,0
LPT.V,D,20190313,000000,6.591,6.981,6.283,6.95,0,0
LPT.V,D,20190314,000000,6.95,7.375,6.641,7.262,0,0
LPT.V,D,20190315,000000,7.262,7.709,6.971,7.147,0,0
LPT.V,D,20190316,000000,7.147,7.426,6.798,7.096,0,0
LPT.V,D,20190317,000000,7.096,7.196,6.749,6.957,0,0
LPT.V,D,20190318,000000,6.957,7.659,6.57,7.659,0,0
LPT.V,D,20190319,000000,7.659,8.048,7.243,7.936,0,0
LPT.V,D,20190320,000000,7.936,8.438,7.659,8.174,0,0
LPT.V,D,20190321,000000,8.174,8.174,5.995,7.19,0,0
LPT.V,D,20190322,000000,7.19,7.318,6.265,6.849,0,0
LPT.V,D,20190323,000000,6.849,7.013,6.72,6.961,0,0
LPT.V,D,20190324,000000,6.961,7.261,6.51,7.133,0,0
LPT.V,D,20190325,000000,7.133,7.48,6.727,7.045,0,0
LPT.V,D,20190326,000000,7.045,7.187,6.859,7.009,0,0
LPT.V,D,20190327,000000,7.009,7.485,6.878,7.283,0,0
LPT.V,D,20190328,000000,7.283,7.283,6.862,7.088,0,0
LPT.V,D,20190329,000000,7.088,7.4,6.989,7.277,0,0
LPT.V,D,20190330,000000,7.277,7.721,7.277,7.721,0,0
LPT.V,D,20190331,000000,7.721,7.74,7.189,7.74,0,0
LPT.V,D,20190401,000000,7.74,7.896,7.597,7.638,0,0
LPT.V,D,20190402,000000,7.638,9.132,7.638,8.342,0,0
LPT.V,D,20190403,000000,8.342,8.535,7.559,7.564,0,0
LPT.V,D,20190404,000000,7.564,8.471,7.468,7.842,0,0
LPT.V,D,20190405,000000,7.842,8.535,7.842,8.227,0,0
LPT.V,D,20190406,000000,8.227,8.719,7.839,8.456,0,0
LPT.V,D,20190407,000000,8.456,8.868,8.456,8.525,0,0
LPT.V,D,20190408,000000,8.525,9.026,8.525,8.894,0,0
LPT.V,D,20190409,000000,8.894,8.894,7.812,8.312,0,0
LPT.V,D,20190410,000000,8.312,8.51,7.6,7.946,0,0
LPT.V,D,20190411,000000,7.946,7.946,7.32,7.457,0,0
LPT.V,D,20190412,000000,7.457,8.125,6.098,7.109,0,0
LPT.V,D,20190413,000000,7.109,7.418,6.859,6.94,0,0
LPT.V,D,20190414,000000,6.94,7.903,6.94,7.542,0,0
LPT.V,D,20190415,000000,7.542,7.556,7.027,7.153,0,0
LPT.V,D,20190416,000000,7.153,7.819,6.646,7.387,0,0
LPT.V,D,20190417,000000,7.387,7.922,7.387,7.792,0,0
LPT.V,D,20190418,000000,7.792,8.569,7.496,7.596,0,0
LPT.V,D,20190419,000000,7.596,8.049,7.53,8.049,0,0
LPT.V,D,20190420,000000,8.049,8.149,7.457,7.734,0,0
LPT.V,D,20190421,000000,7.734,8.224,7.693,7.916,0,0
LPT.V,D,20190422,000000,7.916,8.184,7.342,7.655,0,0
LPT.V,D,20190423,000000,7.655,8.165,7.478,7.616,0,0
LPT.V,D,20190424,000000,7.616,7.986,7.5,7.795,0,0
LPT.V,D,20190425,000000,7.795,7.795,6.608,6.789,0,0
LPT.V,D,20190426,000000,6.789,7.427,6.689,7.375,0,0
LPT.V,D,20190427,000000,7.375,7.426,7.17,7.4,0,0
LPT.V,D,20190428,000000,7.405,7.698,7.405,7.582,0,0
LPT.V,D,20190429,000000,7.582,7.647,6.809,7.181,0,0
LPT.V,D,20190430,000000,7.181,7.7,6.956,7.577,0,0
LPT.V,D,20190501,000000,7.577,7.955,7.265,7.944,0,0
LPT.V,D,20190502,000000,7.944,8.119,7.481,7.641,0,0
LPT.V,D,20190503,000000,7.641,8.584,7.336,7.865,0,0
LPT.V,D,20190504,000000,7.865,8.194,7.651,7.954,0,0
LPT.V,D,20190505,000000,7.954,8.17,7.532,7.984,0,0
LPT.V,D,20190506,000000,7.984,8.576,7.593,8.047,0,0
LPT.V,D,20190507,000000,8.047,8.438,7.565,7.845,0,0
LPT.V,D,20190508,000000,7.845,8.998,7.798,8.53,0,0
LPT.V,D,20190509,000000,8.53,8.777,8.27,8.32,0,0
LPT.V,D,20190510,000000,8.32,8.838,8.158,8.514,0,0
LPT.V,D,20190511,000000,8.514,9.629,7.508,8.026,0,0
LPT.V,D,20190512,000000,8.026,8.582,7.333,7.682,0,0
LPT.V,D,20190513,000000,7.682,9.664,7.682,8.048,0,0
LPT.V,D,20190514,000000,8.048,8.77,7.706,7.888,0,0
LPT.V,D,20190515,000000,7.888,9.821,7.046,8.2,0,0
LPT.V,D,20190516,000000,8.2,8.268,7.087,7.244,0,0
LPT.V,D,20190517,000000,7.244,7.733,6.347,6.762,0,0
LPT.V,D,20190518,000000,6.762,6.975,6.542,6.975,0,0
LPT.V,D,20190519,000000,6.975,7.917,6.975,7.454,0,0
LPT.V,D,20190520,000000,7.454,7.454,6.544,6.731,0,0
LPT.V,D,20190521,000000,6.731,6.99,5.564,6.769,0,0
LPT.V,D,20190522,000000,6.769,6.772,5.771,6.309,0,0
LPT.V,D,20190523,000000,6.309,6.797,5.986,6.257,0,0
LPT.V,D,20190524,000000,6.257,6.954,6.001,6.563,0,0
LPT.V,D,20190525,000000,6.563,6.931,6.206,6.857,0,0
LPT.V,D,20190526,000000,6.857,7.601,6.763,6.763,0,0
LPT.V,D,20190527,000000,6.763,7.293,5.896,6.151,0,0
LPT.V,D,20190528,000000,6.151,6.801,5.93,6.118,0,0
LPT.V,D,20190529,000000,6.118,6.672,5.895,6.34,0,0
LPT.V,D,20190530,000000,6.34,6.613,5.876,5.92,0,0
LPT.V,D,20190531,000000,5.92,6.926,5.729,6.231,0,0
LPT.V,D,20190601,000000,6.231,6.298,5.732,5.946,0,0
LPT.V,D,20190602,000000,5.946,6.073,5.509,5.847,0,0
LPT.V,D,20190603,000000,5.847,5.847,5.112,5.278,0,0
LPT.V,D,20190604,000000,5.278,5.758,4.889,5.221,0,0
LPT.V,D,20190605,000000,5.221,5.882,5.084,5.379,0,0
LPT.V,D,20190606,000000,5.379,5.873,5.153,5.613,0,0
LPT.V,D,20190607,000000,5.613,6.001,5.002,5.37,0,0
LPT.V,D,20190608,000000,5.37,5.37,4.479,4.588,0,0
LPT.V,D,20190609,000000,4.588,4.89,4.315,4.792,0,0
LPT.V,D,20190610,000000,4.792,5.125,4.587,4.909,0,0
LPT.V,D,20190611,000000,4.909,5.052,4.715,4.977,0,0
LPT.V,D,20190612,000000,4.977,6.104,4.614,5.79,0,0
LPT.V,D,20190613,000000,5.79,6.232,5.6,6.079,0,0
LPT.V,D,20190614,000000,6.079,6.579,6,6.043,0,0
LPT.V,D,20190615,000000,6.043,6.308,5.703,6.065,0,0
LPT.V,D,20190616,000000,6.065,6.151,5.388,5.477,0,0
LPT.V,D,20190617,000000,5.477,7.782,5.477,7.197,0,0
LPT.V,D,20190618,000000,7.197,7.197,6.512,6.883,0,0
LPT.V,D,20190619,000000,6.883,7.141,6.732,6.988,0,0
LPT.V,D,20190620,000000,6.988,7.342,6.962,7.152,0,0
LPT.V,D,20190621,000000,7.152,7.766,7.152,7.295,0,0
LPT.V,D,20190622,000000,7.295,7.631,7.295,7.508,0,0
LPT.V,D,20190623,000000,7.508,7.816,7.382,7.382,0,0
LPT.V,D,20190624,000000,7.382,7.946,7.285,7.817,0,0
LPT.V,D,20190625,000000,7.817,8.688,7.817,8.512,0,0
LPT.V,D,20190626,000000,8.512,9.522,8.512,8.953,0,0
LPT.V,D,20190627,000000,8.953,8.953,7.027,7.061,0,0
LPT.V,D,20190628,000000,7.061,7.907,7.061,7.413,0,0
LPT.V,D,20190629,000000,7.413,7.413,6.536,6.679,0,0
LPT.V,D,20190630,000000,6.679,6.679,5.665,6.063,0,0
LPT.V,D,20190701,000000,6.063,6.388,5.72,5.85,0,0
LPT.V,D,20190702,000000,5.85,6.499,5.85,6.015,0,0
LPT.V,D,20190703,000000,6.015,6.788,5.631,5.631,0,0
LPT.V,D,20190704,000000,5.631,5.631,4.575,5.363,0,0
LPT.V,D,20190705,000000,5.363,6.816,5.057,5.914,0,0
LPT.V,D,20190706,000000,5.914,6.299,5.833,6.299,0,0
LPT.V,D,20190707,000000,6.299,6.885,5.906,6.283,0,0
LPT.V,D,20190708,000000,6.283,7.149,6.283,6.803,0,0
LPT.V,D,20190709,000000,6.803,7.306,6.573,6.911,0,0
LPT.V,D,20190710,000000,6.911,6.911,5.978,6.361,0,0
LPT.V,D,20190711,000000,6.361,6.361,5.826,5.973,0,0
LPT.V,D,20190712,000000,5.973,6.715,5.968,6.212,0,0
LPT.V,D,20190713,000000,6.212,6.591,5.984,6.477,0,0
LPT.V,D,20190714,000000,6.477,6.477,4.673,5.374,0,0
LPT.V,D,20190715,000000,5.374,6.471,5.323,6.141,0,0
LPT.V,D,20190716,000000,6.141,6.141,5.111,5.662,0,0
LPT.V,D,20190717,000000,5.662,6.204,5.139,5.922,0,0
LPT.V,D,20190718,000000,5.922,7.872,5.922,7.377,0,0
LPT.V,D,20190719,000000,7.377,7.377,6.332,6.83,0,0
LPT.V,D,20190720,000000,6.83,7.265,6.319,6.57,0,0
LPT.V,D,20190721,000000,6.57,6.621,6.218,6.326,0,0
LPT.V,D,20190722,000000,6.326,6.863,6.064,6.33,0,0
LPT.V,D,20190723,000000,6.33,6.395,5.912,5.912,0,0
LPT.V,D,20190724,000000,5.912,6.254,5.863,6.11,0,0
LPT.V,D,20190725,000000,6.11,6.522,5.917,6.39,0,0
LPT.V,D,20190726,000000,6.39,6.596,6.302,6.401,0,0
LPT.V,D,20190727,000000,6.401,6.635,6.138,6.415,0,0
LPT.V,D,20190728,000000,6.415,7.149,6.346,6.795,0,0
LPT.V,D,20190729,000000,6.795,7.149,6.545,6.751,0,0
LPT.V,D,20190730,000000,6.751,8.136,6.751,7.974,0,0
LPT.V,D,20190731,000000,7.974,8.553,6.703,7.218,0,0
LPT.V,D,20190801,000000,7.218,8.06,6.916,7.594,0,0
LPT.V,D,20190802,000000,7.594,8.107,7.156,7.438,0,0
LPT.V,D,20190803,000000,7.438,8.278,7.383,7.944,0,0
LPT.V,D,20190804,000000,7.944,8.088,7.689,7.872,0,0
LPT.V,D,20190805,000000,7.872,8.48,7.165,8.101,0,0
LPT.V,D,20190806,000000,8.101,8.101,6.454,6.862,0,0
LPT.V,D,20190807,000000,6.862,7.628,6.767,7.006,0,0
LPT.V,D,20190808,000000,7.006,7.339,6.891,6.891,0,0
LPT.V,D,20190809,000000,6.891,7.323,6.824,7.076,0,0
LPT.V,D,20190810,000000,7.076,7.076,6.497,6.79,0,0
LPT.V,D,20190811,000000,6.79,7.068,6.645,6.992,0,0
LPT.V,D,20190812,000000,6.992,7.172,6.571,6.753,0,0
LPT.V,D,20190813,000000,6.753,6.849,6.36,6.523,0,0
LPT.V,D,20190814,000000,6.523,6.785,5.963,6.782,0,0
LPT.V,D,20190815,000000,6.782,6.973,5.927,6.383,0,0
LPT.V,D,20190816,000000,6.383,6.729,6.258,6.382,0,0
LPT.V,D,20190817,000000,6.382,6.568,6.235,6.465,0,0
LPT.V,D,20190818,000000,6.465,7.022,6.407,6.407,0,0
LPT.V,D,20190819,000000,6.407,7.022,6.407,6.772,0,0
LPT.V,D,20190820,000000,6.772,6.89,6.236,6.616,0,0
LPT.V,D,20190821,000000,6.616,6.758,5.876,6.224,0,0
LPT.V,D,20190822,000000,6.224,6.669,5.971,6.24,0,0
LPT.V,D,20190823,000000,6.24,6.561,6.24,6.527,0,0
LPT.V,D,20190824,000000,6.527,6.902,6.273,6.294,0,0
LPT.V,D,20190825,000000,6.294,6.38,5.578,5.893,0,0
LPT.V,D,20190826,000000,5.893,6.53,5.654,6.031,0,0
LPT.V,D,20190827,000000,6.031,6.184,5.617,5.953,0,0
LPT.V,D,20190828,000000,5.953,5.98,5.688,5.736,0,0
LPT.V,D,20190829,000000,5.736,6.256,5.601,5.756,0,0
LPT.V,D,20190830,000000,5.756,5.874,5.273,5.657,0,0
LPT.V,D,20190831,000000,5.657,6.234,5.65,5.775,0,0
LPT.V,D,20190901,000000,5.775,5.963,5.714,5.817,0,0
LPT.V,D,20190902,000000,5.817,6.388,5.817,6.056,0,0
LPT.V,D,20190903,000000,6.056,6.503,5.923,5.984,0,0
LPT.V,D,20190904,000000,5.984,6.086,5.412,5.595,0,0
LPT.V,D,20190905,000000,5.595,6.017,4.8,5.542,0,0
LPT.V,D,20190906,000000,5.542,5.679,4.933,5.554,0,0
LPT.V,D,20190907,000000,5.554,5.75,4.826,5.084,0,0
LPT.V,D,20190908,000000,5.084,5.164,4.9,5.023,0,0
LPT.V,D,20190909,000000,5.023,5.569,4.9,5.316,0,0
LPT.V,D,20190910,000000,5.316,5.316,4.984,4.984,0,0
LPT.V,D,20190911,000000,4.984,5.586,4.829,4.98,0,0
LPT.V,D,20190912,000000,4.98,5.16,4.912,5.006,0,0
LPT.V,D,20190913,000000,5.006,5.186,4.928,4.939,0,0
LPT.V,D,20190914,000000,4.939,5.211,4.934,5.028,0,0
LPT.V,D,20190915,000000,5.028,5.157,4.899,5.066,0,0
LPT.V,D,20190916,000000,5.066,5.085,4.725,4.827,0,0
LPT.V,D,20190917,000000,4.827,4.827,4.461,4.725,0,0
LPT.V,D,20190918,000000,4.725,4.877,4.374,4.535,0,0
LPT.V,D,20190919,000000,4.535,4.612,4.093,4.151,0,0
LPT.V,D,20190920,000000,4.151,4.162,3.868,4.031,0,0
LPT.V,D,20190921,000000,4.031,4.14,3.856,4.077,0,0
LPT.V,D,20190922,000000,4.077,4.104,3.959,3.964,0,0
LPT.V,D,20190923,000000,3.964,4.466,3.827,3.975,0,0
LPT.V,D,20190924,000000,3.975,3.975,3.489,3.492,0,0
LPT.V,D,20190925,000000,3.492,4.223,3.451,3.738,0,0
LPT.V,D,20190926,000000,3.738,3.779,3.393,3.634,0,0
LPT.V,D,20190927,000000,3.634,3.691,3.412,3.6,0,0
LPT.V,D,20190928,000000,3.6,3.643,3.447,3.618,0,0
LPT.V,D,20190929,000000,3.618,3.618,3.226,3.263,0,0
LPT.V,D,20190930,000000,3.263,3.564,3.243,3.432,0,0
LPT.V,D,20191001,000000,3.432,3.539,3.296,3.333,0,0
LPT.V,D,20191002,000000,3.333,3.65,3.264,3.373,0,0
LPT.V,D,20191003,000000,3.373,3.388,3.314,3.377,0,0
LPT.V,D,20191004,000000,3.377,3.377,3.282,3.348,0,0
LPT.V,D,20191005,000000,3.348,3.408,3.305,3.347,0,0
LPT.V,D,20191006,000000,3.347,3.383,3.147,3.368,0,0
LPT.V,D,20191007,000000,3.368,3.516,3.286,3.358,0,0
LPT.V,D,20191008,000000,3.358,3.476,3.295,3.326,0,0
LPT.V,D,20191009,000000,3.326,3.695,3.326,3.437,0,0
LPT.V,D,20191010,000000,3.437,3.47,3.149,3.363,0,0
LPT.V,D,20191011,000000,3.363,3.363,2.982,3.092,0,0
LPT.V,D,20191012,000000,3.092,3.165,3.068,3.085,0,0
LPT.V,D,20191013,000000,3.085,3.095,2.904,2.904,0,0
LPT.V,D,20191014,000000,2.904,2.933,2.683,2.755,0,0
LPT.V,D,20191015,000000,2.755,3.106,2.601,2.616,0,0
LPT.V,D,20191016,000000,2.616,2.716,2.341,2.452,0,0
LPT.V,D,20191017,000000,2.452,2.572,2.182,2.422,0,0
LPT.V,D,20191018,000000,2.422,2.559,2.153,2.392,0,0
LPT.V,D,20191019,000000,2.392,2.408,2.123,2.312,0,0
LPT.V,D,20191020,000000,2.312,2.393,2.062,2.163,0,0
LPT.V,D,20191021,000000,2.163,2.858,2.085,2.558,0,0
LPT.V,D,20191022,000000,2.558,2.558,2.144,2.314,0,0
LPT.V,D,20191023,000000,2.314,2.314,1.995,2.049,0,0
LPT.V,D,20191024,000000,2.049,2.159,2.002,2.121,0,0
LPT.V,D,20191025,000000,2.121,2.471,2.121,2.416,0,0
LPT.V,D,20191026,000000,2.416,2.639,2.416,2.525,0,0
LPT.V,D,20191027,000000,2.525,3.056,2.525,2.819,0,0
LPT.V,D,20191028,000000,2.819,2.865,2.545,2.769,0,0
LPT.V,D,20191029,000000,2.769,2.931,2.638,2.828,0,0
LPT.V,D,20191030,000000,2.828,2.828,2.495,2.551,0,0
LPT.V,D,20191031,000000,2.551,2.671,2.115,2.257,0,0
LPT.V,D,20191101,000000,2.257,2.508,2.143,2.431,0,0
LPT.V,D,20191102,000000,2.431,2.522,2.367,2.444,0,0
LPT.V,D,20191103,000000,2.444,2.536,2.421,2.536,0,0
LPT.V,D,20191104,000000,2.536,2.591,2.513,2.587,0,0
LPT.V,D,20191105,000000,2.587,2.587,2.387,2.487,0,0
LPT.V,D,20191106,000000,2.487,2.493,2.396,2.414,0,0
LPT.V,D,20191107,000000,2.414,2.414,2.302,2.342,0,0
LPT.V,D,20191108,000000,2.342,2.342,2.193,2.211,0,0
LPT.V,D,20191109,000000,2.211,2.279,2.211,2.279,0,0
LPT.V,D,20191110,000000,2.279,2.623,2.279,2.413,0,0
LPT.V,D,20191111,000000,2.413,2.413,2.27,2.312,0,0
LPT.V,D,20191112,000000,2.312,2.387,2.293,2.362,0,0
LPT.V,D,20191113,000000,2.362,2.413,2.323,2.396,0,0
LPT.V,D,20191114,000000,2.396,2.396,2.272,2.333,0,0
LPT.V,D,20191115,000000,2.333,2.333,2.229,2.261,0,0
LPT.V,D,20191116,000000,2.261,2.269,2.21,2.243,0,0
LPT.V,D,20191117,000000,2.243,2.384,2.235,2.24,0,0
LPT.V,D,20191118,000000,2.24,2.24,2.137,2.185,0,0
LPT.V,D,20191119,000000,2.185,2.226,2.134,2.139,0,0
LPT.V,D,20191120,000000,2.139,2.299,2.129,2.197,0,0
LPT.V,D,20191121,000000,2.197,2.197,2.039,2.039,0,0
LPT.V,D,20191122,000000,2.039,2.039,1.947,1.988,0,0
LPT.V,D,20191123,000000,1.988,2.007,1.96,1.96,0,0
LPT.V,D,20191124,000000,1.96,1.96,1.85,1.85,0,0
LPT.V,D,20191125,000000,1.85,1.927,1.85,1.927,0,0
LPT.V,D,20191126,000000,1.927,1.942,1.891,1.912,0,0
LPT.V,D,20191127,000000,1.912,2.033,1.912,2.002,0,0
LPT.V,D,20191128,000000,2.002,2.007,1.953,1.959,0,0
LPT.V,D,20191129,000000,1.959,2.057,1.942,2.036,0,0
LPT.V,D,20191130,000000,2.036,2.036,1.893,1.931,0,0
LPT.V,D,20191201,000000,1.931,1.931,1.729,1.83,0,0
LPT.V,D,20191202,000000,1.83,1.83,1.465,1.74,0,0
LPT.V,D,20191203,000000,1.74,1.749,1.718,1.718,0,0
LPT.V,D,20191204,000000,1.718,1.718,1.622,1.658,0,0
LPT.V,D,20191205,000000,1.658,1.744,1.658,1.667,0,0
LPT.V,D,20191206,000000,1.667,1.768,1.602,1.661,0,0
LPT.V,D,20191207,000000,1.661,1.728,1.604,1.637,0,0
LPT.V,D,20191208,000000,1.637,1.734,1.554,1.625,0,0
LPT.V,D,20191209,000000,1.625,1.626,1.515,1.556,0,0
LPT.V,D,20191210,000000,1.556,1.556,0.8681,1.4,0,0
LPT.V,D,20191211,000000,1.4,1.442,1.37,1.392,0,0
LPT.V,D,20191212,000000,1.392,1.433,1.368,1.433,0,0
LPT.V,D,20191213,000000,1.433,1.525,1.38,1.525,0,0
LPT.V,D,20191214,000000,1.525,1.525,1.376,1.441,0,0
LPT.V,D,20191215,000000,1.441,1.451,1.369,1.445,0,0
LPT.V,D,20191216,000000,1.445,1.445,1.336,1.338,0,0
LPT.V,D,20191217,000000,1.338,1.338,1.287,1.287,0,0
LPT.V,D,20191218,000000,1.287,1.531,1.24,1.25,0,0
LPT.V,D,20191219,000000,1.25,1.489,1.224,1.269,0,0
LPT.V,D,20191220,000000,1.269,1.312,1.232,1.312,0,0
LPT.V,D,20191221,000000,1.312,1.312,1.273,1.278,0,0
LPT.V,D,20191222,000000,1.278,1.383,1.253,1.284,0,0
LPT.V,D,20191223,000000,1.284,1.331,1.227,1.232,0,0
LPT.V,D,20191224,000000,1.232,1.234,1.217,1.217,0,0
LPT.V,D,20191225,000000,1.217,1.217,1.207,1.207,0,0
LPT.V,D,20191226,000000,1.207,1.441,1.207,1.292,0,0
LPT.V,D,20191227,000000,1.292,1.414,1.235,1.299,0,0
LPT.V,D,20191228,000000,1.299,1.333,1.299,1.333,0,0
LPT.V,D,20191229,000000,1.333,1.404,1.333,1.404,0,0
LPT.V,D,20191230,000000,1.404,1.404,1.302,1.302,0,0
LPT.V,D,20191231,000000,1.302,1.373,1.293,1.32,0,0
LPT.V,D,20200101,000000,1.32,1.321,1.294,1.31,0,0
LPT.V,D,20200102,000000,1.31,1.31,1.252,1.259,0,0
LPT.V,D,20200103,000000,1.259,1.348,1.259,1.32,0,0
LPT.V,D,20200104,000000,1.32,1.341,1.32,1.341,0,0
LPT.V,D,20200105,000000,1.341,1.342,1.329,1.329,0,0
LPT.V,D,20200106,000000,1.329,1.425,1.329,1.402,0,0
LPT.V,D,20200107,000000,1.399,1.481,1.399,1.466,0,0
LPT.V,D,20200108,000000,1.466,1.486,1.432,1.453,0,0
LPT.V,D,20200109,000000,1.453,1.453,1.128,1.315,0,0
LPT.V,D,20200110,000000,1.315,1.466,1.314,1.403,0,0
LPT.V,D,20200111,000000,1.403,1.403,1.212,1.298,0,0
LPT.V,D,20200112,000000,1.298,3.15,1.294,1.669,0,0
LPT.V,D,20200113,000000,1.669,2.099,1.654,1.887,0,0
LPT.V,D,20200114,000000,1.887,2.179,1.676,1.947,0,0
LPT.V,D,20200115,000000,1.947,1.979,1.782,1.946,0,0
LPT.V,D,20200116,000000,1.946,2.067,1.744,2.067,0,0
LPT.V,D,20200117,000000,2.067,2.171,1.868,2.025,0,0
LPT.V,D,20200118,000000,2.025,2.037,1.746,1.826,0,0
LPT.V,D,20200119,000000,1.826,1.958,1.706,1.819,0,0
LPT.V,D,20200120,000000,1.819,2.228,1.727,2.228,0,0
LPT.V,D,20200121,000000,2.228,2.277,1.865,2.277,0,0
LPT.V,D,20200122,000000,2.277,2.748,2.123,2.48,0,0
LPT.V,D,20200123,000000,2.48,2.48,2.125,2.154,0,0
LPT.V,D,20200124,000000,2.154,2.395,2.154,2.395,0,0
LPT.V,D,20200125,000000,2.395,2.396,2.321,2.329,0,0
LPT.V,D,20200126,000000,2.329,2.581,1.951,2.45,0,0
LPT.V,D,20200127,000000,2.45,2.663,2.225,2.538,0,0
LPT.V,D,20200128,000000,2.538,2.686,2.49,2.667,0,0
LPT.V,D,20200129,000000,2.667,2.804,2.471,2.507,0,0
LPT.V,D,20200130,000000,2.507,2.795,2.507,2.579,0,0
LPT.V,D,20200131,000000,2.579,2.803,2.243,2.42,0,0
LPT.V,D,20200201,000000,2.42,2.447,2.17,2.346,0,0
LPT.V,D,20200202,000000,2.346,2.522,2.124,2.268,0,0
LPT.V,D,20200203,000000,2.268,2.312,2.006,2.312,0,0
LPT.V,D,20200204,000000,2.312,2.312,1.744,1.744,0,0
LPT.V,D,20200205,000000,1.744,2.233,1.744,2.115,0,0
LPT.V,D,20200206,000000,2.115,2.147,1.886,1.986,0,0
LPT.V,D,20200207,000000,1.986,2.014,1.932,1.962,0,0
LPT.V,D,20200208,000000,1.962,2.014,1.831,1.991,0,0
LPT.V,D,20200209,000000,1.991,2.081,1.879,1.971,0,0
LPT.V,D,20200210,000000,1.971,2.06,1.912,2.06,0,0
LPT.V,D,20200211,000000,2.06,2.157,1.54,1.829,0,0
LPT.V,D,20200212,000000,1.829,2.019,1.521,1.79,0,0
LPT.V,D,20200213,000000,1.79,1.879,1.607,1.827,0,0
LPT.V,D,20200214,000000,1.827,1.849,1.675,1.725,0,0
LPT.V,D,20200215,000000,1.721,1.871,1.564,1.646,0,0
LPT.V,D,20200216,000000,1.646,1.798,1.567,1.676,0,0
LPT.V,D,20200217,000000,1.676,1.679,1.552,1.562,0,0
LPT.V,D,20200218,000000,1.562,1.818,1.527,1.599,0,0
LPT.V,D,20200219,000000,1.599,1.599,1.386,1.556,0,0
LPT.V,D,20200220,000000,1.556,1.557,1.348,1.494,0,0
LPT.V,D,20200221,000000,1.494,1.574,1.474,1.518,0,0
LPT.V,D,20200222,000000,1.518,1.528,1.491,1.525,0,0
LPT.V,D,20200223,000000,1.525,1.646,1.525,1.607,0,0
LPT.V,D,20200224,000000,1.607,1.74,1.546,1.626,0,0
LPT.V,D,20200225,000000,1.626,1.663,1.444,1.512,0,0
LPT.V,D,20200226,000000,1.512,1.565,1.427,1.523,0,0
LPT.V,D,20200227,000000,1.523,1.53,1.496,1.51,0,0
LPT.V,D,20200228,000000,1.51,1.701,1.351,1.355,0,0
LPT.V,D,20200229,000000,1.355,1.436,1.328,1.387,0,0
LPT.V,D,20200301,000000,1.387,1.429,1.368,1.388,0,0
LPT.V,D,20200302,000000,1.388,1.516,1.383,1.516,0,0
LPT.V,D,20200303,000000,1.516,1.516,1.426,1.453,0,0
LPT.V,D,20200304,000000,1.453,1.502,1.404,1.449,0,0
LPT.V,D,20200305,000000,1.449,1.506,1.449,1.506,0,0
LPT.V,D,20200306,000000,1.506,1.541,1.408,1.463,0,0
LPT.V,D,20200307,000000,1.463,1.58,1.353,1.515,0,0
LPT.V,D,20200308,000000,1.515,1.515,1.271,1.287,0,0
LPT.V,D,20200309,000000,1.287,1.287,1.092,1.144,0,0
LPT.V,D,20200310,000000,1.144,1.176,1.105,1.153,0,0
LPT.V,D,20200311,000000,1.153,1.161,1.057,1.085,0,0
LPT.V,D,20200312,000000,1.085,1.085,0.3743,0.503,0,0
LPT.V,D,20200313,000000,0.503,0.8167,0.503,0.7604,0,0
LPT.V,D,20200314,000000,0.7604,0.7604,0.614,0.6436,0,0
LPT.V,D,20200315,000000,0.6436,0.6659,0.4928,0.5727,0,0
LPT.V,D,20200316,000000,0.5727,0.6226,0.5141,0.5766,0,0
LPT.V,D,20200317,000000,0.5766,0.7473,0.5338,0.601,0,0
LPT.V,D,20200318,000000,0.601,0.6225,0.5435,0.6225,0,0
LPT.V,D,20200319,000000,0.6225,0.8659,0.5566,0.6803,0,0
LPT.V,D,20200320,000000,0.6803,0.8236,0.5992,0.6293,0,0
LPT.V,D,20200321,000000,0.6293,0.7249,0.6282,0.6827,0,0
LPT.V,D,20200322,000000,0.6827,0.6827,0.5956,0.6318,0,0
LPT.V,D,20200323,000000,0.6318,0.7277,0.5853,0.6803,0,0
LPT.V,D,20200324,000000,0.6803,0.8324,0.6429,0.7302,0,0
LPT.V,D,20200325,000000,0.7302,0.7302,0.6365,0.7283,0,0
LPT.V,D,20200326,000000,0.7283,0.7353,0.7184,0.7184,0,0
LPT.V,D,20200327,000000,0.7184,0.7184,0.5938,0.6408,0,0
LPT.V,D,20200328,000000,0.6408,0.6565,0.5849,0.6309,0,0
LPT.V,D,20200329,000000,0.6309,0.6309,0.5806,0.6,0,0
LPT.V,D,20200330,000000,0.6,0.682,0.6,0.6519,0,0
LPT.V,D,20200331,000000,0.6519,0.7066,0.6514,0.6925,0,0
LPT.V,D,20200401,000000,0.6925,0.7263,0.539,0.646,0,0
LPT.V,D,20200402,000000,0.646,0.6597,0.6057,0.6391,0,0
LPT.V,D,20200403,000000,0.6391,0.6707,0.5779,0.6183,0,0
LPT.V,D,20200404,000000,0.6183,0.6304,0.5707,0.6056,0,0
LPT.V,D,20200405,000000,0.6056,0.6146,0.5549,0.5827,0,0
LPT.V,D,20200406,000000,0.5827,0.6435,0.5827,0.6098,0,0
LPT.V,D,20200407,000000,0.6098,0.6121,0.5689,0.5707,0,0
LPT.V,D,20200408,000000,0.5707,0.627,0.5707,0.5803,0,0
LPT.V,D,20200409,000000,0.5803,0.6198,0.5746,0.5917,0,0
LPT.V,D,20200410,000000,0.5917,0.5917,0.5157,0.5388,0,0
LPT.V,D,20200411,000000,0.5388,0.5579,0.5248,0.5398,0,0
LPT.V,D,20200412,000000,0.5398,0.5774,0.5398,0.5532,0,0
LPT.V,D,20200413,000000,0.5532,0.5728,0.5488,0.5728,0,0
LPT.V,D,20200414,000000,0.5728,0.5778,0.5414,0.5675,0,0
LPT.V,D,20200415,000000,0.5675,0.5675,0.464,0.5072,0,0
LPT.V,D,20200416,000000,0.5072,0.5443,0.5066,0.5295,0,0
LPT.V,D,20200417,000000,0.5295,0.5344,0.5017,0.5172,0,0
LPT.V,D,20200418,000000,0.5172,0.5403,0.5172,0.5402,0,0
LPT.V,D,20200419,000000,0.5402,0.5473,0.5089,0.5473,0,0
LPT.V,D,20200420,000000,0.5473,0.5473,0.4934,0.4969,0,0
LPT.V,D,20200421,000000,0.4969,0.5483,0.4969,0.5239,0,0
LPT.V,D,20200422,000000,0.5239,0.6061,0.5239,0.5708,0,0
LPT.V,D,20200423,000000,0.5708,0.6447,0.5708,0.5767,0,0
LPT.V,D,20200424,000000,0.5767,0.6058,0.5707,0.6003,0,0
LPT.V,D,20200425,000000,0.6003,0.6038,0.5689,0.5886,0,0
LPT.V,D,20200426,000000,0.5886,0.6006,0.5806,0.5979,0,0
LPT.V,D,20200427,000000,0.5979,0.6684,0.5979,0.6099,0,0
LPT.V,D,20200428,000000,0.6099,0.6661,0.6078,0.6661,0,0
LPT.V,D,20200429,000000,0.6661,0.7569,0.6553,0.6553,0,0
LPT.V,D,20200430,000000,0.6553,0.7331,0.6274,0.7073,0,0
LPT.V,D,20200501,000000,0.7073,0.739,0.6741,0.7284,0,0
LPT.V,D,20200502,000000,0.7284,0.7573,0.6927,0.7544,0,0
LPT.V,D,20200503,000000,0.7544,0.7544,0.668,0.7125,0,0
LPT.V,D,20200504,000000,0.7125,0.7549,0.6677,0.7479,0,0
LPT.V,D,20200505,000000,0.7479,0.778,0.7077,0.7405,0,0
LPT.V,D,20200506,000000,0.7405,0.8238,0.7405,0.7963,0,0
LPT.V,D,20200507,000000,0.7963,1.35,0.7963,1.105,0,0
LPT.V,D,20200508,000000,1.105,1.471,1.006,1.368,0,0
LPT.V,D,20200509,000000,1.368,1.432,1.251,1.401,0,0
LPT.V,D,20200510,000000,1.401,1.756,1.188,1.432,0,0
LPT.V,D,20200511,000000,1.432,1.697,1.19,1.343,0,0
LPT.V,D,20200512,000000,1.343,1.773,1.293,1.758,0,0
LPT.V,D,20200513,000000,1.758,1.865,1.42,1.667,0,0
LPT.V,D,20200514,000000,1.667,2.018,1.616,1.959,0,0
LPT.V,D,20200515,000000,1.959,1.959,1.54,1.827,0,0
LPT.V,D,20200516,000000,1.827,1.842,1.622,1.643,0,0
LPT.V,D,20200517,000000,1.643,1.835,1.473,1.676,0,0
LPT.V,D,20200518,000000,1.676,2.141,1.676,1.946,0,0
LPT.V,D,20200519,000000,1.946,2.181,1.946,2.181,0,0
LPT.V,D,20200520,000000,2.181,2.181,1.569,2.02,0,0
LPT.V,D,20200521,000000,2.02,2.02,1.81,1.999,0,0
LPT.V,D,20200522,000000,1.999,2.1,1.833,1.834,0,0
LPT.V,D,20200523,000000,1.834,1.929,1.682,1.682,0,0
LPT.V,D,20200524,000000,1.682,2.005,1.523,1.918,0,0
LPT.V,D,20200525,000000,1.918,2.225,1.644,1.965,0,0
LPT.V,D,20200526,000000,1.965,2.547,1.952,2.3,0,0
LPT.V,D,20200527,000000,2.3,2.531,2.18,2.315,0,0
LPT.V,D,20200528,000000,2.315,2.777,2.315,2.396,0,0
LPT.V,D,20200529,000000,2.396,2.733,2.357,2.452,0,0
LPT.V,D,20200530,000000,2.452,2.744,2.452,2.744,0,0
LPT.V,D,20200531,000000,2.744,2.744,2.168,2.411,0,0
LPT.V,D,20200601,000000,2.411,2.911,2.369,2.658,0,0
LPT.V,D,20200602,000000,2.658,2.762,2.381,2.536,0,0
LPT.V,D,20200603,000000,2.762,2.9,2.514,2.591,0,0
LPT.V,D,20200604,000000,2.591,2.674,2.547,2.624,0,0
LPT.V,D,20200605,000000,2.624,2.624,2.117,2.191,0,0
LPT.V,D,20200606,000000,2.191,2.223,2.128,2.128,0,0
LPT.V,D,20200607,000000,2.128,2.209,2.011,2.128,0,0
LPT.V,D,20200608,000000,2.128,2.159,1.526,1.978,0,0
LPT.V,D,20200609,000000,1.978,1.979,1.865,1.869,0,0
LPT.V,D,20200610,000000,1.869,4.977,1.705,3.47,0,0
LPT.V,D,20200611,000000,3.47,4.633,2.054,3.323,0,0
LPT.V,D,20200612,000000,3.323,3.787,2.973,3.528,0,0
LPT.V,D,20200613,000000,3.528,4.301,3.528,4.027,0,0
LPT.V,D,20200614,000000,4.027,4.027,3.3,3.598,0,0
LPT.V,D,20200615,000000,3.598,4.202,3.3,3.451,0,0
LPT.V,D,20200616,000000,3.451,4.478,3.334,4.127,0,0
LPT.V,D,20200617,000000,4.127,4.275,2.743,3.998,0,0
LPT.V,D,20200618,000000,3.998,4.221,3.57,3.781,0,0
LPT.V,D,20200619,000000,3.781,3.781,3.302,3.489,0,0
LPT.V,D,20200620,000000,3.489,3.545,2.766,3.07,0,0
LPT.V,D,20200621,000000,3.07,3.07,1.58,2.778,0,0
LPT.V,D,20200622,000000,2.778,3.101,2.665,2.735,0,0
LPT.V,D,20200623,000000,2.735,2.984,2.414,2.847,0,0
LPT.V,D,20200624,000000,2.847,2.847,2.536,2.607,0,0
LPT.V,D,20200625,000000,2.607,2.783,2.403,2.753,0,0
LPT.V,D,20200626,000000,2.753,2.753,2.297,2.672,0,0
LPT.V,D,20200627,000000,2.672,2.672,2.341,2.342,0,0
LPT.V,D,20200628,000000,2.342,2.553,2.342,2.408,0,0
LPT.V,D,20200629,000000,2.408,2.478,2.13,2.297,0,0
LPT.V,D,20200630,000000,2.297,2.348,2.12,2.16,0,0
LPT.V,D,20200701,000000,2.16,2.393,2.142,2.167,0,0
LPT.V,D,20200702,000000,2.167,2.167,1.93,2.046,0,0
LPT.V,D,20200703,000000,2.046,2.095,1.699,1.84,0,0
LPT.V,D,20200704,000000,1.84,1.931,1.748,1.931,0,0
LPT.V,D,20200705,000000,1.931,1.931,1.735,1.907,0,0
LPT.V,D,20200706,000000,1.907,1.974,1.849,1.94,0,0
LPT.V,D,20200707,000000,1.94,1.94,1.876,1.898,0,0
LPT.V,D,20200708,000000,1.898,2.171,1.897,2.171,0,0
LPT.V,D,20200709,000000,2.171,2.398,2.025,2.212,0,0
LPT.V,D,20200710,000000,2.212,2.452,2.167,2.274,0,0
LPT.V,D,20200711,000000,2.274,2.453,2.214,2.403,0,0
LPT.V,D,20200712,000000,2.403,2.47,2.251,2.388,0,0
LPT.V,D,20200713,000000,2.388,2.388,2.236,2.263,0,0
LPT.V,D,20200714,000000,2.263,2.283,2.24,2.24,0,0
LPT.V,D,20200715,000000,2.24,2.267,2.16,2.162,0,0
LPT.V,D,20200716,000000,2.162,2.178,2.125,2.125,0,0
LPT.V,D,20200717,000000,2.125,2.168,1.754,1.919,0,0
LPT.V,D,20200718,000000,1.919,1.97,1.668,1.769,0,0
LPT.V,D,20200719,000000,1.769,1.863,1.382,1.534,0,0
LPT.V,D,20200720,000000,1.534,1.68,1.525,1.671,0,0
LPT.V,D,20200721,000000,1.671,1.783,1.531,1.691,0,0
LPT.V,D,20200722,000000,1.691,1.748,1.555,1.624,0,0
LPT.V,D,20200723,000000,1.624,1.731,1.564,1.654,0,0
LPT.V,D,20200724,000000,1.654,1.719,1.614,1.718,0,0
LPT.V,D,20200725,000000,1.718,1.845,1.718,1.845,0,0
LPT.V,D,20200726,000000,1.845,1.898,1.789,1.825,0,0
LPT.V,D,20200727,000000,1.825,2.052,1.825,1.925,0,0
LPT.V,D,20200728,000000,1.925,1.935,1.804,1.934,0,0
LPT.V,D,20200729,000000,1.934,1.966,1.898,1.898,0,0
LPT.V,D,20200730,000000,1.898,1.899,1.778,1.778,0,0
LPT.V,D,20200731,000000,1.778,2.042,1.778,1.896,0,0
LPT.V,D,20200801,000000,1.896,2.126,1.896,2.007,0,0
LPT.V,D,20200802,000000,2.007,2.122,1.88,1.97,0,0
LPT.V,D,20200803,000000,1.97,2.059,1.97,2.045,0,0
LPT.V,D,20200804,000000,2.045,2.045,1.834,1.915,0,0
LPT.V,D,20200805,000000,1.915,2.14,1.88,1.901,0,0
LPT.V,D,20200806,000000,1.901,1.989,1.901,1.983,0,0
LPT.V,D,20200807,000000,1.983,1.983,1.767,1.846,0,0
LPT.V,D,20200808,000000,1.846,1.976,1.787,1.976,0,0
LPT.V,D,20200809,000000,1.976,2.22,1.87,1.987,0,0
LPT.V,D,20200810,000000,1.987,2.261,1.987,2.249,0,0
LPT.V,D,20200811,000000,2.249,2.563,2.153,2.468,0,0
LPT.V,D,20200812,000000,2.468,2.545,2.449,2.542,0,0
LPT.V,D,20200813,000000,2.542,4.834,2.542,4.22,0,0
LPT.V,D,20200814,000000,4.22,4.592,4.214,4.216,0,0
LPT.V,D,20200815,000000,4.216,5.219,4.216,4.868,0,0
LPT.V,D,20200816,000000,4.868,5.158,4.737,5.047,0,0
LPT.V,D,20200817,000000,5.047,5.214,3.387,3.553,0,0
LPT.V,D,20200818,000000,3.553,3.84,2.989,3.375,0,0
LPT.V,D,20200819,000000,3.375,3.528,3.32,3.396,0,0
LPT.V,D,20200820,000000,3.396,4.01,3.396,3.811,0,0
LPT.V,D,20200821,000000,3.811,3.811,2.882,3.042,0,0
LPT.V,D,20200822,000000,3.042,3.08,2.918,2.953,0,0
LPT.V,D,20200823,000000,2.953,2.955,2.916,2.952,0,0
LPT.V,D,20200824,000000,2.952,3.376,2.952,3.077,0,0
LPT.V,D,20200825,000000,3.077,3.173,2.833,3.037,0,0
LPT.V,D,20200826,000000,3.037,3.372,2.867,3.103,0,0
LPT.V,D,20200827,000000,3.103,3.184,2.867,3.131,0,0
LPT.V,D,20200828,000000,3.131,3.57,3.131,3.542,0,0
LPT.V,D,20200829,000000,3.542,3.573,2.813,3.215,0,0
LPT.V,D,20200830,000000,3.215,3.808,3.215,3.799,0,0
LPT.V,D,20200831,000000,3.799,3.812,3.371,3.602,0,0
LPT.V,D,20200901,000000,3.602,3.725,3.351,3.355,0,0
LPT.V,D,20200902,000000,3.355,3.355,2.622,3.088,0,0
LPT.V,D,20200903,000000,3.088,3.088,2.646,2.72,0,0
LPT.V,D,20200904,000000,2.72,2.97,2.702,2.702,0,0
LPT.V,D,20200905,000000,2.702,2.908,2.624,2.673,0,0
LPT.V,D,20200906,000000,2.673,3.129,2.657,3.076,0,0
LPT.V,D,20200907,000000,3.076,3.321,2.905,3.155,0,0
LPT.V,D,20200908,000000,3.155,3.577,3.039,3.17,0,0
LPT.V,D,20200909,000000,3.17,3.971,3.069,3.59,0,0
LPT.V,D,20200910,000000,3.59,4.094,3.59,4.018,0,0
LPT.V,D,20200911,000000,4.018,4.366,3.958,3.958,0,0
LPT.V,D,20200912,000000,3.958,4.263,3.84,4.097,0,0
LPT.V,D,20200913,000000,4.097,4.097,3.204,3.694,0,0
LPT.V,D,20200914,000000,3.694,4.106,3.528,3.574,0,0
LPT.V,D,20200915,000000,3.574,3.775,3.564,3.622,0,0
LPT.V,D,20200916,000000,3.622,3.712,3.443,3.478,0,0
LPT.V,D,20200917,000000,3.478,3.62,3.469,3.563,0,0
LPT.V,D,20200918,000000,3.563,3.578,3.513,3.513,0,0
LPT.V,D,20200919,000000,3.513,3.567,3.496,3.518,0,0
LPT.V,D,20200920,000000,3.518,3.518,3.466,3.468,0,0
LPT.V,D,20200921,000000,3.468,3.468,3.287,3.342,0,0
LPT.V,D,20200922,000000,3.342,3.422,3.342,3.416,0,0
LPT.V,D,20200923,000000,3.416,3.427,3.236,3.372,0,0
LPT.V,D,20200924,000000,3.372,3.578,3.372,3.388,0,0
LPT.V,D,20200925,000000,3.388,3.417,3.371,3.374,0,0
LPT.V,D,20200926,000000,3.374,3.424,3.285,3.351,0,0
LPT.V,D,20200927,000000,3.351,3.393,3.154,3.184,0,0
LPT.V,D,20200928,000000,3.184,3.184,3.108,3.144,0,0
LPT.V,D,20200929,000000,3.144,3.231,3.11,3.11,0,0
LPT.V,D,20200930,000000,3.11,3.11,2.964,2.983,0,0
LPT.V,D,20201001,000000,2.983,3.002,2.868,2.868,0,0
LPT.V,D,20201002,000000,2.868,2.961,2.85,2.888,0,0
LPT.V,D,20201003,000000,2.888,2.888,2.842,2.848,0,0
LPT.V,D,20201004,000000,2.848,2.924,2.82,2.82,0,0
LPT.V,D,20201005,000000,2.82,2.892,2.762,2.762,0,0
LPT.V,D,20201006,000000,2.762,2.762,2.672,2.676,0,0
LPT.V,D,20201007,000000,2.676,2.694,2.638,2.638,0,0
LPT.V,D,20201008,000000,2.638,2.704,2.623,2.626,0,0
LPT.V,D,20201009,000000,2.626,2.688,2.602,2.628,0,0
LPT.V,D,20201010,000000,2.628,2.706,2.626,2.64,0,0
LPT.V,D,20201011,000000,2.64,2.657,2.616,2.653,0,0
LPT.V,D,20201012,000000,2.653,2.691,2.615,2.621,0,0
LPT.V,D,20201013,000000,2.621,2.621,2.583,2.612,0,0
LPT.V,D,20201014,000000,2.612,2.613,2.583,2.594,0,0
LPT.V,D,20201015,000000,2.594,2.612,2.302,2.401,0,0
LPT.V,D,20201016,000000,2.401,2.401,2.068,2.153,0,0
LPT.V,D,20201017,000000,2.153,2.163,2.137,2.148,0,0
LPT.V,D,20201018,000000,2.148,2.176,2.148,2.176,0,0
LPT.V,D,20201019,000000,2.176,2.222,2.176,2.199,0,0
LPT.V,D,20201020,000000,2.199,2.229,1.828,1.866,0,0
LPT.V,D,20201021,000000,1.866,2.05,1.866,2.032,0,0
LPT.V,D,20201022,000000,2.032,2.06,1.98,1.98,0,0
LPT.V,D,20201023,000000,1.98,2.047,1.811,1.969,0,0
LPT.V,D,20201024,000000,1.969,2.059,1.838,1.838,0,0
LPT.V,D,20201025,000000,1.838,1.838,1.826,1.826,0,0
LPT.V,D,20201026,000000,1.826,1.832,1.826,1.832,0,0
LPT.V,D,20201027,000000,1.832,1.913,1.832,1.913,0,0
LPT.V,D,20201028,000000,1.913,1.913,1.647,1.647,0,0
LPT.V,D,20201029,000000,1.647,1.808,1.5,1.679,0,0
LPT.V,D,20201030,000000,1.679,1.777,1.679,1.777,0,0
LPT.V,D,20201031,000000,1.777,1.808,1.563,1.713,0,0
LPT.V,D,20201101,000000,1.713,1.763,1.526,1.745,0,0
LPT.V,D,20201102,000000,1.745,1.752,1.539,1.55,0,0
LPT.V,D,20201103,000000,1.55,1.639,1.55,1.602,0,0
LPT.V,D,20201104,000000,1.602,1.617,1.6,1.6,0,0
LPT.V,D,20201105,000000,1.6,1.763,1.6,1.716,0,0
LPT.V,D,20201106,000000,1.716,1.716,1.539,1.603,0,0
LPT.V,D,20201107,000000,1.603,1.603,1.525,1.552,0,0
LPT.V,D,20201108,000000,1.552,1.679,1.552,1.679,0,0
LPT.V,D,20201109,000000,1.679,1.679,1.587,1.618,0,0
LPT.V,D,20201110,000000,1.618,1.62,1.602,1.62,0,0
LPT.V,D,20201111,000000,1.62,1.662,1.618,1.621,0,0
LPT.V,D,20201112,000000,1.621,1.701,1.6,1.622,0,0
LPT.V,D,20201113,000000,1.622,1.624,1.393,1.495,0,0
LPT.V,D,20201114,000000,1.495,1.495,1.456,1.483,0,0
LPT.V,D,20201115,000000,1.483,1.483,1.437,1.479,0,0
LPT.V,D,20201116,000000,1.479,1.549,1.479,1.505,0,0
LPT.V,D,20201117,000000,1.505,1.591,1.505,1.506,0,0
LPT.V,D,20201118,000000,1.506,1.515,1.249,1.346,0,0
LPT.V,D,20201119,000000,1.346,1.348,1.162,1.248,0,0
LPT.V,D,20201120,000000,1.248,1.307,1.124,1.164,0,0
LPT.V,D,20201121,000000,1.164,1.267,1.084,1.267,0,0
LPT.V,D,20201122,000000,1.267,1.293,1.248,1.282,0,0
LPT.V,D,20201123,000000,1.282,1.457,1.279,1.364,0,0
LPT.V,D,20201124,000000,1.364,1.494,1.327,1.344,0,0
LPT.V,D,20201125,000000,1.344,1.37,1.281,1.318,0,0
LPT.V,D,20201126,000000,1.318,1.322,1.17,1.17,0,0
LPT.V,D,20201127,000000,1.17,1.17,1.162,1.168,0,0
LPT.V,D,20201128,000000,1.168,1.208,1.168,1.208,0,0
LPT.V,D,20201129,000000,1.208,1.239,1.208,1.219,0,0
LPT.V,D,20201130,000000,1.219,1.319,1.181,1.279,0,0
LPT.V,D,20201201,000000,1.279,1.321,1.22,1.321,0,0
LPT.V,D,20201202,000000,1.321,1.367,1.305,1.333,0,0
LPT.V,D,20201203,000000,1.333,1.359,1.287,1.287,0,0
LPT.V,D,20201204,000000,1.287,1.287,1.23,1.276,0,0
LPT.V,D,20201205,000000,1.276,1.326,1.276,1.316,0,0
LPT.V,D,20201206,000000,1.316,1.374,1.316,1.324,0,0
LPT.V,D,20201207,000000,1.324,1.396,1.31,1.391,0,0
LPT.V,D,20201208,000000,1.391,1.47,1.321,1.408,0,0
LPT.V,D,20201209,000000,1.408,1.475,1.408,1.414,0,0
LPT.V,D,20201210,000000,1.414,1.474,1.391,1.474,0,0
LPT.V,D,20201211,000000,1.474,1.487,1.452,1.452,0,0
LPT.V,D,20201212,000000,1.452,1.522,1.452,1.515,0,0
LPT.V,D,20201213,000000,1.515,1.559,1.451,1.451,0,0
LPT.V,D,20201214,000000,1.451,1.54,1.451,1.54,0,0
LPT.V,D,20201215,000000,1.54,1.553,1.512,1.512,0,0
LPT.V,D,20201216,000000,1.512,1.68,1.512,1.628,0,0
LPT.V,D,20201217,000000,1.628,1.74,1.628,1.728,0,0
LPT.V,D,20201218,000000,1.728,1.752,1.712,1.712,0,0
LPT.V,D,20201219,000000,1.712,1.765,1.669,1.669,0,0
LPT.V,D,20201220,000000,1.669,1.669,1.408,1.545,0,0
LPT.V,D,20201221,000000,1.545,1.56,1.477,1.528,0,0
LPT.V,D,20201222,000000,1.528,1.628,1.528,1.594,0,0
LPT.V,D,20201223,000000,1.594,1.594,1.487,1.54,0,0
LPT.V,D,20201224,000000,1.54,1.572,1.54,1.557,0,0
LPT.V,D,20201225,000000,1.557,1.622,1.557,1.579,0,0
LPT.V,D,20201226,000000,1.579,1.69,1.54,1.543,0,0
LPT.V,D,20201227,000000,1.543,1.547,1.419,1.485,0,0
LPT.V,D,20201228,000000,1.485,1.598,1.485,1.519,0,0
LPT.V,D,20201229,000000,1.519,1.552,1.517,1.517,0,0
LPT.V,D,20201230,000000,1.517,1.602,1.496,1.496,0,0
LPT.V,D,20201231,000000,1.496,1.514,1.442,1.461,0,0
LPT.V,D,20210101,000000,1.461,1.482,1.432,1.446,0,0
LPT.V,D,20210102,000000,1.446,1.584,1.413,1.443,0,0
LPT.V,D,20210103,000000,1.443,1.597,1.389,1.597,0,0
LPT.V,D,20210104,000000,1.597,1.645,1.531,1.558,0,0
LPT.V,D,20210105,000000,1.558,1.655,1.558,1.65,0,0
LPT.V,D,20210106,000000,1.65,1.806,1.65,1.786,0,0
LPT.V,D,20210107,000000,1.786,1.915,1.786,1.857,0,0
LPT.V,D,20210108,000000,1.857,1.911,1.538,1.608,0,0
LPT.V,D,20210109,000000,1.608,1.608,1.53,1.554,0,0
LPT.V,D,20210110,000000,1.554,1.57,1.475,1.57,0,0
LPT.V,D,20210111,000000,1.57,1.57,1.439,1.473,0,0
LPT.V,D,20210112,000000,1.473,1.473,1.331,1.419,0,0
LPT.V,D,20210113,000000,1.419,1.596,1.419,1.519,0,0
LPT.V,D,20210114,000000,1.519,1.603,1.511,1.519,0,0
LPT.V,D,20210115,000000,1.519,1.571,1.427,1.518,0,0
LPT.V,D,20210116,000000,1.518,1.519,1.448,1.519,0,0
LPT.V,D,20210117,000000,1.519,1.649,1.511,1.54,0,0
LPT.V,D,20210118,000000,1.54,1.614,1.54,1.6,0,0
LPT.V,D,20210119,000000,1.6,2.112,1.541,1.946,0,0
LPT.V,D,20210120,000000,1.946,2.095,1.818,2.059,0,0
LPT.V,D,20210121,000000,2.059,2.066,1.641,1.967,0,0
LPT.V,D,20210122,000000,1.967,6.598,1.967,3.908,0,0
LPT.V,D,20210123,000000,3.908,4.887,3.58,4.058,0,0
LPT.V,D,20210124,000000,4.058,4.736,3.987,4.258,0,0
LPT.V,D,20210125,000000,4.258,4.97,3.976,4.612,0,0
LPT.V,D,20210126,000000,4.612,4.936,4.321,4.562,0,0
LPT.V,D,20210127,000000,4.562,4.562,3.803,3.803,0,0
LPT.V,D,20210128,000000,3.803,4.455,3.803,3.883,0,0
LPT.V,D,20210129,000000,3.883,4.11,2.78,3.535,0,0
LPT.V,D,20210130,000000,3.535,3.542,2.786,2.922,0,0
LPT.V,D,20210131,000000,2.922,3.364,2.751,3.151,0,0
LPT.V,D,20210201,000000,3.151,3.421,2.792,3.052,0,0
LPT.V,D,20210202,000000,3.052,3.26,2.962,3.151,0,0
LPT.V,D,20210203,000000,3.151,3.67,3.058,3.481,0,0
LPT.V,D,20210204,000000,3.481,4.49,3.201,3.604,0,0
LPT.V,D,20210205,000000,3.604,4.18,3.525,3.78,0,0
LPT.V,D,20210206,000000,3.78,3.874,3.388,3.522,0,0
LPT.V,D,20210207,000000,3.522,3.522,3.13,3.338,0,0
LPT.V,D,20210208,000000,3.338,4.275,3.32,3.576,0,0
LPT.V,D,20210209,000000,3.576,3.68,3.253,3.413,0,0
LPT.V,D,20210210,000000,3.413,3.858,3.224,3.639,0,0
LPT.V,D,20210211,000000,3.639,4.387,3.451,3.6,0,0
LPT.V,D,20210212,000000,3.6,4.981,3.558,4.453,0,0
LPT.V,D,20210213,000000,4.453,5.789,4.33,4.699,0,0
LPT.V,D,20210214,000000,4.699,5.22,4.125,4.588,0,0
LPT.V,D,20210215,000000,4.588,4.638,4.18,4.28,0,0
LPT.V,D,20210216,000000,4.28,4.908,4.156,4.609,0,0
LPT.V,D,20210217,000000,4.609,5.242,4.422,4.639,0,0
LPT.V,D,20210218,000000,4.639,4.849,4.416,4.849,0,0
LPT.V,D,20210219,000000,4.849,6.712,4.849,5.206,0,0
LPT.V,D,20210220,000000,5.206,5.646,4.753,5,0,0
LPT.V,D,20210221,000000,5,5.243,4.382,4.451,0,0
LPT.V,D,20210222,000000,4.451,4.931,3.961,4.225,0,0
LPT.V,D,20210223,000000,4.225,4.225,3.599,3.599,0,0
LPT.V,D,20210224,000000,3.599,3.964,3.578,3.643,0,0
LPT.V,D,20210225,000000,3.643,3.643,3.257,3.445,0,0
LPT.V,D,20210226,000000,3.445,3.705,3.285,3.705,0,0
LPT.V,D,20210227,000000,3.705,4.693,3.694,4.514,0,0
LPT.V,D,20210228,000000,4.514,4.879,3.964,4.061,0,0
LPT.V,D,20210301,000000,4.061,4.453,3.971,4.172,0,0
LPT.V,D,20210302,000000,4.172,4.172,3.832,4.046,0,0
LPT.V,D,20210303,000000,4.046,4.283,3.982,4.158,0,0
LPT.V,D,20210304,000000,4.158,4.158,3.85,3.966,0,0
LPT.V,D,20210305,000000,3.966,4.124,3.913,3.933,0,0
LPT.V,D,20210306,000000,3.933,4.087,3.926,3.991,0,0
LPT.V,D,20210307,000000,3.991,5.193,3.991,4.793,0,0
LPT.V,D,20210308,000000,4.793,5.241,4.485,4.86,0,0
LPT.V,D,20210309,000000,4.86,5.8,4.669,5.167,0,0
LPT.V,D,20210310,000000,5.167,5.533,4.754,5.086,0,0
LPT.V,D,20210311,000000,5.086,5.781,4.907,5.377,0,0
LPT.V,D,20210312,000000,5.377,5.726,4.908,5.151,0,0
LPT.V,D,20210313,000000,5.151,5.607,5.151,5.4,0,0
LPT.V,D,20210314,000000,5.4,7.157,5.208,7.139,0,0
LPT.V,D,20210315,000000,7.139,7.509,6.012,7.142,0,0
LPT.V,D,20210316,000000,7.142,7.543,6.609,7.343,0,0
LPT.V,D,20210317,000000,7.343,20.45,7.343,18.52,0,0
LPT.V,D,20210318,000000,18.52,24.92,16.17,17.18,0,0
LPT.V,D,20210319,000000,17.18,23.3,16.85,18.72,0,0
LPT.V,D,20210320,000000,18.72,32.25,18.71,27.6,0,0
LPT.V,D,20210321,000000,27.6,33.7,25.82,30.08,0,0
LPT.V,D,20210322,000000,30.08,30.08,22.13,23.35,0,0
LPT.V,D,20210323,000000,23.35,25.91,22.29,23.5,0,0
LPT.V,D,20210324,000000,23.5,23.5,18.19,19.26,0,0
LPT.V,D,20210325,000000,19.26,19.82,16.9,18.91,0,0
LPT.V,D,20210326,000000,18.91,24.25,18.91,23.56,0,0
LPT.V,D,20210327,000000,23.56,28.11,23.56,27.13,0,0
LPT.V,D,20210328,000000,27.13,28.41,23.1,24.62,0,0
LPT.V,D,20210329,000000,24.62,27.19,23.26,24.66,0,0
LPT.V,D,20210330,000000,24.66,26.01,23.82,25.03,0,0
LPT.V,D,20210331,000000,25.03,25.87,22.83,23.4,0,0
LPT.V,D,20210401,000000,23.4,30.03,23.3,30.03,0,0
LPT.V,D,20210402,000000,30.03,39.79,27.96,34.77,0,0
LPT.V,D,20210403,000000,34.77,42.36,33.15,36.28,0,0
LPT.V,D,20210404,000000,36.28,41.73,36.28,39.7,0,0
LPT.V,D,20210405,000000,39.7,40.31,33.93,35.18,0,0
LPT.V,D,20210406,000000,35.18,35.28,30.17,30.6,0,0
LPT.V,D,20210407,000000,30.6,34.13,28.51,29.1,0,0
LPT.V,D,20210408,000000,29.1,35.82,29.1,33.02,0,0
LPT.V,D,20210409,000000,33.02,33.03,30.34,31.26,0,0
LPT.V,D,20210410,000000,31.26,33.74,30.64,32.09,0,0
LPT.V,D,20210411,000000,32.09,32.35,30.86,31.18,0,0
LPT.V,D,20210412,000000,31.18,32.42,30.17,30.19,0,0
LPT.V,D,20210413,000000,30.19,32.45,28.16,30.57,0,0
LPT.V,D,20210414,000000,30.57,31.05,28.16,29.1,0,0
LPT.V,D,20210415,000000,29.1,31.81,28.49,30.69,0,0
LPT.V,D,20210416,000000,30.69,33.23,29.2,32.32,0,0
LPT.V,D,20210417,000000,32.32,33.84,31.61,32.87,0,0
LPT.V,D,20210418,000000,32.87,32.87,27,27.88,0,0
LPT.V,D,20210419,000000,27.88,29.68,27.23,27.93,0,0
LPT.V,D,20210420,000000,27.93,29.94,27.12,29.93,0,0
LPT.V,D,20210421,000000,29.93,31.75,28.03,30.52,0,0
LPT.V,D,20210422,000000,30.52,30.52,27.11,29.04,0,0
LPT.V,D,20210423,000000,29.04,29.04,26.92,27.43,0,0
LPT.V,D,20210424,000000,27.43,29.33,26.86,28.03,0,0
LPT.V,D,20210425,000000,28.03,29.05,26.78,26.85,0,0
LPT.V,D,20210426,000000,26.85,30.11,26.85,29.19,0,0
LPT.V,D,20210427,000000,29.19,31.19,29.19,29.76,0,0
LPT.V,D,20210428,000000,29.76,34.02,29.07,31.15,0,0
LPT.V,D,20210429,000000,31.15,35.63,29.87,34.37,0,0
LPT.V,D,20210430,000000,34.37,42.1,33.88,34.61,0,0
LPT.V,D,20210501,000000,34.61,36.08,34.47,34.59,0,0
LPT.V,D,20210502,000000,34.59,34.59,33.15,33.94,0,0
LPT.V,D,20210503,000000,33.94,34.28,32.25,32.63,0,0
LPT.V,D,20210504,000000,32.63,34.6,28.58,29.92,0,0
LPT.V,D,20210505,000000,29.92,32.31,29.9,31.06,0,0
LPT.V,D,20210506,000000,31.06,36.85,29.97,32.12,0,0
LPT.V,D,20210507,000000,32.12,33.65,31.58,32.39,0,0
LPT.V,D,20210508,000000,32.39,36.73,32.39,34.74,0,0
LPT.V,D,20210509,000000,34.74,34.74,32.18,33.23,0,0
LPT.V,D,20210510,000000,33.23,44.52,30.85,44.4,0,0
LPT.V,D,20210511,000000,44.4,46.29,39.74,40.59,0,0
LPT.V,D,20210512,000000,40.59,40.59,34.41,36.03,0,0
LPT.V,D,20210513,000000,36.03,38.02,33.58,34.18,0,0
LPT.V,D,20210514,000000,34.18,35.11,33.1,33.86,0,0
LPT.V,D,20210515,000000,33.86,33.86,29.68,31.05,0,0
LPT.V,D,20210516,000000,31.05,31.93,29.58,30.36,0,0
LPT.V,D,20210517,000000,30.36,30.36,26.47,29.14,0,0
LPT.V,D,20210518,000000,29.14,30.74,27.61,30.01,0,0
LPT.V,D,20210519,000000,30.01,30.01,20.22,22.34,0,0
LPT.V,D,20210520,000000,22.34,24.67,21.28,22.89,0,0
LPT.V,D,20210521,000000,22.89,22.89,17.74,17.89,0,0
LPT.V,D,20210522,000000,17.89,18.72,16.87,17.41,0,0
LPT.V,D,20210523,000000,17.41,17.41,11.18,13.63,0,0
LPT.V,D,20210524,000000,13.63,20.83,13.63,20.81,0,0
LPT.V,D,20210525,000000,20.81,23.92,19.88,23.75,0,0
LPT.V,D,20210526,000000,23.75,29.35,23.75,28.62,0,0
LPT.V,D,20210527,000000,28.62,33.1,27.82,31.17,0,0
LPT.V,D,20210528,000000,31.17,36.61,25.49,27.17,0,0
LPT.V,D,20210529,000000,27.17,27.17,22.11,23.2,0,0
LPT.V,D,20210530,000000,23.2,24.56,22.98,23.41,0,0
LPT.V,D,20210531,000000,23.41,25.18,23.41,23.74,0,0
LPT.V,D,20210601,000000,23.74,25.27,23.34,25.2,0,0
LPT.V,D,20210602,000000,25.2,27.66,25.2,27.66,0,0
LPT.V,D,20210603,000000,27.66,31.31,27.66,30.8,0,0
LPT.V,D,20210604,000000,30.8,31.33,27.45,28.01,0,0
LPT.V,D,20210605,000000,28.01,28.41,26.41,27.36,0,0
LPT.V,D,20210606,000000,27.36,27.56,25.22,25.67,0,0
LPT.V,D,20210607,000000,25.67,25.67,23.32,24.86,0,0
LPT.V,D,20210608,000000,24.86,26.56,24.35,25.71,0,0
LPT.V,D,20210609,000000,25.71,29.52,25.71,28.07,0,0
LPT.V,D,20210610,000000,28.07,28.07,26.38,27.28,0,0
LPT.V,D,20210611,000000,27.28,28.52,25.51,26.29,0,0
LPT.V,D,20210612,000000,26.29,26.29,24.92,25.82,0,0
LPT.V,D,20210613,000000,25.82,28.72,25.82,27.14,0,0
LPT.V,D,20210614,000000,27.14,28.76,27.06,27.27,0,0
LPT.V,D,20210615,000000,27.27,27.47,25.81,26.65,0,0
LPT.V,D,20210616,000000,26.65,26.65,25.11,25.44,0,0
LPT.V,D,20210617,000000,25.44,25.44,24.69,24.75,0,0
LPT.V,D,20210618,000000,24.75,24.75,23.29,24.3,0,0
LPT.V,D,20210619,000000,24.3,24.56,23.62,24.39,0,0
LPT.V,D,20210620,000000,24.39,26.48,24.34,25.24,0,0
LPT.V,D,20210621,000000,25.24,25.24,19.93,20.14,0,0
LPT.V,D,20210622,000000,20.14,38.3,19.52,25.22,0,0
LPT.V,D,20210623,000000,25.22,32.23,23.04,24.43,0,0
LPT.V,D,20210624,000000,24.43,25.79,22.89,23.17,0,0
LPT.V,D,20210625,000000,23.17,23.17,19.25,19.89,0,0
LPT.V,D,20210626,000000,19.89,21.56,18.33,18.57,0,0
LPT.V,D,20210627,000000,18.57,22.09,18.57,20.23,0,0
LPT.V,D,20210628,000000,20.23,20.24,19.19,19.5,0,0
LPT.V,D,20210629,000000,19.5,21.19,19.5,20.17,0,0
LPT.V,D,20210630,000000,20.17,23,19.03,19.68,0,0
LPT.V,D,20210701,000000,19.68,19.68,18.2,18.34,0,0
LPT.V,D,20210702,000000,18.34,18.82,17.17,17.39,0,0
LPT.V,D,20210703,000000,17.39,18.97,17.39,17.97,0,0
LPT.V,D,20210704,000000,17.97,18.62,17.97,18.14,0,0
LPT.V,D,20210705,000000,18.14,18.14,16.93,17.24,0,0
LPT.V,D,20210706,000000,17.24,17.82,16.98,17.18,0,0
LPT.V,D,20210707,000000,17.18,18.38,16.86,17.29,0,0
LPT.V,D,20210708,000000,17.29,17.29,15.61,16.23,0,0
LPT.V,D,20210709,000000,16.23,16.96,15.89,16.02,0,0
LPT.V,D,20210710,000000,16.02,16.34,15.39,15.56,0,0
LPT.V,D,20210711,000000,15.56,16.1,15.56,15.6,0,0
LPT.V,D,20210712,000000,15.6,15.64,14.59,14.65,0,0
LPT.V,D,20210713,000000,14.65,15.1,14.2,14.55,0,0
LPT.V,D,20210714,000000,14.55,14.83,13.44,14.19,0,0
LPT.V,D,20210715,000000,14.19,14.82,13.23,13.37,0,0
LPT.V,D,20210716,000000,13.37,14.29,12.18,12.28,0,0
LPT.V,D,20210717,000000,12.28,17.17,12.21,14.21,0,0
LPT.V,D,20210718,000000,14.21,14.32,12.91,12.95,0,0
LPT.V,D,20210719,000000,12.95,12.95,11.55,11.62,0,0
LPT.V,D,20210720,000000,11.62,11.62,10.82,11.13,0,0
LPT.V,D,20210721,000000,11.13,12.63,11.13,11.49,0,0
LPT.V,D,20210722,000000,11.49,12.74,11.31,11.33,0,0
LPT.V,D,20210723,000000,11.33,12.58,11.33,12.16,0,0
LPT.V,D,20210724,000000,12.16,13.3,12.02,12.09,0,0
LPT.V,D,20210725,000000,12.09,12.79,12.09,12.27,0,0
LPT.V,D,20210726,000000,12.27,13.06,11.94,12.36,0,0
LPT.V,D,20210727,000000,12.36,16.16,12.36,14.5,0,0
LPT.V,D,20210728,000000,14.5,14.84,13.79,14.13,0,0
LPT.V,D,20210729,000000,14.13,17.51,13.82,16.12,0,0
LPT.V,D,20210730,000000,16.12,23.62,16.12,19.14,0,0
LPT.V,D,20210731,000000,19.14,20.94,18.61,18.72,0,0
LPT.V,D,20210801,000000,18.72,18.72,16.6,16.87,0,0
LPT.V,D,20210802,000000,16.87,17.4,16.49,17.08,0,0
LPT.V,D,20210803,000000,17.08,17.08,15.49,15.95,0,0
LPT.V,D,20210804,000000,15.95,17.58,15.95,17.16,0,0
LPT.V,D,20210805,000000,17.16,18.04,16.31,16.5,0,0
LPT.V,D,20210806,000000,16.5,18.18,16.5,17.16,0,0
LPT.V,D,20210807,000000,17.16,18.29,16.79,17.03,0,0
LPT.V,D,20210808,000000,17.03,21.67,16.56,18.22,0,0
LPT.V,D,20210809,000000,18.22,21.05,18.22,18.79,0,0
LPT.V,D,20210810,000000,18.79,19.6,18.35,19.16,0,0
LPT.V,D,20210811,000000,19.16,20.45,17.06,18.4,0,0
LPT.V,D,20210812,000000,18.6,18.6,17.72,18.29,0,0
LPT.V,D,20210813,000000,18.29,20.66,18.29,19.16,0,0
LPT.V,D,20210814,000000,19.16,21.11,18.8,19.86,0,0
LPT.V,D,20210815,000000,19.86,20.4,19.72,20.01,0,0
LPT.V,D,20210816,000000,20.01,20.19,19.11,19.37,0,0
LPT.V,D,20210817,000000,19.37,19.37,18.3,18.33,0,0
LPT.V,D,20210818,000000,18.33,18.87,17.49,18.44,0,0
LPT.V,D,20210819,000000,18.44,24.04,18.44,21.05,0,0
LPT.V,D,20210820,000000,21.05,25.48,21.05,21.87,0,0
LPT.V,D,20210821,000000,21.87,22.73,21.33,22.14,0,0
LPT.V,D,20210822,000000,22.14,23.03,21.28,21.79,0,0
LPT.V,D,20210823,000000,21.79,22.04,21.3,21.96,0,0
LPT.V,D,20210824,000000,21.96,21.96,19.74,19.92,0,0
LPT.V,D,20210825,000000,19.92,21.26,19.92,20.9,0,0
LPT.V,D,20210826,000000,20.9,20.9,18.49,18.65,0,0
LPT.V,D,20210827,000000,18.65,20.8,18.65,20.41,0,0
LPT.V,D,20210828,000000,20.41,20.41,19.39,19.67,0,0
LPT.V,D,20210829,000000,19.67,20.85,19.18,20.64,0,0
LPT.V,D,20210830,000000,20.64,20.64,18.78,19.47,0,0
LPT.V,D,20210831,000000,19.47,21.92,19.23,20.37,0,0
LPT.V,D,20210901,000000,20.37,21.52,20.37,20.98,0,0
LPT.V,D,20210902,000000,20.98,21.72,19.94,20.37,0,0
LPT.V,D,20210903,000000,20.37,21.09,20.28,20.84,0,0
LPT.V,D,20210904,000000,20.84,21.67,20.46,20.58,0,0
LPT.V,D,20210905,000000,20.58,22.55,20.58,21.98,0,0
LPT.V,D,20210906,000000,21.98,23.63,21.55,22.56,0,0
LPT.V,D,20210907,000000,22.56,22.56,17.74,19.36,0,0
LPT.V,D,20210908,000000,19.36,19.67,17.45,18.79,0,0
LPT.V,D,20210909,000000,18.79,19.99,17.96,18.79,0,0
LPT.V,D,20210910,000000,18.79,18.79,16.85,17.25,0,0
LPT.V,D,20210911,000000,17.25,17.93,17.11,17.45,0,0
LPT.V,D,20210912,000000,17.45,19.32,17.45,18.63,0,0
LPT.V,D,20210913,000000,18.63,18.63,17.17,17.23,0,0
LPT.V,D,20210914,000000,17.23,18.64,17.23,18.37,0,0
LPT.V,D,20210915,000000,18.37,19.64,18.37,18.99,0,0
LPT.V,D,20210916,000000,18.99,19.1,18.51,18.67,0,0
LPT.V,D,20210917,000000,18.67,19.1,18.01,18.93,0,0
LPT.V,D,20210918,000000,18.93,19.84,18.72,19.02,0,0
LPT.V,D,20210919,000000,19.02,19.05,17.95,18.14,0,0
LPT.V,D,20210920,000000,18.14,18.14,15.9,16.87,0,0
LPT.V,D,20210921,000000,16.87,16.87,15.06,15.77,0,0
LPT.V,D,20210922,000000,15.77,25.69,15.77,18,0,0
LPT.V,D,20210923,000000,18,19.39,17.9,17.98,0,0
LPT.V,D,20210924,000000,17.98,17.98,16.12,17.26,0,0
LPT.V,D,20210925,000000,17.26,18.33,16.61,17.19,0,0
LPT.V,D,20210926,000000,17.19,18.57,16.45,17.05,0,0
LPT.V,D,20210927,000000,17.05,17.62,16.17,16.36,0,0
LPT.V,D,20210928,000000,16.36,17.54,15.83,15.97,0,0
LPT.V,D,20210929,000000,15.97,17.72,15.97,16.82,0,0
LPT.V,D,20210930,000000,16.82,17.75,16.7,16.92,0,0
LPT.V,D,20211001,000000,16.89,17.86,16.74,17.74,0,0
LPT.V,D,20211002,000000,17.77,18.93,17.44,17.81,0,0
LPT.V,D,20211003,000000,17.79,18.07,17.25,17.59,0,0
LPT.V,D,20211004,000000,17.59,17.84,17.03,17.39,0,0
LPT.V,D,20211005,000000,17.39,18.39,17.35,18.03,0,0
LPT.V,D,20211006,000000,18.03,18.35,17.03,17.86,0,0
LPT.V,D,20211007,000000,17.86,18.72,16.67,17.88,0,0
LPT.V,D,20211008,000000,17.88,18.76,17.71,18.27,0,0
LPT.V,D,20211009,000000,18.27,19.33,18.06,18.26,0,0
LPT.V,D,20211010,000000,18.26,18.6,17.57,17.79,0,0
LPT.V,D,20211011,000000,17.79,18.31,17.52,17.84,0,0
LPT.V,D,20211012,000000,17.84,18.02,16.28,17.8,0,0
LPT.V,D,20211013,000000,17.8,18.73,17.69,18.25,0,0
LPT.V,D,20211014,000000,18.25,29.47,18.25,25.2,0,0
LPT.V,D,20211015,000000,25.2,29.28,21.01,21.79,0,0
LPT.V,D,20211016,000000,21.79,23.48,21.47,21.61,0,0
LPT.V,D,20211017,000000,21.61,22.3,19.76,20.22,0,0
LPT.V,D,20211018,000000,20.22,38.68,19.77,28.27,0,0
LPT.V,D,20211019,000000,28.27,36.99,26.64,31.2,0,0
LPT.V,D,20211020,000000,31.2,31.57,27.05,27.59,0,0
LPT.V,D,20211021,000000,27.59,27.63,25.39,25.52,0,0
LPT.V,D,20211022,000000,25.52,26.66,24.96,25.15,0,0
LPT.V,D,20211023,000000,25.15,25.54,24.32,24.6,0,0
LPT.V,D,20211024,000000,24.6,24.77,23,23.31,0,0
LPT.V,D,20211025,000000,23.31,26.64,23.17,25.99,0,0
LPT.V,D,20211026,000000,25.99,25.99,24.37,24.5,0,0
LPT.V,D,20211027,000000,24.5,24.98,22.35,22.48,0,0
LPT.V,D,20211028,000000,22.48,24.17,22.38,23.64,0,0
LPT.V,D,20211029,000000,23.64,24.39,23.27,23.95,0,0
LPT.V,D,20211030,000000,23.95,29.72,23.49,27.98,0,0
LPT.V,D,20211031,000000,27.98,37.88,26.45,28.34,0,0
LPT.V,D,20211101,000000,28.34,28.34,25.94,26.62,0,0
LPT.V,D,20211102,000000,26.62,35.05,26.4,29.78,0,0
LPT.V,D,20211103,000000,29.78,33.41,28.3,29.49,0,0
LPT.V,D,20211104,000000,29.49,38.49,29.46,34.23,0,0
LPT.V,D,20211105,000000,34.23,38.03,32.07,32.39,0,0
LPT.V,D,20211106,000000,32.39,33.72,30.87,33.32,0,0
LPT.V,D,20211107,000000,33.32,39.55,32.61,36.19,0,0
LPT.V,D,20211108,000000,36.19,55.76,34.87,49.15,0,0
LPT.V,D,20211109,000000,49.15,100.99,46.06,72.09,0,0
LPT.V,D,20211110,000000,72.09,82.32,61,74.66,0,0
LPT.V,D,20211111,000000,74.66,74.66,61.47,63.37,0,0
LPT.V,D,20211112,000000,63.37,64.66,57.11,58.76,0,0
LPT.V,D,20211113,000000,58.76,81.7,58.76,68.28,0,0
LPT.V,D,20211114,000000,68.28,69.65,63.05,64.74,0,0
LPT.V,D,20211115,000000,64.74,73.27,63.37,65.56,0,0
LPT.V,D,20211116,000000,65.56,68.82,58.68,61.19,0,0
LPT.V,D,20211117,000000,61.19,62.21,53.91,55.76,0,0
LPT.V,D,20211118,000000,55.76,57.52,45.91,47.08,0,0
LPT.V,D,20211119,000000,47.08,57.11,46.73,53.7,0,0
LPT.V,D,20211120,000000,53.7,54.9,50.58,52.27,0,0
LPT.V,D,20211121,000000,52.27,54.93,49.9,50.15,0,0
LPT.V,D,20211122,000000,50.15,52.26,47.18,47.56,0,0
LPT.V,D,20211123,000000,47.56,53.99,47.22,50.3,0,0
LPT.V,D,20211124,000000,50.3,50.52,45.23,46.24,0,0
LPT.V,D,20211125,000000,46.25,63.33,45.86,61.5,0,0
LPT.V,D,20211126,000000,61.11,70.06,53.45,55.25,0,0
LPT.V,D,20211127,000000,55.37,68.72,54.22,59.77,0,0
LPT.V,D,20211128,000000,59.73,59.98,51.37,55.05,0,0
LPT.V,D,20211129,000000,55,58.29,54.17,55.34,0,0
LPT.V,D,20211130,000000,55.08,56.15,51.09,52.8,0,0
LPT.V,D,20211201,000000,52.93,57.24,51.99,54.91,0,0
LPT.V,D,20211202,000000,55.3,59.99,52.43,53.08,0,0
LPT.V,D,20211203,000000,53.02,53.54,44.94,46.85,0,0
LPT.V,D,20211204,000000,46.9,47.41,35,42.62,0,0
LPT.V,D,20211205,000000,42.79,49.15,39.82,40.84,0,0
LPT.V,D,20211206,000000,40.85,42.71,37.63,42.53,0,0
LPT.V,D,20211207,000000,42.47,44.01,40.99,41.25,0,0
LPT.V,D,20211208,000000,40.97,41.64,39.2,40.96,0,0
LPT.V,D,20211209,000000,41.21,42.17,37.28,38.08,0,0
LPT.V,D,20211210,000000,38.35,39.66,36.47,36.55,0,0
LPT.V,D,20211211,000000,36.58,38.54,35.03,38.1,0,0
LPT.V,D,20211212,000000,38.23,39.43,37.25,39.26,0,0
LPT.V,D,20211213,000000,39.11,39.67,32.06,33.06,0,0
LPT.V,D,20211214,000000,33.12,33.92,31.62,33.08,0,0
LPT.V,D,20211215,000000,33.07,35.53776,31.11866,35.10105,0,0
LPT.V,D,20211216,000000,35.07103,39.63189,34.80739,38.22146,0,0
LPT.V,D,20211217,000000,38.23147,38.35534,34.36374,36.2645,0,0
LPT.V,D,20211218,000000,36.2645,37.22488,35.3606,36.37454,0,0
LPT.V,D,20211219,000000,36.37454,37.81734,35.67683,36.02941,0,0
LPT.V,D,20211220,000000,36.028,36.04041,32.34547,33.80514,0,0
LPT.V,D,20211221,000000,33.80414,37.17586,33.75312,36.78071,0,0
LPT.V,D,20211222,000000,36.78071,40.98048,36.5246,40.4202,0,0
LPT.V,D,20211223,000000,40.41616,46.33927,39.82592,44.53225,0,0
LPT.V,D,20211224,000000,44.5178,46.84873,43.80189,44.14647,0,0
LPT.V,D,20211225,000000,44.14647,48.0288,43.76187,44.5278,0,0
LPT.V,D,20211226,000000,44.5178,45.0325,42.77137,43.7575,45337,0
LPT.V,D,20211227,000000,43.78751,46.8234,43.15726,44.44333,111137,0
LPT.V,D,20211228,000000,44.54336,44.60892,38.0238,38.63773,141532,0
LPT.V,D,20211229,000000,38.62772,54.84548,38.43384,42.95859,1421298,0
LPT.V,D,20211230,000000,42.84857,43.14863,39.42788,40.08802,333550,0
LPT.V,D,20211231,000000,40.14963,42.4973,38.6633,39.74027,200433.38880638,0
LPT.V,D,20220101,000000,39.85399,41.83,39.60396,40.55811,89272.850821523,0
LPT.V,D,20220102,000000,40.62406,41.20824,39.80398,40.41808,106772.84727772,0
LPT.V,D,20220103,000000,40.44409,42.77428,40.05601,41.56416,180309.8564853,0
LPT.V,D,20220104,000000,41.56416,45.9554,40.70593,44.12,294844.34220445,0
LPT.V,D,20220105,000000,44.08118,52.08521,39.71603,42.23578,1126362.6839269,0
LPT.V,D,20220106,000000,42.05,46.75,40.38596,42.34577,628190.74133976,0
LPT.V,D,20220107,000000,42.41576,42.41576,36.60901,37.09629,170390.9499598,0
LPT.V,D,20220108,000000,37.08629,38.59614,33.84661,35.44,110733.93513825,0
LPT.V,D,20220109,000000,35.49,38.12619,34.68,37.41,105899.70395035,0
LPT.V,D,20220110,000000,37.44,37.457,32.19678,33.3,132691.39311478,0
LPT.V,D,20220111,000000,33.28,37.0337,33.06,36.65366,126803.45420169,0
LPT.V,D,20220112,000000,36.65066,39.30171,36.31926,39.21568,94018.357003013,0
LPT.V,D,20220113,000000,39.2757,39.39575,35.92436,35.93437,89154.100014093,0
LPT.V,D,20220114,000000,35.95738,37.36867,34.69734,35.90077,105260.60508515,0
LPT.V,D,20220115,000000,35.93078,36.91582,35.49774,36.25812,91242.652319139,0
LPT.V,D,20220116,000000,36.27013,36.84441,35.25462,36.5256,87772.220738359,0
LPT.V,D,20220117,000000,36.5116,36.56062,33.73312,34.18667,75556.894221595,0
LPT.V,D,20220118,000000,34.20668,35.22208,33.07992,34.31372,78669.921517082,0
LPT.V,D,20220119,000000,34.29629,34.41776,32.04181,32.80984,86138.919628487,0
LPT.V,D,20220120,000000,32.81556,34.42733,31.06911,31.26013,86937.232806424,0
LPT.V,D,20220121,000000,31.16723,31.17323,24.5249,25.05751,205745.63541138,0
LPT.V,D,20220122,000000,25.10753,25.50765,20.70414,23.62709,224544.51146748,0
LPT.V,D,20220123,000000,23.58707,26.47529,23.21232,23.57471,307849.58478644,0
LPT.V,D,20220124,000000,23.59472,24.39488,20.38408,23.30699,129542.25971171,0
LPT.V,D,20220125,000000,23.23697,24.2221,22.61478,23.37168,161458.14628221,0
LPT.V,D,20220126,000000,23.36067,26.63331,23.33399,23.83429,106221.39214289,0
LPT.V,D,20220127,000000,23.83929,25.6208,22.71962,23.65382,100645.1573411,0
LPT.V,D,20220128,000000,23.70485,25.9988,23.70248,25.70871,130681.52555849,0
LPT.V,D,20220129,000000,25.69571,27.38521,25.62612,27.05711,110172.53934899,0
LPT.V,D,20220130,000000,27.05411,27.56627,25.54822,26.09783,84193.405169075,0
LPT.V,D,20220131,000000,26.10344,27.87371,24.93097,27.03551,117523.50533214,0
LPT.V,D,20220201,000000,27.02851,27.62657,26.38719,26.62431,140089.29661637,0
LPT.V,D,20220202,000000,26.63031,28.38102,26.15007,26.71235,168174.71931654,0
LPT.V,D,20220203,000000,26.79142,27.31365,25.04301,25.51475,90357.430896864,0
LPT.V,D,20220204,000000,25.5052,29.58874,25.09205,29.07124,112323.29115888,0
LPT.V,D,20220205,000000,29.07124,30.70248,28.66905,29.77686,147043.27946416,0
LPT.V,D,20220206,000000,29.77285,31.05562,29.03741,30.03901,89075.588677162,0
LPT.V,D,20220207,000000,30.017,32.33708,29.98799,32.01059,132093.15898999,0
LPT.V,D,20220208,000000,32.01659,33.80702,29.09616,30.45042,168722.67122505,0
LPT.V,D,20220209,000000,30.50047,34.57109,30.01099,34.08405,321565.68110168,0
LPT.V,D,20220210,000000,33.98395,34.83132,31.4683,33.86369,218216.62462074,0
LPT.V,D,20220211,000000,33.89032,36.42184,29.56182,29.60888,438759.32515883,0
LPT.V,D,20220212,000000,29.60888,30.42432,28.08684,28.58714,186444.7589369,0
LPT.V,D,20220213,000000,28.59715,28.71722,25.59279,26.15568,265746.92565434,0
LPT.V,D,20220214,000000,26.16569,27.14628,25.27263,26.26575,192067.39927318,0
LPT.V,D,20220215,000000,26.29314,28.58714,26.22311,28.39703,127800.91458283,0
LPT.V,D,20220216,000000,28.38702,29.24754,27.21632,28.80727,122186.77477246,0
LPT.V,D,20220217,000000,28.78726,28.94736,25.3552,25.63793,82582.974798775,0
LPT.V,D,20220218,000000,25.62793,26.63863,24.66479,24.80487,91463.391172398,0
LPT.V,D,20220219,000000,24.81488,25.83549,24.03201,25.32519,70962.787584142,0
LPT.V,D,20220220,000000,25.30517,25.50529,23.32165,24.07203,78969.829104531,0
LPT.V,D,20220221,000000,24.05202,25.30264,22.48899,22.61904,163162.21101566,0
LPT.V,D,20220222,000000,22.6113,23.8543,21.55862,23.27163,147832.71146889,0
LPT.V,D,20220223,000000,23.27396,25.00249,22.53126,22.81368,126591.20381074,0
LPT.V,D,20220224,000000,22.81368,22.81368,18.82941,21.78871,206440.548825,0
LPT.V,D,20220225,000000,21.81654,25.21008,21.80872,25.19259,196831.67133491,0
LPT.V,D,20220226,000000,25.14256,25.99039,24.32973,24.47979,101152.68290742,0
LPT.V,D,20220227,000000,24.45978,25.69284,23.17927,24.35974,112529.28865974,0
LPT.V,D,20220228,000000,24.2597,26.18309,23.58943,25.7603,100642.42101195,0
LPT.V,D,20220301,000000,25.8229,28.5114,25.7603,26.59798,164538.667827,0
LPT.V,D,20220302,000000,26.56531,27.37821,25.6777,26.74535,126807.20218799,0
LPT.V,D,20220303,000000,26.678,27.40822,24.76495,25.34507,120012.27457859,0
LPT.V,D,20220304,000000,25.3276,25.43763,22.67453,22.93688,117628.83141221,0
LPT.V,D,20220305,000000,22.90687,23.70711,22.25445,23.40702,71712.669778597,0
LPT.V,D,20220306,000000,23.327,23.58707,22.07441,22.56677,55582.672080071,0
LPT.V,D,20220307,000000,22.54676,23.47704,21.40642,22.42673,73441.221850312,0
LPT.V,D,20220308,000000,22.43673,23.81476,22.27668,22.88458,94597.479938448,0
LPT.V,D,20220309,000000,22.82456,25.40508,22.79456,24.97499,74098.289214168,0
LPT.V,D,20220310,000000,24.9825,25.33507,23.0169,24.29972,69619.192164546,0
LPT.V,D,20220311,000000,22.95459,23.12231,22.89458,23.06231,1756.6586378792,0
LPT.V,D,20220312,000000,22.95459,23.65236,22.77455,23.16232,40893.755832904,0
LPT.V,D,20220313,000000,23.14694,23.41468,22.14664,22.29669,45306.288773007,0
LPT.V,D,20220314,000000,22.23445,23.33467,22.03441,23.0146,78287.856044524,0
LPT.V,D,20220315,000000,23.0323,23.4947,22.14443,23.18695,73832.366762536,0
LPT.V,D,20220316,000000,23.14694,24.13724,22.76455,23.72712,62814.38938562,0
LPT.V,D,20220317,000000,23.71711,25.12004,23.55471,24.97248,108862.0778719,0
LPT.V,D,20220318,000000,24.97999,25.75287,24.09204,25.53276,106918.36217408,0
LPT.V,D,20220319,000000,25.5204,28.11405,25.34013,27.53101,184829.73751466,0
LPT.V,D,20220320,000000,27.55102,28.03121,25.68027,26.29314,76354.705362373,0
LPT.V,D,20220321,000000,26.27313,27.72386,25.64025,26.90076,98743.549866699,0
LPT.V,D,20220322,000000,26.91076,29.35467,26.64065,28.00399,132059.75114471,0
LPT.V,D,20220323,000000,27.98398,28.84441,27.12355,28.33133,82566.326782341,0
LPT.V,D,20220324,000000,28.39419,29.0145,27.81112,28.07122,95048.357544192,0
LPT.V,D,20220325,000000,28.04121,28.69007,27.18359,27.61104,42520.103863811,0
LPT.V,D,20220326,000000,27.60379,28.30132,26.94346,27.33093,87979.428574767,0
LPT.V,D,20220327,000000,27.33366,29.49179,27.07082,28.99159,129563.28995902,0
LPT.V,D,20220328,000000,29.04161,30.93928,28.82865,29.69187,150559.53079073,0
LPT.V,D,20220329,000000,29.67483,30.41216,27.83113,29.15457,92903.522481234,0
LPT.V,D,20220330,000000,29.12455,30.98929,28.29131,30.41912,70152.904936831,0
LPT.V,D,20220331,000000,30.45913,32.17643,27.76833,28.13563,160104.89001249,0
LPT.V,D,20220401,000000,28.12844,29.15457,26.38528,28.84865,178466.64774881,0
LPT.V,D,20220402,000000,28.82576,30.97238,28.5157,29.64185,136238.39440505,0
LPT.V,D,20220403,000000,29.66186,29.86194,28.43137,29.65889,97343.578967937,0
LPT.V,D,20220404,000000,29.65186,29.78191,26.5153,27.6883,71663.959056427,0
LPT.V,D,20220405,000000,27.71831,28.43853,27.18272,27.65553,58137.102057558,0
LPT.V,D,20220406,000000,27.68554,27.89558,24.09,24.68247,129648.95043996,0
LPT.V,D,20220407,000000,24.56246,25.18252,23.49235,25.0425,81125.35873272,0
LPT.V,D,20220408,000000,25.0125,25.60024,24.17483,24.45978,103471.07678837,0
LPT.V,D,20220409,000000,24.43977,25.26758,23.74712,24.96749,86402.480157677,0
LPT.V,D,20220410,000000,24.96749,25.52766,24.44489,24.89747,62250.207676688,0
LPT.V,D,20220411,000000,24.84497,24.86497,22.26668,22.27668,54185.704301754,0
LPT.V,D,20220412,000000,22.31446,24.12724,22.05662,23.53706,87361.382479048,0
LPT.V,D,20220413,000000,23.53706,24.79744,23.37467,24.38731,67483.772012892,0
LPT.V,D,20220414,000000,24.35731,24.91747,23.63473,24.18484,49078.339931617,0
LPT.V,D,20220415,000000,24.17483,24.20484,22.82228,23.21464,66164.725333441,0
LPT.V,D,20220416,000000,23.20464,23.55471,22.68227,23.06461,21768.603293608,0
LPT.V,D,20220417,000000,23.09231,23.31466,22.65453,23.0146,84281.275080037,0
LPT.V,D,20220418,000000,22.97459,23.41702,21.45214,23.27698,172632.10734886,0
LPT.V,D,20220419,000000,23.29699,24.07481,23.0046,23.79476,82942.207129925,0
LPT.V,D,20220420,000000,23.80476,24.23485,22.95459,23.44469,92155.629390905,0
LPT.V,D,20220421,000000,23.45469,29.11582,23.30466,26.06521,1011320.2571139,0
LPT.V,D,20220422,000000,26.14261,28.70574,25.38508,25.83258,823480.52416057,0
LPT.V,D,20220423,000000,25.83517,26.69534,25.39254,26.42528,326446.48429112,0
LPT.V,D,20220424,000000,26.39528,27.21544,25.64513,26.35527,204434.17602863,0
LPT.V,D,20220425,000000,26.37527,26.68267,24.65,26.31526,180715.65038428,0
LPT.V,D,20220426,000000,26.39528,26.95539,23.39,23.82238,134067.49559807,0
LPT.V,D,20220427,000000,23.79238,24.88249,23.25,24.72247,87443.188384045,0
LPT.V,D,20220428,000000,24.77248,25.29253,24.26,24.56246,107187.45186976,0
LPT.V,D,20220429,000000,24.61,24.70247,23.0023,23.32233,80209.422296787,0
LPT.V,D,20220430,000000,23.29233,23.9924,23.12231,23.28233,122351.15283037,0
LPT.V,D,20220501,000000,23.21,23.89239,21.84218,22.76,206541.20235295,0
LPT.V,D,20220502,000000,22.77228,23.50235,21.55,22.0022,129680.62389457,0
LPT.V,D,20220503,000000,22.07,25.18252,21.50785,21.75782,217886.53436065,0
LPT.V,D,20220504,000000,21.76782,23.90761,21.60784,23.72,114063.43838581,0
LPT.V,D,20220505,000000,23.72288,24.10518,20.9758,21.35573,129555.63429938,0
LPT.V,D,20220506,000000,21.35786,22.03559,20.82583,21.62784,157885.90480622,0
LPT.V,D,20220507,000000,21.69783,21.9978,20.95581,20.95581,101061.71567722,0
LPT.V,D,20220508,000000,20.95581,22.54775,19.90204,20.57383,273383.25482298,0
LPT.V,D,20220509,000000,20.56383,20.56589,17.82465,18.17636,159310.59482509,0
LPT.V,D,20220510,000000,18.19636,19.4961,17.06317,17.2431,202190.0422552,0
LPT.V,D,20220511,000000,17.20312,18.04278,13.27801,14.10761,480061.68374614,0
LPT.V,D,20220512,000000,14.13608,15.29549,11.04215,13.71563,325664.37811987,0
LPT.V,D,20220513,000000,13.63172,16.5585,13.56328,15.04438,183303.60619434,0
LPT.V,D,20220514,000000,15.16114,15.25097,14.11031,14.96901,69147.338179786,0
LPT.V,D,20220515,000000,14.979,15.75108,14.04032,15.53977,100025.25727561,0
LPT.V,D,20220516,000000,15.5613,15.83098,14.19579,14.71936,91066.717631691,0
LPT.V,D,20220517,000000,14.77077,15.71954,14.42977,15.11184,119875.30582812,0
LPT.V,D,20220518,000000,15.12183,15.51136,13.28404,13.832,150955.41782548,0
LPT.V,D,20220519,000000,13.832,14.55689,13.23145,14.01737,145301.27920602,0
LPT.V,D,20220520,000000,13.99739,15.54755,13.83753,14.94055,331305.28640027,0
LPT.V,D,20220521,000000,14.96202,16.01076,14.77077,14.79075,305571.68768809,0
LPT.V,D,20220522,000000,14.76079,15.71796,14.55106,15.04193,149517.69303527,0
LPT.V,D,20220523,000000,15.01196,15.82416,14.50258,14.71232,136753.22382235,0
LPT.V,D,20220524,000000,14.68236,14.70381,13.06561,13.47246,169715.94110318,0
LPT.V,D,20220525,000000,13.49244,13.8134,13.08559,13.4039,135136.73875594,0
LPT.V,D,20220526,000000,13.4039,13.76346,11.63602,12.23775,162857.7125458,0
LPT.V,D,20220527,000000,12.24651,12.81717,11.66832,12.09789,164300.02517208,0
LPT.V,D,20220528,000000,12.11605,12.38524,11.75658,12.09595,90494.94835926,0
LPT.V,D,20220529,000000,12.09559,12.69653,11.73837,12.56604,94900.395690452,0
LPT.V,D,20220530,000000,12.56616,13.64812,12.48663,13.5605,150820.76519203,0
LPT.V,D,20220531,000000,13.50054,13.74899,12.53996,12.72981,149845.99773222,0
LPT.V,D,20220601,000000,12.7398,13.31934,12.04673,12.0991,178138.51383649,0
LPT.V,D,20220602,000000,12.0796,12.25896,11.74942,12.17903,188996.4501752,0
LPT.V,D,20220603,000000,12.18902,12.36886,11.55087,12.0595,98170.796259684,0
LPT.V,D,20220604,000000,12.0595,12.39821,11.64776,12.17074,260015.95906299,0
LPT.V,D,20220605,000000,12.17074,12.52859,12.10152,12.39833,355272.258931,0
LPT.V,D,20220606,000000,12.40833,13.02892,12.26846,12.58929,607418.04173496,0
LPT.V,D,20220607,000000,12.58929,12.67985,11.53019,12.60978,683977.7086659,0
LPT.V,D,20220608,000000,12.60978,13.10017,11.72132,12.39194,1059903.3305711,0
LPT.V,D,20220609,000000,12.40193,12.90966,11.9396,12.09983,905425.80664913,0
LPT.V,D,20220610,000000,12.11981,12.28979,11.07791,11.35556,999059.93507737,0
LPT.V,D,20220611,000000,11.36555,11.61756,10.03744,10.28836,370027.5599232,0
LPT.V,D,20220612,000000,10.27827,10.39834,9.30798,9.79793,198210.72059398,0
LPT.V,D,20220613,000000,9.77796,9.77796,7.6282,8.3185,2326658.3047991,0
LPT.V,D,20220614,000000,8.36835,8.55715,7.68062,7.7407,3173642.5454492,0
LPT.V,D,20220615,000000,7.72065,8.21096,7.03731,8.1877,2850269.515567,0
LPT.V,D,20220616,000000,8.27922,8.39076,7.15141,7.26981,1028554.767651,0
LPT.V,D,20220617,000000,7.12009,7.78916,7.02023,7.67078,1151652.8591017,0
LPT.V,D,20220618,000000,7.71,7.8707,6.44058,6.82892,2110672.2434788,0
LPT.V,D,20220619,000000,6.82892,7.63083,6.69042,7.51098,551648.2627716,0
LPT.V,D,20220620,000000,7.50024,8.24175,7.16068,7.80141,274674.16415724,0
LPT.V,D,20220621,000000,7.80063,8.84292,7.69153,8.31085,225110.5860876,0
LPT.V,D,20220622,000000,8.31168,8.59054,7.74148,7.992,299062.35943129,0
LPT.V,D,20220623,000000,7.992,8.58141,7.87212,8.45154,176093.70839857,0
LPT.V,D,20220624,000000,8.44155,10.40188,8.44155,10.27198,1098600.8074132,0
LPT.V,D,20220625,000000,10.26199,10.99899,9.13378,9.59328,767210.90735056,0
LPT.V,D,20220626,000000,9.60327,9.9932,9.20447,9.63412,282409.8533691,0
LPT.V,D,20220627,000000,9.6542,9.84399,8.94168,9.3217,179882.54565894,0
LPT.V,D,20220628,000000,9.31152,9.76111,8.82276,9.50867,143177.5577126,0
LPT.V,D,20220629,000000,9.5081,10.69586,9.00882,10.6471,405164.00958535,0
LPT.V,D,20220630,000000,10.62723,10.77705,8.96833,9.0691,476924.61213293,0
LPT.V,D,20220701,000000,9.07909,9.65936,8.449,8.55058,371095.88093254,0
LPT.V,D,20220702,000000,8.5406,8.55058,8.01038,8.32999,306523.8533046,0
LPT.V,D,20220703,000000,8.31002,8.33998,8.02874,8.19933,193612.41077478,0
LPT.V,D,20220704,000000,8.20931,8.51976,7.92968,8.47981,76486.506972228,0
LPT.V,D,20220705,000000,8.47981,8.60966,7.95124,8.3508,89456.898039128,0
LPT.V,D,20220706,000000,8.3508,8.61052,8.15102,8.53061,79533.450629909,0
LPT.V,D,20220707,000000,8.53974,8.96013,8.45069,8.8247,84087.13410466,0
LPT.V,D,20220708,000000,8.8347,9.4943,8.77385,9.1545,121965.6132544,0
LPT.V,D,20220709,000000,9.14451,9.62422,9.03367,9.53428,71639.65271617,0
LPT.V,D,20220710,000000,9.57329,9.57425,8.8247,9.1545,68891.3163608,0
LPT.V,D,20220711,000000,9.1545,9.21447,8.61138,8.63136,63424.307940007,0
LPT.V,D,20220712,000000,8.62172,8.62172,7.86213,7.88211,94097.240660954,0
LPT.V,D,20220713,000000,7.89242,8.15184,7.50174,7.96283,90961.416364883,0
LPT.V,D,20220714,000000,7.98281,8.36498,7.71382,8.19508,107159.30146509,0
LPT.V,D,20220715,000000,8.21507,8.70565,8.16428,8.58742,115743.4913985,0
LPT.V,D,20220716,000000,8.58742,8.91822,8.30668,8.68739,73908.484143217,0
LPT.V,D,20220717,000000,8.69774,9.20816,8.57854,9.06764,86628.732214565,0
LPT.V,D,20220718,000000,9.09754,10.22785,8.99685,9.32785,240275.72055878,0
LPT.V,D,20220719,000000,9.32776,9.9901,9.12918,9.77147,168914.91311157,0
LPT.V,D,20220720,000000,9.78,10.001,8.89982,9.25046,123329.36601074,0
LPT.V,D,20220721,000000,9.23111,9.29149,8.70087,9.23203,81203.291966448,0
LPT.V,D,20220722,000000,9.22221,9.38038,8.75166,8.91196,64301.336327474,0
LPT.V,D,20220723,000000,8.87195,9.30981,8.8,8.92178,66002.609948869,0
LPT.V,D,20220724,000000,8.91089,9.44915,8.91089,9.29186,67329.426215828,0
LPT.V,D,20220725,000000,9.30177,9.33187,8.54102,8.75079,68210.847331208,0
LPT.V,D,20220726,000000,8.73079,8.73079,7.95,8.05121,76193.015237503,0
LPT.V,D,20220727,000000,8.15122,8.7435,8.10065,8.7421,73450.801741356,0
LPT.V,D,20220728,000000,8.7421,16.14194,8.72,12.47249,4516862.3411054,0
LPT.V,D,20220729,000000,12.45249,15.39846,11.25236,12.97532,5602555.6990772,0
LPT.V,D,20220730,000000,12.89516,13.42403,11.79318,11.89392,945487.19130609,0
LPT.V,D,20220731,000000,11.87404,12.4825,11.56335,11.92274,265300.52077234,0
LPT.V,D,20220801,000000,11.92274,11.96371,10.97154,11.10322,200953.45480555,0
LPT.V,D,20220802,000000,11.08332,11.69304,10.42396,11.1619,220420.88090848,0
LPT.V,D,20220803,000000,11.18212,11.69316,10.59275,11.10278,178597.32840755,0
LPT.V,D,20220804,000000,11.11256,12.42348,10.73225,10.87033,471858.60057738,0
LPT.V,D,20220805,000000,10.89033,12.8909,10.89033,11.85237,463278.73572609,0
LPT.V,D,20220806,000000,11.87226,12.31074,11.71164,11.83272,123869.89949662,0
LPT.V,D,20220807,000000,11.8026,11.91238,11.37273,11.86213,72308.100133406,0
LPT.V,D,20220808,000000,11.82225,12.0923,11.4516,11.78141,108919.45481328,0
LPT.V,D,20220809,000000,11.7913,12.03217,10.99242,11.32226,133455.81605424,0
LPT.V,D,20220810,000000,11.32238,12.04277,10.99308,11.98359,95786.409826501,0
LPT.V,D,20220811,000000,11.9948,12.64354,11.68514,11.78554,180995.42775283,0
LPT.V,D,20220812,000000,11.77588,15.59779,11.37568,12.33567,1495955.160695,0
LPT.V,D,20220813,000000,12.32567,12.55766,12.0054,12.22477,159238.19731395,0
LPT.V,D,20220814,000000,12.24477,12.58415,11.69339,11.85367,123504.01037344,0
LPT.V,D,20220815,000000,11.83355,12.20329,11.56266,11.86285,101092.56106386,0
LPT.V,D,20220816,000000,11.86273,12.56276,11.66187,12.2611,232069.80480534,0
LPT.V,D,20220817,000000,12.2511,12.72114,11.24079,11.3608,242480.26979649,0
LPT.V,D,20220818,000000,11.34079,11.97036,11.161,11.76,120629.23701735,0
LPT.V,D,20220819,000000,11.76118,11.79,9.68,9.74097,242452.20268456,0
LPT.V,D,20220820,000000,9.77098,10.87196,9.6274,9.96,424328.04586876,0
LPT.V,D,20220821,000000,9.9597,10.49968,9.9197,10.39969,68189.499195774,0
LPT.V,D,20220822,000000,10.35969,10.46042,9.68864,9.84823,112480.39003533,0
LPT.V,D,20220823,000000,9.86852,10.71989,9.70874,10.58032,183809.99291656,0
LPT.V,D,20220824,000000,10.61,11.45046,10.37938,11.2109,251372.03234837,0
LPT.V,D,20220825,000000,11.21101,11.84,10.99132,11.28034,257839.91559075,0
LPT.V,D,20220826,000000,11.31989,12.14036,10.59989,10.83108,283510.60377558,0
LPT.V,D,20220827,000000,10.83108,10.90098,10.0402,10.0403,127777.15520202,0
LPT.V,D,20220828,000000,10.0202,10.13061,9.81931,9.87,93083.700260297,0
LPT.V,D,20220829,000000,9.89,10.10061,9.37916,10.10061,122427.48682574,0
LPT.V,D,20220830,000000,10.12111,10.56989,9.73107,10.13091,140908.63454199,0
LPT.V,D,20220831,000000,10.12081,10.62011,10.08121,10.3099,89669.795275198,0
LPT.V,D,20220901,000000,10.30979,10.40917,9.69029,10.0296,72798.851024939,0
LPT.V,D,20220902,000000,10.0395,10.44188,9.86059,10.13162,92015.067918827,0
LPT.V,D,20220903,000000,10.12162,10.23,9.89,10.1,77537.494731722,0
LPT.V,D,20220904,000000,10.11,10.76,10.11,10.52,120788.01554449,0
LPT.V,D,20220905,000000,10.52,11,10.25,10.75108,129885.5513916,0
LPT.V,D,20220906,000000,10.73107,10.95109,9.58,9.58,180016.07233387,0
LPT.V,D,20220907,000000,9.58,10.31,9.31972,10.19071,136642.22298939,0
LPT.V,D,20220908,000000,10.20071,10.89076,9.74088,9.96149,370528.3799494,0
LPT.V,D,20220909,000000,9.9716,10.81357,9.85108,10.72364,153966.61168551,0
LPT.V,D,20220910,000000,10.71407,11.44423,10.52305,10.89207,480160.38361848,0
LPT.V,D,20220911,000000,10.91207,11.37364,10.83422,10.99275,112711.6537452,0
LPT.V,D,20220912,000000,10.99264,11.52161,10.42177,10.89218,164465.27445613,0
LPT.V,D,20220913,000000,10.87196,11.21336,9.86039,9.9602,226102.52345788,0
LPT.V,D,20220914,000000,9.9701,9.9701,9.57029,9.95249,86548.055050734,0
LPT.V,D,20220915,000000,9.95259,10.03221,9.27796,9.43915,176419.63006732,0
LPT.V,D,20220916,000000,9.41953,9.66942,9.11936,9.42906,98325.114411941,0
LPT.V,D,20220917,000000,9.41906,9.69,9.33,9.57096,46313.667248685,0
LPT.V,D,20220918,000000,9.57,9.69,8.38,8.74,87631.732854889,0
LPT.V,D,20220919,000000,8.71,9.34093,8.46915,9.13183,145280.64290672,0
LPT.V,D,20220920,000000,9.13183,9.20184,8.79176,8.9809,77716.589992689,0
LPT.V,D,20220921,000000,8.9563,9.474,8.6325,8.7091,112788.92915706,0
LPT.V,D,20220922,000000,8.69087,9.51,8.55,9.35,98595.868632508,0
LPT.V,D,20220923,000000,9.42,9.7,8.9691,9.55,112031.33746625,0
LPT.V,D,20220924,000000,9.60952,9.77,9.38075,9.39075,79428.705951724,0
LPT.V,D,20220925,000000,9.4,9.62,9.15027,9.2,47723.728470626,0
LPT.V,D,20220926,000000,9.21,9.38,8.91,8.98,71267.521855601,0
LPT.V,D,20220927,000000,8.9891,9.51095,8.8,8.88911,214763.52197106,0
LPT.V,D,20220928,000000,8.86,8.97,8.54915,8.88,110252.9629325,0
LPT.V,D,20220929,000000,8.9,9.09091,8.77,9.02,97818.205168899,0
LPT.V,D,20220930,000000,9.04,9.21092,8.95,8.99,119265.66873733,0
LPT.V,D,20221001,000000,8.9909,9.10771,8.94321,9.0253,26195.887198259,0
LPT.V,D,20221002,000000,9.0227,9.0755,8.7774,8.9018,46835.368964146,0
LPT.V,D,20221003,000000,8.88,9.0118,8.63,8.96179,64573.136223878,0
LPT.V,D,20221004,000000,8.9709,9.95298,8.95089,9.28278,386790.80218012,0
LPT.V,D,20221005,000000,9.28278,9.31279,8.94,9.18184,74347.756394546,0
LPT.V,D,20221006,000000,9.17174,9.54181,9.16119,9.35159,181685.35988209,0
LPT.V,D,20221007,000000,9.33159,9.49171,9.14009,9.27139,51346.4611465,0
LPT.V,D,20221008,000000,9.26083,9.44085,9.17229,9.1923,71917.963423946,0
LPT.V,D,20221009,000000,9.19239,9.39188,9.16147,9.38094,23216.828859381,0
LPT.V,D,20221010,000000,9.36187,9.54191,9.19092,9.31907,42569.275271962,0
LPT.V,D,20221011,000000,9.32,9.32,8.78912,8.78921,63432.726898968,0
LPT.V,D,20221012,000000,8.79912,9.02973,8.75877,8.86027,35833.503965803,0
LPT.V,D,20221013,000000,8.86027,8.87991,7.86969,8.73096,131735.64424374,0
LPT.V,D,20221014,000000,8.75044,8.92098,8.34008,8.34025,55084.988496256,0
LPT.V,D,20221015,000000,8.35033,8.57034,8.30573,8.48059,29441.661649152,0
LPT.V,D,20221016,000000,8.40059,8.77982,8.39059,8.63043,23614.448829841,0
LPT.V,D,20221017,000000,8.71044,8.9809,8.62017,8.87027,29579.553283791,0
LPT.V,D,20221018,000000,8.90027,9.00045,8.51009,8.66043,48213.036440618,0
LPT.V,D,20221019,000000,8.66043,8.72044,8.47025,8.64,35088.496249103,0
LPT.V,D,20221020,000000,8.62009,8.90018,8.30934,8.86902,91179.618589941,0
LPT.V,D,20221021,000000,8.83912,8.9292,8.33983,8.76061,93562.83214905,0
LPT.V,D,20221022,000000,8.76044,8.98982,8.65086,8.82079,31183.526921174,0
LPT.V,D,20221023,000000,8.8107,9.07091,8.73017,8.99117,50462.069612534,0
LPT.V,D,20221024,000000,9.00126,9.07091,8.67043,8.73035,45737.841757376,0
LPT.V,D,20221025,000000,8.73044,9.14302,8.53974,9.01288,56111.799114328,0
LPT.V,D,20221026,000000,8.98305,9.45255,8.9024,9.34262,97242.865148078,0
LPT.V,D,20221027,000000,9.3227,9.58192,9.00946,9.11055,130695.28421295,0
LPT.V,D,20221028,000000,9.12055,9.40179,8.94045,9.33196,79539.790310629,0
LPT.V,D,20221029,000000,9.35187,9.76293,9.28167,9.52219,101568.12426255,0
LPT.V,D,20221030,000000,9.51069,9.76536,9.17857,9.28925,114983.91331024,0
LPT.V,D,20221031,000000,9.30387,9.63076,9.12349,9.35975,132968.50140085,0
LPT.V,D,20221101,000000,9.37545,9.5976,9.34832,9.44905,50106.10002637,0
LPT.V,D,20221102,000000,9.45877,9.52819,8.88956,9.04964,111764.67034269,0
LPT.V,D,20221103,000000,9.04955,11.71859,9.04955,10.2699,1304640.6354919,0
LPT.V,D,20221104,000000,10.27,10.76108,10.07899,10.65085,166840.10985184,0
LPT.V,D,20221105,000000,10.64085,10.76108,10.24082,10.43063,110468.27893809805,0
LPT.V,D,20221106,000000,10.41052,11.11033,9.90099,9.9708,386252.66526087007,0
LPT.V,D,20221107,000000,9.9607,11.88012,9.59077,10.93131,964083.8539597907,0
LPT.V,D,20221108,000000,10.97329,11.05,7.25943,8.53553,448490.6061371633,0
LPT.V,D,20221109,000000,8.51547,8.8278,6.93655,7.06897,302564.31653269555,0
LPT.V,D,20221110,000000,7.0552,9.30775,6.95725,8.13402,237299.47796248717,0
LPT.V,D,20221111,000000,8.10551,9.15162,7.24317,7.58,164880.48275386143,0
LPT.V,D,20221112,000000,7.56227,7.72971,6.73785,6.78776,121706.28897630126,0
LPT.V,D,20221113,000000,6.78776,7.14357,6.67796,6.72058,131645.63289278318,0
LPT.V,D,20221114,000000,6.662,6.97162,6.34238,6.89964,105491.2912276282,0
LPT.V,D,20221115,000000,6.89929,7.55168,6.8504,7.28271,79947.07877118984,0
LPT.V,D,20221116,000000,7.30108,7.431,6.88352,7.12344,103211.6280446676,0
LPT.V,D,20221117,000000,7.12351,7.31414,7.04443,7.31414,66407.79845712772,0
LPT.V,D,20221118,000000,7.28446,7.4641,7.2316,7.25158,37874.87328594743,0
LPT.V,D,20221119,000000,7.25151,7.45194,7.03247,7.41221,45186.02445738467,0
LPT.V,D,20221120,000000,7.41228,7.43226,6.92238,6.96946,54000.04313952836,0
LPT.V,D,20221121,000000,6.96932,7.11089,6.6998,6.92168,50591.08287727155,0
LPT.V,D,20221122,000000,6.92161,7.21227,6.80128,7.15091,37081.626202939166,0
LPT.V,D,20221123,000000,7.16068,7.431,7.10069,7.31202,42667.21671176214,0
LPT.V,D,20221124,000000,7.30196,7.51376,7.26418,7.42376,46855.17448561441,0
LPT.V,D,20221125,000000,7.41369,7.55463,7.15442,7.45575,66382.98268500104,0
LPT.V,D,20221126,000000,7.46567,7.75503,7.30532,7.3256,282513.70604958676,0
LPT.V,D,20221127,000000,7.33567,7.72521,7.33567,7.62535,43728.942755049065,0
LPT.V,D,20221128,000000,7.6152,7.6152,7.09609,7.44717,27146.45130871404,0
LPT.V,D,20221129,000000,7.45724,7.57591,7.33699,7.43725,31719.045087393682,0
LPT.V,D,20221130,000000,7.44717,7.65709,7.29942,7.57053,38224.84482364074,0
LPT.V,D,20221201,000000,7.54053,7.81008,7.41052,7.49045,50797.593696053,0
LPT.V,D,20221202,000000,7.53045,7.68138,7.44067,7.62046,55514.16096765001,0
LPT.V,D,20221203,000000,7.62046,7.67046,7.32146,7.34073,182946.14438033078,0
LPT.V,D,20221204,000000,7.37147,7.49075,7.31073,7.44149,48130.24954825576,0
LPT.V,D,20221205,000000,7.44149,7.68008,7.41,7.55015,71196.52540440268,0
LPT.V,D,20221206,000000,7.56023,7.86,7.4909,7.51992,69368.05916439963,0
LPT.V,D,20221207,000000,7.51985,7.67992,7.12993,7.16,150538.87546667948,0
LPT.V,D,20221208,000000,7.17007,7.48,7,7.30058,431128.9319125999,0
LPT.V,D,20221209,000000,7.29058,7.32015,7.18036,7.22022,68763.55473457355,0
LPT.V,D,20221210,000000,7.23029,7.41993,7.0484,7.29985,331464.6244515727,0
LPT.V,D,20221211,000000,7.30985,7.33029,7.08142,7.11071,36135.530671630615,0
LPT.V,D,20221212,000000,7.11142,7.12142,6.74061,6.82048,47507.81955668757,0
LPT.V,D,20221213,000000,6.81054,6.84062,6.56203,6.69833,163723.12865978738,0
LPT.V,D,20221214,000000,6.69772,6.95965,6.6696,6.75047,80807.8557494353,0
LPT.V,D,20221215,000000,6.75,6.76135,6.47065,6.49065,39724.4610862468,0
LPT.V,D,20221216,000000,6.4813,6.61066,5.49055,5.63113,128242.50038332924,0
LPT.V,D,20221217,000000,5.60112,5.80081,5.47055,5.80081,62164.051975105576,0
LPT.V,D,20221218,000000,5.78075,5.81023,5.66062,5.72074,29526.862918744933,0
LPT.V,D,20221219,000000,5.72074,5.77104,5.31,5.43,62610.229886438094,0
LPT.V,D,20221220,000000,5.42989,5.87006,5.36989,5.75023,162287.69226497455,0
LPT.V,D,20221221,000000,5.76023,5.77012,5.53994,5.65023,68063.80570042341,0
LPT.V,D,20221222,000000,5.64023,5.70006,5.46923,5.65909,78857.18861949327,0
LPT.V,D,20221223,000000,5.66904,5.70909,5.54939,5.63938,60957.38861489505,0
LPT.V,D,20221224,000000,5.63944,5.64966,5.50945,5.58961,86474.64306112961,0
LPT.V,D,20221225,000000,5.58966,5.68943,5.52928,5.62927,90928.37036760761,0
LPT.V,D,20221226,000000,5.62932,5.64944,5.37887,5.41892,113540.45571643607,0
LPT.V,D,20221227,000000,5.42891,5.45891,5.04813,5.06802,107974.14004528175,0
LPT.V,D,20221228,000000,5.07802,5.09791,4.60742,4.65744,120305.25653046228,0
LPT.V,D,20221229,000000,4.64754,4.75762,4.31827,4.48798,100075.37918785792,0
LPT.V,D,20221230,000000,4.48798,4.75812,4.31823,4.43804,401017.4288999794,0
LPT.V,D,20221231,000000,4.45143,4.72893,4.39706,4.55162,155344.53632152642,0
LPT.V,D,20230101,000000,4.55238,4.59266,4.46262,4.58414,82281.36541562992,0
LPT.V,D,20230102,000000,4.57495,4.70701,4.50211,4.65016,145519.51376753673,0
LPT.V,D,20230103,000000,4.65021,4.79986,4.63471,4.70291,109072.58954811863,0
LPT.V,D,20230104,000000,4.70327,4.83792,4.63467,4.67046,109215.76830750963,0
LPT.V,D,20230105,000000,4.67796,4.76427,4.44147,4.50088,80005.70253351388,0
LPT.V,D,20230106,000000,4.50888,4.51639,4.25966,4.42283,114898.43104424632,0
LPT.V,D,20230107,000000,4.42388,4.58457,4.42053,4.50922,86832.9017925674,0
LPT.V,D,20230108,000000,4.51904,4.67506,4.44499,4.65036,85267.66331121493,0
LPT.V,D,20230109,000000,4.64974,5.0121,4.64141,4.87935,177360.75852163727,0
LPT.V,D,20230110,000000,4.899,5.37252,4.77266,4.9735,368749.0366444291,0
LPT.V,D,20230111,000000,4.97305,5.0062,4.77677,4.9384,58679.80454699482,0
LPT.V,D,20230112,000000,4.9383,5.40549,4.9337,5.24642,124944.98397834011,0
LPT.V,D,20230113,000000,5.24612,5.54271,5.1731,5.43934,157475.46878061045,0
LPT.V,D,20230114,000000,5.46169,6.23567,5.45294,5.9101,460984.6890015223,0
LPT.V,D,20230115,000000,5.9128,6.15607,5.7548,6.12828,325256.97094443504,0
LPT.V,D,20230116,000000,6.12895,6.31286,5.85863,6.09902,293721.7293739251,0
LPT.V,D,20230117,000000,6.09882,6.33396,5.99856,6.10741,199626.31964644443,0
LPT.V,D,20230118,000000,6.10367,6.2502,5.40228,5.46123,214716.75767782461,0
LPT.V,D,20230119,000000,5.46617,5.52249,5.31537,5.44804,112915.01665853521,0
LPT.V,D,20230120,000000,5.44988,6.72448,5.44059,6.25656,313764.0664051611,0
LPT.V,D,20230121,000000,6.28113,6.72188,6.21385,6.38108,515977.65918087313,0
LPT.V,D,20230122,000000,6.36095,6.9063,6.27113,6.54704,251747.93276362692,0
LPT.V,D,20230123,000000,6.54751,6.84224,6.53029,6.6946,158822.579473438,0
LPT.V,D,20230124,000000,6.71304,6.92473,6.46947,6.6688,184439.68725351247,0
LPT.V,D,20230125,000000,6.6607,9.30093,6.27565,7.60129,3490916.345754921,0
LPT.V,D,20230126,000000,7.60129,7.81062,7.26102,7.5606,405679.6893869301,0
LPT.V,D,20230127,000000,7.58061,7.711,7.27167,7.49262,339559.4170816481,0
LPT.V,D,20230128,000000,7.49262,7.76171,7.29921,7.31296,106317.8087580359,0
LPT.V,D,20230129,000000,7.31404,7.49975,7.27309,7.46167,128202.53121515994,0
LPT.V,D,20230130,000000,7.48885,7.55705,6.88007,7.07049,184439.230125459,0
LPT.V,D,20230131,000000,7.06042,7.93984,6.96159,7.39074,382039.2213636328,0
LPT.V,D,20230201,000000,7.39052,7.60038,6.87993,7.56045,249342.87798913402,0
LPT.V,D,20230202,000000,7.54278,7.85131,7.45602,7.62552,158913.1808837709,0
LPT.V,D,20230203,000000,7.625,8.73096,7.44264,8.46059,637319.2643418036,0
LPT.V,D,20230204,000000,8.45068,8.68156,8.32067,8.63069,245021.39856176995,0
LPT.V,D,20230205,000000,8.63069,8.83212,8.19172,8.4121,297059.4767002679,0
LPT.V,D,20230206,000000,8.38218,9.22028,8.34209,9.09027,248084.70410417847,0
LPT.V,D,20230207,000000,9.10036,11.44977,8.81035,10.32062,964080.0857516205,0
LPT.V,D,20230208,000000,10.32062,10.57011,9.8101,10.22072,200139.14039356433,0
LPT.V,D,20230209,000000,10.13061,10.77,8.37167,8.52085,413579.17694554507,0
LPT.V,D,20230210,000000,8.54077,9.32093,8.41151,8.86124,189669.96190695764,0
LPT.V,D,20230211,000000,8.87133,9.68068,8.78123,9.57096,198372.46990252406,0
LPT.V,D,20230212,000000,9.53086,9.57115,8.94145,9.07411,61712.54718210222,0
LPT.V,D,20230213,000000,9.08121,9.4763,8.48085,8.61444,160385.3300899991,0
LPT.V,D,20230214,000000,8.60523,9.44429,8.5966,9.12106,126788.25277576303,0
LPT.V,D,20230215,000000,9.12193,9.52162,8.79,9.48171,235791.6377736698,0
LPT.V,D,20230216,000000,9.4617,9.88089,9.08291,9.08309,228336.4557551111,0
LPT.V,D,20230217,000000,9.11128,9.64926,8.93598,9.08721,202524.50560851122,0
LPT.V,D,20230218,000000,9.08861,9.38451,8.86912,9.12425,217070.0493347593,0
LPT.V,D,20230219,000000,9.12516,9.29767,8.71503,8.92085,179441.86988849007,0
LPT.V,D,20230220,000000,8.92345,9.27595,8.76004,9.00926,136861.45997043463,0
LPT.V,D,20230221,000000,9.01406,9.26083,8.43076,8.60155,169598.3747204131,0
LPT.V,D,20230222,000000,8.58146,8.77105,8.11205,8.37958,106746.06136355067,0
LPT.V,D,20230223,000000,8.37902,8.66251,8.11901,8.18566,125180.4786150662,0
LPT.V,D,20230224,000000,8.19003,8.45951,7.50123,7.58262,146064.27651543988,0
LPT.V,D,20230225,000000,7.5743,7.72119,7.1257,7.45925,205234.14050620922,0
LPT.V,D,20230226,000000,7.45865,7.86765,7.45055,7.71897,163323.7103264309,0
LPT.V,D,20230227,000000,7.71674,7.91854,7.37176,7.56735,119268.19763981253,0
LPT.V,D,20230228,000000,7.56598,8.20207,7.02693,7.07161,191500.8861252392,0
LPT.V,D,20230301,000000,7.07654,7.36123,6.85749,7.19444,251417.4605137669,0
LPT.V,D,20230302,000000,7.19698,7.29335,6.784,6.95893,165110.01184491612,0
LPT.V,D,20230303,000000,6.96813,7.00089,6.02682,6.36015,328564.41386170447,0
LPT.V,D,20230304,000000,6.36437,6.47296,5.85359,5.94888,290744.5635300539,0
LPT.V,D,20230305,000000,5.95182,6.27641,5.92391,5.93385,152704.97691330942,0
LPT.V,D,20230306,000000,5.92065,6.18981,5.83041,6.15963,143250.81562165625,0
LPT.V,D,20230307,000000,6.15938,6.23994,5.77913,5.9297,240224.62878473528,0
LPT.V,D,20230308,000000,5.92,6.02194,5.54702,5.59722,179722.30655250742,0
LPT.V,D,20230309,000000,5.59684,5.85199,5.24585,5.30373,248908.72635073942,0
LPT.V,D,20230310,000000,5.30188,5.43862,5.0192,5.36048,198830.38231460756,0
LPT.V,D,20230311,000000,5.35887,5.51825,4.80121,4.95807,414015.71693362296,0
LPT.V,D,20230312,000000,4.96825,5.46782,4.89795,5.43293,298930.7935550797,0
LPT.V,D,20230313,000000,5.4445,5.8558,5.30057,5.77595,424364.5650339214,0
LPT.V,D,20230314,000000,5.7761,6.33726,5.52681,6.22062,447411.6546820329,0
LPT.V,D,20230315,000000,6.19954,6.30652,5.5692,5.67974,299848.22897168965,0
LPT.V,D,20230316,000000,5.66668,5.75769,5.50203,5.69473,285778.61084663845,0
LPT.V,D,20230317,000000,5.70105,6.42081,5.64696,6.25742,711132.368254294,0
LPT.V,D,20230318,000000,6.27256,6.54416,6.11146,6.19764,289732.5231531157,0
LPT.V,D,20230319,000000,6.21192,6.53409,6.06898,6.3899,235883.64653149372,0
LPT.V,D,20230320,000000,6.39923,6.62231,6.12025,6.32661,480442.2087236663,0
LPT.V,D,20230321,000000,6.3525,6.71646,6.10404,6.5516,445032.6176912319,0
LPT.V,D,20230322,000000,6.55815,6.66149,5.97238,6.12072,227904.2335352585,0
LPT.V,D,20230323,000000,6.12173,7.29653,6.07585,7.23311,914011.0554229544,0
LPT.V,D,20230324,000000,7.22229,7.36185,6.62455,6.82328,426501.3479418864,0
LPT.V,D,20230325,000000,6.81506,6.88153,6.57797,6.80099,232632.54165300968,0
LPT.V,D,20230326,000000,6.79819,7.18699,6.73856,6.98518,301840.6066061057,0
LPT.V,D,20230327,000000,6.98447,7.12362,6.29699,6.41361,300775.3066546912,0
LPT.V,D,20230328,000000,6.40781,6.66337,6.18305,6.60991,162831.37407387342,0
LPT.V,D,20230329,000000,6.61108,7.10397,6.61108,6.95178,193046.78703189173,0
LPT.V,D,20230330,000000,6.94042,7.05455,6.72885,6.81904,123776.04921564466,0
LPT.V,D,20230331,000000,6.81914,7.00535,6.69234,6.9895,103078.46209244367,0
LPT.V,D,20230401,000000,6.98467,7.29124,6.94468,6.96101,175838.8048008266,0
LPT.V,D,20230402,000000,6.97421,7.16791,6.75749,6.81899,124868.0486099066,0
LPT.V,D,20230403,000000,6.82533,7.05396,6.61151,6.89989,145700.73677270187,0
LPT.V,D,20230404,000000,6.90689,7.10118,6.89156,7.03489,111020.14659397797,0
LPT.V,D,20230405,000000,7.04062,7.29838,6.97157,7.14267,84103.48106108863,0
LPT.V,D,20230406,000000,7.13967,7.17023,6.80906,6.95964,64223.52414419438,0
LPT.V,D,20230407,000000,6.96554,7.10245,6.85445,6.94614,70070.74321169751,0
LPT.V,D,20230408,000000,6.94704,7.08524,6.82382,6.93557,78897.85541088149,0
LPT.V,D,20230409,000000,6.93987,7.17231,6.84515,7.15789,94144.79037150415,0
LPT.V,D,20230410,000000,7.16301,7.27571,6.9752,7.22795,84773.5463333581,0
LPT.V,D,20230411,000000,7.23643,7.31243,6.826,6.82865,296330.8999851676,0
LPT.V,D,20230412,000000,6.82355,6.86631,6.4089,6.48606,391564.6497542768,0
LPT.V,D,20230413,000000,6.48565,6.59031,6.2319,6.45299,515656.1658870667,0
LPT.V,D,20230414,000000,6.44458,6.646,6.28714,6.48161,524935.6854210985,0
LPT.V,D,20230415,000000,6.48865,6.58782,6.41199,6.47195,181928.3338952267,0
LPT.V,D,20230416,000000,6.46755,6.74616,6.38577,6.70959,195969.47002722215,0
LPT.V,D,20230417,000000,6.71907,6.73832,6.33997,6.43733,277092.9259315941,0
LPT.V,D,20230418,000000,6.4384,6.60698,6.35573,6.58825,91784.9389490534,0
LPT.V,D,20230419,000000,6.59275,6.6547,5.86162,5.97751,212923.97056926225,0
