<TICKER>,<PER>,<DATE>,<TIME>,<OPEN>,<HIGH>,<LOW>,<CLOSE>,<VOL>,<OPENINT>
MV.V,D,20220517,000000,0.825808,0.825808,0.825808,0.825808,6.006239,0
MV.V,D,20220518,000000,0.838093,0.838093,0.82401,0.82401,194.634659,0
MV.V,D,20220520,000000,0.816065,0.816065,0.807044,0.807044,139.79514,0
MV.V,D,20220521,000000,0.794545,0.794545,0.746478,0.753599,246.106032,0
MV.V,D,20220522,000000,0.732114,0.747532,0.732114,0.747532,1064.640912,0
MV.V,D,20220523,000000,0.754579,0.763726,0.747647,0.747647,818.70332,0
MV.V,D,20220524,000000,0.747961,0.747961,0.747961,0.747961,13.296448,0
MV.V,D,20220525,000000,0.719873,0.948955,0.719873,0.781619,30571.790825,0
MV.V,D,20220526,000000,0.795874,0.802955,0.764748,0.766583,26757.3425091,0
MV.V,D,20220527,000000,0.768491,0.768491,0.754215,0.757126,719.5794905,0
MV.V,D,20220528,000000,0.762323,0.781412,0.756312,0.781396,2514.4422474,0
MV.V,D,20220529,000000,0.780922,0.784565,0.778271,0.781889,1325.835258,0
MV.V,D,20220530,000000,0.783684,0.790726,0.779301,0.790726,6075.7376185,0
MV.V,D,20220531,000000,0.788689,0.788689,0.764458,0.776918,14212.251886,0
MV.V,D,20220601,000000,0.776941,0.81167,0.756768,0.756768,68993.1919506,0
MV.V,D,20220602,000000,0.756698,0.76543,0.695563,0.697741,57016.423942,0
MV.V,D,20220603,000000,0.696403,0.69963,0.598459,0.602326,61533.777352,0
MV.V,D,20220604,000000,0.60409,0.629537,0.58944,0.61271,65257.1951539,0
MV.V,D,20220605,000000,0.611159,0.628159,0.604829,0.626817,79624.5939773,0
MV.V,D,20220606,000000,0.627523,0.629883,0.611839,0.614347,65142.0703025,0
MV.V,D,20220607,000000,0.614407,0.61611,0.58146,0.583845,104391.2850177,0
MV.V,D,20220608,000000,0.582867,0.617596,0.57962,0.609504,1558294.1280677,0
MV.V,D,20220609,000000,0.610603,0.620476,0.574626,0.597548,768461.6372294,0
MV.V,D,20220610,000000,0.597542,0.59757,0.573793,0.573793,7832644.1274597,0
MV.V,D,20220611,000000,0.573885,0.576271,0.526865,0.527258,1975967.8572277,0
MV.V,D,20220612,000000,0.526939,0.527211,0.510106,0.512304,8403.3824458,0
MV.V,D,20220613,000000,0.511625,0.511625,0.451,0.4585,4731387.8573371,0
MV.V,D,20220614,000000,0.451386,0.451386,0.420404,0.420714,797780.7925145,0
MV.V,D,20220615,000000,0.420388,0.440849,0.420059,0.428856,2785576.5569433,0
MV.V,D,20220616,000000,0.432354,0.436689,0.429933,0.432827,2868849.7859186,0
MV.V,D,20220617,000000,0.4344,0.436595,0.432203,0.434158,943860.20958971,0
MV.V,D,20220618,000000,0.43258,0.434163,0.411375,0.412457,1829626.2015267,0
MV.V,D,20220619,000000,0.411942,0.4126,0.383522,0.386237,213801.4540066,0
MV.V,D,20220620,000000,0.39082,0.395754,0.389882,0.393756,204827.61478844,0
MV.V,D,20220621,000000,0.397692,0.417584,0.395495,0.415103,23317.6670597,0
MV.V,D,20220622,000000,0.416203,0.418699,0.410418,0.414155,43010.2440939,0
MV.V,D,20220623,000000,0.413586,0.416983,0.412546,0.416933,239172.620918,0
MV.V,D,20220624,000000,0.414544,0.417922,0.412228,0.413961,10175704.369312,0
MV.V,D,20220625,000000,0.411938,0.416823,0.411003,0.411022,281100.980234,0
MV.V,D,20220626,000000,0.41103,0.417703,0.411018,0.411059,990217.149384,0
MV.V,D,20220627,000000,0.411077,0.411151,0.398213,0.398617,5484.6932926,0
MV.V,D,20220628,000000,0.400377,0.400377,0.396881,0.396881,651892.2452751,0
MV.V,D,20220629,000000,0.396939,0.403398,0.393942,0.398749,1935343.8941235,0
MV.V,D,20220630,000000,0.398957,0.398957,0.393327,0.393327,2724956.0228062,0
MV.V,D,20220701,000000,0.394206,0.399959,0.392859,0.393977,229677.6651405,0
MV.V,D,20220702,000000,0.395225,0.395674,0.393227,0.393867,1496091.0065482,0
MV.V,D,20220703,000000,0.393857,0.393897,0.388745,0.388794,300729.0077669,0
MV.V,D,20220704,000000,0.390791,0.394057,0.388855,0.393188,168995.70921516,0
MV.V,D,20220705,000000,0.39153,0.404634,0.39153,0.404634,181828.1363316,0
MV.V,D,20220706,000000,0.404754,0.40844,0.398251,0.398861,33886.0370387,0
MV.V,D,20220707,000000,0.39938,0.408974,0.39938,0.408974,6887.074383,0
MV.V,D,20220708,000000,0.41071,0.413862,0.409853,0.410713,145014.000021,0
MV.V,D,20220709,000000,0.412322,0.412392,0.410084,0.411173,11662.3319218,0
MV.V,D,20220710,000000,0.411183,0.411183,0.406216,0.407335,300744.4367599,0
MV.V,D,20220711,000000,0.405587,0.406806,0.403847,0.404735,7869.8731808,0
MV.V,D,20220712,000000,0.405005,0.406054,0.403046,0.403506,12022.5101072,0
MV.V,D,20220713,000000,0.404497,0.404505,0.401009,0.402547,48101.3548628,0
MV.V,D,20220714,000000,0.401338,0.407615,0.401338,0.406415,37733.999521,0
MV.V,D,20220715,000000,0.406715,0.410843,0.405557,0.409996,146559.5487512,0
MV.V,D,20220716,000000,0.409866,0.410857,0.407548,0.408298,333704.5990375,0
MV.V,D,20220717,000000,0.408264,0.412457,0.408142,0.410519,34441.6263347,0
MV.V,D,20220718,000000,0.411429,0.415569,0.410482,0.413515,135157.969656,0
MV.V,D,20220719,000000,0.411961,0.418117,0.411431,0.418117,72311.1988483,0
MV.V,D,20220720,000000,0.41805,0.419232,0.41646,0.417771,59532.4862238,0
MV.V,D,20220721,000000,0.414562,0.415593,0.413568,0.414328,7687.654028,0
MV.V,D,20220722,000000,0.40265,0.404605,0.392078,0.397322,685816.780775,0
MV.V,D,20220723,000000,0.397302,0.400238,0.39729,0.399392,174445.086947,0
MV.V,D,20220724,000000,0.398534,0.40126,0.398514,0.400166,9809.3687849,0
MV.V,D,20220725,000000,0.399392,0.402234,0.399052,0.4013,147042.6648728,0
MV.V,D,20220726,000000,0.401236,0.402898,0.39988,0.40219,83009.2882178,0
MV.V,D,20220727,000000,0.40292,0.414063,0.402836,0.413365,80287.2725852,0
MV.V,D,20220728,000000,0.415263,0.418328,0.404067,0.404067,229430.7765939,0
MV.V,D,20220729,000000,0.404095,0.404208,0.398262,0.398717,41172.839431,0
MV.V,D,20220730,000000,0.399604,0.401166,0.380489,0.380489,191427.5002509,0
MV.V,D,20220731,000000,0.379248,0.379994,0.2992,0.314422,534670.1031105,0
MV.V,D,20220801,000000,0.314632,0.342136,0.313345,0.330159,471033.0845522,0
MV.V,D,20220802,000000,0.330122,0.330729,0.313365,0.317614,113866.8691532,0
MV.V,D,20220803,000000,0.316246,0.319047,0.306353,0.306953,257905.0040872,0
MV.V,D,20220804,000000,0.307375,0.307375,0.224557,0.24629,1380690.7983476,0
MV.V,D,20220805,000000,0.246297,0.400926,0.232672,0.277043,1795226.9148405,0
MV.V,D,20220806,000000,0.276425,0.293246,0.260962,0.263681,661636.2116299,0
MV.V,D,20220807,000000,0.26044,0.261167,0.217555,0.227761,726023.5785707,0
MV.V,D,20220808,000000,0.226481,0.279622,0.224219,0.235878,887925.5466376,0
MV.V,D,20220809,000000,0.235865,0.239968,0.220044,0.221014,402172.8985098,0
MV.V,D,20220810,000000,0.220354,0.222403,0.204289,0.204301,264604.9434765,0
MV.V,D,20220811,000000,0.202881,0.203341,0.179359,0.189803,1084527.2037519,0
MV.V,D,20220812,000000,0.189755,0.232536,0.189675,0.192196,709107.79191329,0
MV.V,D,20220813,000000,0.191808,0.202749,0.185395,0.189204,878769.0290242,0
MV.V,D,20220814,000000,0.188682,0.203055,0.186204,0.191237,279010.8008343,0
MV.V,D,20220815,000000,0.191439,0.192201,0.189335,0.189392,78752.63583554,0
MV.V,D,20220816,000000,0.189436,0.194733,0.188608,0.191465,91220.7019414,0
MV.V,D,20220817,000000,0.192122,0.22902,0.189618,0.196384,751619.0045896,0
MV.V,D,20220818,000000,0.196404,0.207021,0.192415,0.196486,431727.0318462,0
MV.V,D,20220819,000000,0.19649,0.208031,0.19571,0.20197,191238.1521489,0
MV.V,D,20220820,000000,0.20501,0.208248,0.18003,0.182107,539189.815905,0
MV.V,D,20220821,000000,0.181618,0.186035,0.17506,0.179598,102351.8224682,0
MV.V,D,20220822,000000,0.179177,0.182032,0.165045,0.170659,421606.2317072,0
MV.V,D,20220823,000000,0.169811,0.170579,0.156987,0.164833,435899.8664675,0
MV.V,D,20220824,000000,0.16482,0.168952,0.162146,0.163606,392388.860291,0
MV.V,D,20220825,000000,0.1634,0.182734,0.163027,0.182734,688578.9082901,0
MV.V,D,20220826,000000,0.182726,0.199978,0.182519,0.198996,318114.649608,0
MV.V,D,20220827,000000,0.19951,0.199832,0.192093,0.196988,117181.093398,0
MV.V,D,20220828,000000,0.197556,0.20301,0.197112,0.20249,55982.9367814,0
MV.V,D,20220829,000000,0.20301,0.204992,0.202706,0.203968,319788.3973651,0
MV.V,D,20220830,000000,0.203836,0.203846,0.191933,0.192745,89893.3525576,0
MV.V,D,20220831,000000,0.192705,0.19655,0.192052,0.19655,125013.3967967,0
MV.V,D,20220901,000000,0.196576,0.205946,0.196158,0.205922,605965.6960424,0
MV.V,D,20220902,000000,0.206068,0.20982,0.204126,0.209426,218992.3583127,0
MV.V,D,20220903,000000,0.209386,0.22317,0.208833,0.22317,205486.0415661,0
MV.V,D,20220904,000000,0.22355,0.22545,0.2165,0.21951,106611.546484,0
MV.V,D,20220905,000000,0.21874,0.225173,0.21816,0.224422,262391.6258077,0
MV.V,D,20220906,000000,0.225043,0.22558,0.22366,0.22366,167784.9506813,0
MV.V,D,20220907,000000,0.22405,0.22405,0.211701,0.21976,517321.1845936,0
MV.V,D,20220908,000000,0.220365,0.223712,0.216847,0.217347,154960.7890386,0
MV.V,D,20220909,000000,0.217363,0.226742,0.216839,0.226065,2267791.4499133,0
MV.V,D,20220910,000000,0.226103,0.230177,0.225921,0.227416,417276.126119,0
MV.V,D,20220911,000000,0.227563,0.230131,0.22709,0.228807,49400.9130871,0
MV.V,D,20220912,000000,0.229087,0.229802,0.221622,0.221754,206590.615013,0
MV.V,D,20220913,000000,0.222048,0.226721,0.21723,0.217232,519786.0264874,0
MV.V,D,20220914,000000,0.216424,0.216664,0.213527,0.213959,851991.6741301,0
MV.V,D,20220915,000000,0.213603,0.215355,0.212819,0.213634,725434.4408916,0
MV.V,D,20220916,000000,0.21328,0.221706,0.213261,0.22104,72490.647066,0
MV.V,D,20220917,000000,0.220858,0.221608,0.21567,0.2166,41150.9714731,0
MV.V,D,20220918,000000,0.21682,0.21703,0.209649,0.20969,84357.293345,0
MV.V,D,20220919,000000,0.20945,0.20986,0.20019,0.20069,173497.7763413,0
MV.V,D,20220920,000000,0.20069,0.205091,0.20021,0.20396,131564.4609642,0
MV.V,D,20220921,000000,0.2043,0.20875,0.20326,0.20845,502394.7717263,0
MV.V,D,20220922,000000,0.208131,0.20884,0.20131,0.20285,759749.724774,0
MV.V,D,20220923,000000,0.20272,0.20631,0.2017,0.2057,693268.2011398,0
MV.V,D,20220924,000000,0.205738,0.207931,0.204533,0.207929,654646.0443402,0
MV.V,D,20220925,000000,0.20745,0.211676,0.20598,0.210234,169458.2597415,0
MV.V,D,20220926,000000,0.211408,0.21903,0.210214,0.21903,79930.4227113,0
MV.V,D,20220927,000000,0.21826,0.22367,0.21765,0.221548,1211880.778482,0
MV.V,D,20220928,000000,0.221578,0.23449,0.220948,0.23449,229752.41874122,0
MV.V,D,20220929,000000,0.23412,0.257126,0.23412,0.255566,702224.0091956,0
MV.V,D,20220930,000000,0.25593,0.26105,0.255556,0.25866,110992.932564,0
MV.V,D,20221001,000000,0.25857,0.259066,0.25353,0.257146,89192.823803,0
MV.V,D,20221002,000000,0.25722,0.260466,0.25637,0.25934,754211.552137,0
MV.V,D,20221003,000000,0.25947,0.26022,0.257636,0.259082,667620.1433595,0
MV.V,D,20221004,000000,0.259046,0.259056,0.239862,0.240262,540140.698967,0
MV.V,D,20221005,000000,0.240032,0.246935,0.236611,0.246929,186889.5718716,0
MV.V,D,20221006,000000,0.246409,0.24814,0.245707,0.247065,359632.44597,0
MV.V,D,20221007,000000,0.245869,0.247139,0.233259,0.233668,223599.0100805,0
MV.V,D,20221008,000000,0.233576,0.235286,0.22765,0.234676,454588.8422411,0
MV.V,D,20221009,000000,0.234981,0.237204,0.234333,0.235937,71968.3814818,0
MV.V,D,20221010,000000,0.236084,0.238468,0.235504,0.236996,59371.2975583,0
MV.V,D,20221011,000000,0.237126,0.23743,0.229457,0.234469,393087.6330663,0
MV.V,D,20221012,000000,0.234577,0.240448,0.233894,0.239675,389975.7890728,0
MV.V,D,20221013,000000,0.240117,0.243352,0.235936,0.237929,122383.2884796,0
MV.V,D,20221014,000000,0.237584,0.240772,0.23603,0.236605,61240.3684377,0
MV.V,D,20221015,000000,0.236467,0.237377,0.226084,0.226466,114971.0830739,0
MV.V,D,20221016,000000,0.226654,0.227304,0.225427,0.227297,37432.4701884,0
MV.V,D,20221017,000000,0.226851,0.228501,0.225968,0.228045,329872.5264009,0
MV.V,D,20221018,000000,0.227897,0.229654,0.224176,0.227964,564638.5408993,0
MV.V,D,20221019,000000,0.227839,0.229072,0.226244,0.226867,532035.2985789,0
MV.V,D,20221020,000000,0.226565,0.226726,0.213711,0.214269,459299.8614871,0
MV.V,D,20221021,000000,0.214421,0.217437,0.214241,0.217414,75714.8568781,0
MV.V,D,20221022,000000,0.217553,0.220392,0.217081,0.219778,126992.9711094,0
MV.V,D,20221023,000000,0.220388,0.221467,0.219295,0.220685,385647.9578488,0
MV.V,D,20221024,000000,0.220822,0.222569,0.218447,0.222109,130688.4266285,0
MV.V,D,20221025,000000,0.222021,0.222456,0.218484,0.21992,75676.6350032,0
MV.V,D,20221026,000000,0.219752,0.22156,0.219743,0.219785,110994.2940697,0
MV.V,D,20221027,000000,0.219789,0.222058,0.207577,0.20784,516327.4183757,0
MV.V,D,20221028,000000,0.207271,0.2088,0.191447,0.191744,520187.6197897,0
MV.V,D,20221029,000000,0.192048,0.192048,0.179463,0.179671,184639.439413,0
MV.V,D,20221030,000000,0.179747,0.17985,0.166862,0.167884,469627.626678,0
MV.V,D,20221031,000000,0.167347,0.178508,0.161095,0.176064,232869.88999146,0
MV.V,D,20221101,000000,0.175409,0.196908,0.174528,0.196908,559651.1161322,0
MV.V,D,20221102,000000,0.196518,0.215986,0.196176,0.204228,212628.4362421,0
MV.V,D,20221103,000000,0.204728,0.207433,0.204044,0.206446,141663.2848468,0
MV.V,D,20221104,000000,0.205848,0.22318,0.20565,0.222476,261582.1744884,0
MV.V,D,20221105,000000,0.222048,0.230794,0.222048,0.230042,104738.85949850001,0
MV.V,D,20221106,000000,0.230567,0.231827,0.229423,0.230169,109799.34044540001,0
MV.V,D,20221107,000000,0.230071,0.230218,0.214333,0.216376,1373094.9358619982,0
MV.V,D,20221108,000000,0.21612,0.21704,0.199879,0.200008,230615.04940049967,0
MV.V,D,20221109,000000,0.200148,0.200389,0.173519,0.173529,284485.86144679994,0
MV.V,D,20221110,000000,0.174154,0.209365,0.166996,0.189844,576078.5728859794,0
MV.V,D,20221111,000000,0.194127,0.211688,0.177311,0.178537,209572.42639330044,0
MV.V,D,20221112,000000,0.178466,0.180551,0.172649,0.173407,164246.37686176004,0
MV.V,D,20221113,000000,0.173747,0.176637,0.173108,0.175814,191933.11361899995,0
MV.V,D,20221114,000000,0.175831,0.180599,0.173941,0.178811,1088173.488345033,0
MV.V,D,20221115,000000,0.178829,0.195724,0.178829,0.183896,689389.0184517289,0
MV.V,D,20221116,000000,0.184215,0.184793,0.182747,0.184209,525123.0313691403,0
MV.V,D,20221117,000000,0.184426,0.196273,0.18394,0.196247,518736.3772783001,0
MV.V,D,20221118,000000,0.196369,0.214462,0.195943,0.213312,456016.7249613002,0
MV.V,D,20221119,000000,0.213614,0.214532,0.209479,0.212059,116537.58324369999,0
MV.V,D,20221120,000000,0.212057,0.212057,0.199794,0.207414,467384.26443830004,0
MV.V,D,20221121,000000,0.206194,0.207478,0.201428,0.202087,376139.2964515402,0
MV.V,D,20221122,000000,0.202225,0.202627,0.194257,0.197629,147355.1257676,0
MV.V,D,20221123,000000,0.197705,0.198827,0.196616,0.198142,98269.85495310012,0
MV.V,D,20221124,000000,0.198348,0.213356,0.197624,0.212202,134560.80793289994,0
MV.V,D,20221125,000000,0.212257,0.220613,0.211934,0.220247,675712.2670866797,0
MV.V,D,20221126,000000,0.219962,0.222006,0.217739,0.21969,144247.10515099976,0
MV.V,D,20221127,000000,0.219693,0.221725,0.217719,0.221333,82877.17885780003,0
MV.V,D,20221128,000000,0.221323,0.222194,0.206888,0.20933,133255.46885749995,0
MV.V,D,20221129,000000,0.208551,0.220395,0.208427,0.215448,100901.95275400009,0
MV.V,D,20221130,000000,0.21582,0.218158,0.210658,0.211953,501194.0016361,0
MV.V,D,20221201,000000,0.211255,0.211255,0.18895,0.193298,315176.7969180998,0
MV.V,D,20221202,000000,0.192692,0.197972,0.189091,0.197972,143247.59286480007,0
MV.V,D,20221203,000000,0.197952,0.204878,0.197952,0.20091,166357.37979589996,0
MV.V,D,20221204,000000,0.19938,0.20019,0.186159,0.188098,75226.1307251,0
MV.V,D,20221205,000000,0.188208,0.199366,0.187007,0.195724,79370.42988599997,0
MV.V,D,20221206,000000,0.194784,0.217927,0.19443,0.214002,156878.29632300002,0
MV.V,D,20221207,000000,0.213826,0.214428,0.204702,0.210456,66644.18173789998,0
MV.V,D,20221208,000000,0.21047,0.219063,0.20979,0.218457,264216.04879239993,0
MV.V,D,20221209,000000,0.218405,0.225348,0.217174,0.223281,93288.98664870007,0
MV.V,D,20221210,000000,0.224657,0.22712,0.219302,0.221166,80892.27569900002,0
MV.V,D,20221211,000000,0.22141,0.221778,0.21368,0.214841,665315.2172112,0
MV.V,D,20221212,000000,0.213761,0.216697,0.201938,0.214307,123547.49317429999,0
MV.V,D,20221213,000000,0.214307,0.216031,0.211282,0.21556,72016.90263139995,0
MV.V,D,20221214,000000,0.215574,0.223211,0.214821,0.222288,108258.8680524,0
MV.V,D,20221215,000000,0.222312,0.223895,0.209821,0.209821,307574.231422,0
MV.V,D,20221216,000000,0.209982,0.209982,0.20205,0.202841,107404.41228920002,0
MV.V,D,20221217,000000,0.20259,0.205601,0.202432,0.204154,267655.14417899994,0
MV.V,D,20221218,000000,0.203216,0.206723,0.20176,0.202954,110126.975001,0
MV.V,D,20221219,000000,0.202888,0.203814,0.190949,0.192896,106976.75102250004,0
MV.V,D,20221220,000000,0.193042,0.195978,0.184998,0.187013,303748.11918000004,0
MV.V,D,20221221,000000,0.183564,0.18782,0.181328,0.185457,317838.1138137999,0
MV.V,D,20221222,000000,0.186369,0.196582,0.182431,0.183422,366141.33468500024,0
MV.V,D,20221223,000000,0.183619,0.192133,0.182669,0.190419,273927.83377369994,0
MV.V,D,20221224,000000,0.190791,0.192301,0.186697,0.187769,153046.72232490004,0
MV.V,D,20221225,000000,0.187459,0.191535,0.182466,0.185192,378754.30131489993,0
MV.V,D,20221226,000000,0.18463,0.187108,0.183065,0.186893,222118.59621829982,0
MV.V,D,20221227,000000,0.187154,0.188814,0.17579,0.178903,208480.44818260006,0
MV.V,D,20221228,000000,0.179603,0.179788,0.145087,0.176493,634608.7762019999,0
MV.V,D,20221229,000000,0.174499,0.184058,0.168156,0.178738,447209.58792809997,0
MV.V,D,20221230,000000,0.1773,0.180657,0.151506,0.153443,251362.1882136003,0
MV.V,D,20221231,000000,0.154081,0.16073,0.119629,0.148404,765820.7450959999,0
MV.V,D,20230101,000000,0.149584,0.149922,0.130806,0.133229,257546.57680400013,0
MV.V,D,20230102,000000,0.132429,0.14994,0.130157,0.138656,168128.83259200002,0
MV.V,D,20230103,000000,0.140676,0.144435,0.137455,0.141935,115917.16142449997,0
MV.V,D,20230104,000000,0.142166,0.162803,0.141382,0.162288,222035.5564415001,0
MV.V,D,20230105,000000,0.162725,0.163762,0.149071,0.154474,169731.4502987,0
MV.V,D,20230106,000000,0.154554,0.157968,0.144539,0.153442,123982.38654400002,0
MV.V,D,20230107,000000,0.153702,0.158703,0.148868,0.154191,115332.18838899993,0
MV.V,D,20230108,000000,0.154511,0.160824,0.153367,0.158028,109297.05179099996,0
MV.V,D,20230109,000000,0.157983,0.161914,0.157935,0.160978,120851.84408050004,0
MV.V,D,20230110,000000,0.16102,0.167088,0.158183,0.163733,431874.2811409998,0
MV.V,D,20230111,000000,0.163578,0.16605,0.15738,0.16053,232093.30331400005,0
MV.V,D,20230112,000000,0.160387,0.162727,0.149401,0.153289,161388.4550898,0
MV.V,D,20230113,000000,0.153558,0.155967,0.142243,0.143593,300185.2003310001,0
MV.V,D,20230114,000000,0.143683,0.160007,0.132356,0.152287,359341.95996200026,0
MV.V,D,20230115,000000,0.152599,0.158267,0.151283,0.153816,167059.04377819994,0
MV.V,D,20230116,000000,0.155445,0.156494,0.15208,0.152183,101555.47961619998,0
MV.V,D,20230117,000000,0.152455,0.15994,0.152318,0.159027,170610.5999617999,0
MV.V,D,20230118,000000,0.159286,0.160556,0.156622,0.157341,135773.38262670004,0
MV.V,D,20230119,000000,0.157342,0.163735,0.15727,0.162565,128649.18970010003,0
MV.V,D,20230120,000000,0.16211,0.16448,0.160438,0.163598,142982.36014553916,0
MV.V,D,20230121,000000,0.163479,0.165473,0.160872,0.164193,109464.76510200002,0
MV.V,D,20230122,000000,0.163403,0.164236,0.161604,0.162801,72695.24424799999,0
MV.V,D,20230123,000000,0.162723,0.165107,0.160999,0.164028,265625.637049,0
MV.V,D,20230124,000000,0.164276,0.165882,0.161432,0.164086,270217.81298799993,0
MV.V,D,20230125,000000,0.164195,0.16536,0.156042,0.157405,203065.8047156003,0
MV.V,D,20230126,000000,0.157518,0.162563,0.154618,0.154622,508747.3354610004,0
MV.V,D,20230127,000000,0.153102,0.168385,0.153102,0.167352,515730.170505,0
MV.V,D,20230128,000000,0.166248,0.187536,0.165053,0.183512,592183.4064504015,0
MV.V,D,20230129,000000,0.18382,0.188131,0.183752,0.186847,509188.2821528997,0
MV.V,D,20230130,000000,0.186789,0.187259,0.18467,0.185561,572114.4931098002,0
MV.V,D,20230131,000000,0.185883,0.214189,0.184996,0.214169,242309.61732199983,0
MV.V,D,20230201,000000,0.213915,0.242342,0.213476,0.228847,350138.57290399965,0
MV.V,D,20230202,000000,0.228454,0.232491,0.228204,0.230491,485373.7536282001,0
MV.V,D,20230203,000000,0.23099,0.237644,0.228975,0.230751,353864.25492570037,0
MV.V,D,20230204,000000,0.230768,0.231586,0.228336,0.229031,1077096.3773727994,0
MV.V,D,20230205,000000,0.228841,0.229577,0.222706,0.222708,780916.665416,0
MV.V,D,20230206,000000,0.219165,0.221868,0.199024,0.207668,719313.4850548975,0
MV.V,D,20230207,000000,0.207797,0.208686,0.199958,0.202614,476790.6393755014,0
MV.V,D,20230208,000000,0.202028,0.219998,0.201396,0.204822,661973.0364191999,0
MV.V,D,20230209,000000,0.205084,0.205084,0.201982,0.20322,276514.4690289995,0
MV.V,D,20230210,000000,0.202746,0.204466,0.20163,0.203058,300081.93512720003,0
MV.V,D,20230211,000000,0.202044,0.205431,0.200044,0.2022,992126.1638909971,0
MV.V,D,20230212,000000,0.202998,0.205031,0.19988,0.202104,598428.9259766001,0
MV.V,D,20230213,000000,0.204148,0.204963,0.191164,0.194527,875109.0629450008,0
MV.V,D,20230214,000000,0.192672,0.192672,0.181689,0.182163,408140.2062452002,0
MV.V,D,20230215,000000,0.18199,0.183114,0.162026,0.170921,488483.3837159999,0
MV.V,D,20230216,000000,0.172844,0.179845,0.167277,0.168286,187370.38477960014,0
MV.V,D,20230217,000000,0.171892,0.172576,0.166025,0.169535,934834.3220050002,0
MV.V,D,20230218,000000,0.169662,0.174956,0.169052,0.171309,1104677.850534,0
MV.V,D,20230219,000000,0.171309,0.173043,0.168122,0.168127,911112.0035940002,0
MV.V,D,20230220,000000,0.168619,0.173193,0.166755,0.166755,645549.9775580001,0
MV.V,D,20230221,000000,0.166052,0.169519,0.165752,0.16854,320418.3965630003,0
MV.V,D,20230222,000000,0.16834,0.168492,0.146366,0.155152,1477923.7644280992,0
MV.V,D,20230223,000000,0.155109,0.168884,0.154159,0.165391,715209.6238360002,0
MV.V,D,20230224,000000,0.165126,0.174937,0.164973,0.167498,681214.5116748996,0
MV.V,D,20230225,000000,0.167293,0.167412,0.153852,0.16059,825400.8709809993,0
MV.V,D,20230226,000000,0.160441,0.160966,0.143873,0.148682,1049095.9766939993,0
MV.V,D,20230227,000000,0.148437,0.151661,0.144933,0.148529,885692.5391450003,0
MV.V,D,20230228,000000,0.148129,0.148956,0.140903,0.142799,694144.387776,0
MV.V,D,20230301,000000,0.142451,0.143083,0.140011,0.140717,609686.082049,0
MV.V,D,20230302,000000,0.140551,0.14087,0.135393,0.136247,1535799.2354530015,0
MV.V,D,20230303,000000,0.136068,0.157064,0.133658,0.142429,1030502.7638440001,0
MV.V,D,20230304,000000,0.141983,0.156401,0.140966,0.14933,821198.24394,0
MV.V,D,20230305,000000,0.151842,0.151842,0.135375,0.137987,1027832.425002,0
MV.V,D,20230306,000000,0.137685,0.138772,0.131539,0.132851,1265654.3040332005,0
MV.V,D,20230307,000000,0.132897,0.138216,0.131157,0.135237,1134693.2534720004,0
MV.V,D,20230308,000000,0.135171,0.1355,0.130525,0.130755,817108.5358029999,0
MV.V,D,20230309,000000,0.13072,0.131109,0.116657,0.118718,565746.8563667996,0
MV.V,D,20230310,000000,0.118887,0.185202,0.118243,0.129538,872425.7607269998,0
MV.V,D,20230311,000000,0.129554,0.1309,0.122669,0.125116,720896.9887659997,0
MV.V,D,20230312,000000,0.125177,0.131268,0.125177,0.129354,640031.7711800996,0
MV.V,D,20230313,000000,0.129535,0.138322,0.127536,0.138127,259283.87482219984,0
MV.V,D,20230314,000000,0.138249,0.138424,0.127717,0.128104,1020556.5184890004,0
MV.V,D,20230315,000000,0.127904,0.128163,0.122685,0.125642,759264.3351720999,0
MV.V,D,20230316,000000,0.12541,0.125608,0.113649,0.114364,1535932.6844640004,0
MV.V,D,20230317,000000,0.114561,0.117442,0.104327,0.105516,1745694.6975141007,0
MV.V,D,20230318,000000,0.105645,0.110294,0.098632,0.098632,844984.7490437238,0
MV.V,D,20230319,000000,0.098604,0.101502,0.091722,0.092891,1123589.855315,0
MV.V,D,20230320,000000,0.093791,0.110308,0.093216,0.103698,1536759.8276700014,0
MV.V,D,20230321,000000,0.103545,0.116887,0.103191,0.106619,1607126.2914554274,0
MV.V,D,20230322,000000,0.107442,0.108264,0.102821,0.102821,1092937.5035363997,0
MV.V,D,20230323,000000,0.102973,0.104839,0.102548,0.104279,1085309.2513140005,0
MV.V,D,20230324,000000,0.104178,0.10479,0.102784,0.104217,1382067.9425060004,0
MV.V,D,20230325,000000,0.104318,0.164151,0.104189,0.126382,1385479.768790002,0
MV.V,D,20230326,000000,0.127624,0.13023,0.117625,0.121327,902876.9177107,0
MV.V,D,20230327,000000,0.121293,0.146366,0.116136,0.133243,1634979.461839901,0
MV.V,D,20230328,000000,0.133243,0.148028,0.131399,0.140183,1123847.2757360004,0
MV.V,D,20230329,000000,0.136612,0.141748,0.12589,0.132571,1571448.3696780992,0
MV.V,D,20230330,000000,0.13217,0.1664,0.13038,0.14564,1909848.8913479992,0
MV.V,D,20230331,000000,0.145891,0.163936,0.143336,0.150342,1435378.3217389993,0
MV.V,D,20230401,000000,0.149357,0.153574,0.140044,0.142411,1202845.714878001,0
MV.V,D,20230402,000000,0.142761,0.144032,0.136173,0.136236,1259470.8457950007,0
MV.V,D,20230403,000000,0.136486,0.14079,0.128461,0.138794,1743392.2058670002,0
MV.V,D,20230404,000000,0.137288,0.139929,0.130666,0.139583,1003772.9803980003,0
MV.V,D,20230405,000000,0.139277,0.146514,0.139277,0.141531,1131951.3485330003,0
MV.V,D,20230406,000000,0.141291,0.141721,0.13695,0.138348,1084727.6304109995,0
MV.V,D,20230407,000000,0.13877,0.141622,0.135826,0.141094,745393.833760734,0
MV.V,D,20230408,000000,0.141283,0.141433,0.137617,0.138585,969748.5248100004,0
MV.V,D,20230409,000000,0.138555,0.141085,0.136758,0.139472,997417.0063031211,0
MV.V,D,20230410,000000,0.139585,0.140158,0.137157,0.138741,923977.8434420002,0
MV.V,D,20230411,000000,0.138483,0.139443,0.133506,0.137675,1102935.1489850003,0
MV.V,D,20230412,000000,0.137545,0.142548,0.137409,0.1405,849519.7488138888,0
MV.V,D,20230413,000000,0.140724,0.141675,0.139907,0.140915,972586.9434600004,0
MV.V,D,20230414,000000,0.14031,0.149103,0.136726,0.140079,1239292.773948999,0
MV.V,D,20230415,000000,0.140549,0.149758,0.135355,0.137783,1465251.50999223,0
MV.V,D,20230416,000000,0.137544,0.139925,0.136532,0.138334,865376.8978045997,0
MV.V,D,20230417,000000,0.138045,0.138846,0.13489,0.13489,718343.1252399774,0
MV.V,D,20230418,000000,0.134113,0.141299,0.133702,0.139353,1151245.1091506868,0
MV.V,D,20230419,000000,0.135824,0.139249,0.13424,0.136111,922296.1789271683,0
