<TICKER>,<PER>,<DATE>,<TIME>,<OPEN>,<HIGH>,<LOW>,<CLOSE>,<VOL>,<OPENINT>
NU.V,D,20220514,000000,0.1747,0.1778,0.155,0.1551,55487.52220948479,0
NU.V,D,20220516,000000,0.1715,0.1719,0.1626,0.1673,25458.544399413684,0
NU.V,D,20220517,000000,0.1761,0.1935,0.165,0.1699,373835.17739138583,0
NU.V,D,20220518,000000,0.1714,0.187,0.1599,0.1599,195763.6516376263,0
NU.V,D,20220519,000000,0.1616,0.205,0.1592,0.1787,899688.043519544,0
NU.V,D,20220520,000000,0.1781,0.1904,0.1642,0.1669,269130.6293995578,0
NU.V,D,20220521,000000,0.1673,0.1749,0.1665,0.1728,174219.69337030622,0
NU.V,D,20220522,000000,0.1718,0.179,0.1714,0.1759,207913.7909556424,0
NU.V,D,20220523,000000,0.1774,0.213,0.1725,0.1807,1188038.9983692619,0
NU.V,D,20220524,000000,0.1796,0.1796,0.1531,0.1682,420484.86820979713,0
NU.V,D,20220525,000000,0.1696,0.172,0.1642,0.1682,264199.94058751053,0
NU.V,D,20220526,000000,0.1683,0.1744,0.1568,0.1581,249366.729413332,0
NU.V,D,20220527,000000,0.159,0.1592,0.1532,0.1565,235090.49641115815,0
NU.V,D,20220528,000000,0.1567,0.1634,0.1544,0.1575,162432.31034015093,0
NU.V,D,20220529,000000,0.1574,0.1624,0.1559,0.1623,215753.4847645116,0
NU.V,D,20220530,000000,0.1614,0.169,0.1595,0.169,286751.47535895207,0
NU.V,D,20220531,000000,0.1689,0.1795,0.1635,0.1673,357302.806063044,0
NU.V,D,20220601,000000,0.1667,0.3926,0.1656,0.2967,7601160.18290751,0
NU.V,D,20220602,000000,0.2903,0.3461,0.236,0.2542,1583968.466981398,0
NU.V,D,20220603,000000,0.2545,0.3366,0.2457,0.2804,4137641.406278658,0
NU.V,D,20220604,000000,0.2804,0.2993,0.258,0.2654,901140.9771685976,0
NU.V,D,20220605,000000,0.2645,0.2799,0.2468,0.2547,2219871.2948307157,0
NU.V,D,20220606,000000,0.2551,0.2581,0.2366,0.2403,4059513.100711595,0
NU.V,D,20220607,000000,0.242,0.2464,0.212,0.2266,6576308.460882447,0
NU.V,D,20220608,000000,0.228,0.249,0.2144,0.2219,3329477.001715097,0
NU.V,D,20220609,000000,0.2227,0.2264,0.2116,0.2168,1154792.9440142345,0
NU.V,D,20220610,000000,0.2157,0.2175,0.1964,0.2059,2172636.055023756,0
NU.V,D,20220611,000000,0.2053,0.2423,0.1803,0.1932,1826512.4444668994,0
NU.V,D,20220612,000000,0.1931,0.2017,0.1685,0.1777,513944.47172890813,0
NU.V,D,20220613,000000,0.1778,0.1827,0.143,0.1584,16554134.084566733,0
NU.V,D,20220614,000000,0.1584,0.1803,0.1418,0.1524,32589134.037504677,0
NU.V,D,20220615,000000,0.1524,0.17,0.1437,0.1668,7781778.934788825,0
NU.V,D,20220616,000000,0.1668,0.19,0.1529,0.1616,1189524.7471846992,0
NU.V,D,20220617,000000,0.1618,0.1698,0.1531,0.1631,12470261.09638292,0
NU.V,D,20220618,000000,0.1628,0.1648,0.1388,0.144,3931073.107295783,0
NU.V,D,20220619,000000,0.144,0.1646,0.1423,0.1625,511426.6321123331,0
NU.V,D,20220620,000000,0.1643,0.1647,0.1541,0.16,417221.49691160826,0
NU.V,D,20220621,000000,0.1595,0.184,0.1595,0.1645,3608760.190085345,0
NU.V,D,20220622,000000,0.1653,0.1994,0.1612,0.1655,1876109.3916112306,0
NU.V,D,20220623,000000,0.166,0.1765,0.1601,0.1664,932182.1672112107,0
NU.V,D,20220624,000000,0.1665,0.1835,0.1604,0.1737,4535875.308170395,0
NU.V,D,20220625,000000,0.1742,0.1866,0.1725,0.1743,2735013.909652599,0
NU.V,D,20220626,000000,0.1747,0.1996,0.1747,0.1812,3751007.5114831226,0
NU.V,D,20220627,000000,0.1824,0.2236,0.1688,0.1904,2094459.7433863995,0
NU.V,D,20220628,000000,0.1861,0.1985,0.1752,0.1752,1037957.113494662,0
NU.V,D,20220629,000000,0.1758,0.18,0.1664,0.1701,458117.86090947606,0
NU.V,D,20220630,000000,0.1697,0.1726,0.1581,0.1621,954337.3158815197,0
NU.V,D,20220701,000000,0.1607,0.1729,0.1607,0.1658,5516059.728907256,0
NU.V,D,20220702,000000,0.1655,0.166,0.1604,0.1652,1058557.2771052776,0
NU.V,D,20220703,000000,0.1652,0.1703,0.1606,0.1656,527402.1883787246,0
NU.V,D,20220704,000000,0.1648,0.1692,0.1636,0.168,71523.72511241926,0
NU.V,D,20220705,000000,0.1678,0.1718,0.1606,0.1686,280056.950879758,0
NU.V,D,20220706,000000,0.1675,0.1685,0.163,0.1658,283103.83637833653,0
NU.V,D,20220707,000000,0.1642,0.173,0.164,0.1708,311054.47714942717,0
NU.V,D,20220708,000000,0.1708,0.1827,0.1693,0.1793,386751.95870580774,0
NU.V,D,20220709,000000,0.1793,0.1987,0.1734,0.1801,1088342.1249289478,0
NU.V,D,20220710,000000,0.18,0.1804,0.17,0.1727,211215.49897941158,0
NU.V,D,20220711,000000,0.1719,0.1805,0.1681,0.1693,536742.8401881617,0
NU.V,D,20220712,000000,0.1689,0.1706,0.1605,0.1606,69638.64693922631,0
NU.V,D,20220713,000000,0.1603,0.1647,0.1576,0.1593,177371.21636367647,0
NU.V,D,20220714,000000,0.161,0.1681,0.1587,0.1649,220869.22284198515,0
NU.V,D,20220715,000000,0.1651,0.1728,0.1636,0.1696,434542.47359406867,0
NU.V,D,20220716,000000,0.1698,0.1778,0.1642,0.1707,521129.9388576817,0
NU.V,D,20220717,000000,0.1716,0.1763,0.1706,0.1711,208225.11791773178,0
NU.V,D,20220718,000000,0.1712,0.1825,0.167,0.1726,329435.8589685889,0
NU.V,D,20220719,000000,0.1735,0.2039,0.173,0.188,948886.152012269,0
NU.V,D,20220720,000000,0.1876,0.2593,0.1827,0.1939,4519477.855413536,0
NU.V,D,20220721,000000,0.1939,0.1979,0.1815,0.1882,275855.1922170891,0
NU.V,D,20220722,000000,0.1881,0.1938,0.184,0.185,371283.90265147033,0
NU.V,D,20220723,000000,0.1851,0.1929,0.1851,0.1861,228745.6244157526,0
NU.V,D,20220724,000000,0.1873,0.19,0.1837,0.1858,341405.601863482,0
NU.V,D,20220725,000000,0.1859,0.1875,0.1787,0.1811,138490.9453236352,0
NU.V,D,20220726,000000,0.1787,0.179,0.1686,0.1701,289955.92023306264,0
NU.V,D,20220727,000000,0.171,0.1812,0.171,0.1806,133894.90525393258,0
NU.V,D,20220728,000000,0.1807,0.1966,0.1803,0.1899,437851.9723913646,0
NU.V,D,20220729,000000,0.1901,0.1925,0.1839,0.1873,396072.7908919991,0
NU.V,D,20220730,000000,0.1871,0.2109,0.187,0.1963,1519947.336929598,0
NU.V,D,20220731,000000,0.1949,0.2165,0.1906,0.1987,404798.21851297305,0
NU.V,D,20220801,000000,0.1972,0.2127,0.1924,0.197,1324388.8887942187,0
NU.V,D,20220802,000000,0.1954,0.1983,0.1885,0.1893,724768.1714247646,0
NU.V,D,20220803,000000,0.1887,0.2025,0.1847,0.195,757565.452685302,0
NU.V,D,20220804,000000,0.1948,0.2043,0.1888,0.1892,545433.9621003733,0
NU.V,D,20220805,000000,0.189,0.1966,0.1871,0.1956,75433.29055364271,0
NU.V,D,20220806,000000,0.1961,0.1999,0.1958,0.198,140883.74782967917,0
NU.V,D,20220807,000000,0.1972,0.1992,0.1961,0.1984,155819.81334795253,0
NU.V,D,20220808,000000,0.1985,0.2024,0.1961,0.1994,614992.6706498365,0
NU.V,D,20220809,000000,0.1996,0.2008,0.1894,0.1914,49062.777176237985,0
NU.V,D,20220810,000000,0.1912,0.1971,0.1866,0.1955,273822.28882164723,0
NU.V,D,20220811,000000,0.1961,0.2133,0.1951,0.2001,551512.666130703,0
NU.V,D,20220812,000000,0.1998,0.2046,0.1989,0.202,131257.93260783053,0
NU.V,D,20220813,000000,0.2008,0.2348,0.1995,0.2178,1655948.9128352976,0
NU.V,D,20220814,000000,0.2186,0.2194,0.2,0.2043,592766.3954124289,0
NU.V,D,20220815,000000,0.2048,0.2071,0.1973,0.2014,159383.01437414254,0
NU.V,D,20220816,000000,0.2013,0.2028,0.1955,0.1981,250481.92234904383,0
NU.V,D,20220817,000000,0.1983,0.2125,0.1893,0.1903,874177.2323487359,0
NU.V,D,20220818,000000,0.1901,0.193,0.188,0.1927,533345.1321536676,0
NU.V,D,20220819,000000,0.1926,0.1928,0.1724,0.1749,373191.36437336914,0
NU.V,D,20220820,000000,0.1749,0.1768,0.1682,0.1715,332248.0875178818,0
NU.V,D,20220821,000000,0.1717,0.1773,0.1705,0.1741,120406.45638268844,0
NU.V,D,20220822,000000,0.1737,0.1759,0.163,0.1661,515650.49155320384,0
NU.V,D,20220823,000000,0.166,0.1757,0.166,0.171,142700.97018477716,0
NU.V,D,20220824,000000,0.172,0.1739,0.1701,0.1738,32338.103245077513,0
NU.V,D,20220825,000000,0.1733,0.174,0.1689,0.1704,80724.54822885289,0
NU.V,D,20220826,000000,0.1703,0.1713,0.1617,0.1626,154358.3195663198,0
NU.V,D,20220827,000000,0.1632,0.1636,0.155,0.1559,106833.20527419103,0
NU.V,D,20220828,000000,0.1561,0.1621,0.156,0.1591,139253.83729286716,0
NU.V,D,20220829,000000,0.1597,0.1613,0.1542,0.1611,822658.1545583361,0
NU.V,D,20220830,000000,0.1614,0.164,0.1561,0.1594,108890.24882677537,0
NU.V,D,20220831,000000,0.1593,0.1645,0.1575,0.163,190983.45496918476,0
NU.V,D,20220901,000000,0.1636,0.1636,0.1547,0.1581,143168.1714064366,0
NU.V,D,20220902,000000,0.1581,0.1633,0.1574,0.1588,72810.83795142511,0
NU.V,D,20220903,000000,0.1589,0.1618,0.1571,0.159,32798.0248021448,0
NU.V,D,20220904,000000,0.159,0.1602,0.1581,0.1602,22339.72396385057,0
NU.V,D,20220905,000000,0.1592,0.1607,0.1558,0.1584,24987.805957242206,0
NU.V,D,20220906,000000,0.158,0.1605,0.1502,0.1503,123242.09357166161,0
NU.V,D,20220907,000000,0.1508,0.155,0.1474,0.154,97279.69006011102,0
NU.V,D,20220908,000000,0.1546,0.2008,0.1534,0.1611,863651.7482244633,0
NU.V,D,20220909,000000,0.1613,0.1687,0.16,0.1627,119461.07055934689,0
NU.V,D,20220910,000000,0.1627,0.1789,0.1625,0.1661,460269.50612225104,0
NU.V,D,20220911,000000,0.1653,0.1914,0.1651,0.1752,522492.0947296161,0
NU.V,D,20220912,000000,0.1752,0.1862,0.1673,0.1742,421626.65008127864,0
NU.V,D,20220913,000000,0.1742,0.1774,0.1595,0.1601,108249.90234991995,0
NU.V,D,20220914,000000,0.1586,0.1756,0.1586,0.162,584680.3433605304,0
NU.V,D,20220915,000000,0.1619,0.1653,0.1594,0.1598,53477.73805034432,0
NU.V,D,20220916,000000,0.1609,0.1609,0.1571,0.1585,10320.402341182402,0
NU.V,D,20220917,000000,0.1596,0.1606,0.1565,0.1596,195032.75472786906,0
NU.V,D,20220918,000000,0.1589,0.1616,0.1505,0.1507,40776.77171878334,0
NU.V,D,20220919,000000,0.1471,0.1549,0.146583,0.1535,101221.9612902189,0
NU.V,D,20220920,000000,0.1528,0.164,0.1487,0.1523,248418.6323718572,0
NU.V,D,20220921,000000,0.1523,0.1581,0.1499,0.1517,144743.90034386577,0
NU.V,D,20220922,000000,0.1493,0.1561,0.1483,0.1538,47845.36954003878,0
NU.V,D,20220923,000000,0.154,0.157,0.15,0.1524,32682.180427897718,0
NU.V,D,20220924,000000,0.1519,0.1557,0.1519,0.152,74897.11013746157,0
NU.V,D,20220925,000000,0.152,0.1549,0.152,0.1535,41494.9961087954,0
NU.V,D,20220926,000000,0.1529,0.1537,0.1505,0.1522,46314.065267086626,0
NU.V,D,20220927,000000,0.153,0.1553,0.1491,0.1498,92589.66497927703,0
NU.V,D,20220928,000000,0.151,0.1534,0.1477,0.1529,56625.94507506578,0
NU.V,D,20220929,000000,0.1521,0.1534,0.1491,0.1508,53363.885853981985,0
NU.V,D,20220930,000000,0.1515,0.1552,0.1506,0.1506,15052.613721435999,0
NU.V,D,20221001,000000,0.1508,0.1552,0.1507,0.1516,10143.231434269203,0
NU.V,D,20221002,000000,0.1523,0.1531,0.1488,0.1493,63965.5971377317,0
NU.V,D,20221003,000000,0.1493,0.1521,0.148,0.1516,146434.88783055835,0
NU.V,D,20221004,000000,0.1516,0.1557,0.1513,0.1528,286374.677471086,0
NU.V,D,20221005,000000,0.1518,0.1526,0.1501,0.1514,17502.648842455896,0
NU.V,D,20221006,000000,0.1516,0.1541,0.1508,0.1523,38729.101171526796,0
NU.V,D,20221007,000000,0.1518,0.1526,0.1496,0.1521,33846.33602223998,0
NU.V,D,20221008,000000,0.1518,0.165,0.1498,0.153,508875.7831109336,0
NU.V,D,20221009,000000,0.1531,0.1541,0.1514,0.1523,15115.581799940981,0
NU.V,D,20221010,000000,0.1519,0.1549,0.1474,0.1502,158000.19871953467,0
NU.V,D,20221011,000000,0.1485,0.1518,0.1461,0.1469,144117.19619590166,0
NU.V,D,20221012,000000,0.1468,0.1474,0.1443,0.1469,114126.53059967076,0
NU.V,D,20221013,000000,0.1471,0.1471,0.1328,0.1431,165342.01322512355,0
NU.V,D,20221014,000000,0.1438,0.1494,0.1427,0.1452,150061.33602009565,0
NU.V,D,20221015,000000,0.1454,0.1475,0.1433,0.1442,61253.160598095084,0
NU.V,D,20221016,000000,0.1443,0.1478,0.144,0.1449,133816.55481594233,0
NU.V,D,20221017,000000,0.1447,0.1482,0.1447,0.1462,22968.363571985803,0
NU.V,D,20221018,000000,0.1468,0.1478,0.1432,0.1445,52373.8213127858,0
NU.V,D,20221019,000000,0.1444,0.1474,0.1432,0.1441,46662.08407466304,0
NU.V,D,20221020,000000,0.1439,0.144,0.1407,0.1422,28433.281862236236,0
NU.V,D,20221021,000000,0.1421,0.1421,0.1376,0.1398,154360.34380666472,0
NU.V,D,20221022,000000,0.1399,0.1446,0.1388,0.143,40831.66323666983,0
NU.V,D,20221023,000000,0.143,0.145,0.1409,0.1418,81851.12778530722,0
NU.V,D,20221024,000000,0.1423,0.1439,0.1394,0.1414,220913.27137738856,0
NU.V,D,20221025,000000,0.1415,0.1483,0.1415,0.1451,92170.22604796132,0
NU.V,D,20221026,000000,0.145,0.1501,0.1447,0.1487,74231.42397023943,0
NU.V,D,20221027,000000,0.1484,0.1499,0.1446,0.1446,90295.26747177413,0
NU.V,D,20221028,000000,0.1449,0.1472,0.1421,0.1449,33418.612671042,0
NU.V,D,20221029,000000,0.1447,0.1476,0.1443,0.1457,95111.66540640352,0
NU.V,D,20221030,000000,0.146,0.1564,0.1429,0.1475,838252.6798080717,0
NU.V,D,20221031,000000,0.1476,0.156,0.1457,0.1486,446503.3108272961,0
NU.V,D,20221101,000000,0.1482,0.1491,0.1414,0.1445,260293.50340813663,0
NU.V,D,20221102,000000,0.1442,0.1557,0.1395,0.1406,539930.0969957263,0
NU.V,D,20221103,000000,0.1417,0.1463,0.1393,0.1427,296866.5293534014,0
NU.V,D,20221104,000000,0.1424,0.1527,0.1394,0.1514,707191.2369148739,0
NU.V,D,20221105,000000,0.1519,0.1552,0.15,0.1515,138366.5537662623,0
NU.V,D,20221106,000000,0.1506,0.1527,0.15,0.1503,26403.167548002708,0
NU.V,D,20221107,000000,0.1498,0.1498,0.145,0.145,55704.174586812616,0
NU.V,D,20221108,000000,0.1452,0.1459,0.1228,0.1244,197850.22857484792,0
NU.V,D,20221109,000000,0.1248,0.1261,0.0852,0.0939,376104.12186566053,0
NU.V,D,20221110,000000,0.0928,0.1158,0.0862,0.1092,498910.3521385804,0
NU.V,D,20221111,000000,0.1083,0.1083,0.0935,0.0996,196374.25060871092,0
NU.V,D,20221112,000000,0.0999,0.1431,0.0993,0.1069,1340326.517995843,0
NU.V,D,20221113,000000,0.1064,0.109,0.0882,0.093,769822.5959270201,0
NU.V,D,20221114,000000,0.0913,0.0965,0.0833,0.0905,893063.8362360803,0
NU.V,D,20221115,000000,0.0906,0.1194,0.0901,0.0992,1220271.9344278006,0
NU.V,D,20221116,000000,0.099,0.1232,0.0988,0.1014,815285.1068825442,0
NU.V,D,20221117,000000,0.1023,0.104,0.0945,0.0973,644349.9052618967,0
NU.V,D,20221118,000000,0.0976,0.1016,0.0967,0.0999,202591.87781418613,0
NU.V,D,20221119,000000,0.0996,0.1172,0.0978,0.1062,548614.891094761,0
NU.V,D,20221120,000000,0.1053,0.1227,0.1007,0.1027,357229.1971951368,0
NU.V,D,20221121,000000,0.1013,0.1039,0.0977,0.0987,267989.742439205,0
NU.V,D,20221122,000000,0.0985,0.1016,0.0963,0.0992,125252.78934650228,0
NU.V,D,20221123,000000,0.0991,0.1047,0.0988,0.1037,93064.58327122687,0
NU.V,D,20221124,000000,0.1041,0.1064,0.099,0.1004,262649.75597667304,0
NU.V,D,20221125,000000,0.1003,0.1021,0.0968,0.1011,334141.26123123144,0
NU.V,D,20221126,000000,0.101,0.1028,0.0999,0.1011,20887.563405397203,0
NU.V,D,20221127,000000,0.1011,0.1031,0.1011,0.1022,388937.11849899555,0
NU.V,D,20221128,000000,0.102,0.102,0.0969,0.0973,47077.36829366261,0
NU.V,D,20221129,000000,0.0973,0.1026,0.0968,0.1022,108741.85941220744,0
NU.V,D,20221130,000000,0.102,0.1043,0.0989,0.1025,40507.396431404304,0
NU.V,D,20221201,000000,0.1025,0.1047,0.0922,0.1006,298349.62950063654,0
NU.V,D,20221202,000000,0.1004,0.1089,0.0999,0.1027,395534.20183614735,0
NU.V,D,20221203,000000,0.1015,0.1092,0.1013,0.1069,235203.3964353375,0
NU.V,D,20221204,000000,0.1053,0.1084,0.1022,0.1041,218824.15256957512,0
NU.V,D,20221205,000000,0.1043,0.1065,0.1006,0.1033,218813.14217882883,0
NU.V,D,20221206,000000,0.1034,0.1044,0.1022,0.1037,37507.621211114805,0
NU.V,D,20221207,000000,0.1033,0.104,0.099,0.0991,66962.35635179518,0
NU.V,D,20221208,000000,0.0994,0.1091,0.0984,0.1027,584422.459951579,0
NU.V,D,20221209,000000,0.1028,0.1161,0.1023,0.1053,710798.0381863045,0
NU.V,D,20221210,000000,0.105,0.107,0.1032,0.1043,189580.23066343536,0
NU.V,D,20221211,000000,0.1045,0.1075,0.1042,0.1042,38023.8378275469,0
NU.V,D,20221212,000000,0.1043,0.1047,0.1009,0.102,132183.47505117982,0
NU.V,D,20221213,000000,0.1025,0.1039,0.1002,0.1025,53439.94083193564,0
NU.V,D,20221214,000000,0.1024,0.1052,0.1022,0.1022,36667.81059437121,0
NU.V,D,20221215,000000,0.1018,0.1036,0.1006,0.1013,47058.943614550786,0
NU.V,D,20221216,000000,0.1012,0.1021,0.09,0.09,167291.04347295788,0
NU.V,D,20221217,000000,0.0903,0.0939,0.0869,0.0939,428997.2239332326,0
NU.V,D,20221218,000000,0.0936,0.0944,0.0916,0.0916,150058.07369697007,0
NU.V,D,20221219,000000,0.0913,0.0927,0.0875,0.0875,82563.0550426248,0
NU.V,D,20221220,000000,0.0877,0.0929,0.0873,0.0923,149272.97224765588,0
NU.V,D,20221221,000000,0.0922,0.0926,0.0884,0.0901,132653.0899281467,0
NU.V,D,20221222,000000,0.0903,0.0926,0.0885,0.0901,243332.5175451238,0
NU.V,D,20221223,000000,0.0901,0.0928,0.0891,0.0901,39638.78900598,0
NU.V,D,20221224,000000,0.0915,0.0942,0.0893,0.0923,220617.06709405786,0
NU.V,D,20221225,000000,0.0921,0.0924,0.0885,0.0909,344769.64712691156,0
NU.V,D,20221226,000000,0.0911,0.0925,0.0891,0.0911,71272.56626868839,0
NU.V,D,20221227,000000,0.0913,0.0915,0.0859,0.0863,25623.4906789154,0
NU.V,D,20221228,000000,0.0862,0.088,0.0824,0.0828,62264.04542124572,0
NU.V,D,20221229,000000,0.0829,0.0834,0.0802,0.0814,168564.480804431,0
NU.V,D,20221230,000000,0.0815,0.0848,0.0783,0.0831,838734.0158968066,0
NU.V,D,20221231,000000,0.0821,0.0917,0.0809,0.0813,477602.20234512497,0
NU.V,D,20230101,000000,0.0815,0.0847,0.079,0.0835,237059.42119839028,0
NU.V,D,20230102,000000,0.0839,0.0881,0.082,0.0846,419632.12576533726,0
NU.V,D,20230103,000000,0.0846,0.0853,0.083,0.0832,26042.88144929,0
NU.V,D,20230104,000000,0.0826,0.0883,0.0818,0.0852,162203.81087215844,0
NU.V,D,20230105,000000,0.0857,0.0864,0.0848,0.0861,27302.762847489797,0
NU.V,D,20230106,000000,0.0854,0.0883,0.0835,0.0875,188938.34068577393,0
NU.V,D,20230107,000000,0.0872,0.0872,0.0846,0.0859,86062.0918763021,0
NU.V,D,20230108,000000,0.0858,0.0885,0.0854,0.0854,71243.43447902155,0
NU.V,D,20230109,000000,0.0871,0.0913,0.0866,0.0902,177527.56630843692,0
NU.V,D,20230110,000000,0.0899,0.0944,0.0883,0.0929,494881.5971944463,0
NU.V,D,20230111,000000,0.0923,0.0932,0.0908,0.0915,271815.147504657,0
NU.V,D,20230112,000000,0.0912,0.0957,0.0912,0.0956,95136.47816763778,0
NU.V,D,20230113,000000,0.0956,0.0972,0.0927,0.0968,205224.33421618422,0
NU.V,D,20230114,000000,0.0967,0.1093,0.0967,0.1032,495643.9020943427,0
NU.V,D,20230115,000000,0.1037,0.1987,0.1032,0.1631,6069392.959984862,0
NU.V,D,20230116,000000,0.1638,0.178,0.1459,0.1479,2139814.2466316866,0
NU.V,D,20230117,000000,0.1482,0.1578,0.1379,0.1404,1510759.844578296,0
NU.V,D,20230118,000000,0.1405,0.1412,0.121,0.1272,744164.0932935805,0
NU.V,D,20230119,000000,0.1271,0.1355,0.1263,0.1318,245048.84937866207,0
NU.V,D,20230120,000000,0.1313,0.1404,0.129,0.1379,430084.2758484083,0
NU.V,D,20230121,000000,0.1383,0.1454,0.1356,0.1399,423796.2083939461,0
NU.V,D,20230122,000000,0.1401,0.1401,0.1317,0.1351,176553.96963614709,0
NU.V,D,20230123,000000,0.1344,0.144,0.1336,0.1421,318472.6870376229,0
NU.V,D,20230124,000000,0.1491,0.232,0.1448,0.182,6496565.752843228,0
NU.V,D,20230125,000000,0.1818,0.198,0.1694,0.1753,2141841.0219742334,0
NU.V,D,20230126,000000,0.1749,0.2063,0.171,0.1864,1779579.8438350935,0
NU.V,D,20230127,000000,0.1854,0.1968,0.1683,0.1765,1313973.3076970754,0
NU.V,D,20230128,000000,0.1751,0.1826,0.173,0.1794,710965.1882454305,0
NU.V,D,20230129,000000,0.1794,0.1884,0.168,0.1756,907995.30150323,0
NU.V,D,20230130,000000,0.1751,0.1762,0.1577,0.1583,713012.9465349626,0
NU.V,D,20230131,000000,0.1598,0.1807,0.1569,0.169,1479268.210996688,0
NU.V,D,20230201,000000,0.1705,0.2115,0.1614,0.1734,1664720.5949813412,0
NU.V,D,20230202,000000,0.1735,0.1792,0.1712,0.1723,1007020.9491843397,0
NU.V,D,20230203,000000,0.1724,0.1799,0.1676,0.1719,890497.2901005883,0
NU.V,D,20230204,000000,0.1725,0.1765,0.1692,0.176,509535.2542037592,0
NU.V,D,20230205,000000,0.175,0.1784,0.1576,0.1674,713626.5612248967,0
NU.V,D,20230206,000000,0.1668,0.1709,0.158,0.1605,867322.5167857999,0
NU.V,D,20230211,000000,0.152142,0.157767,0.152142,0.157767,0.07487771,0
NU.V,D,20230212,000000,0.154432,0.154432,0.149168,0.149168,0.9572727,0
NU.V,D,20230214,000000,0.142349,0.142758,0.141873,0.142758,0.41394178000000004,0
NU.V,D,20230215,000000,0.147675,0.147675,0.146845,0.146845,3.2727169,0
NU.V,D,20230217,000000,0.149257,0.150009,0.149257,0.150009,0.2075906,0
NU.V,D,20230218,000000,0.154504,0.157111,0.154504,0.157111,0.1182078,0
NU.V,D,20230219,000000,0.161593,0.161593,0.158265,0.158265,0.6200597999999999,0
NU.V,D,20230220,000000,0.159298,0.159298,0.159298,0.159298,0.08343438,0
NU.V,D,20230222,000000,0.150498,0.150498,0.149275,0.149275,0.2750793,0
NU.V,D,20230302,000000,0.232485,0.236417,0.217872,0.229644,14.62917711,0
NU.V,D,20230303,000000,0.23094,0.23094,0.220022,0.220022,0.18462398999999996,0
NU.V,D,20230304,000000,0.22632,0.22632,0.218155,0.224958,0.619632672,0
NU.V,D,20230305,000000,0.236627,0.236627,0.223751,0.223751,0.28140978,0
NU.V,D,20230306,000000,0.229908,0.234759,0.229908,0.22992,0.34916691,0
NU.V,D,20230307,000000,0.222181,0.222181,0.206359,0.207646,1.035103944,0
NU.V,D,20230308,000000,0.191145,0.192812,0.188736,0.190472,1.65714835,0
NU.V,D,20230309,000000,0.181072,0.19163,0.164381,0.19163,1.215975107,0
NU.V,D,20230310,000000,0.168012,0.168012,0.168012,0.168012,0.003529277,0
NU.V,D,20230311,000000,0.171755,0.171755,0.171755,0.171755,0.4070552,0
NU.V,D,20230313,000000,0.183022,0.191695,0.181742,0.181742,0.16734935717000002,0
NU.V,D,20230314,000000,0.198107,0.198107,0.198107,0.198107,0.005348075,0
NU.V,D,20230315,000000,0.201668,0.201668,0.201668,0.201668,0.002617116,0
NU.V,D,20230316,000000,0.171143,0.171143,0.171143,0.171143,1.111447,0
NU.V,D,20230317,000000,0.196785,0.196785,0.182969,0.185104,1.359885426,0
NU.V,D,20230321,000000,0.178912,0.246348,0.166719,0.175789,4.37148626,0
NU.V,D,20230322,000000,0.205849,0.206491,0.189476,0.202214,2.8324518899999998,0
NU.V,D,20230323,000000,0.194039,0.199991,0.194039,0.199991,0.56004981,0
NU.V,D,20230326,000000,0.215609,0.215609,0.199484,0.199484,1.8958864100000001,0
NU.V,D,20230328,000000,0.185478,0.188312,0.184464,0.184464,0.25088393,0
NU.V,D,20230331,000000,0.179196,0.179196,0.156827,0.156827,1.313013003,0
NU.V,D,20230401,000000,0.169215,0.169215,0.134129,0.134129,0.569195225,0
NU.V,D,20230405,000000,0.250088,0.750233,0.250088,0.750233,28.2301276,0
NU.V,D,20230407,000000,0.150099,0.150099,0.150099,0.150099,99.934043,0
NU.V,D,20230408,000000,0.205113,0.205113,0.205113,0.205113,0.4997251,0
NU.V,D,20230409,000000,0.190131,0.190131,0.190131,0.190131,0,0
NU.V,D,20230412,000000,0.0600486,0.0600486,0.0600486,0.0600486,25.729159,0
NU.V,D,20230413,000000,0.1701479,0.1701479,0.1701479,0.1701479,0,0
NU.V,D,20230414,000000,0.150147,0.150147,0.150147,0.150147,6.114008,0
NU.V,D,20230416,000000,0.0610451,0.150123,0.0610451,0.150123,273.94536,0
