<TICKER>,<PER>,<DATE>,<TIME>,<OPEN>,<HIGH>,<LOW>,<CLOSE>,<VOL>,<OPENINT>
REEF.V,D,20220514,000000,0.00464163,0.00465208,0.00464163,0.00464163,1105824.1894358,0
REEF.V,D,20220515,000000,0.00438385,0.00470435,0.00433349,0.00470435,591451521.35429,0
REEF.V,D,20220516,000000,0.00471434,0.00484418,0.00432394,0.00456406,566233237.09285,0
REEF.V,D,20220517,000000,0.00457405,0.00480423,0.0044238,0.00478377,510592166.40661,0
REEF.V,D,20220518,000000,0.00478377,0.00489412,0.00424448,0.00431438,508074816.31031,0
REEF.V,D,20220519,000000,0.00431438,0.00468578,0.00402476,0.00454591,623564435.25556,0
REEF.V,D,20220520,000000,0.0045559,0.00473479,0.00419454,0.00434478,606396178.97551,0
REEF.V,D,20220521,000000,0.00434478,0.00456406,0.00419496,0.00433436,416171272.01917,0
REEF.V,D,20220522,000000,0.00433436,0.00466393,0.00432394,0.00448416,525110347.13438,0
REEF.V,D,20220523,000000,0.00447462,0.00470482,0.00431482,0.0044147,825211170.13133,0
REEF.V,D,20220524,000000,0.00440471,0.00440471,0.00404514,0.00434434,714011804.90408,0
REEF.V,D,20220525,000000,0.0043539,0.00444466,0.00421494,0.00430526,431421707.38625,0
REEF.V,D,20220526,000000,0.00431482,0.00437518,0.00373551,0.00394605,542498145.84924,0
REEF.V,D,20220527,000000,0.00395604,0.00400599,0.003636,0.00373589,518231830.33428,0
REEF.V,D,20220528,000000,0.00371572,0.00389571,0.0036754,0.00383551,299208299.76196,0
REEF.V,D,20220529,000000,0.00383543,0.00398581,0.00375571,0.00397562,877313061.19754,0
REEF.V,D,20220530,000000,0.00398557,0.00446687,0.00396571,0.00439648,709446303.12792,0
REEF.V,D,20220531,000000,0.00440691,0.00453637,0.00420663,0.0043765,478236812.45973,0
REEF.V,D,20220601,000000,0.00436659,0.00479616,0.00412546,0.00417624,922555314.27017,0
REEF.V,D,20220602,000000,0.0041864,0.00440603,0.00411629,0.00440603,538319506.54899,0
REEF.V,D,20220603,000000,0.00440603,0.00454563,0.00415667,0.00444613,484419967.21698,0
REEF.V,D,20220604,000000,0.00444613,0.00446611,0.00420558,0.00434669,780946423.79134,0
REEF.V,D,20220605,000000,0.00434669,0.00445599,0.00426654,0.00441589,765729559.4368,0
REEF.V,D,20220606,000000,0.00442588,0.00464623,0.00434635,0.00443627,1707368436.6031,0
REEF.V,D,20220607,000000,0.00443623,0.00446625,0.00410655,0.00442641,2656048470.8649,0
REEF.V,D,20220608,000000,0.00443631,0.0044766,0.00421726,0.00428721,4287994933.1011,0
REEF.V,D,20220609,000000,0.00429725,0.00436642,0.00413669,0.00419647,3274194358.6054,0
REEF.V,D,20220610,000000,0.00420642,0.00420663,0.00392627,0.00402488,1736175816.9229,0
REEF.V,D,20220611,000000,0.00403483,0.00407563,0.00356557,0.00371572,242124315.56184,0
REEF.V,D,20220612,000000,0.00370577,0.00374576,0.00335523,0.00358558,304501245.22488,0
REEF.V,D,20220613,000000,0.00356561,0.00357563,0.00305091,0.00318557,3678925015.3446,0
REEF.V,D,20220614,000000,0.00318557,0.00335573,0.00295556,0.00319616,4734927421.4404,0
REEF.V,D,20220615,000000,0.00319622,0.00397403,0.00303453,0.00390414,3791998239.4012,0
REEF.V,D,20220616,000000,0.00395,0.003985,0.003275,0.003385,648946762.59054,0
REEF.V,D,20220617,000000,0.00329541,0.0035,0.00324545,0.00338593,649052027.52665,0
REEF.V,D,20220618,000000,0.00337594,0.00343594,0.00297559,0.00308499,1793579032.0839,0
REEF.V,D,20220619,000000,0.00308499,0.00338593,0.00302549,0.00329571,1442867205.7643,0
REEF.V,D,20220620,000000,0.00332,0.00345619,0.00316,0.00331635,351119717.2381,0
REEF.V,D,20220621,000000,0.00329637,0.00386574,0.00327639,0.00353611,735176367.05761,0
REEF.V,D,20220622,000000,0.00354645,0.00361638,0.00333666,0.00343622,268987499.75068,0
REEF.V,D,20220623,000000,0.00343656,0.00360639,0.00338627,0.00351648,227123516.95494,0
REEF.V,D,20220624,000000,0.00352647,0.00382701,0.00352647,0.00377701,608067648.27125,0
REEF.V,D,20220625,000000,0.00378621,0.00387728,0.00360751,0.0038573,345397523.64345,0
REEF.V,D,20220626,000000,0.0038573,0.00407718,0.00370777,0.00382766,329484985.45914,0
REEF.V,D,20220627,000000,0.00384761,0.00385772,0.00364774,0.00371669,187768285.8137,0
REEF.V,D,20220628,000000,0.00371673,0.00376657,0.00356686,0.00360556,176237538.78221,0
REEF.V,D,20220629,000000,0.00361551,0.00361558,0.00337527,0.00344583,269121897.79445,0
REEF.V,D,20220630,000000,0.00344586,0.00347582,0.00316588,0.0032461,839928472.50774,0
REEF.V,D,20220701,000000,0.00325609,0.00343622,0.00321,0.003305,236427573.84357,0
REEF.V,D,20220702,000000,0.00330603,0.00335597,0.00321614,0.00334598,171157024.22518,0
REEF.V,D,20220703,000000,0.00335597,0.00339558,0.00326575,0.003345,138925970.23621,0
REEF.V,D,20220705,000000,0.00334598,0.00348616,0.00328638,0.00343622,113660132.16887,0
REEF.V,D,20220706,000000,0.00343622,0.00347617,0.00333633,0.0034462,160970358.71563,0
REEF.V,D,20220707,000000,0.00343622,0.00365744,0.00341624,0.00359784,164046975.69927,0
REEF.V,D,20220708,000000,0.00359784,0.00377698,0.00348791,0.00354787,168448126.13162,0
REEF.V,D,20220709,000000,0.00354787,0.0036678,0.00351754,0.00362782,65468148.367366,0
REEF.V,D,20220710,000000,0.00363782,0.00363782,0.00341761,0.0034979,86318112.071993,0
REEF.V,D,20220711,000000,0.00348791,0.00348791,0.00327705,0.00327705,91722389.174371,0
REEF.V,D,20220712,000000,0.00328704,0.00328704,0.00314654,0.00317682,123824937.75605,0
REEF.V,D,20220713,000000,0.00316696,0.0032967,0.00309659,0.00324707,344950254.75913,0
REEF.V,D,20220714,000000,0.00325707,0.00349685,0.00325707,0.00342794,439391326.89749,0
REEF.V,D,20220715,000000,0.00342794,0.00365817,0.00341761,0.00357893,407731591.17278,0
REEF.V,D,20220716,000000,0.00358892,0.00369926,0.00345896,0.00361928,235803476.6208,0
REEF.V,D,20220717,000000,0.00361906,0.00373918,0.00354904,0.00360903,237376008.45395,0
REEF.V,D,20220718,000000,0.00360903,0.00386992,0.00352894,0.00370915,511242305.35193,0
REEF.V,D,20220719,000000,0.00371914,0.00404065,0.00369967,0.0040206,824787747.89131,0
REEF.V,D,20220720,000000,0.00402,0.00456018,0.00399,0.00418021,2032604965.8113,0
REEF.V,D,20220721,000000,0.00418021,0.00431121,0.00402016,0.00431108,576037454.29334,0
REEF.V,D,20220722,000000,0.00430103,0.00436039,0.00401032,0.00410057,431651997.2507,0
REEF.V,D,20220723,000000,0.0040909,0.00420076,0.00390961,0.00396079,371518322.40576,0
REEF.V,D,20220724,000000,0.0039604,0.00417967,0.0039604,0.00405077,272792759.97245,0
REEF.V,D,20220725,000000,0.00405081,0.00410082,0.00372045,0.0037803,377176254.51665,0
REEF.V,D,20220726,000000,0.0037803,0.00379053,0.00355011,0.00362054,435771987.07242,0
REEF.V,D,20220727,000000,0.00363054,0.00388147,0.00362091,0.00382092,426464125.38001,0
REEF.V,D,20220728,000000,0.00382092,0.00425094,0.00382088,0.00416083,637186824.15322,0
REEF.V,D,20220729,000000,0.00417088,0.00429236,0.00406118,0.00424174,577306844.09558,0
REEF.V,D,20220730,000000,0.0042517,0.0045716,0.00419168,0.00433147,491550193.26437,0
REEF.V,D,20220731,000000,0.0043313,0.0044809,0.00422118,0.00432104,451902756.63716,0
REEF.V,D,20220801,000000,0.00432173,0.00440194,0.00416062,0.00422127,538527801.33157,0
REEF.V,D,20220802,000000,0.00422127,0.00431164,0.00397115,0.0041307,430556960.85864,0
REEF.V,D,20220803,000000,0.00413078,0.00427068,0.00397091,0.00418105,327779369.67244,0
REEF.V,D,20220804,000000,0.004181,0.0042208,0.00407016,0.00410016,284289968.49095,0
REEF.V,D,20220805,000000,0.00411012,0.00439083,0.00410025,0.00436083,322542037.53353,0
REEF.V,D,20220806,000000,0.00436083,0.0045109,0.00434065,0.00440097,278670410.31708,0
REEF.V,D,20220807,000000,0.00439097,0.00443089,0.00427102,0.00440079,235374160.81194,0
REEF.V,D,20220808,000000,0.00441084,0.00493084,0.00433052,0.00463056,1490774434.1069,0
REEF.V,D,20220809,000000,0.00464056,0.00468094,0.00431116,0.00439092,582276838.87746,0
REEF.V,D,20220810,000000,0.00440092,0.00453258,0.00422122,0.00451131,206635673.62213,0
REEF.V,D,20220811,000000,0.00451135,0.00482217,0.00451108,0.00462217,461962011.70535,0
REEF.V,D,20220812,000000,0.00461217,0.00471235,0.0045018,0.00460212,358541916.85319,0
REEF.V,D,20220813,000000,0.00460207,0.00475261,0.00459202,0.00465186,236952094.77397,0
REEF.V,D,20220814,000000,0.00465181,0.00472156,0.0044713,0.00456137,272780143.04014,0
REEF.V,D,20220815,000000,0.00456141,0.00465116,0.00442049,0.00446103,282986205.89473,0
REEF.V,D,20220816,000000,0.00446107,0.00450072,0.00435091,0.0044004,223344313.53219,0
REEF.V,D,20220817,000000,0.0044004,0.00454064,0.00414029,0.00417029,255258094.13225,0
REEF.V,D,20220818,000000,0.00418033,0.00429021,0.00414008,0.00422004,240437722.64292,0
REEF.V,D,20220819,000000,0.00422042,0.00422042,0.00362,0.00368,271813957.74386,0
REEF.V,D,20220820,000000,0.00368018,0.0039998,0.00361971,0.00368,426251312.0348,0
REEF.V,D,20220821,000000,0.00368993,0.0047799,0.00367982,0.00401992,2208861875.463,0
REEF.V,D,20220822,000000,0.00401992,0.00401992,0.00368978,0.00373933,293046728.38572,0
REEF.V,D,20220823,000000,0.00374936,0.00389996,0.00368996,0.00388,288236399.70586,0
REEF.V,D,20220824,000000,0.00388,0.00399044,0.0038,0.00393031,308771234.79256,0
REEF.V,D,20220825,000000,0.00392035,0.00402012,0.00386008,0.00391012,225037064.00396,0
REEF.V,D,20220826,000000,0.00392012,0.00394012,0.00367971,0.00371033,366137752.54217,0
REEF.V,D,20220827,000000,0.00370033,0.00371037,0.00357043,0.00359011,358261550.0712,0
REEF.V,D,20220828,000000,0.00359011,0.00368011,0.00357975,0.00359,134302871.10907,0
REEF.V,D,20220829,000000,0.0036028,0.00372026,0.00344965,0.00370026,276113208.50608,0
REEF.V,D,20220830,000000,0.0037003,0.00393996,0.00366993,0.00373034,452143240.04472,0
REEF.V,D,20220831,000000,0.0037303,0.00381038,0.00368011,0.00378,288088184.65847,0
REEF.V,D,20220901,000000,0.00377996,0.00379008,0.00361004,0.00372978,180070032.359,0
REEF.V,D,20220902,000000,0.00372981,0.00383046,0.00368,0.00373056,202281086.57116,0
REEF.V,D,20220903,000000,0.0037306,0.00380042,0.00368,0.00376,194532841.5939,0
REEF.V,D,20220904,000000,0.00375037,0.00383038,0.00374,0.00381,235543547.6348,0
REEF.V,D,20220905,000000,0.0038,0.00387,0.00366,0.00370037,424900702.9464,0
REEF.V,D,20220906,000000,0.00370037,0.0038,0.00345965,0.00346,553519140.82517,0
REEF.V,D,20220907,000000,0.00345,0.00363996,0.00338986,0.00360025,184432760.26014,0
REEF.V,D,20220908,000000,0.0036104,0.00363054,0.00349003,0.00360058,270473799.35919,0
REEF.V,D,20220909,000000,0.00360058,0.0039097,0.00359043,0.0038353,447069516.90999,0
REEF.V,D,20220910,000000,0.00383153,0.00397559,0.00382653,0.00387674,787868052.13016,0
REEF.V,D,20220911,000000,0.00388374,0.00394006,0.0037709,0.00378391,648414198.79303,0
REEF.V,D,20220912,000000,0.00379091,0.00614868,0.00377491,0.00505891,9962466270.2519,0
REEF.V,D,20220913,000000,0.00505151,0.00650175,0.0046342,0.00563511,15441335942.676,0
REEF.V,D,20220914,000000,0.00564506,0.00640038,0.00481134,0.00515229,11657629380.705,0
REEF.V,D,20220915,000000,0.00514629,0.0054996,0.00463217,0.00484956,3383520967.0884,0
REEF.V,D,20220916,000000,0.00483556,0.005166,0.00466753,0.0049595,2081128177.9097,0
REEF.V,D,20220917,000000,0.0049595,0.00588941,0.0049595,0.005608,4589124550.9697,0
REEF.V,D,20220918,000000,0.005603,0.005732,0.005009,0.005066,2306012211.0134,0
REEF.V,D,20220919,000000,0.00506249,0.0052,0.00474347,0.00483697,1666319043.4809,0
REEF.V,D,20220920,000000,0.00484048,0.004874,0.004392,0.004433,1807300569.4492,0
REEF.V,D,20220921,000000,0.004425,0.005277,0.00441744,0.004838,5183644955.2691,0
REEF.V,D,20220922,000000,0.00483,0.00506951,0.004679,0.0049,1328190201.0082,0
REEF.V,D,20220923,000000,0.004907,0.005071,0.00463454,0.00482452,944369850.35943,0
REEF.V,D,20220924,000000,0.00482366,0.00600012,0.004773,0.00553244,8721379665.438,0
REEF.V,D,20220925,000000,0.00552944,0.00579258,0.0050759,0.005101,3495066979.7581,0
REEF.V,D,20220926,000000,0.005102,0.005251,0.004936,0.005005,811578801.14052,0
REEF.V,D,20220927,000000,0.005004,0.005386,0.0049,0.00507849,947790080.50885,0
REEF.V,D,20220928,000000,0.00507149,0.006609,0.005011,0.005747,10249779230.721,0
REEF.V,D,20220929,000000,0.005739,0.005761,0.005187,0.00524452,2207152324.533,0
REEF.V,D,20220930,000000,0.005238,0.00525,0.0050465,0.005114,1177860025.9093,0
REEF.V,D,20221001,000000,0.00511551,0.005399,0.005089,0.005227,1825284296.3691,0
REEF.V,D,20221002,000000,0.005225,0.00522652,0.004799,0.004875,1688847454.5481,0
REEF.V,D,20221003,000000,0.00487,0.004899,0.004676,0.00483148,606775263.42936,0
REEF.V,D,20221004,000000,0.00483048,0.00491998,0.00481396,0.00487346,446290500.12304,0
REEF.V,D,20221005,000000,0.00487146,0.00488947,0.00471047,0.00475795,516052710.31908,0
REEF.V,D,20221006,000000,0.00475595,0.00635083,0.00473881,0.00525295,11455746997.85,0
REEF.V,D,20221007,000000,0.00525289,0.00553383,0.00520847,0.00540976,4204485826.4654,0
REEF.V,D,20221008,000000,0.0054097,0.00552466,0.00529042,0.00540541,678015249.76628,0
REEF.V,D,20221009,000000,0.0054044,0.005617,0.00533853,0.0054921,1077021333.6077,0
REEF.V,D,20221010,000000,0.00549055,0.00581816,0.005459,0.00556544,1662012063.1681,0
REEF.V,D,20221011,000000,0.005568,0.00612169,0.00539746,0.00572149,3794845348.8131,0
REEF.V,D,20221012,000000,0.00572143,0.00626731,0.00553783,0.00559917,5016047946.1794,0
REEF.V,D,20221013,000000,0.00559817,0.00613749,0.00530768,0.00606349,3498295739.868,0
REEF.V,D,20221014,000000,0.00606148,0.00644613,0.00582106,0.00617319,6856662127.3163,0
REEF.V,D,20221015,000000,0.00617425,0.00640458,0.00607743,0.00632832,2004778549.2205,0
REEF.V,D,20221016,000000,0.00633438,0.00637632,0.00607518,0.00631825,1532492249.4147,0
REEF.V,D,20221017,000000,0.00631832,0.00791547,0.00631532,0.00694614,5798610575.6042,0
REEF.V,D,20221018,000000,0.00694714,0.00768238,0.00667553,0.00763931,2573481799.3563,0
REEF.V,D,20221019,000000,0.00764376,0.00770939,0.00714129,0.007253,1779077234.1644,0
REEF.V,D,20221020,000000,0.00724693,0.00731678,0.00649348,0.00657254,1058274065.6802,0
REEF.V,D,20221021,000000,0.00657254,0.0066936,0.00628194,0.00635751,908785457.6763,0
REEF.V,D,20221022,000000,0.00636245,0.00642758,0.00597048,0.00603354,765956803.13382,0
REEF.V,D,20221023,000000,0.00603054,0.00604854,0.00572246,0.00590377,1033583162.2203,0
REEF.V,D,20221024,000000,0.00590677,0.00594736,0.0055635,0.00560222,753227541.58764,0
REEF.V,D,20221025,000000,0.00560122,0.00593053,0.00538892,0.00564086,2111792672.7619,0
REEF.V,D,20221026,000000,0.00563992,0.00583122,0.00552449,0.00565158,1086112453.338,0
REEF.V,D,20221027,000000,0.00564958,0.00580616,0.00542695,0.00546333,1042351891.3014,0
REEF.V,D,20221028,000000,0.00545938,0.00548722,0.00521442,0.00542608,903827997.57482,0
REEF.V,D,20221029,000000,0.00543198,0.00549937,0.00502706,0.0052192,1812051061.3615,0
REEF.V,D,20221030,000000,0.00521725,0.00563952,0.00509427,0.00519004,2445561751.3394,0
REEF.V,D,20221031,000000,0.00519104,0.00566806,0.00510356,0.00522858,6316206033.7983,0
REEF.V,D,20221101,000000,0.00523169,0.00546458,0.00520611,0.00522243,772139039.97675,0
REEF.V,D,20221102,000000,0.00521537,0.00525721,0.00493875,0.00506375,871529765.15503,0
REEF.V,D,20221103,000000,0.0050647,0.00537435,0.0050647,0.005126,1084533924.5449,0
REEF.V,D,20221104,000000,0.005122,0.00578859,0.00510995,0.00532837,2787794243.6528,0
REEF.V,D,20221105,000000,0.00533337,0.0054626,0.00531042,0.00537227,765276333.3348604,0
REEF.V,D,20221106,000000,0.00537032,0.00537032,0.00511156,0.00515236,596833481.5329787,0
REEF.V,D,20221107,000000,0.00514436,0.00602154,0.00490544,0.0058217,5250487464.060761,0
REEF.V,D,20221108,000000,0.0058217,0.007183,0.00410474,0.00442122,9163621621.065727,0
REEF.V,D,20221109,000000,0.00441521,0.00461435,0.0033647,0.00340264,1936442438.592486,0
REEF.V,D,20221110,000000,0.00340014,0.0044625,0.00310992,0.00397486,3099631587.635036,0
REEF.V,D,20221111,000000,0.00398588,0.00428757,0.00322211,0.003527,1726856730.1185095,0
REEF.V,D,20221112,000000,0.00352941,0.00359091,0.00331702,0.00335794,786850695.0566769,0
REEF.V,D,20221113,000000,0.00336493,0.00364099,0.0032161,0.00340423,1057936443.735006,0
REEF.V,D,20221114,000000,0.00338693,0.00341321,0.00297283,0.00325743,1057621309.2895446,0
REEF.V,D,20221115,000000,0.00327092,0.00340159,0.00323743,0.00327472,494143464.5920536,0
REEF.V,D,20221116,000000,0.00328898,0.0033262,0.00305313,0.00313808,1080495338.9343865,0
REEF.V,D,20221117,000000,0.00314613,0.00318645,0.00302724,0.0031215,858227206.7811369,0
REEF.V,D,20221118,000000,0.00311953,0.00319647,0.00304731,0.00309141,685093351.0009414,0
REEF.V,D,20221119,000000,0.00309544,0.00316242,0.00301377,0.00311875,527219400.0603213,0
REEF.V,D,20221120,000000,0.00312272,0.00316832,0.00287184,0.00292654,944949791.6601015,0
REEF.V,D,20221121,000000,0.00292558,0.0029385,0.00275458,0.00276665,770216891.7439684,0
REEF.V,D,20221122,000000,0.00276867,0.00289378,0.00268048,0.00286852,478748535.3534574,0
REEF.V,D,20221123,000000,0.00286949,0.00303635,0.00286524,0.00300872,937540320.577653,0
REEF.V,D,20221124,000000,0.00301868,0.00310583,0.00296383,0.00299348,723708757.7887353,0
REEF.V,D,20221125,000000,0.00299748,0.00300659,0.00289077,0.00295731,570265947.2759855,0
REEF.V,D,20221126,000000,0.00296131,0.00322697,0.00294514,0.00296725,1682285297.3697822,0
REEF.V,D,20221127,000000,0.00296425,0.00307297,0.00295402,0.00306604,645786922.6009617,0
REEF.V,D,20221128,000000,0.00306404,0.00306404,0.00282847,0.00292889,1094792727.6439114,0
REEF.V,D,20221129,000000,0.00293189,0.00301837,0.00287579,0.0029639,501054352.62849236,0
REEF.V,D,20221130,000000,0.0029749,0.00308218,0.00295402,0.00308115,662388293.8814421,0
REEF.V,D,20221201,000000,0.00307912,0.00310428,0.00298521,0.00303518,311232708.6096518,0
REEF.V,D,20221202,000000,0.00304118,0.003307,0.00300533,0.00321919,1750556817.6239245,0
REEF.V,D,20221203,000000,0.00322019,0.00331427,0.0030423,0.00309431,595030574.0152689,0
REEF.V,D,20221204,000000,0.00309331,0.00317232,0.00308162,0.00315295,266928526.02626917,0
REEF.V,D,20221205,000000,0.00315031,0.00321439,0.00302512,0.00310509,648054282.5126244,0
REEF.V,D,20221206,000000,0.00310706,0.00313909,0.00307409,0.003101,214675583.95709586,0
REEF.V,D,20221207,000000,0.0031,0.00314403,0.00291512,0.002995,800518646.2944789,0
REEF.V,D,20221208,000000,0.002994,0.00304946,0.002895,0.0030353,326914748.1978015,0
REEF.V,D,20221209,000000,0.00303924,0.00308419,0.002979,0.00300215,483409905.772701,0
REEF.V,D,20221210,000000,0.00300515,0.00317813,0.00300515,0.00304197,728106991.6132904,0
REEF.V,D,20221211,000000,0.00303997,0.00309197,0.0029523,0.0029856,167045948.7137298,0
REEF.V,D,20221212,000000,0.0029816,0.0030013,0.00285229,0.00298224,312140519.97486246,0
REEF.V,D,20221213,000000,0.00298321,0.0030524,0.00287875,0.00304033,243335018.77956608,0
REEF.V,D,20221214,000000,0.00303503,0.00308529,0.002965,0.00302221,199380802.47142345,0
REEF.V,D,20221215,000000,0.003013,0.00303261,0.0029523,0.00296059,99912687.82192272,0
REEF.V,D,20221216,000000,0.0029653,0.003014,0.00255226,0.00264153,427506233.6805382,0
REEF.V,D,20221217,000000,0.00264326,0.00267137,0.00253228,0.00266235,265137074.20779726,0
REEF.V,D,20221218,000000,0.00266735,0.00268721,0.00261429,0.00265435,103473989.83358185,0
REEF.V,D,20221219,000000,0.00265234,0.0026973,0.00242405,0.002472,194797744.951261,0
REEF.V,D,20221220,000000,0.002479,0.00266597,0.002463,0.00263111,562450520.4138182,0
REEF.V,D,20221221,000000,0.00263211,0.00264305,0.00246307,0.00247012,318511358.0341603,0
REEF.V,D,20221222,000000,0.00246712,0.00250197,0.00238878,0.00244963,332659345.413512,0
REEF.V,D,20221223,000000,0.00244861,0.00245666,0.00239986,0.00240774,216003862.9859931,0
REEF.V,D,20221224,000000,0.00240074,0.00244476,0.00239786,0.00242283,274864386.779619,0
REEF.V,D,20221225,000000,0.00241988,0.00243693,0.00232767,0.00238064,276589816.72071236,0
REEF.V,D,20221226,000000,0.00238071,0.00241473,0.00236474,0.0023945,176075948.60644454,0
REEF.V,D,20221227,000000,0.00239752,0.00243954,0.00237234,0.00238914,288780905.44226,0
REEF.V,D,20221228,000000,0.00239302,0.00240206,0.00224701,0.0022588,455004244.9168695,0
REEF.V,D,20221229,000000,0.00226076,0.00231865,0.00218712,0.00223197,198802639.1035416,0
REEF.V,D,20221230,000000,0.00223297,0.00225785,0.00219688,0.00225087,228880271.08413795,0
REEF.V,D,20221231,000000,0.00223486,0.00228284,0.00223486,0.00224985,131596239.29262123,0
REEF.V,D,20230101,000000,0.00224485,0.00234092,0.00224386,0.00229394,262750111.21970433,0
REEF.V,D,20230102,000000,0.00229592,0.00237303,0.00226407,0.00231928,199537365.09428892,0
REEF.V,D,20230103,000000,0.00232421,0.00234927,0.00228306,0.00229415,204179769.57618514,0
REEF.V,D,20230104,000000,0.0023071,0.00242537,0.00230403,0.00236822,328462099.87669295,0
REEF.V,D,20230105,000000,0.00237022,0.00242832,0.00235403,0.00236917,242653649.802654,0
REEF.V,D,20230106,000000,0.00236715,0.00240635,0.00228074,0.00240525,188976353.66861016,0
REEF.V,D,20230107,000000,0.00242023,0.00254026,0.00240428,0.0024174,293913436.779313,0
REEF.V,D,20230108,000000,0.0024174,0.00248263,0.00238367,0.00248163,263325944.64074275,0
REEF.V,D,20230109,000000,0.0024817,0.00263082,0.0024817,0.002564,900992656.3296666,0
REEF.V,D,20230110,000000,0.00256297,0.00287117,0.0025378,0.00267137,1710832579.292656,0
REEF.V,D,20230111,000000,0.00267943,0.00268135,0.00253272,0.00260997,416010693.35832626,0
REEF.V,D,20230112,000000,0.00260977,0.00273008,0.00257392,0.00270627,833100190.0269727,0
REEF.V,D,20230113,000000,0.00270424,0.00282217,0.00267473,0.00278728,515775071.33090496,0
REEF.V,D,20230114,000000,0.00278825,0.00308146,0.00277228,0.00296915,763169733.3992374,0
REEF.V,D,20230115,000000,0.0029753,0.00305252,0.00285831,0.0030039,494600215.00501466,0
REEF.V,D,20230116,000000,0.0030029,0.00309121,0.0028802,0.00299506,473224147.7568082,0
REEF.V,D,20230117,000000,0.00299412,0.00326546,0.00293315,0.00314935,2182467360.044045,0
REEF.V,D,20230118,000000,0.00315535,0.00317735,0.00277492,0.00286586,1152220744.5394175,0
REEF.V,D,20230119,000000,0.00286286,0.002899,0.00276975,0.00287091,301429364.77871084,0
REEF.V,D,20230120,000000,0.0028672,0.00308349,0.00283,0.00304652,244436061.38753477,0
REEF.V,D,20230121,000000,0.00305055,0.00324868,0.00303245,0.00312562,705796946.6321169,0
REEF.V,D,20230122,000000,0.00311547,0.00347656,0.00307052,0.00318264,1443794321.4572446,0
REEF.V,D,20230123,000000,0.00318164,0.0032912,0.00317163,0.00324449,432629150.38358647,0
REEF.V,D,20230124,000000,0.00324945,0.00343297,0.00302348,0.00308312,794574969.1433645,0
REEF.V,D,20230125,000000,0.00308209,0.0031836,0.00295653,0.0031005,869855810.3208715,0
REEF.V,D,20230126,000000,0.00309453,0.0033205,0.00309053,0.00322626,1265450682.7917652,0
REEF.V,D,20230127,000000,0.00323829,0.00345079,0.00312372,0.00333046,1245386368.8046803,0
REEF.V,D,20230128,000000,0.00333817,0.00340585,0.00323271,0.00327262,553988856.1183738,0
REEF.V,D,20230129,000000,0.00326765,0.00339531,0.00325675,0.00337717,460744319.3874225,0
REEF.V,D,20230130,000000,0.00337817,0.0034162,0.00307715,0.00312719,787935147.2263713,0
REEF.V,D,20230131,000000,0.00312922,0.003253,0.00312216,0.00322129,611639558.4765139,0
REEF.V,D,20230201,000000,0.00321726,0.00353504,0.003081,0.0033462,1767734471.7735002,0
REEF.V,D,20230202,000000,0.00335317,0.00346242,0.00325023,0.00329566,608682653.5075893,0
REEF.V,D,20230203,000000,0.00329569,0.00351846,0.00324649,0.00346428,846266485.6046886,0
REEF.V,D,20230204,000000,0.00347128,0.00376538,0.00338624,0.00359532,2240505073.33656,0
REEF.V,D,20230205,000000,0.00359729,0.00363329,0.00330086,0.00335384,1139638118.4393966,0
REEF.V,D,20230206,000000,0.00334787,0.00344897,0.00326562,0.00338014,464002706.0368081,0
REEF.V,D,20230207,000000,0.00337614,0.003649,0.00331927,0.00362125,1064075379.6358727,0
REEF.V,D,20230208,000000,0.00362222,0.003785,0.00341538,0.00353025,915096457.0193902,0
REEF.V,D,20230209,000000,0.00352121,0.00362207,0.0029916,0.00306731,543511064.9173818,0
REEF.V,D,20230210,000000,0.00306931,0.00318935,0.0030547,0.00313847,514648310.4008724,0
REEF.V,D,20230211,000000,0.00313747,0.00323629,0.00309631,0.00322329,434626736.5236714,0
REEF.V,D,20230212,000000,0.00322732,0.0033292,0.00314644,0.00320726,433633366.983282,0
REEF.V,D,20230213,000000,0.00320632,0.00328389,0.00306991,0.00311168,541502201.2776473,0
REEF.V,D,20230214,000000,0.00310771,0.00325446,0.00310045,0.00323994,436141360.4736661,0
REEF.V,D,20230215,000000,0.0032433,0.00345538,0.00323917,0.00343962,622366600.2566813,0
REEF.V,D,20230216,000000,0.00344459,0.00358429,0.00332603,0.0033301,704641577.4291131,0
REEF.V,D,20230217,000000,0.00332146,0.00391239,0.00328536,0.00356232,4381476709.8653965,0
REEF.V,D,20230218,000000,0.00356236,0.00385481,0.0035217,0.00361058,2874898920.2738347,0
REEF.V,D,20230219,000000,0.00361258,0.00368866,0.00349601,0.00358382,1089245503.570588,0
REEF.V,D,20230220,000000,0.00358582,0.00375334,0.00344603,0.00372215,947948561.0436221,0
REEF.V,D,20230221,000000,0.00371215,0.0037686,0.00356071,0.00364866,922992351.351559,0
REEF.V,D,20230222,000000,0.00364962,0.00372037,0.00342238,0.00354025,642757959.1974992,0
REEF.V,D,20230223,000000,0.00354318,0.00366429,0.00348438,0.00356046,457855673.7881314,0
REEF.V,D,20230224,000000,0.0035565,0.00358139,0.00325126,0.00329893,535274568.4667995,0
REEF.V,D,20230225,000000,0.003287,0.0033473,0.00316957,0.00325123,419752012.71073896,0
REEF.V,D,20230226,000000,0.00324919,0.00335027,0.00323926,0.00331033,296144848.1767209,0
REEF.V,D,20230227,000000,0.00331317,0.0033971,0.00324926,0.00330417,509764149.4791705,0
REEF.V,D,20230228,000000,0.0033042,0.00336597,0.00315563,0.00320367,721967103.643104,0
REEF.V,D,20230301,000000,0.00320064,0.0033333,0.00317544,0.00330946,268080301.02576151,0
REEF.V,D,20230302,000000,0.00331746,0.0033405,0.003198,0.00326116,389296231.7531753,0
REEF.V,D,20230303,000000,0.00326326,0.00326626,0.0028512,0.00295618,788912745.6903951,0
REEF.V,D,20230304,000000,0.00295721,0.00299718,0.00284714,0.0028982,901680472.9700644,0
REEF.V,D,20230305,000000,0.0029032,0.0029833,0.00289032,0.00289132,311943631.0880857,0
REEF.V,D,20230306,000000,0.00288832,0.00293397,0.00280939,0.00291782,195439659.21698382,0
REEF.V,D,20230307,000000,0.00291782,0.00294697,0.00275259,0.00278706,292540419.0106067,0
REEF.V,D,20230308,000000,0.00279,0.00283,0.00261187,0.00263089,207578424.54834723,0
REEF.V,D,20230309,000000,0.00262768,0.00274315,0.00248345,0.00250923,186329920.56248304,0
REEF.V,D,20230310,000000,0.00250623,0.00253213,0.00233481,0.00250727,685528686.3556246,0
REEF.V,D,20230311,000000,0.00250396,0.00259535,0.00236591,0.00245438,709533768.6407197,0
REEF.V,D,20230312,000000,0.00245585,0.0026449,0.00243001,0.00262988,226188776.62057382,0
REEF.V,D,20230313,000000,0.00263386,0.00282761,0.00258212,0.00280972,560005736.1667122,0
REEF.V,D,20230314,000000,0.00281318,0.00298381,0.00271247,0.00286149,650916900.2224233,0
REEF.V,D,20230315,000000,0.00286719,0.00293507,0.00255756,0.0026069,774235339.5074763,0
REEF.V,D,20230316,000000,0.00260286,0.00266983,0.00256385,0.00262125,800132049.1185576,0
REEF.V,D,20230317,000000,0.00262642,0.0027972,0.00259994,0.00278831,670814405.6202315,0
REEF.V,D,20230318,000000,0.00278433,0.00294691,0.00273737,0.00278307,514833417.18385935,0
REEF.V,D,20230319,000000,0.00277329,0.00290268,0.00273819,0.00284955,368800931.8564151,0
REEF.V,D,20230320,000000,0.00284861,0.00287431,0.00268444,0.00271889,381601605.4129363,0
REEF.V,D,20230321,000000,0.00272591,0.0028324,0.00261088,0.00279391,801467586.8187729,0
REEF.V,D,20230322,000000,0.00278887,0.00286941,0.00253585,0.00259255,1023799852.5267173,0
REEF.V,D,20230323,000000,0.00259221,0.00276126,0.00259028,0.00274175,1122607632.7598047,0
REEF.V,D,20230324,000000,0.00274973,0.00277175,0.00259382,0.00265968,304571770.0391453,0
REEF.V,D,20230325,000000,0.002656,0.00267299,0.00252585,0.00256046,237260388.67945993,0
REEF.V,D,20230326,000000,0.00255848,0.00264838,0.00254945,0.00263197,252261162.6445391,0
REEF.V,D,20230327,000000,0.00262388,0.00264765,0.00241962,0.00247416,347088272.63025755,0
REEF.V,D,20230328,000000,0.00247416,0.00251173,0.00240577,0.00246496,467194783.12818474,0
REEF.V,D,20230329,000000,0.00246894,0.00271349,0.00246894,0.00271249,454731945.4241899,0
REEF.V,D,20230330,000000,0.00271152,0.00278028,0.00257549,0.00266475,981643292.9634507,0
REEF.V,D,20230331,000000,0.00266575,0.00275061,0.00262776,0.00272454,693207727.191698,0
REEF.V,D,20230401,000000,0.00272157,0.002784,0.00270689,0.00274599,396339015.35221756,0
REEF.V,D,20230402,000000,0.00276102,0.00281804,0.0026488,0.00267568,477569338.6610402,0
REEF.V,D,20230403,000000,0.00266965,0.00274733,0.00259452,0.00269708,442384401.0421916,0
REEF.V,D,20230404,000000,0.00269408,0.00281142,0.00268975,0.00277241,436221308.9432597,0
REEF.V,D,20230405,000000,0.00278937,0.00282982,0.002711,0.002773,251774666.89254948,0
REEF.V,D,20230406,000000,0.00276886,0.00289548,0.00270779,0.00280098,917296739.5393519,0
REEF.V,D,20230407,000000,0.00279898,0.00289056,0.00274732,0.00275106,513618446.38358736,0
REEF.V,D,20230408,000000,0.00275504,0.00282035,0.00273305,0.00277208,315626807.6155536,0
REEF.V,D,20230409,000000,0.00276808,0.00288382,0.00274178,0.0028317,603222877.2556942,0
REEF.V,D,20230410,000000,0.00283799,0.00286243,0.00278837,0.00285531,350274804.296447,0
REEF.V,D,20230411,000000,0.00286235,0.00294689,0.00286235,0.00288382,375029879.8773334,0
REEF.V,D,20230412,000000,0.00288185,0.00290287,0.00275108,0.00286723,406289807.8589093,0
REEF.V,D,20230413,000000,0.00286623,0.00298213,0.00283952,0.00295183,306599838.30187976,0
REEF.V,D,20230414,000000,0.00295183,0.00309528,0.00292054,0.00300956,558293763.0262157,0
REEF.V,D,20230415,000000,0.00301044,0.00306172,0.00295978,0.00302169,350167628.5530036,0
REEF.V,D,20230416,000000,0.00301168,0.00317619,0.00297155,0.00311812,660973545.8665171,0
REEF.V,D,20230417,000000,0.00312409,0.00314442,0.00295604,0.00302378,435922374.9025347,0
REEF.V,D,20230418,000000,0.00302478,0.00313797,0.00297631,0.00309759,406662629.83029085,0
REEF.V,D,20230419,000000,0.00309646,0.00314048,0.00273742,0.00281546,1676864933.9416401,0
