<TICKER>,<PER>,<DATE>,<TIME>,<OPEN>,<HIGH>,<LOW>,<CLOSE>,<VOL>,<OPENINT>
RENBTC.V,D,20220111,000000,41763.4,42770.36,41763.4,42700.83,0.00000010988022,0
RENBTC.V,D,20220112,000000,42695.76,43808.47,42669.87,43808.47,0.007672250396531,0
RENBTC.V,D,20220113,000000,43757.91,43757.91,43757.91,43757.91,0.00000013738017,0
RENBTC.V,D,20220114,000000,42252.96,43311.17,42252.96,43305.66,0.019194743232448,0
RENBTC.V,D,20220115,000000,43240.46,44744.88,42579.27,43753.26,1.3452311222071,0
RENBTC.V,D,20220116,000000,43748.87,44100.11,42362.78,43066.79,0.083566846885836,0
RENBTC.V,D,20220117,000000,43164.58,43310.67,41652.7,42206.02,0.075773213780548,0
RENBTC.V,D,20220118,000000,42084.94,42660.85,41385.41,42501.73,0.081381773906785,0
RENBTC.V,D,20220119,000000,42621.87,42658.7,41265.93,41964.16,0.092771109580608,0
RENBTC.V,D,20220120,000000,42003.7,43450.84,41097.01,41097.01,0.061786365304437,0
RENBTC.V,D,20220121,000000,41020.2,41042.79,36301.69,36301.69,0.22162693444846,0
RENBTC.V,D,20220122,000000,36305.32,36694.77,34198.37,34584.73,0.050996424750803,0
RENBTC.V,D,20220123,000000,34598.3,35589.66,34266.37,34956.13,0.10265804828896,0
RENBTC.V,D,20220124,000000,34937.05,37001.58,33109.36,36302.79,0.22980164447348,0
RENBTC.V,D,20220125,000000,36391.34,37339.8,35746.75,36647.48,0.12576523403647,0
RENBTC.V,D,20220126,000000,36786.84,38796.12,36342.26,36375.68,0.089253818889832,0
RENBTC.V,D,20220127,000000,36542.71,36989.72,35635.08,36534.76,0.11574282019873,0
RENBTC.V,D,20220128,000000,36810.09,37982.88,36209.45,37836.07,0.09057508881346,0
RENBTC.V,D,20220129,000000,37748.07,38600.24,37346.72,38086.07,0.069591491568877,0
RENBTC.V,D,20220130,000000,38035.74,38314.08,37483.4,37796.9,0.083377082184422,0
RENBTC.V,D,20220131,000000,37980.52,38678.65,36706.43,38586.4,0.28658956839774,0
RENBTC.V,D,20220201,000000,38440.65,39028.47,38112.22,38757.06,0.37483724242978,0
RENBTC.V,D,20220202,000000,38681.02,38881.76,36769.61,37091.08,0.052874583706048,0
RENBTC.V,D,20220203,000000,37069.09,37083.81,36303.55,36848.25,0.27869160562228,0
RENBTC.V,D,20220204,000000,36883.5,40859.74,36883.5,40657.49,0.098576877214199,0
RENBTC.V,D,20220205,000000,40692.61,41817.83,40623.17,41645.21,0.1482024409541,0
RENBTC.V,D,20220206,000000,41608.68,42110.24,41354.73,41687.47,0.052982459155648,0
RENBTC.V,D,20220207,000000,41574.15,44436.67,41574.15,44078.83,0.10122872896112,0
RENBTC.V,D,20220208,000000,44078.85,45169.45,42817.45,44038.05,1.3598760031192,0
RENBTC.V,D,20220209,000000,43992.95,44545.55,43187.64,44426.61,0.21241711679364,0
RENBTC.V,D,20220210,000000,44462.09,45524.33,43597.44,43875.26,0.082235381295531,0
RENBTC.V,D,20220211,000000,43777.5,43777.5,42200.97,42385.48,0.12051810429814,0
RENBTC.V,D,20220212,000000,41981.49,42814.34,41690.09,41971.66,0.063972237697133,0
RENBTC.V,D,20220213,000000,42048.15,42674.07,41933.55,42336.96,0.056196965861031,0
RENBTC.V,D,20220214,000000,42395.31,42757.57,41686.84,42645.18,0.12374332907129,0
RENBTC.V,D,20220215,000000,42658.53,44333.07,42506.78,44210.22,0.040377399827368,0
RENBTC.V,D,20220216,000000,44144.75,44487.76,43467.34,44024.3,0.049870320307732,0
RENBTC.V,D,20220217,000000,44139.54,44222.34,40137.37,40677.36,0.10398901361524,0
RENBTC.V,D,20220218,000000,40728.22,40957.47,39711.66,39913.28,0.56006288049193,0
RENBTC.V,D,20220219,000000,39973.11,40400.19,39725.8,40021.46,0.055368246549753,0
RENBTC.V,D,20220220,000000,39982.28,40087.8,38076.64,38595.94,1.6526458931431,0
RENBTC.V,D,20220221,000000,38782.49,39387.84,36924.2,37466.49,3.2498805809548,0
RENBTC.V,D,20220222,000000,37535.19,37642.87,36432,37606.8,2.1175042076885,0
RENBTC.V,D,20220223,000000,38117.29,38926.53,37424.25,37550.04,2.2822977166934,0
RENBTC.V,D,20220224,000000,37570.18,39201.02,34418.02,37728.79,1.993641818188,0
RENBTC.V,D,20220225,000000,37973.45,39642.17,37969.66,39274.27,0.49886741399191,0
RENBTC.V,D,20220226,000000,39376.48,39544.29,38756.55,39211.89,0.015695117804539,0
RENBTC.V,D,20220227,000000,39088.35,39693.84,37065.75,37667.07,1.1894297361701,0
RENBTC.V,D,20220228,000000,37492.64,43913.97,37491.71,43216.45,3.4477316628001,0
RENBTC.V,D,20220301,000000,43101.59,44688.27,42946.83,43928.24,0.76284154445956,0
RENBTC.V,D,20220302,000000,44140.69,45196.61,43450.39,44057.98,0.031605781456312,0
RENBTC.V,D,20220303,000000,44053.21,44139.44,41933.44,42515.17,0.27104532164177,0
RENBTC.V,D,20220304,000000,42445.23,42508.56,38708.3,38708.3,1.4744855617235,0
RENBTC.V,D,20220305,000000,38995.33,39531.03,38824.33,39407.01,0.030492185071973,0
RENBTC.V,D,20220306,000000,39381.45,39554.28,38101.18,39081.12,0.0662828525991,0
RENBTC.V,D,20220307,000000,38795.93,39454.3,37199.25,38173.82,6.624352888054,0
RENBTC.V,D,20220308,000000,38181.17,39342.55,37915.26,38584.82,3.2710420030106,0
RENBTC.V,D,20220309,000000,38624.25,42489.01,38624.25,41885.46,0.035294083260341,0
RENBTC.V,D,20220310,000000,41920.8,42080.63,38909.36,39341.24,0.06668784302547,0
RENBTC.V,D,20220311,000000,39362.05,39994.17,38319.11,39025,2.0285761859524,0
RENBTC.V,D,20220312,000000,38846.98,39285.52,38764.6,39098.41,0.05720524503324,0
RENBTC.V,D,20220313,000000,39120.56,39175.52,38430.94,38594.11,0.045393190474196,0
RENBTC.V,D,20220314,000000,37659,39190.22,37659,38991.64,1.9670883581837,0
RENBTC.V,D,20220315,000000,39451.04,39749.6,38315.92,39441.28,2.1790903281342,0
RENBTC.V,D,20220316,000000,39497.16,41443.84,39045.2,40861.41,0.29123609902907,0
RENBTC.V,D,20220317,000000,40753.74,41174.49,40599.69,41025.68,0.044187670634941,0
RENBTC.V,D,20220318,000000,40922.59,42220.61,40303.2,41758.72,0.90030966964309,0
RENBTC.V,D,20220319,000000,41810.61,42337.56,41567.09,41796.83,1.6048670278856,0
RENBTC.V,D,20220320,000000,41930.14,42261.26,41148.2,41166.62,0.014193637073204,0
RENBTC.V,D,20220321,000000,41382.68,41421.24,40762.83,41226.95,0.03328634262373,0
RENBTC.V,D,20220322,000000,41119.91,43029.75,40880.63,42516.89,0.044279771386201,0
RENBTC.V,D,20220323,000000,42431.24,42677.19,41696.48,42508.57,0.7150122016898,0
RENBTC.V,D,20220324,000000,42480.33,44110.74,42434.12,43970.61,0.95264778877361,0
RENBTC.V,D,20220325,000000,43972.29,44999.68,43809.34,44386.21,0.061094258618542,0
RENBTC.V,D,20220326,000000,44279.3,44732.83,44130.39,44414.58,0.031587079938558,0
RENBTC.V,D,20220327,000000,44387.59,46669.23,44387.59,46669.23,0.025390279929898,0
RENBTC.V,D,20220328,000000,46443.36,48096.92,46443.36,47572.44,0.3285025602229,0
RENBTC.V,D,20220329,000000,47594,47727.18,47112.94,47396.62,0.011496370408515,0
RENBTC.V,D,20220330,000000,46755.46,46961.08,46755.46,46956.39,0.0000001693668,0
RENBTC.V,D,20220331,000000,46859.87,47435.54,46202.45,46202.45,1.1399722972692,0
RENBTC.V,D,20220401,000000,45489.66,46092.18,44430.13,46087.58,0.001503986793185,0
RENBTC.V,D,20220402,000000,46407.99,46978.9,45860.65,45871.96,1.6808875652583,0
RENBTC.V,D,20220403,000000,46004.65,46748.1,45641.78,46748.1,0.015894571912789,0
RENBTC.V,D,20220404,000000,46906.54,46971.46,45192.34,46492.12,0.25623744110652,0
RENBTC.V,D,20220405,000000,46393.26,46999.27,45572.26,45885.76,0.015312733817321,0
RENBTC.V,D,20220406,000000,45952.42,45952.42,43420.21,43854.78,0.039197489249736,0
RENBTC.V,D,20220407,000000,43778.49,43827.14,43057.05,43460.24,0.030928781279574,0
RENBTC.V,D,20220408,000000,43486.73,43897.87,42625.3,42700.97,0.61671601773008,0
RENBTC.V,D,20220409,000000,42568.12,42596.47,42130.01,42484.18,0.30028148552118,0
RENBTC.V,D,20220410,000000,42565.9,43309.69,42459.81,43108.15,0.026821415419657,0
RENBTC.V,D,20220411,000000,42642.91,42642.91,39348.35,39348.35,0.49475127682394,0
RENBTC.V,D,20220412,000000,39391.83,40588,39391.83,39722.45,0.7353530089517,0
RENBTC.V,D,20220413,000000,39695.95,41309.96,39623.6,41223.82,0.03029131505811,0
RENBTC.V,D,20220414,000000,40640.39,41469.74,39648.94,39906.98,0.27554487211527,0
RENBTC.V,D,20220415,000000,39949.91,40521.26,39807.91,40435.91,0.25055160337489,0
RENBTC.V,D,20220416,000000,40418.25,40597.81,40020.53,40398.97,0.026995207719231,0
RENBTC.V,D,20220417,000000,40549.53,40549.53,40068.45,40204.37,0.011999003908786,0
RENBTC.V,D,20220418,000000,40045.52,40986.91,38834.81,40794.02,0.31643678494587,0
RENBTC.V,D,20220419,000000,40829.96,41574.35,40633.7,41252.89,0.026959289192729,0
RENBTC.V,D,20220420,000000,41281.27,42118.99,41043.33,41470.31,0.034994436306019,0
RENBTC.V,D,20220421,000000,41480.73,42702.93,40557.85,40699.85,0.012999431310477,0
RENBTC.V,D,20220422,000000,40634.21,40750.03,39356.78,39554.37,0.012098531995978,0
RENBTC.V,D,20220423,000000,39590.37,39928.3,39371.69,39867.58,0.014897568797889,0
RENBTC.V,D,20220424,000000,39854.33,39859.58,39286.43,39564.31,0.042694782701502,0
RENBTC.V,D,20220425,000000,39700.92,40406.82,38392.89,40172.22,0.09938301820808,0
RENBTC.V,D,20220426,000000,40363.04,40666.43,37971.63,38384.39,0.022800835082284,0
RENBTC.V,D,20220427,000000,38387.18,39918.32,37746.95,39211.09,0.34002312040797,0
RENBTC.V,D,20220428,000000,38104.33,41617.26,38104.33,39841.96,0.057758816678228,0
RENBTC.V,D,20220429,000000,39754.95,39846.94,38250.41,38461.69,0.23547796672625,0
RENBTC.V,D,20220430,000000,38509.12,38738.8,38222.73,38282.16,0.011499985949613,0
RENBTC.V,D,20220501,000000,38204.54,38640.73,35753.71,38313.37,0.042496963430675,0
RENBTC.V,D,20220502,000000,38522.42,39055.04,36943.71,38613.29,0.026392631421468,0
RENBTC.V,D,20220503,000000,38641.24,38730.74,37575.44,37850.39,0.023559120615515,0
RENBTC.V,D,20220504,000000,37748.78,39872.2,37664.17,39754.35,0.039321644415369,0
RENBTC.V,D,20220505,000000,39730.54,39774.91,35730.86,36489.52,0.019105467166621,0
RENBTC.V,D,20220506,000000,36383.6,36576.04,34893.26,35953.97,0.023403566665235,0
RENBTC.V,D,20220507,000000,35953.61,36613.88,35183.81,35183.81,0.020803734651301,0
RENBTC.V,D,20220508,000000,35181.36,35557.32,33886.85,34428.29,0.12163526997274,0
RENBTC.V,D,20220509,000000,34472.61,34679.68,30815.8,31636.42,0.35190945994038,0
RENBTC.V,D,20220510,000000,31440.94,32670.56,30482.28,30941.3,0.40210174150101,0
RENBTC.V,D,20220511,000000,30796.73,32163.34,28396.68,28396.68,0.13663957842441,0
RENBTC.V,D,20220512,000000,29155.54,30343.28,25305.69,28668.99,0.015202926908777,0
RENBTC.V,D,20220513,000000,28785,29808.65,28592.06,29808.65,0.001303956938539,0
RENBTC.V,D,20220518,000000,29743.87,29743.87,29740.9,29740.9,0.006853087295826,0
RENBTC.V,D,20220519,000000,29846.51,29846.51,29843.53,29846.51,0.0241459049121,0
RENBTC.V,D,20220521,000000,29076.07,29383.83,29076.07,29148.05,0.033682543631815,0
RENBTC.V,D,20220523,000000,30315.39,30378.68,30315.39,30378.68,0.000000008572882,0
RENBTC.V,D,20220526,000000,29663.01,29663.01,28873.41,28873.41,1.0337295,0
RENBTC.V,D,20220527,000000,29248.32,29248.32,28455.95,28455.95,0.565494991,0
RENBTC.V,D,20220528,000000,28599.25,29093.33,28133.41,29005.38,0.032823649344261,0
RENBTC.V,D,20220529,000000,28976.4,29402.32,28833.79,29166.51,0.051149381410891,0
RENBTC.V,D,20220530,000000,29237.84,31650.6,29237.84,31650.6,0.22563094523262,0
RENBTC.V,D,20220531,000000,31813.7,32212.88,31480.91,31669.17,0.02782222137707,0
RENBTC.V,D,20220601,000000,31728.61,31926.03,29476.91,29709.38,0.027911223843178,0
RENBTC.V,D,20220602,000000,29549.84,30347.42,29534.83,30281.84,0.063943254812655,0
RENBTC.V,D,20220603,000000,30369.84,33021.63,28803.57,29704.92,0.074684686442069,0
RENBTC.V,D,20220604,000000,29859.28,29869.68,29478.73,29827.36,0.1976426817907,0
RENBTC.V,D,20220605,000000,29928.93,30072.62,29579.98,29855.14,0.069990803271125,0
RENBTC.V,D,20220606,000000,30018.51,31524.79,29874.12,31524.79,0.63430926076692,0
RENBTC.V,D,20220607,000000,31486.66,688502.92,45.96,17443.56,0.59031523221993,0
RENBTC.V,D,20220608,000000,17449.3,30720.97,17447.38,30322.37,1.4082716985402,0
RENBTC.V,D,20220609,000000,29373.55,30331.65,29373.55,30145.5,0.10688692520597,0
RENBTC.V,D,20220610,000000,29584.77,29585.07,29055.84,29102.18,1.4761812056349,0
RENBTC.V,D,20220611,000000,28799.67,28803.13,28799.67,28803.13,0.04100151,0
RENBTC.V,D,20220612,000000,27540.6,27540.6,27349.28,27352.84,0.075104636,0
RENBTC.V,D,20220613,000000,26518.02,26518.02,8973.09,8987.04,1.057428682893,0
RENBTC.V,D,20220614,000000,15108.64,21156.52,15108.33,21156.52,0.15567956684,0
RENBTC.V,D,20220615,000000,21151.44,21155.25,20717.16,20723.38,0.65043441454805,0
RENBTC.V,D,20220616,000000,20717.36,20717.36,20717.36,20717.36,0,0
RENBTC.V,D,20220617,000000,21163.43,21164.06,20573.83,20577.95,5.771338794,0
RENBTC.V,D,20220618,000000,20573.83,20578.15,17896.03,17897.64,10.151944756532,0
RENBTC.V,D,20220620,000000,20623.55,20954.31,20621.49,20954.31,3.1534150285,0
RENBTC.V,D,20220622,000000,20638.6,20638.6,20231.11,20233.14,0.00981040985293,0
RENBTC.V,D,20220624,000000,21089.51,21096.05,21087.4,21091.83,0.11997536777346,0
RENBTC.V,D,20220625,000000,21235.37,21238.34,21235.37,21237.49,0.021640242470377,0
RENBTC.V,D,20220628,000000,21023.34,21023.55,21023.13,21023.13,0.00114411344359,0
RENBTC.V,D,20220629,000000,20338.35,20338.35,20042.99,20046.8,0.00861272629186,0
RENBTC.V,D,20220630,000000,18947.22,18947.22,18947.22,18947.22,0.000000007831804,0
RENBTC.V,D,20220701,000000,20706.08,20708.15,20706.08,20708.15,0.29501640143976,0
RENBTC.V,D,20220702,000000,19242.3,19324.16,19222.99,19224.91,0.38020633824,0
RENBTC.V,D,20220703,000000,19133.64,19197.4,18948.48,19110.21,0.16537164612,0
RENBTC.V,D,20220704,000000,19254.09,19702.45,19254.09,19702.45,0.019990464,0
RENBTC.V,D,20220705,000000,19618.65,19620.61,19618.65,19620.61,0.09650614,0
RENBTC.V,D,20220706,000000,20215.52,20215.52,20193.66,20193.66,0,0
RENBTC.V,D,20220709,000000,21492.86,21878.98,21453.45,21716.88,0.026099634485108,0
RENBTC.V,D,20220710,000000,21714.53,21716.64,20746.49,21134.39,0.11079143954376,0
RENBTC.V,D,20220711,000000,20903.02,20903.02,20276.2,20336.03,0.06374775965344,0
RENBTC.V,D,20220712,000000,20084.09,20111.91,19338.1,19428.1,0.12765947228329,0
RENBTC.V,D,20220713,000000,19439.71,19879.69,19038.74,19869.14,0.0728770835562,0
RENBTC.V,D,20220714,000000,19864.19,20787.2,19690.74,20492.62,0.030125369967444,0
RENBTC.V,D,20220715,000000,20469.48,21136.21,20405.95,20967.05,0.068248603793206,0
RENBTC.V,D,20220716,000000,20871.45,21275.82,19762.76,20485.02,0.12180885704665,0
RENBTC.V,D,20220717,000000,20318.72,21473.96,20086.8,21011.94,0.055515144951424,0
RENBTC.V,D,20220718,000000,20991.5,22413.06,20772.41,21670.01,0.045813964746254,0
RENBTC.V,D,20220719,000000,21687.04,23643,21618.66,23585.17,0.045266363774596,0
RENBTC.V,D,20220720,000000,23611.59,24249.72,23024.72,23725.55,0.045699315466052,0
RENBTC.V,D,20220721,000000,23532.87,23549.14,21940.02,22195.87,0.025498396775317,0
RENBTC.V,D,20220722,000000,22542.76,23696.7,20850.41,22736.55,0.076193792084911,0
RENBTC.V,D,20220723,000000,22723.21,22986.09,22011.7,22260.61,0.022399182581647,0
RENBTC.V,D,20220724,000000,22288.77,22872.7,22287.43,22764.32,0.04060007730467,0
RENBTC.V,D,20220725,000000,22851.48,22929.16,21654.39,22113.85,0.10379373382077,0
RENBTC.V,D,20220726,000000,22022.58,22022.58,20806.06,20952.87,0.33579723391143,0
RENBTC.V,D,20220727,000000,21050.8,22896.68,21050.8,22728.72,0.10769113331322,0
RENBTC.V,D,20220728,000000,22703.7,24170.99,22703.7,23944.74,0.042995971314002,0
RENBTC.V,D,20220729,000000,23920.26,24332.02,23500.9,23813.98,0.16036120730794,0
RENBTC.V,D,20220730,000000,23792.55,24606.98,23712.62,23938.06,0.056780830124555,0
RENBTC.V,D,20220731,000000,23565.53,23870.88,23565.53,23587.61,0.022094582067116,0
RENBTC.V,D,20220801,000000,23566.52,23566.52,22921.54,23035.3,0.038291651093316,0
RENBTC.V,D,20220802,000000,23075.44,23435.49,22663.94,23010.37,0.24415140350407,0
RENBTC.V,D,20220803,000000,23120.41,23599.55,22742.65,23297.2,0.056734894975814,0
RENBTC.V,D,20220804,000000,23253.03,23253.03,22361.44,22537.4,0.079120285089318,0
RENBTC.V,D,20220805,000000,22488.12,23464.57,22488.12,23153.57,0.047197684382677,0
RENBTC.V,D,20220806,000000,23157.55,23313.89,23043.41,23224.45,0.11007711196329,0
RENBTC.V,D,20220807,000000,23182.41,23326.32,22904.74,23310.77,0.032995355245543,0
RENBTC.V,D,20220808,000000,23272.03,24239.96,23082.31,23838.49,0.077887075752315,0
RENBTC.V,D,20220809,000000,23829.7,23928.15,23010.23,23205.47,0.12448077501594,0
RENBTC.V,D,20220810,000000,23177.84,24180.92,22754.85,23923.73,0.061583623717562,0
RENBTC.V,D,20220811,000000,23964.76,24834.98,23844.69,24190.87,0.080174229189556,0
RENBTC.V,D,20220812,000000,24207.68,24234.57,23680.11,24170.26,0.070407377205599,0
RENBTC.V,D,20220813,000000,24125.22,24822.47,24100.41,24533.74,0.033312418712882,0
RENBTC.V,D,20220814,000000,24512.58,25004.07,24216.25,24340.86,0.14965511899814,0
RENBTC.V,D,20220815,000000,24343.83,25130.79,23964.59,24075.62,0.096331371879101,0
RENBTC.V,D,20220816,000000,24025.18,24228.48,23714.64,23960.14,0.031199057264662,0
RENBTC.V,D,20220817,000000,23879.26,24430.91,23294.69,23332.71,0.025199795329668,0
RENBTC.V,D,20220818,000000,23308.98,23567.25,23039.62,23408.07,0.041200064970966,0
RENBTC.V,D,20220819,000000,23356.47,23525.77,21223.56,21238.43,0.3044655506113,0
RENBTC.V,D,20220820,000000,21239.76,21417.31,20801.64,21120.52,11.44908135184,0
RENBTC.V,D,20220821,000000,21196.23,21640.98,20947.88,21637.27,0.037804571267953,0
RENBTC.V,D,20220822,000000,21333.81,21660.95,20917.67,21087.32,2.2964449875585,0
RENBTC.V,D,20220823,000000,21111.39,21732.41,20987.82,21460.97,0.041307385986246,0
RENBTC.V,D,20220824,000000,21566.59,21785.93,21211.22,21677.11,0.058199187032104,0
RENBTC.V,D,20220825,000000,21595.94,22076.94,21032.96,21611.6,0.34259580700029,0
RENBTC.V,D,20220826,000000,21617.3,21813.09,20225.81,20597.39,0.45546715866195,0
RENBTC.V,D,20220827,000000,20651.65,20651.65,19615.54,19957.14,0.13880852440399,0
RENBTC.V,D,20220828,000000,19899.14,20104.44,19854.33,19979.51,0.097373883952156,0
RENBTC.V,D,20220829,000000,19896.92,20317.8,19544.31,20199.82,0.1869621609036,0
RENBTC.V,D,20220830,000000,20220.85,20519.77,19585.93,19868.6,0.07080203789181,0
RENBTC.V,D,20220831,000000,19884.13,21011.25,19781.8,20205.28,0.024802188524656,0
RENBTC.V,D,20220901,000000,20128.68,20195.34,19606.16,20125.34,0.08110897458915,0
RENBTC.V,D,20220902,000000,20086.47,20413.07,19517.65,19974.36,0.1216438131411,0
RENBTC.V,D,20220903,000000,20013.44,20056.3,19583.02,19777.15,0.062099188131638,0
RENBTC.V,D,20220904,000000,19822.3,19918.31,19370.3,19913.44,0.06280078327003,0
RENBTC.V,D,20220905,000000,19847.93,20026.99,19653.86,19734.95,0.06660203448059,0
RENBTC.V,D,20220906,000000,19747.49,20320.08,18828.93,18988.1,0.06234160167354,0
RENBTC.V,D,20220907,000000,18984.45,19442.08,18623.59,19359.85,0.07083996731716,0
RENBTC.V,D,20220908,000000,19405.55,19603.01,19027.96,19338.91,0.08739817713055,0
RENBTC.V,D,20220909,000000,19320.08,21381.51,19294.61,21236.67,0.0732006522527,0
RENBTC.V,D,20220910,000000,21305.25,21641.91,21191.01,21480.48,0.11225325216372,0
RENBTC.V,D,20220911,000000,21654.91,21768.24,21203.69,21676.02,0.025194251749707,0
RENBTC.V,D,20220912,000000,21634.19,22468.1,21581.17,22337.01,0.064513200115974,0
RENBTC.V,D,20220913,000000,22366.67,22766.29,20141.53,20141.53,0.041800676922425,0
RENBTC.V,D,20220914,000000,20128.33,20462.86,19800.07,20249.97,0.17909335123747,0
RENBTC.V,D,20220915,000000,20198.88,20372.12,19664.39,19835.88,0.28701681864114,0
RENBTC.V,D,20220916,000000,19833.99,19866.55,19366.9,19709.29,0.07841047536339,0
RENBTC.V,D,20220917,000000,19741.28,20159.55,19707.53,20047.18,0.08620513823894,0
RENBTC.V,D,20220918,000000,20076.8,20151.12,19481.35,19481.35,0.099005984277172,0
RENBTC.V,D,20220919,000000,19387.72,19569.87,18386.7,19550.32,0.05990280704898,0
RENBTC.V,D,20220920,000000,19521.51,19561.93,18860.57,19015.32,0.04509667333169,0
RENBTC.V,D,20220921,000000,18720.66,19677.94,18547.53,18547.53,0.04175077773023,0
RENBTC.V,D,20220922,000000,18465.96,19370.48,18363.51,19189.73,0.09310561173933,0
RENBTC.V,D,20220923,000000,19187.84,19468.28,18630.3,19006.17,0.07711079219482,0
RENBTC.V,D,20220924,000000,19027.81,19362.54,18968.7,19007.69,0.03400391575037,0
RENBTC.V,D,20220925,000000,18941.53,19145.63,18881.92,18906.22,0.08010734711378,0
RENBTC.V,D,20220926,000000,18846.85,19232.29,18718.12,19098.45,0.05960631665249,0
RENBTC.V,D,20220927,000000,19104.43,20308.59,18954.75,19030.59,0.04080437965904,0
RENBTC.V,D,20220928,000000,18986.12,19615.78,18533.75,19611.73,0.07216495014075,0
RENBTC.V,D,20220929,000000,19518.67,19614.94,18900.2,19471.37,0.03940079218313,0
RENBTC.V,D,20220930,000000,19453.58,19903.43,19285.61,19366.72,0.06879831770842,0
RENBTC.V,D,20221001,000000,19310.87,19465.8,19226.66,19306.06,0.1472894870167,0
RENBTC.V,D,20221002,000000,19312,19522.77,19106.52,19171.2,0.02650467753905,0
RENBTC.V,D,20221003,000000,19174.62,19597.65,18979.15,19551.45,0.07390004618301,0
RENBTC.V,D,20221004,000000,19547.11,20399.87,19519.43,20293.92,0.063689565154327,0
RENBTC.V,D,20221005,000000,20294.09,20377.43,19782,20060.52,0.049994127039614,0
RENBTC.V,D,20221006,000000,20151.76,20433.6,19905.47,19914.85,0.062964908867643,0
RENBTC.V,D,20221007,000000,19927.47,20037.09,19385.83,19645.61,0.06810042219961,0
RENBTC.V,D,20221008,000000,19587.89,19601.94,19284.76,19328.12,0.03059784876801,0
RENBTC.V,D,20221009,000000,19387.96,19557.82,19367.03,19463.48,0.07049747811905,0
RENBTC.V,D,20221010,000000,19458.15,19543.42,19139.96,19250.68,0.09529666804564,0
RENBTC.V,D,20221011,000000,19137.21,19248.46,18940.63,19016.72,0.05740542554784,0
RENBTC.V,D,20221012,000000,19041.18,19190.85,19029.11,19190.07,0.07970980252496,0
RENBTC.V,D,20221013,000000,19204.8,19430.98,18247.74,19361.08,0.11060748372606,0
RENBTC.V,D,20221014,000000,19421.35,19868.49,19125.47,19125.47,0.10129697301766,0
RENBTC.V,D,20221015,000000,19127.66,19217.75,19086.31,19087.4,0.04199861100874,0
RENBTC.V,D,20221016,000000,19066.13,19374.06,19066.13,19153.5,0.08070087293164,0
RENBTC.V,D,20221017,000000,19295.79,19673.14,19173.5,19515.03,0.10689692069899,0
RENBTC.V,D,20221018,000000,19567.54,20656.35,19165.06,19378.57,0.11329789170658,0
RENBTC.V,D,20221019,000000,19295.8,19376.3,18969.19,19207.71,0.04190263605644,0
RENBTC.V,D,20221020,000000,19145.84,19368.6,18964.29,19066.57,0.03440471545396,0
RENBTC.V,D,20221021,000000,19024.15,19229.58,18768.47,19158.5,0.04704741725818,0
RENBTC.V,D,20221022,000000,19170.88,19248.14,19119.95,19218.54,0.03380017893909,0
RENBTC.V,D,20221023,000000,19204.62,19529.8,19133.83,19469.58,0.10609554237749,0
RENBTC.V,D,20221024,000000,19606.03,19654.26,19203.45,19359.71,0.08979575892819,0
RENBTC.V,D,20221025,000000,19314.87,20341.1,19248.49,20163.04,0.16249847499864,0
RENBTC.V,D,20221026,000000,20161.67,21000.79,20046.09,20757.86,0.051175115229479,0
RENBTC.V,D,20221027,000000,20820.33,20881.81,20338.64,20363.76,0.027898845156276,0
RENBTC.V,D,20221028,000000,20414.46,20730.33,20071.14,20589.41,0.02730080492163,0
RENBTC.V,D,20221029,000000,20629.89,21565.85,20585.74,20892.72,0.046384891871022,0
RENBTC.V,D,20221030,000000,20833.21,21264.01,20445.26,20591.82,0.055888023138187,0
RENBTC.V,D,20221031,000000,20601.8,20799.73,20279.82,20471.44,0.09900299165822,0
RENBTC.V,D,20221101,000000,20260.92,20625.37,20260.92,20475.35,0.08061666035768,0
RENBTC.V,D,20221102,000000,20493.95,20737.21,20095.36,20095.36,0.06061023248729,0
RENBTC.V,D,20221103,000000,20131.11,20401.4,20114.48,20208.16,0.20825323178806,0
RENBTC.V,D,20221104,000000,20219.01,21267.98,20181.96,20677.48,0.10310894533292,0
RENBTC.V,D,20221105,000000,21113.5,21450.47,21042.6,21319.5,0.060197478483952016,0
RENBTC.V,D,20221106,000000,21296.33,21374.13,21100.33,21147.68,0.0283028817117,0
RENBTC.V,D,20221107,000000,21094.94,21094.94,20080.64,20080.64,0.10099233190764006,0
RENBTC.V,D,20221108,000000,20063.9,20323.33,17252.3,17980.72,0.38239738309764015,0
RENBTC.V,D,20221109,000000,18265.34,18265.34,14766.82,14790.27,0.25708589311113006,0
RENBTC.V,D,20221110,000000,15156.76,18856.83,14718.47,17881.67,0.2829269184716802,0
RENBTC.V,D,20221111,000000,17698.22,21111.77,16497.19,16648.02,0.15316711658860602,0
RENBTC.V,D,20221112,000000,16595.41,17299.15,16392.74,17070.77,0.023429525129619995,0
RENBTC.V,D,20221113,000000,17160.65,21973.19,16155.93,16423.75,0.10194037648667999,0
RENBTC.V,D,20221114,000000,16564.41,17244.14,15826.78,16225.99,0.16854108171880022,0
RENBTC.V,D,20221115,000000,16676.96,16941.36,16397.86,16757.79,0.19112345061246017,0
RENBTC.V,D,20221116,000000,16733.3,16837.82,16411.41,16696.48,0.14655202639899992,0
RENBTC.V,D,20221117,000000,16594.26,16773.05,16513.11,16624.68,0.10409480815950002,0
RENBTC.V,D,20221118,000000,16714,16834.75,16517.81,16518.86,0.1657665812623099,0
RENBTC.V,D,20221119,000000,16609.81,16819.2,16392.32,16595.06,0.1564876066092902,0
RENBTC.V,D,20221120,000000,16709.72,16742.76,16384.11,16537.56,0.2221837175877501,0
RENBTC.V,D,20221121,000000,16548.74,16712.37,15941.76,16202.17,0.20922680627911014,0
RENBTC.V,D,20221122,000000,16410.75,16526.37,16124.8,16255.41,0.03234173843437001,0
RENBTC.V,D,20221210,000000,17160.62,17160.62,17160.62,17160.62,0,0
RENBTC.V,D,20221212,000000,13731.28,13731.28,13731.28,13731.28,0.00000006694029,0
RENBTC.V,D,20221214,000000,10501,10501,10501,10501,0.001357652,0
RENBTC.V,D,20221221,000000,16847.11,16847.11,16847.11,16847.11,0.000000002552633,0
RENBTC.V,D,20230103,000000,16741.24,16741.24,16741.24,16741.24,0,0
RENBTC.V,D,20230107,000000,16950.99,16950.99,16950.99,16950.99,0,0
RENBTC.V,D,20230114,000000,20977.63,20977.63,20977.63,20977.63,0,0
RENBTC.V,D,20230119,000000,20755.42,20755.42,20755.42,20755.42,0.000001000616,0
RENBTC.V,D,20230120,000000,17944.44,17944.44,17944.44,17944.44,0.00000199986,0
RENBTC.V,D,20230125,000000,22728.65,22728.65,22728.65,22728.65,0,0
RENBTC.V,D,20230212,000000,21867.04,21867.04,21867.04,21867.04,0.0000000004575915,0
RENBTC.V,D,20230223,000000,16758.2,22000.1,16758.2,22000.1,0.320653554247,0
RENBTC.V,D,20230224,000000,21826.1,22200.2,21826.1,22200.2,0.000918495941,0
RENBTC.V,D,20230225,000000,36111,36111,28000,28000,0.069723756326,0
RENBTC.V,D,20230226,000000,21658,21658,21658,21658,0.003421,0
RENBTC.V,D,20230312,000000,19500,19500,19500,19500,0.0000005362253,0
RENBTC.V,D,20230319,000000,28200,28200,28200,28200,0.004322,0
RENBTC.V,D,20230329,000000,27500,44998.7,27500,44998.7,0.002139,0
RENBTC.V,D,20230330,000000,55000,55000,28528,28528,0.0003501747187,0
RENBTC.V,D,20230407,000000,58526,58526,58526,58526,0.000000318037,0
RENBTC.V,D,20230408,000000,35000,35000,35000,35000,0.0000000625,0
RENBTC.V,D,20230409,000000,1558.919,1558.919,1558.919,1558.919,0,0
RENBTC.V,D,20230411,000000,42999.9,42999.9,42999.9,42999.9,0,0
