<TICKER>,<PER>,<DATE>,<TIME>,<OPEN>,<HIGH>,<LOW>,<CLOSE>,<VOL>,<OPENINT>
SRM.V,D,20220514,000000,1.25287,1.32414,1.20047,1.27808,3042178.454744759,0
SRM.V,D,20220515,000000,1.28021,1.34838,1.26011,1.34438,1569087.2602146578,0
SRM.V,D,20220516,000000,1.34438,1.3615,1.19632,1.2254,2568686.7359554744,0
SRM.V,D,20220517,000000,1.2324,1.28359,1.19157,1.24738,1381852.3805049814,0
SRM.V,D,20220518,000000,1.24738,1.26935,1.13652,1.1485,1258038.5282810212,0
SRM.V,D,20220519,000000,1.1485,1.17482,1.08359,1.13486,1594471.9291554398,0
SRM.V,D,20220520,000000,1.13398,1.17359,1.0756,1.0847,1642371.3573891202,0
SRM.V,D,20220521,000000,1.08769,1.12742,1.06772,1.09557,1463098.5470977877,0
SRM.V,D,20220522,000000,1.09447,1.17958,1.09058,1.15262,1689018.2164996471,0
SRM.V,D,20220523,000000,1.15361,1.22378,1.13963,1.15461,2670732.3266147575,0
SRM.V,D,20220524,000000,1.15262,1.15262,1.07471,1.12753,1630812.5104401016,0
SRM.V,D,20220525,000000,1.12942,1.15661,1.09979,1.12976,1877468.5104581912,0
SRM.V,D,20220526,000000,1.12964,1.14074,1.00579,1.05295,2200350.964535352,0
SRM.V,D,20220527,000000,1.05184,1.06194,0.9949,1.003,2056851.0819233707,0
SRM.V,D,20220528,000000,1.00286,1.03793,0.99476,1.02481,1504767.8906215283,0
SRM.V,D,20220529,000000,1.02378,1.04485,0.9979,1.03186,1631288.7957667734,0
SRM.V,D,20220530,000000,1.03285,1.15419,1.02487,1.13909,3495837.7136288257,0
SRM.V,D,20220531,000000,1.1432,1.18505,1.09512,1.1211,2285565.143265334,0
SRM.V,D,20220601,000000,1.12115,1.16107,1.01509,1.01509,3424816.752930749,0
SRM.V,D,20220602,000000,1.01509,1.09202,1.00399,1.07603,2923719.369570996,0
SRM.V,D,20220603,000000,1.07603,1.105,1.01196,1.0311,2137436.380118804,0
SRM.V,D,20220604,000000,1.0301,1.0311,0.993,1.02022,3708189.052416171,0
SRM.V,D,20220605,000000,1.01925,1.05103,1.00319,1.04102,4224680.38714888,0
SRM.V,D,20220606,000000,1.04302,1.12107,1.02904,1.09707,11201429.183809048,0
SRM.V,D,20220607,000000,1.09908,1.12504,1.00915,1.06614,9378293.526293151,0
SRM.V,D,20220608,000000,1.06614,1.07114,1.01133,1.02833,6641221.175674909,0
SRM.V,D,20220609,000000,1.02933,1.07616,1.0122,1.03513,6571961.990756469,0
SRM.V,D,20220610,000000,1.03512,1.03714,0.92398,0.948793,9226777.52726353,0
SRM.V,D,20220611,000000,0.948784,0.963977,0.863927,0.92795,4675413.278237477,0
SRM.V,D,20220612,000000,0.927941,1.108357,0.888896,1.011754,26805882.335218724,0
SRM.V,D,20220613,000000,1.005761,1.007759,0.834514,0.884777,24662087.40363849,0
SRM.V,D,20220614,000000,0.884768,0.919876,0.811821,0.889931,42048079.26690812,0
SRM.V,D,20220615,000000,0.889931,0.971735,0.836492,0.95856,83471122.31384428,0
SRM.V,D,20220616,000000,0.962,0.976,0.852,0.867,18005388.665992238,0
SRM.V,D,20220617,000000,0.852813,0.917723,0.843817,0.894925,32643807.162753228,0
SRM.V,D,20220618,000000,0.894925,0.901934,0.781841,0.811683,44419551.601568334,0
SRM.V,D,20220619,000000,0.811683,0.854973,0.736893,0.846898,46366111.804687224,0
SRM.V,D,20220620,000000,0.848,0.904913,0.810944,0.869043,6499826.000911345,0
SRM.V,D,20220621,000000,0.867045,0.940247,0.858968,0.891108,3770582.3682129476,0
SRM.V,D,20220622,000000,0.89002,0.904095,0.841074,0.857142,12353341.190565916,0
SRM.V,D,20220623,000000,0.857142,0.894105,0.848151,0.881118,6586078.776819113,0
SRM.V,D,20220624,000000,0.901098,0.955245,0.884115,0.953246,10168392.17672463,0
SRM.V,D,20220625,000000,0.951048,0.97421,0.912379,0.968322,6627271.214270744,0
SRM.V,D,20220626,000000,0.97032,1.042374,0.951467,0.970408,21155210.57833161,0
SRM.V,D,20220627,000000,0.968399,0.988367,0.917596,0.958156,4988300.497806163,0
SRM.V,D,20220628,000000,0.960125,1.007083,0.943037,0.952827,6831578.135818607,0
SRM.V,D,20220629,000000,0.952817,0.952836,0.864918,0.893917,13508117.3493227,0
SRM.V,D,20220630,000000,0.891928,0.897921,0.804952,0.823011,24061010.120053712,0
SRM.V,D,20220701,000000,0.825009,0.874038,0.766925,0.796123,16252946.980057428,0
SRM.V,D,20220702,000000,0.794126,0.803,0.728,0.784058,23722728.495361097,0
SRM.V,D,20220703,000000,0.785057,0.795045,0.753943,0.770996,14156559.452966828,0
SRM.V,D,20220704,000000,0.769998,0.783,0.723,0.752,22941296.06654169,0
SRM.V,D,20220705,000000,0.751,0.767,0.725201,0.751173,7137087.712637014,0
SRM.V,D,20220706,000000,0.751173,0.75417,0.730196,0.749175,3068445.1023334884,0
SRM.V,D,20220707,000000,0.750174,0.779376,0.749175,0.771537,3466605.3758029146,0
SRM.V,D,20220708,000000,0.772536,0.91545,0.768308,0.867479,34420182.47528462,0
SRM.V,D,20220709,000000,0.867479,1.042374,0.862482,1.009394,43332970.471650854,0
SRM.V,D,20220710,000000,1.009394,1.030381,0.94943,0.98241,6658805.342573865,0
SRM.V,D,20220711,000000,0.98341,1.026281,0.920263,1.000099,15228593.016787007,0
SRM.V,D,20220712,000000,0.9991,1.001997,0.92907,0.97902,6823018.772016329,0
SRM.V,D,20220713,000000,0.980048,1.083915,0.958963,1.069037,19005217.21325397,0
SRM.V,D,20220714,000000,1.070036,1.114996,1.019082,1.046267,12243474.314785356,0
SRM.V,D,20220715,000000,1.046372,1.10933,1.03328,1.06868,7585929.172033507,0
SRM.V,D,20220716,000000,1.06868,1.16577,1.04769,1.10667,9901571.906156003,0
SRM.V,D,20220717,000000,1.10678,1.12779,1.0358,1.05571,3276400.0387286134,0
SRM.V,D,20220718,000000,1.05573,1.09895,1.02964,1.04976,6097690.935413575,0
SRM.V,D,20220719,000000,1.04976,1.1492,1.03691,1.14518,8465065.733122483,0
SRM.V,D,20220720,000000,1.142,1.17305,1.02292,1.05505,7205739.659887658,0
SRM.V,D,20220721,000000,1.05506,1.05506,0.9811,1.02626,4839275.2212175885,0
SRM.V,D,20220722,000000,1.02625,1.0682,0.9721,0.98322,6202626.323591299,0
SRM.V,D,20220723,000000,0.984,1.01309,0.95691,0.97519,3278665.0609320668,0
SRM.V,D,20220724,000000,0.9762,1.00605,0.97619,1.0012,2083086.867808275,0
SRM.V,D,20220725,000000,1.0032,1.0152,0.9091,0.93208,3357922.581110001,0
SRM.V,D,20220726,000000,0.93108,0.9311,0.84903,0.86313,3756554.2580984337,0
SRM.V,D,20220727,000000,0.86612,0.95123,0.86612,0.95123,2568681.083489764,0
SRM.V,D,20220728,000000,0.94923,1.02822,0.9461,1.0112,5233196.891490436,0
SRM.V,D,20220729,000000,1.01321,1.05295,0.97828,1.01742,5271988.414233595,0
SRM.V,D,20220730,000000,1.01742,1.06336,0.99335,1.00534,7681978.945827515,0
SRM.V,D,20220731,000000,1.00334,1.04223,0.98529,1.01223,8176683.36562966,0
SRM.V,D,20220801,000000,1.0123,1.02631,0.98315,1.0053,5506577.062012637,0
SRM.V,D,20220802,000000,1.0073,1.06035,0.93529,0.96716,8890216.410154516,0
SRM.V,D,20220803,000000,0.96818,0.97128,0.92323,0.95724,4212938.43270152,0
SRM.V,D,20220804,000000,0.95429,0.96618,0.92706,0.94204,4647922.85534788,0
SRM.V,D,20220805,000000,0.94204,1.003,0.94203,0.985,3164393.539450093,0
SRM.V,D,20220806,000000,0.985,1.15509,0.985,1.02923,27918959.93876489,0
SRM.V,D,20220807,000000,1.02823,1.03024,0.98525,1.02419,2602148.8077246174,0
SRM.V,D,20220808,000000,1.02319,1.0502,1.00614,1.02612,3727622.2234792677,0
SRM.V,D,20220809,000000,1.026,1.044,0.954,0.977,4177449.8382318057,0
SRM.V,D,20220810,000000,0.9762,1.025,0.94526,1.021,3862507.561527704,0
SRM.V,D,20220811,000000,1.02,1.079,1.016,1.061,4794606.910791227,0
SRM.V,D,20220812,000000,1.0615,1.07352,1.02441,1.06149,3562385.5058755954,0
SRM.V,D,20220813,000000,1.05949,1.11861,1.05946,1.08642,4769307.167984458,0
SRM.V,D,20220814,000000,1.08642,1.10641,1.0303,1.04632,3270731.4905256643,0
SRM.V,D,20220815,000000,1.04632,1.10332,1.02824,1.05826,2840116.0324162273,0
SRM.V,D,20220816,000000,1.05826,1.06219,1.01507,1.03009,2980400.842310695,0
SRM.V,D,20220817,000000,1.03009,1.06115,0.98805,0.99707,2274950.1457417174,0
SRM.V,D,20220818,000000,0.99707,1.01201,0.98502,0.99601,2036014.3256757588,0
SRM.V,D,20220819,000000,0.9961,0.9971,0.829,0.834,4298615.924664962,0
SRM.V,D,20220820,000000,0.83504,0.87514,0.80378,0.825,2785949.777591939,0
SRM.V,D,20220821,000000,0.82798,0.85597,0.81687,0.84598,2130002.8549445444,0
SRM.V,D,20220822,000000,0.84598,0.85202,0.79488,0.80785,2446876.9241290875,0
SRM.V,D,20220823,000000,0.80788,0.86099,0.79898,0.85502,3612422.6266800174,0
SRM.V,D,20220824,000000,0.857,0.86705,0.82997,0.854,3269011.600232992,0
SRM.V,D,20220825,000000,0.854,0.863,0.836,0.855,2080572.3282954001,0
SRM.V,D,20220826,000000,0.857,0.85898,0.785,0.78807,2459343.162400255,0
SRM.V,D,20220827,000000,0.78808,0.79107,0.75407,0.76902,2010794.5635352985,0
SRM.V,D,20220828,000000,0.76902,0.78803,0.76602,0.77399,1279113.3554517755,0
SRM.V,D,20220829,000000,0.774,0.79914,0.74693,0.79605,1921595.2419934948,0
SRM.V,D,20220830,000000,0.79608,0.810984,0.760023,0.77907,1696985.0643884959,0
SRM.V,D,20220831,000000,0.77707,0.808008,0.77507,0.789,2239206.3748432435,0
SRM.V,D,20220901,000000,0.789,0.797,0.766,0.796,1579451.2619918054,0
SRM.V,D,20220902,000000,0.797952,0.809089,0.772054,0.780094,1620105.3145759525,0
SRM.V,D,20220903,000000,0.778124,0.7875,0.771,0.776978,1031858.4784685606,0
SRM.V,D,20220904,000000,0.777878,0.828983,0.774477,0.8218,2066995.910288325,0
SRM.V,D,20220905,000000,0.823,0.826,0.778,0.79508,1553283.8909961076,0
SRM.V,D,20220906,000000,0.79608,0.824082,0.746925,0.753,2211764.8774835034,0
SRM.V,D,20220907,000000,0.752,0.8,0.726971,0.792,2563029.7716899207,0
SRM.V,D,20220908,000000,0.792,0.84,0.782,0.827,2696499.2923673326,0
SRM.V,D,20220909,000000,0.827132,0.880167,0.822099,0.855282,1908166.5765111402,0
SRM.V,D,20220910,000000,0.855351,0.879352,0.850246,0.865164,2226532.425862402,0
SRM.V,D,20220911,000000,0.866165,0.877316,0.84121,0.846212,1396878.6259447357,0
SRM.V,D,20220912,000000,0.848212,0.916183,0.838184,0.867173,6275419.0271105105,0
SRM.V,D,20220913,000000,0.86726,0.885177,0.792055,0.800016,3460893.2290214626,0
SRM.V,D,20220914,000000,0.799016,0.831,0.792008,0.831,3200987.5934928744,0
SRM.V,D,20220915,000000,0.831,0.835,0.776,0.8,2274942.0638035974,0
SRM.V,D,20220916,000000,0.799952,0.79996,0.755924,0.777922,2031230.236189921,0
SRM.V,D,20220917,000000,0.776922,0.80208,0.773923,0.8,1320049.8238626989,0
SRM.V,D,20220918,000000,0.8,0.81,0.739926,0.75,1624277.6515465279,0
SRM.V,D,20220919,000000,0.748925,0.769077,0.719928,0.765077,2806011.999133498,0
SRM.V,D,20220920,000000,0.766077,0.806081,0.755151,0.77,4819245.002553661,0
SRM.V,D,20220921,000000,0.768,0.799,0.731,0.734,3801071.01316827,0
SRM.V,D,20220922,000000,0.733,0.779,0.725,0.769,1922987.2953878469,0
SRM.V,D,20220923,000000,0.769,0.8,0.745925,0.775922,2642353.9233562467,0
SRM.V,D,20220924,000000,0.777953,0.786929,0.767077,0.769069,1831056.5556870734,0
SRM.V,D,20220925,000000,0.768,0.777531,0.739993,0.739993,1564888.3033948052,0
SRM.V,D,20220926,000000,0.7407,0.767,0.731073,0.758,2406764.7312158747,0
SRM.V,D,20220927,000000,0.757,0.803,0.743926,0.750925,2756670.0830432703,0
SRM.V,D,20220928,000000,0.749925,0.77,0.728927,0.761,3415929.303733257,0
SRM.V,D,20220929,000000,0.761,0.779,0.748,0.768,2902139.38599899,0
SRM.V,D,20220930,000000,0.77,0.785079,0.759924,0.76,1976984.6590754727,0
SRM.V,D,20221001,000000,0.758076,0.7891,0.7517,0.762,1515650.1780924033,0
SRM.V,D,20221002,000000,0.7618,0.7751,0.7414,0.7517,1053916.1771602216,0
SRM.V,D,20221003,000000,0.7515,0.782857,0.735,0.779778,2819614.091686762,0
SRM.V,D,20221004,000000,0.780078,0.794238,0.772077,0.785436,1724888.181430823,0
SRM.V,D,20221005,000000,0.785357,0.792638,0.764,0.779,2725847.480601763,0
SRM.V,D,20221006,000000,0.779,0.799,0.774,0.776,3507627.187216784,0
SRM.V,D,20221007,000000,0.774132,0.788042,0.754008,0.767907,1865696.9830631954,0
SRM.V,D,20221008,000000,0.767877,0.789663,0.758161,0.771593,1245212.8443658294,0
SRM.V,D,20221009,000000,0.768792,0.79918,0.760176,0.786757,1899013.3136341202,0
SRM.V,D,20221010,000000,0.786857,0.79918,0.756549,0.761124,2039894.8607574822,0
SRM.V,D,20221011,000000,0.761024,0.761024,0.7258,0.738634,2369033.1611377066,0
SRM.V,D,20221012,000000,0.738833,0.756917,0.73162,0.741,2553863.732180793,0
SRM.V,D,20221013,000000,0.741,0.7424,0.682,0.7233,4769750.552118181,0
SRM.V,D,20221014,000000,0.725051,0.752053,0.706014,0.707028,6152332.219709714,0
SRM.V,D,20221015,000000,0.706021,0.720743,0.700063,0.711536,962795.3381107488,0
SRM.V,D,20221016,000000,0.711936,0.732785,0.705149,0.716729,2485443.931150608,0
SRM.V,D,20221017,000000,0.717529,0.757176,0.712714,0.743715,3050714.8175905123,0
SRM.V,D,20221018,000000,0.745022,0.762038,0.734022,0.753038,3291959.780648043,0
SRM.V,D,20221019,000000,0.753045,0.756068,0.7186,0.7191,3622669.6317285504,0
SRM.V,D,20221020,000000,0.7181,0.734,0.692,0.71,2631705.920461797,0
SRM.V,D,20221021,000000,0.710936,0.713957,0.67598,0.703042,3758253.3533799495,0
SRM.V,D,20221022,000000,0.704035,0.716557,0.692955,0.704263,1111167.1846021134,0
SRM.V,D,20221023,000000,0.704756,0.716072,0.690869,0.711485,1207978.7953738216,0
SRM.V,D,20221024,000000,0.711793,0.725851,0.700519,0.709728,2747744.668746416,0
SRM.V,D,20221025,000000,0.710828,0.788229,0.706014,0.774248,5788337.394362303,0
SRM.V,D,20221026,000000,0.774255,0.784,0.748194,0.7759,4491775.927018209,0
SRM.V,D,20221027,000000,0.7744,0.8032,0.7678,0.7761,3288537.4359982186,0
SRM.V,D,20221028,000000,0.778054,0.824148,0.75506,0.816163,4329055.702243156,0
SRM.V,D,20221029,000000,0.818147,0.83831,0.790221,0.807194,5966789.442421892,0
SRM.V,D,20221030,000000,0.807194,0.825149,0.770154,0.779156,3544567.5554162464,0
SRM.V,D,20221031,000000,0.779156,0.791,0.758962,0.766939,3611725.2141122967,0
SRM.V,D,20221101,000000,0.767954,0.793873,0.745843,0.749925,2684360.42619295,0
SRM.V,D,20221102,000000,0.74991,0.766,0.7234,0.732,4654241.208732029,0
SRM.V,D,20221103,000000,0.7313,0.7676,0.7301,0.7455,3430673.8685338283,0
SRM.V,D,20221104,000000,0.746,0.796056,0.73997,0.795064,4595690.878651207,0
SRM.V,D,20221105,000000,0.795056,0.878123,0.791063,0.826041,14546816.933785425,0
SRM.V,D,20221106,000000,0.82605,0.830033,0.765084,0.769062,6531674.832592334,0
SRM.V,D,20221107,000000,0.767061,0.774077,0.730066,0.738089,4925359.1440251535,0
SRM.V,D,20221108,000000,0.740222,0.74915,0.514668,0.547638,22752074.216630988,0
SRM.V,D,20221109,000000,0.547638,0.567429,0.295621,0.317445,48169336.47048116,0
SRM.V,D,20221110,000000,0.31302,0.572557,0.306787,0.402684,24150645.474925563,0
SRM.V,D,20221111,000000,0.40172,0.489682,0.347173,0.366,19375616.011669684,0
SRM.V,D,20221112,000000,0.366293,0.37785,0.309442,0.318426,11285279.646801786,0
SRM.V,D,20221113,000000,0.316429,0.317428,0.189784,0.191392,46340875.403018065,0
SRM.V,D,20221114,000000,0.191731,0.197174,0.120605,0.180729,109953495.17752385,0
SRM.V,D,20221115,000000,0.18007,0.329637,0.179778,0.297632,250182804.707754,0
SRM.V,D,20221116,000000,0.297432,0.363596,0.272173,0.283612,92184731.29173273,0
SRM.V,D,20221117,000000,0.284068,0.314739,0.237592,0.265487,45566786.13110197,0
SRM.V,D,20221118,000000,0.264454,0.268144,0.230822,0.234677,17804990.837805375,0
SRM.V,D,20221119,000000,0.23438,0.247855,0.206846,0.214457,16037638.68642371,0
SRM.V,D,20221120,000000,0.214387,0.417683,0.195763,0.256262,190485957.47029603,0
SRM.V,D,20221121,000000,0.255973,0.318782,0.233358,0.244866,121449113.13772486,0
SRM.V,D,20221122,000000,0.244976,0.265165,0.223556,0.241265,22069387.23141509,0
SRM.V,D,20221123,000000,0.242017,0.296852,0.2354,0.273611,48938021.540563434,0
SRM.V,D,20221124,000000,0.274011,0.365535,0.26622,0.295392,80655980.50332624,0
SRM.V,D,20221125,000000,0.295029,0.303275,0.260762,0.262883,24256408.943253208,0
SRM.V,D,20221126,000000,0.263016,0.279655,0.259841,0.259904,12660592.599202111,0
SRM.V,D,20221127,000000,0.260576,0.264423,0.24986,0.258047,6272579.0430207625,0
SRM.V,D,20221128,000000,0.257268,0.278741,0.238431,0.244327,9943490.21968566,0
SRM.V,D,20221129,000000,0.234897,0.243873,0.222915,0.226916,2291283.2919977414,0
SRM.V,D,20221130,000000,0.226911,0.237893,0.221009,0.230012,3528691.643891804,0
SRM.V,D,20221201,000000,0.228007,0.267024,0.222007,0.224013,3105354.315826582,0
SRM.V,D,20221202,000000,0.225014,0.230018,0.22002,0.226014,2857441.706148837,0
SRM.V,D,20221203,000000,0.227144,0.258273,0.223735,0.230216,3581873.8472405034,0
SRM.V,D,20221204,000000,0.231046,0.253025,0.227,0.235047,2732993.3146916293,0
SRM.V,D,20221205,000000,0.233047,0.246074,0.226993,0.229005,2347737.879837352,0
SRM.V,D,20221206,000000,0.230007,0.243005,0.223996,0.228,1466528.125978883,0
SRM.V,D,20221207,000000,0.226,0.229,0.208004,0.212472,1932713.4771933523,0
SRM.V,D,20221208,000000,0.21308,0.219412,0.209151,0.215332,1394529.9782801995,0
SRM.V,D,20221209,000000,0.215335,0.234242,0.209994,0.212906,1384735.044123208,0
SRM.V,D,20221210,000000,0.213159,0.232002,0.210998,0.212998,1087746.1028003937,0
SRM.V,D,20221211,000000,0.212998,0.236,0.211,0.230023,2201073.537386823,0
SRM.V,D,20221212,000000,0.230023,0.247025,0.215015,0.230021,1864330.0275163848,0
SRM.V,D,20221213,000000,0.230021,0.232028,0.20905,0.215946,961201.2751076495,0
SRM.V,D,20221214,000000,0.216319,0.221262,0.212044,0.213685,725391.6909407169,0
SRM.V,D,20221215,000000,0.21333,0.214123,0.20458,0.208042,847343.7789617374,0
SRM.V,D,20221216,000000,0.208071,0.208871,0.182338,0.184498,1104282.4533781342,0
SRM.V,D,20221217,000000,0.184448,0.184948,0.158196,0.173463,1770797.833620227,0
SRM.V,D,20221218,000000,0.173641,0.179117,0.168619,0.173121,976759.207049373,0
SRM.V,D,20221219,000000,0.173691,0.174748,0.155098,0.15726,1139197.1916810656,0
SRM.V,D,20221220,000000,0.157368,0.166887,0.157012,0.165407,1165757.8839810297,0
SRM.V,D,20221221,000000,0.165917,0.190008,0.156338,0.157798,2125606.396499539,0
SRM.V,D,20221222,000000,0.157938,0.16286,0.145595,0.152194,1430060.499808935,0
SRM.V,D,20221223,000000,0.151844,0.153105,0.146724,0.147995,1099981.5489189904,0
SRM.V,D,20221224,000000,0.14829,0.161535,0.144985,0.1464,1549274.8029608438,0
SRM.V,D,20221225,000000,0.146823,0.156035,0.146363,0.147481,1263724.712609336,0
SRM.V,D,20221226,000000,0.147724,0.151435,0.145405,0.14773,1508524.9673987862,0
SRM.V,D,20221227,000000,0.147822,0.154967,0.139945,0.142944,1174586.6863292386,0
SRM.V,D,20221228,000000,0.141943,0.142957,0.130927,0.132928,1245226.8686688493,0
SRM.V,D,20221229,000000,0.130022,0.132935,0.116102,0.125943,1939673.8763956209,0
SRM.V,D,20221230,000000,0.126939,0.164918,0.125933,0.153923,3370670.7484719204,0
SRM.V,D,20221231,000000,0.155922,0.155922,0.133933,0.135932,1726736.9615805193,0
SRM.V,D,20230101,000000,0.13793,0.141933,0.127945,0.131939,1396781.3098248346,0
SRM.V,D,20230102,000000,0.131939,0.14694,0.129945,0.133958,1293225.205116389,0
SRM.V,D,20230103,000000,0.133956,0.199916,0.131947,0.175931,2672041.9817913454,0
SRM.V,D,20230104,000000,0.173932,0.187923,0.157927,0.158948,2895537.7138930326,0
SRM.V,D,20230105,000000,0.158946,0.16695,0.151938,0.162943,1762458.0400314126,0
SRM.V,D,20230106,000000,0.164942,0.166911,0.150937,0.155953,1827428.1779695745,0
SRM.V,D,20230107,000000,0.15695,0.163951,0.154952,0.155963,1224259.1210272585,0
SRM.V,D,20230108,000000,0.156138,0.162827,0.156138,0.159231,950451.5062828392,0
SRM.V,D,20230109,000000,0.158836,0.231986,0.158526,0.195998,3749778.157413829,0
SRM.V,D,20230110,000000,0.198,0.206977,0.177982,0.191025,2268773.836395871,0
SRM.V,D,20230111,000000,0.191269,0.193031,0.173998,0.178984,1428162.283675257,0
SRM.V,D,20230112,000000,0.178534,0.188021,0.177968,0.184598,1199346.2559896416,0
SRM.V,D,20230113,000000,0.184687,0.201854,0.18358,0.199048,1975040.3287837417,0
SRM.V,D,20230114,000000,0.199256,0.39402,0.196904,0.39102,9912917.293067168,0
SRM.V,D,20230115,000000,0.39202,0.992139,0.375015,0.470136,18899107.478573874,0
SRM.V,D,20230116,000000,0.470141,0.5132,0.445027,0.454009,3424629.789366525,0
SRM.V,D,20230117,000000,0.454005,0.494044,0.439048,0.454054,2488996.0050364793,0
SRM.V,D,20230118,000000,0.45505,0.459055,0.354908,0.383981,2543370.876613828,0
SRM.V,D,20230119,000000,0.381481,0.474971,0.375985,0.458982,3410896.0938466797,0
SRM.V,D,20230120,000000,0.461028,0.471085,0.416996,0.47008,1648040.0938954696,0
SRM.V,D,20230121,000000,0.471085,0.497084,0.444067,0.445089,2136824.171039324,0
SRM.V,D,20230122,000000,0.446089,0.457073,0.404065,0.412082,1673926.276494962,0
SRM.V,D,20230123,000000,0.411082,0.433132,0.39866,0.414772,2041838.3906576815,0
SRM.V,D,20230124,000000,0.415098,0.422072,0.383558,0.386252,1112566.9928443292,0
SRM.V,D,20230125,000000,0.389023,0.437052,0.367051,0.391066,1559363.2670342708,0
SRM.V,D,20230126,000000,0.394071,0.427068,0.384019,0.386039,1244314.0265582714,0
SRM.V,D,20230127,000000,0.386031,0.413062,0.373097,0.386166,1450270.1359475595,0
SRM.V,D,20230128,000000,0.385131,0.419109,0.381069,0.389074,1477949.937707665,0
SRM.V,D,20230129,000000,0.389082,0.423042,0.389082,0.403024,1972372.9597431363,0
SRM.V,D,20230130,000000,0.40302,0.409025,0.356004,0.360022,1563700.3358368818,0
SRM.V,D,20230131,000000,0.360022,0.372022,0.354979,0.369033,1165862.0620853663,0
SRM.V,D,20230201,000000,0.366026,0.385046,0.338,0.369022,1700379.855429079,0
SRM.V,D,20230202,000000,0.370022,0.397048,0.366026,0.370067,1290620.0428572334,0
SRM.V,D,20230203,000000,0.370078,1.200108,0.357054,0.619156,1899144.958330926,0
SRM.V,D,20230204,000000,0.61895,0.899099,0.608943,0.681755,1288234.5732042002,0
SRM.V,D,20230205,000000,0.680254,0.886295,0.665333,0.735884,1908403.7095425422,0
SRM.V,D,20230206,000000,0.734491,0.794699,0.6834,0.699128,1364649.6009658785,0
SRM.V,D,20230207,000000,0.699828,0.699828,0.6152,0.66684,3759056.111436976,0
SRM.V,D,20230208,000000,0.66704,0.682593,0.574589,0.588147,1714717.95538473,0
SRM.V,D,20230209,000000,0.585335,0.585335,0.541203,0.551355,1305430.4804382112,0
SRM.V,D,20230210,000000,0.549155,0.680516,0.426773,0.672601,1647123.0742185535,0
SRM.V,D,20230211,000000,0.674001,0.785047,0.54097,0.648358,1847304.1038418342,0
SRM.V,D,20230212,000000,0.647858,0.650265,0.590689,0.628463,6099378.0534262,0
SRM.V,D,20230213,000000,0.629563,0.638992,0.583291,0.606527,4601835.616207964,0
SRM.V,D,20230214,000000,0.605833,0.615474,0.54992,0.553861,1472402.754702492,0
SRM.V,D,20230215,000000,0.554422,0.614047,0.540076,0.545993,1599405.3497236832,0
SRM.V,D,20230216,000000,0.545698,0.569202,0.522152,0.541784,1645291.079146202,0
SRM.V,D,20230217,000000,0.538856,0.538878,0.510161,0.524847,1599529.278739055,0
SRM.V,D,20230218,000000,0.525379,0.52601,0.47269,0.483577,2344774.528351615,0
SRM.V,D,20230219,000000,0.484377,0.765168,0.481396,0.765168,3849522.98141788,0
SRM.V,D,20230220,000000,0.757374,0.777579,0.539413,0.559422,3675869.7039656043,0
SRM.V,D,20230221,000000,0.559722,0.56115,0.372371,0.5543,3391147.024385743,0
SRM.V,D,20230222,000000,0.554694,0.608697,0.552788,0.580729,2575891.9394390793,0
SRM.V,D,20230223,000000,0.580688,0.585058,0.561379,0.568674,2245977.5124991704,0
SRM.V,D,20230224,000000,0.569085,0.580958,0.542892,0.543395,2067080.1718797772,0
SRM.V,D,20230225,000000,0.543295,0.570811,0.531843,0.532937,1795509.6493849936,0
SRM.V,D,20230226,000000,0.533132,0.544844,0.532148,0.544054,2136717.4437312726,0
SRM.V,D,20230227,000000,0.544327,0.585723,0.5425,0.558828,1746657.2245004694,0
SRM.V,D,20230228,000000,0.559928,0.57981,0.55685,0.564218,2319210.462238746,0
SRM.V,D,20230301,000000,0.552772,0.590306,0.545738,0.56988,1331776.9161837716,0
SRM.V,D,20230302,000000,0.308046,0.338057,0.297991,0.304024,1711783.5843033332,0
SRM.V,D,20230303,000000,0.304021,0.317108,0.290026,0.301018,2297606.3033812977,0
SRM.V,D,20230304,000000,0.300024,0.305015,0.283014,0.289023,1322477.80464987,0
SRM.V,D,20230305,000000,0.288023,0.29803,0.28802,0.290032,1215895.5165844976,0
SRM.V,D,20230306,000000,0.289032,0.300024,0.283048,0.287983,1359199.4261693566,0
SRM.V,D,20230307,000000,0.286971,0.293,0.272986,0.276006,1091375.6900744543,0
SRM.V,D,20230308,000000,0.275989,0.28198,0.259977,0.260987,1688423.9204507875,0
SRM.V,D,20230309,000000,0.260969,0.278922,0.239952,0.242024,1595783.918265273,0
SRM.V,D,20230310,000000,0.242044,0.254015,0.230995,0.239863,2152838.767003838,0
SRM.V,D,20230311,000000,0.239851,0.24982,0.221927,0.231667,1729948.4460117605,0
SRM.V,D,20230312,000000,0.231702,0.251358,0.229236,0.248344,1361463.4843151227,0
SRM.V,D,20230313,000000,0.25142,0.263748,0.236359,0.259029,2422064.127074576,0
SRM.V,D,20230314,000000,0.259029,0.280367,0.25406,0.265088,2419184.6185981096,0
SRM.V,D,20230315,000000,0.26513,0.474006,0.259948,0.468403,2289690.6389175537,0
SRM.V,D,20230316,000000,0.461822,0.495008,0.447692,0.466058,2298851.7164509427,0
SRM.V,D,20230317,000000,0.465132,0.48611,0.439457,0.481034,2164664.719573209,0
SRM.V,D,20230318,000000,0.482538,0.486901,0.474778,0.479334,4583728.758087464,0
SRM.V,D,20230319,000000,0.480537,0.48485,0.469191,0.482859,2393141.3188838935,0
SRM.V,D,20230320,000000,0.482443,0.49428,0.478956,0.481752,2432043.748214928,0
SRM.V,D,20230321,000000,0.482459,0.490049,0.476631,0.488057,2263911.556978134,0
SRM.V,D,20230322,000000,0.487956,0.490731,0.477181,0.484213,2659357.5391786112,0
SRM.V,D,20230323,000000,0.484123,0.49857,0.483602,0.49633,3416133.450814228,0
SRM.V,D,20230324,000000,0.49643,0.569394,0.420624,0.421525,2919690.581837873,0
SRM.V,D,20230325,000000,0.421768,0.493951,0.415502,0.441323,6671931.60583517,0
SRM.V,D,20230326,000000,0.441741,0.497267,0.440448,0.440998,4418839.392434264,0
SRM.V,D,20230327,000000,0.439883,0.439883,0.394482,0.420598,2169108.4209980546,0
SRM.V,D,20230328,000000,0.420685,0.422573,0.408414,0.410356,2216899.385515585,0
SRM.V,D,20230329,000000,0.41096,0.424527,0.407771,0.408774,2406201.069650508,0
SRM.V,D,20230330,000000,0.408923,0.425481,0.407906,0.414916,2185033.2909168764,0
SRM.V,D,20230331,000000,0.414716,0.432112,0.41405,0.422384,2156281.6738730893,0
SRM.V,D,20230401,000000,0.422689,0.471712,0.420247,0.442559,1621353.5392249909,0
SRM.V,D,20230402,000000,0.442581,0.479435,0.442581,0.475395,3191367.400850086,0
SRM.V,D,20230403,000000,0.475495,0.485109,0.430295,0.465586,2051465.6194862328,0
SRM.V,D,20230404,000000,0.464981,0.476638,0.430315,0.430515,1937096.235370186,0
SRM.V,D,20230405,000000,0.431015,0.540184,0.426009,0.503581,2160700.722707631,0
SRM.V,D,20230406,000000,0.503286,0.599412,0.47731,0.54249,2426719.2972040144,0
SRM.V,D,20230407,000000,0.543896,0.544796,0.470643,0.470648,2633632.048889423,0
SRM.V,D,20230408,000000,0.470653,0.484594,0.470301,0.478487,3131457.8564540045,0
SRM.V,D,20230409,000000,0.478487,0.484681,0.470682,0.480288,2855964.5735205854,0
SRM.V,D,20230410,000000,0.480426,0.490843,0.457775,0.457775,2382957.2291485593,0
SRM.V,D,20230411,000000,0.46035,0.478769,0.452766,0.469364,7167944.965717938,0
SRM.V,D,20230412,000000,0.46976,0.514337,0.459535,0.506495,17477411.45615745,0
SRM.V,D,20230413,000000,0.226176,0.279246,0.207215,0.215206,14220652.976513177,0
SRM.V,D,20230414,000000,0.214203,0.417325,0.206183,0.411037,5577128.27853093,0
SRM.V,D,20230415,000000,0.411333,0.416983,0.400556,0.409969,3259823.1960077286,0
SRM.V,D,20230416,000000,0.408663,0.412776,0.405369,0.408878,2268757.087248869,0
SRM.V,D,20230417,000000,0.408277,0.410424,0.398171,0.398335,3029096.192363091,0
SRM.V,D,20230418,000000,0.398235,0.413653,0.398207,0.408869,4087113.288172732,0
SRM.V,D,20230419,000000,0.408565,0.431055,0.403565,0.414911,3070003.2905158647,0
