<TICKER>,<PER>,<DATE>,<TIME>,<OPEN>,<HIGH>,<LOW>,<CLOSE>,<VOL>,<OPENINT>
VLX.V,D,20220103,000000,0.447045,0.647265,0.426,0.50215,7210850.7194825,0
VLX.V,D,20220104,000000,0.50105,0.576885,0.456346,0.566443,10304454.238569,0
VLX.V,D,20220105,000000,0.566443,0.582583,0.4193,0.44911,9740531.4908442,0
VLX.V,D,20220106,000000,0.4534,0.487,0.4083,0.436656,5165685.1759901,0
VLX.V,D,20220107,000000,0.436374,0.44,0.364627,0.373163,3587323.7709634,0
VLX.V,D,20220108,000000,0.372763,0.388681,0.311169,0.3381,8027813.1742019,0
VLX.V,D,20220109,000000,0.3387,0.3547,0.3114,0.3467,4615006.086287,0
VLX.V,D,20220110,000000,0.346,0.346,0.2822,0.3,3831430.1501861,0
VLX.V,D,20220111,000000,0.3006,0.337734,0.2913,0.325633,3403180.9082776,0
VLX.V,D,20220112,000000,0.325833,0.397319,0.320064,0.376751,7604198.5946032,0
VLX.V,D,20220113,000000,0.377251,0.419768,0.360244,0.368247,6638112.9791523,0
VLX.V,D,20220114,000000,0.369448,0.374487,0.340336,0.360508,3657697.9779441,0
VLX.V,D,20220115,000000,0.359944,0.371486,0.339686,0.354677,3692035.958095,0
VLX.V,D,20220116,000000,0.354677,0.366046,0.334534,0.340536,2266393.3220186,0
VLX.V,D,20220117,000000,0.340836,0.342037,0.315326,0.328231,2185576.4619634,0
VLX.V,D,20220118,000000,0.327831,0.330032,0.310393,0.318227,1485871.4636111,0
VLX.V,D,20220119,000000,0.318095,0.331599,0.306523,0.325798,2222479.8826012,0
VLX.V,D,20220120,000000,0.324997,0.337267,0.311931,0.313363,2078579.2464383,0
VLX.V,D,20220121,000000,0.312763,0.312763,0.256051,0.256077,2811861.0028966,0
VLX.V,D,20220122,000000,0.257051,0.26508,0.228046,0.239948,2589577.3031156,0
VLX.V,D,20220123,000000,0.240272,0.256277,0.23427,0.241248,1307893.7937507,0
VLX.V,D,20220124,000000,0.241348,0.24995,0.225245,0.239072,1131475.6700988,0
VLX.V,D,20220125,000000,0.236971,0.266447,0.231269,0.242421,1263159.9233418,0
VLX.V,D,20220126,000000,0.24257,0.261057,0.238043,0.241545,2859223.7290331,0
VLX.V,D,20220127,000000,0.241345,0.250125,0.237419,0.246523,2308474.6416669,0
VLX.V,D,20220128,000000,0.246098,0.251375,0.23507,0.248675,2657567.6549636,0
VLX.V,D,20220129,000000,0.24825,0.263479,0.238271,0.255177,4608806.78359,0
VLX.V,D,20220130,000000,0.255177,0.260178,0.237471,0.238495,2965083.167144,0
VLX.V,D,20220131,000000,0.238795,0.249925,0.233894,0.246123,3806309.1639233,0
VLX.V,D,20220201,000000,0.245974,0.259155,0.241845,0.251426,2116608.6258051,0
VLX.V,D,20220202,000000,0.251551,0.26003,0.244696,0.244796,960444.99079026,0
VLX.V,D,20220203,000000,0.24472,0.248724,0.238095,0.242121,1840479.9006094,0
VLX.V,D,20220204,000000,0.241821,0.269515,0.241821,0.268915,2253791.2431394,0
VLX.V,D,20220205,000000,0.269115,0.282898,0.265286,0.269462,2835471.7224803,0
VLX.V,D,20220206,000000,0.269388,0.274537,0.264432,0.267307,1988666.7258381,0
VLX.V,D,20220207,000000,0.267434,0.312081,0.267234,0.302712,2589210.0850939,0
VLX.V,D,20220208,000000,0.302242,0.320056,0.283026,0.295566,4821790.0928755,0
VLX.V,D,20220209,000000,0.295795,0.331531,0.291233,0.326126,2819134.2155318,0
VLX.V,D,20220210,000000,0.325825,0.334467,0.306576,0.309617,3031336.9248465,0
VLX.V,D,20220211,000000,0.309016,0.311218,0.273382,0.273782,2744071.3731345,0
VLX.V,D,20220212,000000,0.273391,0.281469,0.26616,0.273864,2243499.4348864,0
VLX.V,D,20220213,000000,0.273764,0.281869,0.267334,0.272263,1768538.453176,0
VLX.V,D,20220214,000000,0.273864,0.274965,0.259556,0.271363,1646070.8006508,0
VLX.V,D,20220215,000000,0.271536,0.289874,0.268834,0.282269,2395927.0158416,0
VLX.V,D,20220216,000000,0.282469,0.289674,0.273637,0.275065,1668955.0811663,0
VLX.V,D,20220217,000000,0.275065,0.284199,0.263158,0.269362,2332718.7415642,0
VLX.V,D,20220218,000000,0.270189,0.277794,0.259782,0.262557,1989100.4643653,0
VLX.V,D,20220219,000000,0.262557,0.26716,0.255553,0.258629,1119023.8144128,0
VLX.V,D,20220220,000000,0.258255,0.258629,0.244122,0.2507,1023008.3425212,0
VLX.V,D,20220221,000000,0.2511,0.286743,0.244322,0.244922,4075556.983703,0
VLX.V,D,20220222,000000,0.244522,0.2496,0.233894,0.243046,1076561.4014735,0
VLX.V,D,20220223,000000,0.243246,0.260056,0.242545,0.247023,1667139.1149014,0
VLX.V,D,20220224,000000,0.247148,0.251951,0.207504,0.232193,2356376.4068467,0
VLX.V,D,20220225,000000,0.23217,0.235518,0.213385,0.232416,3274930.6233698,0
VLX.V,D,20220226,000000,0.232516,0.233894,0.223011,0.230015,1110425.2289667,0
VLX.V,D,20220227,000000,0.230015,0.230092,0.223589,0.22629,1407286.4364259,0
VLX.V,D,20220228,000000,0.226213,0.236194,0.22509,0.235194,1534459.6643904,0
VLX.V,D,20220301,000000,0.234094,0.241221,0.234094,0.237071,3188237.8378885,0
VLX.V,D,20220302,000000,0.236771,0.238171,0.23437,0.23457,1432069.7822063,0
VLX.V,D,20220303,000000,0.23437,0.236771,0.233147,0.233647,1291770.6430303,0
VLX.V,D,20220304,000000,0.233647,0.234247,0.225845,0.228669,1454209.255972,0
VLX.V,D,20220305,000000,0.229369,0.229369,0.226068,0.227268,900999.35937997,0
VLX.V,D,20220306,000000,0.227568,0.227568,0.224967,0.226168,727141.52497325,0
VLX.V,D,20220307,000000,0.226368,0.226568,0.222344,0.222867,941143.6591665,0
VLX.V,D,20220308,000000,0.222567,0.224445,0.221666,0.222745,823308.21675431,0
VLX.V,D,20220309,000000,0.222545,0.225545,0.222044,0.225445,1294628.3898616,0
VLX.V,D,20220310,000000,0.225345,0.22609,0.224122,0.22559,1284414.7667868,0
VLX.V,D,20220311,000000,0.22549,0.22559,0.222545,0.223622,1587409.622456,0
VLX.V,D,20220312,000000,0.223645,0.226623,0.222422,0.222822,1914479.077991,0
VLX.V,D,20220313,000000,0.223422,0.223445,0.218844,0.218844,1896629.4468406,0
VLX.V,D,20220314,000000,0.218844,0.218944,0.213243,0.214243,1762192.1362769,0
VLX.V,D,20220315,000000,0.214121,0.214443,0.211321,0.211764,1383801.8034864,0
VLX.V,D,20220316,000000,0.211742,0.215865,0.211542,0.213264,2476103.291585,0
VLX.V,D,20220317,000000,0.213264,0.215565,0.213064,0.214607,1436841.0224392,0
VLX.V,D,20220318,000000,0.214607,0.21713,0.214086,0.216408,1290398.839647,0
VLX.V,D,20220319,000000,0.216473,0.220988,0.21603,0.220688,1485513.7481382,0
VLX.V,D,20220320,000000,0.22061,0.222689,0.219988,0.222089,1686053.8687974,0
VLX.V,D,20220321,000000,0.222111,0.223111,0.218087,0.218609,2292045.1016455,0
VLX.V,D,20220322,000000,0.218609,0.222911,0.218487,0.222211,1991604.8492189,0
VLX.V,D,20220323,000000,0.222211,0.22549,0.221666,0.22539,807419.67403104,0
VLX.V,D,20220324,000000,0.22539,0.234894,0.224312,0.234794,2233599.6246331,0
VLX.V,D,20220325,000000,0.234817,0.239096,0.233593,0.237595,2447246.5244886,0
VLX.V,D,20220326,000000,0.237819,0.241797,0.237519,0.240796,1458283.2864776,0
VLX.V,D,20220327,000000,0.240696,0.243998,0.240396,0.243998,1671917.7764243,0
VLX.V,D,20220328,000000,0.243898,0.250675,0.243097,0.2493,2055885.2271457,0
VLX.V,D,20220329,000000,0.2493,0.252626,0.248699,0.252526,1769664.8085004,0
VLX.V,D,20220330,000000,0.252526,0.252826,0.24795,0.250575,1933878.3755124,0
VLX.V,D,20220331,000000,0.25065,0.279384,0.235447,0.239572,6164212.189113,0
VLX.V,D,20220401,000000,0.239672,0.249275,0.229815,0.242373,7098695.1113977,0
VLX.V,D,20220402,000000,0.242373,0.246298,0.235394,0.237495,7108907.855722,0
VLX.V,D,20220403,000000,0.237295,0.237395,0.22499,0.228969,3108002.8382318,0
VLX.V,D,20220404,000000,0.229069,0.229892,0.217143,0.221767,2224301.033112,0
VLX.V,D,20220405,000000,0.221744,0.23347,0.217722,0.222622,4808360.7465028,0
VLX.V,D,20220406,000000,0.222745,0.29963,0.215243,0.2487,36709296.430594,0
VLX.V,D,20220407,000000,0.2485,0.252025,0.242224,0.247125,3003456.2426289,0
VLX.V,D,20220408,000000,0.247125,0.256603,0.246225,0.248699,2752498.2119383,0
VLX.V,D,20220409,000000,0.248699,0.2502,0.220766,0.229269,5573410.968149,0
VLX.V,D,20220410,000000,0.228669,0.260078,0.225068,0.249675,8161428.8075154,0
VLX.V,D,20220411,000000,0.24965,0.24985,0.221044,0.221166,3159799.5122252,0
VLX.V,D,20220412,000000,0.221266,0.235971,0.218466,0.221444,3086461.528263,0
VLX.V,D,20220413,000000,0.221344,0.229446,0.219666,0.222867,1626279.3628802,0
VLX.V,D,20220414,000000,0.222767,0.225868,0.219644,0.220144,1715496.7811594,0
VLX.V,D,20220415,000000,0.220044,0.223445,0.214821,0.216122,1379443.0687068,0
VLX.V,D,20220416,000000,0.216143,0.217944,0.211542,0.212142,1073792.6568919,0
VLX.V,D,20220417,000000,0.212621,0.215043,0.20134,0.208242,1904618.2912956,0
VLX.V,D,20220418,000000,0.207942,0.208842,0.191619,0.20076,1879043.9320081,0
VLX.V,D,20220419,000000,0.20036,0.206841,0.195058,0.20322,3078753.1213644,0
VLX.V,D,20220420,000000,0.203241,0.208742,0.196739,0.19914,2049358.7488781,0
VLX.V,D,20220421,000000,0.19934,0.20174,0.186337,0.186419,1730582.2996677,0
VLX.V,D,20220422,000000,0.186537,0.193139,0.176718,0.177318,2033602.7917542,0
VLX.V,D,20220423,000000,0.176735,0.182036,0.168334,0.175935,2737209.8635777,0
VLX.V,D,20220424,000000,0.176035,0.176835,0.158132,0.163033,2402283.0166956,0
VLX.V,D,20220425,000000,0.163233,0.165133,0.152631,0.159416,2687109.1832291,0
VLX.V,D,20220426,000000,0.158832,0.160032,0.141314,0.1422,1989973.4079266,0
VLX.V,D,20220427,000000,0.141914,0.150815,0.119,0.1427,8018332.2521529,0
VLX.V,D,20220428,000000,0.142714,0.166417,0.139814,0.1649,6496266.7000612,0
VLX.V,D,20220429,000000,0.164516,0.235023,0.1629,0.20482,15679637.987222,0
VLX.V,D,20220430,000000,0.20502,0.209121,0.191719,0.1942,2053664.0856899,0
VLX.V,D,20220501,000000,0.1937,0.193819,0.177018,0.1806,1550190.7847825,0
VLX.V,D,20220502,000000,0.180618,0.1862,0.178018,0.1802,1947573.9748765,0
VLX.V,D,20220503,000000,0.1801,0.180218,0.167566,0.170683,2018331.1172497,0
VLX.V,D,20220504,000000,0.170683,0.1808,0.166883,0.1803,2505790.8239467,0
VLX.V,D,20220505,000000,0.180164,0.181682,0.162984,0.166267,1646807.9381449,0
VLX.V,D,20220506,000000,0.166267,0.166867,0.157069,0.158884,1445686.0963642,0
VLX.V,D,20220507,000000,0.158884,0.159884,0.155669,0.156284,742805.11230249,0
VLX.V,D,20220508,000000,0.155769,0.157053,0.148555,0.148955,1224791.5894002,0
VLX.V,D,20220509,000000,0.149155,0.14997,0.130161,0.134973,2222187.0631686,0
VLX.V,D,20220510,000000,0.134673,0.140672,0.129161,0.135046,2639689.3649196,0
VLX.V,D,20220511,000000,0.135346,0.136945,0.06291,0.073696,12247591.088078,0
VLX.V,D,20220512,000000,0.073338,0.0783155,0.0454144,0.0607755,4831083.3533344,0
VLX.V,D,20220513,000000,0.0606696,0.0854074,0.0605261,0.0805747,7023227.1898419,0
VLX.V,D,20220514,000000,0.0805547,0.0806626,0.0553446,0.0736893,3929512.8655669,0
VLX.V,D,20220515,000000,0.0737965,0.0764082,0.065202,0.0762008,2922068.2119201,0
VLX.V,D,20220516,000000,0.0762084,0.0954662,0.071614,0.0802955,3774610.8170052,0
VLX.V,D,20220517,000000,0.082193,0.0924796,0.0779985,0.0879855,3916587.5974988,0
VLX.V,D,20220518,000000,0.0880853,0.0988812,0.0857969,0.0914809,5748571.2514496,0
VLX.V,D,20220519,000000,0.0915716,0.0930788,0.0819098,0.0837731,7587572.50218,0
VLX.V,D,20220520,000000,0.0838694,0.0841863,0.0733619,0.0753355,12220600.552741,0
VLX.V,D,20220521,000000,0.0752136,0.0753934,0.069903,0.0710126,13174205.929422,0
VLX.V,D,20220522,000000,0.0709656,0.0741489,0.0707789,0.0730223,13121830.805294,0
VLX.V,D,20220523,000000,0.0730243,0.073515,0.0701247,0.0704354,14637174.699386,0
VLX.V,D,20220524,000000,0.0704324,0.0704324,0.0640241,0.0654009,12847411.478208,0
VLX.V,D,20220525,000000,0.0653889,0.0671501,0.063587,0.0641389,6992953.6277358,0
VLX.V,D,20220526,000000,0.0642473,0.0647342,0.0603535,0.060939,4363106.0305123,0
VLX.V,D,20220527,000000,0.06094,0.0618371,0.0581338,0.0596932,4463019.7986764,0
VLX.V,D,20220528,000000,0.0596889,0.0612852,0.0587827,0.0599727,4840818.3298375,0
VLX.V,D,20220529,000000,0.0599725,0.0602769,0.0597518,0.0600469,2301434.2763048,0
VLX.V,D,20220530,000000,0.0600463,0.0660178,0.0600393,0.0659852,3860806.7297531,0
VLX.V,D,20220531,000000,0.0658689,0.0678747,0.065619,0.0662963,4581843.5292799,0
VLX.V,D,20220601,000000,0.0662823,0.0673901,0.0615655,0.0617334,5963928.9535686,0
VLX.V,D,20220602,000000,0.0617328,0.0663273,0.0617082,0.0659746,4889841.3500716,0
VLX.V,D,20220603,000000,0.0659856,0.0690528,0.062037,0.0628383,6989184.9911834,0
VLX.V,D,20220604,000000,0.0627653,0.0628846,0.0610953,0.0624455,5767340.8778231,0
VLX.V,D,20220605,000000,0.0624961,0.0639456,0.0600233,0.0615451,5215436.2602606,0
VLX.V,D,20220606,000000,0.0615481,0.0637454,0.0610997,0.0614317,6979778.5400776,0
VLX.V,D,20220607,000000,0.0614354,0.0637441,0.0599472,0.0602156,6503492.8975834,0
VLX.V,D,20220608,000000,0.0602238,0.0653971,0.060213,0.0618308,16290109.124491,0
VLX.V,D,20220609,000000,0.0618318,0.0621876,0.0598315,0.0604762,9531943.7784894,0
VLX.V,D,20220610,000000,0.0604752,0.0607649,0.0560622,0.0568837,22601383.271374,0
VLX.V,D,20220611,000000,0.0570269,0.0622315,0.0567358,0.0573351,8676423.4617358,0
VLX.V,D,20220612,000000,0.0573136,0.0573233,0.0553413,0.0565024,4376254.2899849,0
VLX.V,D,20220613,000000,0.0564909,0.0564949,0.0479598,0.0492574,13477478.712247,0
VLX.V,D,20220614,000000,0.049183,0.0495541,0.0461127,0.0463593,43814499.676167,0
VLX.V,D,20220615,000000,0.0463393,0.0473044,0.0420153,0.0440029,64970829.87466,0
VLX.V,D,20220616,000000,0.0440107,0.0457926,0.0423149,0.0428812,18161077.300937,0
VLX.V,D,20220617,000000,0.0423269,0.0443188,0.041979,0.0436166,42567919.680929,0
VLX.V,D,20220618,000000,0.043617,0.0442574,0.0400825,0.0408427,87375422.487129,0
VLX.V,D,20220619,000000,0.0408407,0.0441579,0.0402949,0.0439438,25284872.902396,0
VLX.V,D,20220620,000000,0.0439438,0.0452541,0.0431225,0.0448097,8239011.3819151,0
VLX.V,D,20220621,000000,0.0448156,0.0450564,0.0407951,0.0434012,9149043.4901555,0
VLX.V,D,20220622,000000,0.0434541,0.0451188,0.0425124,0.0440289,6803402.1785626,0
VLX.V,D,20220623,000000,0.0440289,0.0458981,0.0437872,0.0455744,3397188.2882632,0
VLX.V,D,20220624,000000,0.0455774,0.0478378,0.0451408,0.0472311,12796535.386118,0
VLX.V,D,20220625,000000,0.0472207,0.0489089,0.0465692,0.0473478,6419816.1350268,0
VLX.V,D,20220626,000000,0.0473488,0.0506061,0.0473473,0.0483555,7188874.2915429,0
VLX.V,D,20220627,000000,0.0483925,0.0484115,0.0448493,0.0461119,4278852.8181471,0
VLX.V,D,20220628,000000,0.0461044,0.0469972,0.0447447,0.0448737,3397536.1667207,0
VLX.V,D,20220629,000000,0.0448793,0.0453624,0.0438446,0.0443263,4690945.9747684,0
VLX.V,D,20220630,000000,0.0443277,0.0443403,0.0405,0.0422213,7135566.6805838,0
VLX.V,D,20220701,000000,0.0422213,0.0430456,0.0412122,0.0423344,4112328.0695857,0
VLX.V,D,20220702,000000,0.0423304,0.0425609,0.0412365,0.04163,4679323.511935,0
VLX.V,D,20220703,000000,0.0416028,0.0430789,0.0414532,0.043029,3644269.3622063,0
VLX.V,D,20220704,000000,0.043022,0.0451028,0.0424647,0.0439502,3421262.5041891,0
VLX.V,D,20220705,000000,0.0439582,0.0447502,0.042713,0.043622,3267989.9580037,0
VLX.V,D,20220706,000000,0.0436256,0.044494,0.0432064,0.0443422,2512826.1645275,0
VLX.V,D,20220707,000000,0.0443422,0.0457157,0.0438937,0.0450759,3281477.5930761,0
VLX.V,D,20220708,000000,0.0450799,0.0455581,0.0442794,0.0447052,2853180.8144974,0
VLX.V,D,20220709,000000,0.0447062,0.0457126,0.0443429,0.0451179,2335500.2236266,0
VLX.V,D,20220710,000000,0.0451109,0.0454257,0.0431171,0.0441015,2633267.8891508,0
VLX.V,D,20220711,000000,0.0441055,0.0448121,0.04324,0.0436886,2846160.7730281,0
VLX.V,D,20220712,000000,0.0435498,0.0435744,0.0413296,0.041968,2703125.4160447,0
VLX.V,D,20220713,000000,0.0419617,0.0433047,0.0395244,0.0412418,3320963.1248894,0
VLX.V,D,20220714,000000,0.0412418,0.0435728,0.0410591,0.0435728,1915004.5628834,0
VLX.V,D,20220715,000000,0.0435685,0.044982,0.0434809,0.0444537,2396435.5460257,0
VLX.V,D,20220716,000000,0.0444617,0.0452944,0.0416787,0.0421943,2488208.3282712,0
VLX.V,D,20220717,000000,0.0421936,0.0433484,0.0421896,0.0428579,1321834.7411411,0
VLX.V,D,20220718,000000,0.0428594,0.0446791,0.0427903,0.0445323,2123150.7196717,0
VLX.V,D,20220719,000000,0.0445323,0.0468707,0.0445323,0.0459534,2438498.9510601,0
VLX.V,D,20220720,000000,0.045946,0.0460418,0.0442483,0.0445462,2064887.9111725,0
VLX.V,D,20220721,000000,0.0445493,0.0451264,0.0435975,0.0443798,1112284.718909,0
VLX.V,D,20220722,000000,0.0443811,0.0449905,0.0413531,0.0415351,2691820.8463509,0
VLX.V,D,20220723,000000,0.041534,0.0428691,0.0408672,0.0411572,2159470.6334788,0
VLX.V,D,20220724,000000,0.0411548,0.0419518,0.0403804,0.0412462,2237224.8955982,0
VLX.V,D,20220725,000000,0.0412763,0.0418574,0.0401958,0.0403382,1622720.6997357,0
VLX.V,D,20220726,000000,0.0403386,0.0403514,0.0386891,0.0390929,1699390.8344689,0
VLX.V,D,20220727,000000,0.039086,0.041789,0.0390475,0.041722,1916716.7003542,0
VLX.V,D,20220728,000000,0.0417224,0.0428814,0.0409248,0.0409422,4662936.8928764,0
VLX.V,D,20220729,000000,0.0409446,0.0423591,0.0387247,0.041467,2543677.8872487,0
VLX.V,D,20220730,000000,0.0414666,0.0420417,0.0406664,0.0417668,1865672.1006818,0
VLX.V,D,20220731,000000,0.0417609,0.0418852,0.0413606,0.04188,1500039.7499476,0
VLX.V,D,20220801,000000,0.0418819,0.0421461,0.0411857,0.0419816,2461968.6807029,0
VLX.V,D,20220802,000000,0.0419812,0.0429379,0.0413062,0.0426082,2152122.9273882,0
VLX.V,D,20220803,000000,0.0426095,0.0430312,0.0411258,0.0412203,4554503.3078225,0
VLX.V,D,20220804,000000,0.0412165,0.0418194,0.0400524,0.0408066,20876410.644883,0
VLX.V,D,20220805,000000,0.0408062,0.0412793,0.0400576,0.0412778,2661283.5832785,0
VLX.V,D,20220806,000000,0.0412783,0.0413463,0.0397882,0.0407064,2386734.6336295,0
VLX.V,D,20220807,000000,0.040706,0.0409439,0.0400248,0.0409208,2120477.9431386,0
VLX.V,D,20220808,000000,0.0409218,0.0414448,0.040066,0.0406519,3606228.777957,0
VLX.V,D,20220809,000000,0.0406519,0.0412077,0.0397337,0.0400254,2831514.30344,0
VLX.V,D,20220810,000000,0.040025,0.0415436,0.0397383,0.0407398,2698459.0477809,0
VLX.V,D,20220811,000000,0.0407528,0.0434445,0.040034,0.0418867,4364749.7775025,0
VLX.V,D,20220812,000000,0.0418879,0.042686,0.0409265,0.0423865,3842435.8845659,0
VLX.V,D,20220813,000000,0.0423865,0.0432628,0.0423225,0.0425926,2935699.510185,0
VLX.V,D,20220814,000000,0.0425932,0.0439592,0.0423521,0.0428509,5793140.4582295,0
VLX.V,D,20220815,000000,0.0428543,0.0439122,0.0424089,0.0430443,5258224.0293631,0
VLX.V,D,20220816,000000,0.0430443,0.0450323,0.0429139,0.044313,3545784.3263861,0
VLX.V,D,20220817,000000,0.044313,0.0454705,0.0429681,0.0431395,4679550.4105862,0
VLX.V,D,20220818,000000,0.0431395,0.0445109,0.043024,0.0444834,3063493.4918797,0
VLX.V,D,20220819,000000,0.0444844,0.0444904,0.0415,0.0423792,6102393.3837939,0
VLX.V,D,20220820,000000,0.0423147,0.0438406,0.0417407,0.0426596,4769396.1940108,0
VLX.V,D,20220821,000000,0.0426591,0.0458751,0.0426587,0.0458491,6165453.133524,0
VLX.V,D,20220822,000000,0.0458471,0.045873,0.0429964,0.0436511,4580717.1244841,0
VLX.V,D,20220823,000000,0.0436511,0.0462558,0.043519,0.0453079,4107740.7246816,0
VLX.V,D,20220824,000000,0.045307,0.0472528,0.0445117,0.0471612,3886074.6539578,0
VLX.V,D,20220825,000000,0.0471562,0.0472994,0.0443327,0.0444903,4178590.4785262,0
VLX.V,D,20220826,000000,0.0444903,0.0448254,0.0421126,0.0422332,2958643.3142453,0
VLX.V,D,20220827,000000,0.0422328,0.0434964,0.0415517,0.0420293,2780267.5759306,0
VLX.V,D,20220828,000000,0.0420438,0.0428739,0.0407628,0.041741,3163839.6892857,0
VLX.V,D,20220829,000000,0.041739,0.041749,0.0405039,0.0417225,3079886.7845028,0
VLX.V,D,20220830,000000,0.0417276,0.042751,0.0408615,0.0412103,2874349.1261895,0
VLX.V,D,20220831,000000,0.0412107,0.041959,0.0401516,0.0401516,2659339.8259994,0
VLX.V,D,20220901,000000,0.0401106,0.040912,0.0394056,0.0400156,2740421.9561103,0
VLX.V,D,20220902,000000,0.0399734,0.0409974,0.0396564,0.0409949,3805811.8046753,0
VLX.V,D,20220903,000000,0.0409966,0.0409966,0.0384288,0.039194,4612300.2867895,0
VLX.V,D,20220904,000000,0.039182,0.0409741,0.0386559,0.039829,3153048.6189285,0
VLX.V,D,20220905,000000,0.039829,0.039888,0.038626,0.0389429,2897999.7629041,0
VLX.V,D,20220906,000000,0.0389579,0.039904,0.03533,0.036383,4159032.3298976,0
VLX.V,D,20220907,000000,0.036383,0.0364409,0.0330029,0.0354448,3477096.3479934,0
VLX.V,D,20220908,000000,0.0354455,0.0363663,0.034646,0.0363565,1974416.8347913,0
VLX.V,D,20220909,000000,0.0363558,0.0409642,0.0362864,0.0398625,2968405.5419537,0
VLX.V,D,20220910,000000,0.0398653,0.0421753,0.0395271,0.041851,2539462.784766,0
VLX.V,D,20220911,000000,0.0418339,0.0425925,0.0405934,0.0421601,3014114.7360277,0
VLX.V,D,20220912,000000,0.0422121,0.04397,0.0410396,0.0418394,4156687.6812089,0
VLX.V,D,20220913,000000,0.0418367,0.0432775,0.0399966,0.0400178,3065303.9382859,0
VLX.V,D,20220914,000000,0.04003,0.0441562,0.0400198,0.04415,3526638.2883508,0
VLX.V,D,20220915,000000,0.044139,0.0454817,0.044075,0.044259,9606217.6826167,0
VLX.V,D,20220916,000000,0.044259,0.045809,0.0440276,0.0457974,13661518.083254,0
VLX.V,D,20220917,000000,0.0457834,0.0476348,0.0455684,0.0475338,41740484.346239,0
VLX.V,D,20220918,000000,0.047557,0.047748,0.0466913,0.046772,2812523.1183868,0
VLX.V,D,20220919,000000,0.0467673,0.046876,0.0441764,0.045149,4199018.1702837,0
VLX.V,D,20220920,000000,0.04514,0.0462182,0.044001,0.0442914,3714957.8905256,0
VLX.V,D,20220921,000000,0.0442914,0.0448415,0.043409,0.04342,3972107.0137187,0
VLX.V,D,20220922,000000,0.043419,0.0434243,0.0413769,0.042929,3476279.3412741,0
VLX.V,D,20220923,000000,0.0429313,0.0450875,0.0429207,0.0447825,6403202.0484124,0
VLX.V,D,20220924,000000,0.0447819,0.0454962,0.044508,0.0452511,3635981.618588,0
VLX.V,D,20220925,000000,0.045247,0.0454675,0.0439944,0.044636,4171295.2430554,0
VLX.V,D,20220926,000000,0.044632,0.0449552,0.0431717,0.044465,5225682.5511501,0
VLX.V,D,20220927,000000,0.044469,0.046004,0.044355,0.0454105,9022421.5755888,0
VLX.V,D,20220928,000000,0.0454065,0.079861,0.0448605,0.052399,16692316.633621,0
VLX.V,D,20220929,000000,0.052843,0.054277,0.049995,0.0508321,4431246.8557061,0
VLX.V,D,20220930,000000,0.050816,0.051544,0.049502,0.051021,3256186.0498869,0
VLX.V,D,20221001,000000,0.0510261,0.051569,0.049848,0.050623,3226108.1390611,0
VLX.V,D,20221002,000000,0.050624,0.0520342,0.050131,0.051941,2669401.7614767,0
VLX.V,D,20221003,000000,0.0519392,0.052428,0.050738,0.0522392,3253401.7252305,0
VLX.V,D,20221004,000000,0.0522402,0.0591747,0.0520086,0.0554056,10000548.349471,0
VLX.V,D,20221005,000000,0.0554176,0.0556201,0.0525528,0.0537818,3857098.9580407,0
VLX.V,D,20221006,000000,0.0537768,0.0542208,0.0523453,0.0540877,4220516.744817,0
VLX.V,D,20221007,000000,0.0541107,0.0541798,0.0531543,0.053492,17982427.268834,0
VLX.V,D,20221008,000000,0.0534915,0.0538938,0.0526328,0.0530467,15697700.954236,0
VLX.V,D,20221009,000000,0.0530431,0.0552025,0.052806,0.0535774,2718306.1189797,0
VLX.V,D,20221010,000000,0.0535827,0.0537254,0.048782,0.0489671,8865376.0417514,0
VLX.V,D,20221011,000000,0.048986,0.049134,0.0435056,0.044739,7945620.5780685,0
VLX.V,D,20221012,000000,0.0447395,0.0463586,0.0441241,0.0452414,2833189.8506564,0
VLX.V,D,20221013,000000,0.0452404,0.0454587,0.0427051,0.0449506,3763387.4122818,0
VLX.V,D,20221014,000000,0.04494,0.0455648,0.0440156,0.0447138,3256658.8043523,0
VLX.V,D,20221015,000000,0.0446429,0.0446517,0.0429941,0.0430382,3075150.8707846,0
VLX.V,D,20221016,000000,0.043042,0.0435303,0.0421194,0.0432707,1887272.2798443,0
VLX.V,D,20221017,000000,0.0432707,0.0436305,0.0421065,0.0433649,2480096.0891913,0
VLX.V,D,20221018,000000,0.043346,0.0437834,0.0417138,0.0420785,4740502.1062991,0
VLX.V,D,20221019,000000,0.0420795,0.0421538,0.0403868,0.0410464,3662679.1491839,0
VLX.V,D,20221020,000000,0.0410446,0.0410484,0.0392018,0.0397392,4003006.15221,0
VLX.V,D,20221021,000000,0.039736,0.040044,0.0381171,0.0388313,4096368.1651866,0
VLX.V,D,20221022,000000,0.0388325,0.0391243,0.037824,0.0386735,2797740.0947255,0
VLX.V,D,20221023,000000,0.0386715,0.0389583,0.038119,0.0388504,1886567.0156937,0
VLX.V,D,20221024,000000,0.0388489,0.0394942,0.0381841,0.039486,2294723.9545969,0
VLX.V,D,20221025,000000,0.0394886,0.039959,0.0375486,0.0394452,18280338.987478,0
VLX.V,D,20221026,000000,0.0394454,0.042387,0.0392386,0.0423689,4006108.5380616,0
VLX.V,D,20221027,000000,0.0423743,0.0423809,0.0399966,0.0414585,3963814.0475619,0
VLX.V,D,20221028,000000,0.0414619,0.041625,0.0400876,0.0416022,3429089.5164904,0
VLX.V,D,20221029,000000,0.0415949,0.0418618,0.0399296,0.0405237,3823723.4277432,0
VLX.V,D,20221030,000000,0.0405277,0.0405512,0.0388063,0.0393909,3588738.3877398,0
VLX.V,D,20221031,000000,0.0393893,0.0397909,0.0383916,0.0389849,4072038.1549642,0
VLX.V,D,20221101,000000,0.038998,0.0390283,0.0380818,0.0380818,2028609.0861924,0
VLX.V,D,20221102,000000,0.0380292,0.038316,0.0371277,0.0374653,2793994.8070615,0
VLX.V,D,20221103,000000,0.0374631,0.0379628,0.0352298,0.0379026,3635942.5309552,0
VLX.V,D,20221104,000000,0.037883,0.0386927,0.0365171,0.038125,4465792.1657977,0
VLX.V,D,20221105,000000,0.0381254,0.0385974,0.0371679,0.0378963,3376359.8170499117,0
VLX.V,D,20221106,000000,0.0378853,0.0379139,0.0371527,0.037251,2954867.180252957,0
VLX.V,D,20221107,000000,0.0372564,0.0376054,0.0358385,0.0360783,3587819.542492556,0
VLX.V,D,20221108,000000,0.0360848,0.036723,0.0316722,0.0333919,4328276.468126189,0
VLX.V,D,20221109,000000,0.0333929,0.034324,0.0269191,0.0274402,5000689.227679149,0
VLX.V,D,20221110,000000,0.0275308,0.0317842,0.0270001,0.029639,5110770.048116168,0
VLX.V,D,20221111,000000,0.0296399,0.0334617,0.026182,0.0264113,3716105.820564048,0
VLX.V,D,20221112,000000,0.0264467,0.0270183,0.0245278,0.0254621,3659679.7334784,0
VLX.V,D,20221113,000000,0.0254571,0.0255429,0.022003,0.0226622,3127020.659477272,0
VLX.V,D,20221114,000000,0.0228246,0.0233979,0.0208627,0.0217843,4603439.45260126,0
VLX.V,D,20221115,000000,0.0217793,0.0235394,0.0216315,0.0227752,3734221.825778282,0
VLX.V,D,20221116,000000,0.0227732,0.0236725,0.0221588,0.0222006,4518703.703532184,0
VLX.V,D,20221117,000000,0.0222078,0.0223509,0.0217552,0.0221907,2220539.9718373353,0
VLX.V,D,20221118,000000,0.0221921,0.0227617,0.0221341,0.0224611,2839944.2773598875,0
VLX.V,D,20221119,000000,0.0224599,0.0229437,0.0220243,0.0224384,3675583.356090859,0
VLX.V,D,20221120,000000,0.0224508,0.0228495,0.0220656,0.0222012,3361094.4420605865,0
VLX.V,D,20221121,000000,0.0220165,0.0225722,0.021368,0.0219724,3807448.2762411605,0
VLX.V,D,20221122,000000,0.0219993,0.0234509,0.0218845,0.022945,4003525.367897721,0
VLX.V,D,20221123,000000,0.022944,0.0239614,0.0218629,0.0222275,4099676.332279086,0
VLX.V,D,20221124,000000,0.0222297,0.022579,0.0197155,0.0216578,5899493.893605176,0
VLX.V,D,20221125,000000,0.0216506,0.0222532,0.0212155,0.0217606,4298359.556305735,0
VLX.V,D,20221126,000000,0.0217674,0.0221284,0.0216507,0.022033,3796774.481811783,0
VLX.V,D,20221127,000000,0.022037,0.0223383,0.0218412,0.022213,3316215.9810898267,0
VLX.V,D,20221128,000000,0.022208,0.0224357,0.0219508,0.0221626,3609944.0424549803,0
VLX.V,D,20221129,000000,0.0221616,0.0226442,0.0220332,0.0221978,3748946.152295115,0
VLX.V,D,20221130,000000,0.0221936,0.0228333,0.0221788,0.0227389,10635298.601966845,0
VLX.V,D,20221201,000000,0.0227457,0.0233608,0.0227238,0.0231622,2616568.123409986,0
VLX.V,D,20221202,000000,0.0231672,0.0231829,0.0227071,0.0231584,4041287.1127502318,0
VLX.V,D,20221203,000000,0.0231579,0.0327225,0.0231559,0.0269017,6798570.104463313,0
VLX.V,D,20221204,000000,0.0269044,0.0283657,0.0258246,0.0277598,5400411.523911083,0
VLX.V,D,20221205,000000,0.0277535,0.0277656,0.0268087,0.0273238,3770403.8577331575,0
VLX.V,D,20221206,000000,0.0273235,0.0273266,0.026507,0.0265805,1985356.9730413663,0
VLX.V,D,20221207,000000,0.0265807,0.0268333,0.0260043,0.026181,2840597.5514285085,0
VLX.V,D,20221208,000000,0.026208,0.026507,0.025811,0.0262678,2136402.535605619,0
VLX.V,D,20221209,000000,0.0262671,0.0263406,0.0253793,0.0255568,1540493.86597302,0
VLX.V,D,20221210,000000,0.0255558,0.0256647,0.0251485,0.0253025,1659521.392202754,0
VLX.V,D,20221211,000000,0.0253035,0.0255787,0.02459,0.0252825,2160154.7029503505,0
VLX.V,D,20221212,000000,0.0252851,0.0252851,0.0249702,0.0250403,1584285.1192460933,0
VLX.V,D,20221213,000000,0.0250393,0.0250603,0.0244266,0.024817,3507342.1909365747,0
VLX.V,D,20221214,000000,0.0248258,0.0248493,0.023009,0.0231636,4820214.869549439,0
VLX.V,D,20221215,000000,0.023158,0.0235394,0.0227923,0.0227966,2747261.370270597,0
VLX.V,D,20221216,000000,0.0227946,0.02309,0.0224565,0.0225195,4336826.213547794,0
VLX.V,D,20221217,000000,0.0225193,0.0239959,0.0223353,0.023357,5240579.911200296,0
VLX.V,D,20221218,000000,0.023357,0.0233802,0.0232276,0.023312,2663852.5755625004,0
VLX.V,D,20221219,000000,0.0233168,0.024061,0.0232428,0.023275,3964606.646933402,0
VLX.V,D,20221220,000000,0.0232758,0.023638,0.0218447,0.0219149,5844905.007825463,0
VLX.V,D,20221221,000000,0.0219151,0.0279987,0.0216918,0.0236169,8234357.229335649,0
VLX.V,D,20221222,000000,0.0236029,0.0238128,0.0226278,0.0229403,4537671.128712401,0
VLX.V,D,20221223,000000,0.0229381,0.023403,0.0228216,0.0229867,4609578.247021833,0
VLX.V,D,20221224,000000,0.0229867,0.0234167,0.0228649,0.0230284,18244022.91615981,0
VLX.V,D,20221225,000000,0.0230286,0.0232594,0.0226539,0.022776,4018644.7444194607,0
VLX.V,D,20221226,000000,0.0227765,0.0228667,0.0224965,0.0227255,5648641.521528282,0
VLX.V,D,20221227,000000,0.0227245,0.0228265,0.0225593,0.0228101,4497734.006891773,0
VLX.V,D,20221228,000000,0.0228101,0.0228103,0.0219961,0.0220891,5465675.655564035,0
VLX.V,D,20221229,000000,0.0220893,0.0226103,0.0218009,0.0221263,4027708.523786687,0
VLX.V,D,20221230,000000,0.022127,0.0221582,0.0215402,0.0218701,4949850.541262142,0
VLX.V,D,20221231,000000,0.0218748,0.0223222,0.0218121,0.0222069,5396704.585075292,0
VLX.V,D,20230101,000000,0.0222009,0.0222207,0.0215516,0.0218237,5474569.248604898,0
VLX.V,D,20230102,000000,0.0218237,0.0224617,0.0218237,0.0220782,4619373.519612517,0
VLX.V,D,20230103,000000,0.0220767,0.0220819,0.0209066,0.0212619,3924542.4532929743,0
VLX.V,D,20230104,000000,0.0212577,0.0214049,0.0198559,0.0208941,3600322.438285825,0
VLX.V,D,20230105,000000,0.0208941,0.0210318,0.0208933,0.0210154,1726369.990409344,0
VLX.V,D,20230106,000000,0.0210156,0.0210456,0.0207546,0.0209163,17825034.0941497,0
VLX.V,D,20230107,000000,0.0209155,0.0214302,0.0209141,0.0210899,2651888.8485313733,0
VLX.V,D,20230108,000000,0.0210908,0.0215763,0.0208977,0.0212208,1706403.0236253534,0
VLX.V,D,20230109,000000,0.0212208,0.025024,0.0212208,0.0229798,4687020.806834159,0
VLX.V,D,20230110,000000,0.022982,0.0240045,0.0225396,0.0231052,5547992.251223164,0
VLX.V,D,20230111,000000,0.0230995,0.0231862,0.0218497,0.0222886,5488640.945766543,0
VLX.V,D,20230112,000000,0.0222874,0.0229834,0.0222848,0.0229093,6871805.275999706,0
VLX.V,D,20230113,000000,0.0229103,0.0238029,0.0226374,0.0234251,5627156.877352861,0
VLX.V,D,20230114,000000,0.0234261,0.0264873,0.0227776,0.024764,4388633.125228895,0
VLX.V,D,20230115,000000,0.0247632,0.0255069,0.0241393,0.0252853,4150394.4207987543,0
VLX.V,D,20230116,000000,0.0252673,0.0277985,0.0251525,0.0274963,4229000.1775322305,0
VLX.V,D,20230117,000000,0.0274813,0.0289892,0.0272257,0.0282748,4165445.5423232773,0
VLX.V,D,20230118,000000,0.0282678,0.0284057,0.0258927,0.0259887,6778817.678989392,0
VLX.V,D,20230119,000000,0.0259877,0.0262017,0.0254007,0.026184,3424857.712320947,0
VLX.V,D,20230120,000000,0.0261706,0.0283217,0.0257617,0.0276917,4221633.546185714,0
VLX.V,D,20230121,000000,0.0277247,0.0286246,0.0273069,0.0282035,4341480.381561879,0
VLX.V,D,20230122,000000,0.0281822,0.0286576,0.0272384,0.0277833,4120309.707849239,0
VLX.V,D,20230123,000000,0.0278303,0.0288043,0.0273536,0.0284473,3927145.870544909,0
VLX.V,D,20230124,000000,0.028472,0.0308489,0.0281003,0.0293159,4243381.911365956,0
VLX.V,D,20230125,000000,0.0299859,0.0307201,0.0282154,0.0300798,5300428.655473397,0
VLX.V,D,20230126,000000,0.0300931,0.0315027,0.0294002,0.0297344,5977010.39489756,0
VLX.V,D,20230127,000000,0.0297494,0.0307729,0.0293994,0.03055,4508876.263880917,0
VLX.V,D,20230128,000000,0.0304607,0.0318726,0.0303218,0.0314653,4998964.922886793,0
VLX.V,D,20230129,000000,0.0317493,0.0323331,0.030397,0.0308435,3663851.0130533394,0
VLX.V,D,20230130,000000,0.0308165,0.0311979,0.0283389,0.0289187,4868936.958018839,0
VLX.V,D,20230131,000000,0.02892,0.0296146,0.028434,0.0291136,4897748.173959739,0
VLX.V,D,20230201,000000,0.0291533,0.0295897,0.0286843,0.0295148,8545385.327307824,0
VLX.V,D,20230202,000000,0.0295158,0.0311199,0.0283797,0.0283797,5641636.500564605,0
VLX.V,D,20230203,000000,0.0283647,0.028714,0.0270568,0.0274292,5321143.409272899,0
VLX.V,D,20230204,000000,0.0274332,0.029633,0.0265954,0.0286953,5531997.454831821,0
VLX.V,D,20230205,000000,0.0286773,0.029046,0.0266703,0.0272638,4864036.745864139,0
VLX.V,D,20230206,000000,0.0272648,0.0280007,0.025697,0.025697,4119934.499512284,0
VLX.V,D,20230207,000000,0.026186,0.0312563,0.0246642,0.028956,8268939.15282766,0
VLX.V,D,20230208,000000,0.0289557,0.0295033,0.0270974,0.0271009,5432798.624352738,0
VLX.V,D,20230209,000000,0.0271426,0.027148,0.0225702,0.0240704,2935325.2459634263,0
VLX.V,D,20230210,000000,0.0240622,0.0252253,0.0234396,0.0245087,4210818.374438621,0
VLX.V,D,20230211,000000,0.0245077,0.024941,0.0239134,0.0247412,4547263.228571546,0
VLX.V,D,20230212,000000,0.0247409,0.0252925,0.0245235,0.024573,4984733.402637483,0
VLX.V,D,20230213,000000,0.0245765,0.0245895,0.0230254,0.0233036,6154290.85933519,0
VLX.V,D,20230214,000000,0.0233236,0.0246079,0.0232899,0.0242157,6710186.0242508305,0
VLX.V,D,20230215,000000,0.0242157,0.0257686,0.0240736,0.0254768,6222510.729537905,0
VLX.V,D,20230216,000000,0.0254606,0.028006,0.0253581,0.0261959,4559369.134173149,0
VLX.V,D,20230217,000000,0.0262277,0.0264214,0.0247425,0.0254263,6169380.088120762,0
VLX.V,D,20230218,000000,0.0254233,0.027679,0.0253313,0.0275007,5296330.7761092475,0
VLX.V,D,20230219,000000,0.0274764,0.0275197,0.0252868,0.0255356,5889211.225859924,0
VLX.V,D,20230220,000000,0.0255366,0.0271114,0.0244642,0.0257818,5934344.532087823,0
VLX.V,D,20230221,000000,0.025761,0.0263074,0.0250275,0.0252193,6685525.882303015,0
VLX.V,D,20230222,000000,0.0252235,0.0256326,0.0233155,0.0239199,6784121.469037624,0
VLX.V,D,20230223,000000,0.0239135,0.0251335,0.0237491,0.0241009,6698290.110646922,0
VLX.V,D,20230224,000000,0.0241024,0.0241871,0.0215036,0.0220916,6440865.516155032,0
VLX.V,D,20230225,000000,0.0220656,0.02233,0.0212029,0.0218065,5633039.984583503,0
VLX.V,D,20230226,000000,0.0218313,0.022532,0.0214324,0.0224232,4829675.853846114,0
VLX.V,D,20230227,000000,0.0224023,0.0227741,0.0212151,0.0217693,7209394.296325134,0
VLX.V,D,20230228,000000,0.0217831,0.0224901,0.0214936,0.0216071,6013218.119832094,0
VLX.V,D,20230301,000000,0.0216067,0.0223308,0.0213017,0.0222229,5635144.954021918,0
VLX.V,D,20230302,000000,0.0222201,0.0222856,0.0216384,0.021777,6103144.0614936575,0
VLX.V,D,20230303,000000,0.0217787,0.024876,0.0208116,0.0239474,8214590.224467075,0
VLX.V,D,20230304,000000,0.0239497,0.0249692,0.0226118,0.0242547,5471801.868686217,0
VLX.V,D,20230305,000000,0.0242217,0.0246527,0.0236621,0.0244927,2350810.522707809,0
VLX.V,D,20230306,000000,0.0244629,0.0245029,0.0235676,0.0239586,1717109.0607377805,0
VLX.V,D,20230307,000000,0.0239276,0.0239574,0.0227126,0.0230048,3163834.1141133904,0
VLX.V,D,20230308,000000,0.0230051,0.0230248,0.0221292,0.0221901,2188866.4934016503,0
VLX.V,D,20230309,000000,0.0221898,0.022193,0.0209806,0.0211229,2881441.197441785,0
VLX.V,D,20230310,000000,0.0211249,0.0211305,0.0203184,0.0204335,2827686.3626999413,0
VLX.V,D,20230311,000000,0.0204542,0.0209627,0.0199963,0.0205449,4786853.93660315,0
VLX.V,D,20230312,000000,0.0205435,0.0212226,0.0200529,0.0211184,4923053.287891811,0
VLX.V,D,20230313,000000,0.0211597,0.0216819,0.0202576,0.0216621,7450958.625043552,0
VLX.V,D,20230314,000000,0.0216651,0.022025,0.0210065,0.0214096,7562146.408019758,0
VLX.V,D,20230315,000000,0.0214223,0.0219066,0.0206884,0.0211073,6096183.444545973,0
VLX.V,D,20230316,000000,0.0211185,0.0214574,0.0206921,0.0211493,5921269.1034643,0
VLX.V,D,20230317,000000,0.0211517,0.0225393,0.021052,0.0217007,5611649.608770203,0
VLX.V,D,20230318,000000,0.0217067,0.0264555,0.0208412,0.0220018,7861684.644710788,0
VLX.V,D,20230319,000000,0.0219968,0.0220593,0.0214893,0.0218189,5006823.269319967,0
VLX.V,D,20230320,000000,0.0218187,0.0251234,0.0211091,0.0215253,5792585.971239379,0
VLX.V,D,20230321,000000,0.0215235,0.0224484,0.0214778,0.021947,6231753.733122103,0
VLX.V,D,20230322,000000,0.0219428,0.0232327,0.0216099,0.0219505,5380033.5660328185,0
VLX.V,D,20230323,000000,0.021948,0.0245198,0.0211485,0.0214991,5127777.24008814,0
VLX.V,D,20230324,000000,0.0215167,0.0217479,0.0208937,0.0210853,3883366.574999243,0
VLX.V,D,20230325,000000,0.0210892,0.0212096,0.0206763,0.0209651,4181000.3922236185,0
VLX.V,D,20230326,000000,0.0209613,0.0210454,0.0207497,0.0208525,3548259.9724153024,0
VLX.V,D,20230327,000000,0.0208479,0.0209195,0.0206038,0.0206497,3623513.97730083,0
VLX.V,D,20230328,000000,0.0206487,0.0207892,0.0204253,0.0207691,3205925.0431098775,0
VLX.V,D,20230329,000000,0.0207731,0.0208092,0.0200742,0.0203186,4259340.621844176,0
VLX.V,D,20230330,000000,0.0203169,0.0206563,0.0196995,0.0200346,3829324.07720359,0
VLX.V,D,20230331,000000,0.0200464,0.0202449,0.0195695,0.019995,4802695.901476877,0
VLX.V,D,20230401,000000,0.019978,0.0201757,0.0191657,0.0196543,4218137.579831834,0
VLX.V,D,20230402,000000,0.0196561,0.0206097,0.0196452,0.0204457,5566621.496480456,0
VLX.V,D,20230403,000000,0.0204447,0.0212683,0.0200918,0.0207253,6192119.494176265,0
VLX.V,D,20230404,000000,0.0207163,0.0211119,0.020007,0.0202083,5228372.904253893,0
VLX.V,D,20230405,000000,0.0201913,0.025011,0.020088,0.0220409,8970327.991188083,0
VLX.V,D,20230406,000000,0.0223731,0.0237259,0.0213169,0.0225889,7428995.380787005,0
VLX.V,D,20230407,000000,0.0226752,0.0231153,0.0215018,0.021637,5557899.998511478,0
VLX.V,D,20230408,000000,0.021633,0.0220134,0.0212469,0.0218025,5400842.564669293,0
VLX.V,D,20230409,000000,0.0217985,0.0227576,0.0217676,0.0226333,5393630.3074106,0
VLX.V,D,20230410,000000,0.0226324,0.024117,0.0224094,0.0227306,4546409.342418451,0
VLX.V,D,20230411,000000,0.0227116,0.023588,0.0226391,0.0229877,3419484.9964702995,0
VLX.V,D,20230412,000000,0.0229737,0.0231935,0.0220244,0.0222573,3091001.9416646925,0
VLX.V,D,20230413,000000,0.0222573,0.0223737,0.0218115,0.0221362,3443113.5489819017,0
VLX.V,D,20230414,000000,0.0221392,0.0227858,0.0220187,0.0221994,3938186.578928319,0
VLX.V,D,20230415,000000,0.0221994,0.0225223,0.0219364,0.0223419,2640695.738336247,0
VLX.V,D,20230416,000000,0.0223349,0.0230209,0.021998,0.0226224,3703759.4577128594,0
VLX.V,D,20230417,000000,0.0226071,0.0230434,0.0218763,0.0224239,2788486.455548841,0
VLX.V,D,20230418,000000,0.0224282,0.023517,0.022135,0.022835,2174590.198974019,0
VLX.V,D,20230419,000000,0.0228115,0.0228115,0.0216871,0.0217583,2578074.5022350135,0
