<TICKER>,<PER>,<DATE>,<TIME>,<OPEN>,<HIGH>,<LOW>,<CLOSE>,<VOL>,<OPENINT>
XDC.V,D,20200402,000000,0.000659,0.000728,0.000615,0.000615,0,0
XDC.V,D,20200403,000000,0.000615,0.00073,0.000615,0.000694,0,0
XDC.V,D,20200404,000000,0.000694,0.000722,0.00061,0.0007,0,0
XDC.V,D,20200405,000000,0.0007,0.000732,0.000671,0.000694,0,0
XDC.V,D,20200406,000000,0.000694,0.000806,0.000676,0.000761,0,0
XDC.V,D,20200407,000000,0.000761,0.000806,0.000684,0.000732,0,0
XDC.V,D,20200408,000000,0.000732,0.000744,0.000683,0.000724,0,0
XDC.V,D,20200409,000000,0.000724,0.000744,0.000681,0.000718,0,0
XDC.V,D,20200410,000000,0.000718,0.000748,0.000681,0.000695,0,0
XDC.V,D,20200411,000000,0.000695,0.000733,0.000686,0.0007,0,0
XDC.V,D,20200412,000000,0.0007,0.00074,0.000684,0.00074,0,0
XDC.V,D,20200413,000000,0.00074,0.00074,0.000684,0.00074,0,0
XDC.V,D,20200414,000000,0.00074,0.000749,0.000699,0.000716,0,0
XDC.V,D,20200415,000000,0.000716,0.000753,0.000694,0.000738,0,0
XDC.V,D,20200416,000000,0.000738,0.000754,0.000694,0.000704,0,0
XDC.V,D,20200417,000000,0.000704,0.000768,0.000704,0.000768,0,0
XDC.V,D,20200418,000000,0.000768,0.000768,0.000714,0.000721,0,0
XDC.V,D,20200419,000000,0.000721,0.000773,0.000692,0.000702,0,0
XDC.V,D,20200420,000000,0.000702,0.00077,0.000691,0.000723,0,0
XDC.V,D,20200421,000000,0.000723,0.000745,0.000692,0.000695,0,0
XDC.V,D,20200422,000000,0.000695,0.000753,0.000693,0.000711,0,0
XDC.V,D,20200423,000000,0.000711,0.00077,0.000709,0.000728,0,0
XDC.V,D,20200424,000000,0.000728,0.000779,0.00072,0.000779,0,0
XDC.V,D,20200425,000000,0.000779,0.000783,0.000692,0.0007,0,0
XDC.V,D,20200426,000000,0.0007,0.000784,0.000696,0.000727,0,0
XDC.V,D,20200427,000000,0.000727,0.000784,0.000727,0.00078,0,0
XDC.V,D,20200428,000000,0.00078,0.00078,0.000728,0.000739,0,0
XDC.V,D,20200429,000000,0.000739,0.000791,0.000727,0.000787,0,0
XDC.V,D,20200430,000000,0.000787,0.000869,0.000727,0.00085,0,0
XDC.V,D,20200501,000000,0.00085,0.000874,0.000745,0.000817,0,0
XDC.V,D,20200502,000000,0.000817,0.000873,0.000807,0.000833,0,0
XDC.V,D,20200503,000000,0.000833,0.000867,0.000816,0.000824,0,0
XDC.V,D,20200504,000000,0.000824,0.000865,0.000796,0.000857,0,0
XDC.V,D,20200505,000000,0.000857,0.000861,0.000793,0.000799,0,0
XDC.V,D,20200506,000000,0.000799,0.000974,0.000797,0.000974,0,0
XDC.V,D,20200507,000000,0.000974,0.001206,0.000877,0.001194,0,0
XDC.V,D,20200508,000000,0.001194,0.0012,0.001068,0.0011,0,0
XDC.V,D,20200509,000000,0.0011,0.001139,0.001009,0.001085,0,0
XDC.V,D,20200510,000000,0.001085,0.001085,0.000916,0.000973,0,0
XDC.V,D,20200511,000000,0.000973,0.001179,0.00095,0.001082,0,0
XDC.V,D,20200512,000000,0.001082,0.001192,0.001053,0.001139,0,0
XDC.V,D,20200513,000000,0.001139,0.001199,0.001067,0.00114,0,0
XDC.V,D,20200514,000000,0.00114,0.001209,0.001077,0.001209,0,0
XDC.V,D,20200515,000000,0.001209,0.00121,0.001072,0.001092,0,0
XDC.V,D,20200516,000000,0.001092,0.001266,0.001084,0.001256,0,0
XDC.V,D,20200517,000000,0.001256,0.001353,0.00121,0.001305,0,0
XDC.V,D,20200518,000000,0.001305,0.001427,0.001247,0.001408,0,0
XDC.V,D,20200519,000000,0.001408,0.001494,0.001357,0.001437,0,0
XDC.V,D,20200520,000000,0.001437,0.001964,0.001433,0.001924,0,0
XDC.V,D,20200521,000000,0.001924,0.002257,0.001681,0.002121,0,0
XDC.V,D,20200522,000000,0.002121,0.002864,0.002002,0.002821,0,0
XDC.V,D,20200523,000000,0.002821,0.004939,0.002821,0.004598,0,0
XDC.V,D,20200524,000000,0.004598,0.006082,0.003532,0.004046,0,0
XDC.V,D,20200525,000000,0.004046,0.004142,0.003075,0.003512,0,0
XDC.V,D,20200526,000000,0.003512,0.004747,0.003512,0.004445,0,0
XDC.V,D,20200527,000000,0.004445,0.0045,0.004031,0.004308,0,0
XDC.V,D,20200528,000000,0.004308,0.00486,0.004308,0.004647,0,0
XDC.V,D,20200529,000000,0.004647,0.004724,0.00447,0.004655,0,0
XDC.V,D,20200530,000000,0.004655,0.004712,0.00438,0.004533,0,0
XDC.V,D,20200531,000000,0.004533,0.0046,0.004197,0.004216,0,0
XDC.V,D,20200601,000000,0.004216,0.00447,0.004126,0.004351,0,0
XDC.V,D,20200602,000000,0.004351,0.004351,0.004162,0.004215,0,0
XDC.V,D,20200603,000000,0.004215,0.004294,0.003982,0.004067,0,0
XDC.V,D,20200604,000000,0.004067,0.004122,0.003575,0.003689,0,0
XDC.V,D,20200605,000000,0.003689,0.003713,0.003381,0.003598,0,0
XDC.V,D,20200606,000000,0.003598,0.003599,0.003439,0.003493,0,0
XDC.V,D,20200607,000000,0.003493,0.003933,0.003456,0.003902,0,0
XDC.V,D,20200608,000000,0.003902,0.004286,0.003902,0.004153,0,0
XDC.V,D,20200609,000000,0.004153,0.004209,0.003922,0.004072,0,0
XDC.V,D,20200610,000000,0.004072,0.004155,0.003918,0.003963,0,0
XDC.V,D,20200611,000000,0.003963,0.004063,0.003497,0.003669,0,0
XDC.V,D,20200612,000000,0.003669,0.003877,0.0036,0.003724,0,0
XDC.V,D,20200613,000000,0.003724,0.003971,0.003724,0.003873,0,0
XDC.V,D,20200614,000000,0.003873,0.00391,0.003773,0.003832,0,0
XDC.V,D,20200615,000000,0.003832,0.003834,0.003611,0.003777,0,0
XDC.V,D,20200616,000000,0.003777,0.003839,0.003664,0.003769,0,0
XDC.V,D,20200617,000000,0.003769,0.003833,0.003598,0.00368,0,0
XDC.V,D,20200618,000000,0.00368,0.003758,0.003555,0.003642,0,0
XDC.V,D,20200619,000000,0.003642,0.003755,0.003536,0.003612,0,0
XDC.V,D,20200620,000000,0.003612,0.003687,0.003559,0.003656,0,0
XDC.V,D,20201027,000000,0.00366,0.007316,0.003656,0.006574,0,0
XDC.V,D,20201028,000000,0.006574,0.006754,0.006067,0.006685,0,0
XDC.V,D,20201029,000000,0.006685,0.006755,0.006183,0.006547,0,0
XDC.V,D,20201030,000000,0.006547,0.006695,0.006056,0.006402,0,0
XDC.V,D,20201031,000000,0.006402,0.006402,0.006198,0.006219,0,0
XDC.V,D,20201101,000000,0.006219,0.006525,0.00587,0.006435,0,0
XDC.V,D,20201102,000000,0.006435,0.006532,0.006002,0.006015,0,0
XDC.V,D,20201103,000000,0.006015,0.006161,0.005878,0.006084,0,0
XDC.V,D,20201104,000000,0.006084,0.006222,0.005887,0.006047,0,0
XDC.V,D,20201105,000000,0.006047,0.006244,0.005892,0.00597,0,0
XDC.V,D,20201106,000000,0.00597,0.006112,0.005636,0.005792,0,0
XDC.V,D,20201107,000000,0.005792,0.0059,0.005621,0.005855,0,0
XDC.V,D,20201108,000000,0.005855,0.005962,0.005708,0.005869,0,0
XDC.V,D,20201109,000000,0.005869,0.005987,0.00576,0.005853,0,0
XDC.V,D,20201110,000000,0.005853,0.005951,0.005489,0.005596,0,0
XDC.V,D,20201111,000000,0.005596,0.005748,0.005514,0.005602,0,0
XDC.V,D,20201112,000000,0.005602,0.005771,0.005428,0.005571,0,0
XDC.V,D,20201113,000000,0.005571,0.005573,0.005356,0.005543,0,0
XDC.V,D,20201114,000000,0.005543,0.00595,0.00518,0.00595,0,0
XDC.V,D,20201115,000000,0.00595,0.008326,0.00595,0.007426,0,0
XDC.V,D,20201116,000000,0.007426,0.0078,0.006983,0.0078,0,0
XDC.V,D,20201117,000000,0.0078,0.008703,0.007725,0.008703,0,0
XDC.V,D,20201118,000000,0.008703,0.008703,0.007897,0.008182,0,0
XDC.V,D,20201119,000000,0.008182,0.008468,0.007516,0.008116,0,0
XDC.V,D,20201120,000000,0.008116,0.00846,0.008024,0.008453,0,0
XDC.V,D,20201121,000000,0.008453,0.009004,0.008439,0.008677,0,0
XDC.V,D,20201122,000000,0.008677,0.008867,0.008175,0.008318,0,0
XDC.V,D,20201123,000000,0.008318,0.008449,0.007836,0.007908,0,0
XDC.V,D,20201124,000000,0.007908,0.008045,0.00765,0.007944,0,0
XDC.V,D,20201125,000000,0.007944,0.007953,0.00771,0.00784,0,0
XDC.V,D,20201126,000000,0.00784,0.008266,0.007602,0.007772,0,0
XDC.V,D,20201127,000000,0.007772,0.008661,0.007676,0.008574,0,0
XDC.V,D,20201128,000000,0.008574,0.008945,0.008259,0.00848,0,0
XDC.V,D,20201129,000000,0.00848,0.008696,0.008127,0.008635,0,0
XDC.V,D,20201130,000000,0.008635,0.009465,0.008608,0.009201,0,0
XDC.V,D,20201201,000000,0.009201,0.009397,0.008581,0.008724,0,0
XDC.V,D,20201202,000000,0.008724,0.008795,0.008423,0.008465,0,0
XDC.V,D,20201203,000000,0.008465,0.008515,0.00803,0.00803,0,0
XDC.V,D,20201204,000000,0.00803,0.00803,0.007681,0.007681,0,0
XDC.V,D,20201215,000000,0.00768,0.008006,0.00768,0.007973,0,0
XDC.V,D,20210108,000000,0.00719,0.007475,0.006985,0.00733,0,0
XDC.V,D,20210109,000000,0.00733,0.007842,0.00681,0.006981,0,0
XDC.V,D,20210110,000000,0.006981,0.0079,0.006167,0.00655,0,0
XDC.V,D,20210111,000000,0.00655,0.00655,0.00537,0.005929,0,0
XDC.V,D,20210112,000000,0.005929,0.00697,0.00562,0.006213,0,0
XDC.V,D,20210113,000000,0.006213,0.007488,0.005801,0.0063,0,0
XDC.V,D,20210114,000000,0.0063,0.0065,0.005247,0.006103,0,0
XDC.V,D,20210115,000000,0.006103,0.006881,0.005564,0.0059,0,0
XDC.V,D,20210116,000000,0.0059,0.0064,0.00572,0.006051,0,0
XDC.V,D,20210117,000000,0.006051,0.006567,0.005806,0.006235,0,0
XDC.V,D,20210118,000000,0.006235,0.00735,0.005989,0.007085,0,0
XDC.V,D,20210119,000000,0.007085,0.00735,0.006555,0.007095,0,0
XDC.V,D,20210120,000000,0.007095,0.00725,0.005767,0.00684,0,0
XDC.V,D,20210121,000000,0.00684,0.007,0.0058,0.00612,0,0
XDC.V,D,20210122,000000,0.00612,0.00681,0.0056,0.006638,0,0
XDC.V,D,20210123,000000,0.006638,0.006963,0.006573,0.006757,0,0
XDC.V,D,20210124,000000,0.006757,0.006905,0.006599,0.006853,0,0
XDC.V,D,20210125,000000,0.006853,0.007073,0.006392,0.006663,0,0
XDC.V,D,20210126,000000,0.006663,0.00746,0.006545,0.00677,0,0
XDC.V,D,20210127,000000,0.00677,0.006961,0.006211,0.006437,0,0
XDC.V,D,20210128,000000,0.006437,0.007024,0.006373,0.006444,0,0
XDC.V,D,20210129,000000,0.006444,0.006487,0.006145,0.006397,0,0
XDC.V,D,20210130,000000,0.006397,0.006924,0.006087,0.006267,0,0
XDC.V,D,20210131,000000,0.006267,0.00674,0.006165,0.006269,0,0
XDC.V,D,20210201,000000,0.006269,0.008003,0.006099,0.007659,0,0
XDC.V,D,20210202,000000,0.007659,0.0084,0.00616,0.00802,0,0
XDC.V,D,20210203,000000,0.00802,0.0084,0.006905,0.00832,0,0
XDC.V,D,20210204,000000,0.00832,0.0094,0.00828,0.009395,0,0
XDC.V,D,20210205,000000,0.009395,0.00988,0.009005,0.009807,0,0
XDC.V,D,20210206,000000,0.009807,0.01,0.009318,0.01,0,0
XDC.V,D,20210207,000000,0.01,0.01021,0.00802,0.009225,0,0
XDC.V,D,20210208,000000,0.009225,0.0102,0.007,0.008847,0,0
XDC.V,D,20210209,000000,0.008847,0.009714,0.007679,0.009518,0,0
XDC.V,D,20210210,000000,0.009518,0.009706,0.00752,0.008846,0,0
XDC.V,D,20210211,000000,0.008846,0.009793,0.0083,0.009504,0,0
XDC.V,D,20210212,000000,0.009504,0.01,0.009113,0.009949,0,0
XDC.V,D,20210213,000000,0.009949,0.01051,0.009549,0.01042,0,0
XDC.V,D,20210214,000000,0.01042,0.016,0.01031,0.01533,0,0
XDC.V,D,20210215,000000,0.01533,0.02136,0.01411,0.01834,0,0
XDC.V,D,20210216,000000,0.01834,0.0326,0.018,0.02925,0,0
XDC.V,D,20210217,000000,0.02925,0.031,0.0187,0.02466,0,0
XDC.V,D,20210218,000000,0.02466,0.03153,0.021,0.02902,0,0
XDC.V,D,20210219,000000,0.02902,0.0319,0.0226,0.02492,0,0
XDC.V,D,20210220,000000,0.02492,0.029,0.0231,0.02389,0,0
XDC.V,D,20210221,000000,0.02389,0.0288,0.023,0.0284,0,0
XDC.V,D,20210222,000000,0.0284,0.0284,0.02265,0.02443,0,0
XDC.V,D,20210223,000000,0.02443,0.02629,0.021,0.0218,0,0
XDC.V,D,20210224,000000,0.0218,0.02417,0.0208,0.02151,0,0
XDC.V,D,20210225,000000,0.02151,0.0251,0.02151,0.02503,0,0
XDC.V,D,20210226,000000,0.02503,0.0289,0.02376,0.02799,0,0
XDC.V,D,20210227,000000,0.02799,0.02947,0.02789,0.02932,0,0
XDC.V,D,20210228,000000,0.02932,0.03118,0.029,0.03118,0,0
XDC.V,D,20210301,000000,0.03118,0.04003,0.03118,0.03981,0,0
XDC.V,D,20210302,000000,0.03981,0.04565,0.03626,0.03991,0,0
XDC.V,D,20210303,000000,0.03991,0.04134,0.03632,0.03668,0,0
XDC.V,D,20210304,000000,0.03668,0.03721,0.0324,0.03567,0,0
XDC.V,D,20210305,000000,0.03567,0.03583,0.03324,0.03547,0,0
XDC.V,D,20210306,000000,0.03545,0.037,0.0353,0.0355,0,0
XDC.V,D,20210307,000000,0.03549,0.03791,0.03548,0.03762,0,0
XDC.V,D,20210308,000000,0.03762,0.0378,0.0345,0.03553,0,0
XDC.V,D,20210309,000000,0.03553,0.03669,0.0342,0.03477,0,0
XDC.V,D,20210310,000000,0.03477,0.03637,0.03468,0.03637,0,0
XDC.V,D,20210311,000000,0.03637,0.03677,0.03575,0.03629,0,0
XDC.V,D,20210312,000000,0.03629,0.03794,0.03602,0.03754,0,0
XDC.V,D,20210313,000000,0.03754,0.03978,0.03753,0.03914,0,0
XDC.V,D,20210314,000000,0.03914,0.03914,0.03588,0.03588,0,0
XDC.V,D,20210315,000000,0.03588,0.03852,0.0347,0.03849,0,0
XDC.V,D,20210316,000000,0.03849,0.03852,0.03745,0.03754,0,0
XDC.V,D,20210317,000000,0.03776,0.03798,0.03508,0.03541,0,0
XDC.V,D,20210318,000000,0.03537,0.03623,0.0349,0.03514,0,0
XDC.V,D,20210319,000000,0.03514,0.03561,0.03442,0.03537,0,0
XDC.V,D,20210320,000000,0.03537,0.03537,0.03147,0.03196,0,0
XDC.V,D,20210321,000000,0.03196,0.03236,0.03003,0.03033,0,0
XDC.V,D,20210322,000000,0.03033,0.03207,0.02899,0.02899,0,0
XDC.V,D,20210323,000000,0.02899,0.0335,0.0278,0.0335,0,0
XDC.V,D,20210324,000000,0.0335,0.03456,0.0308,0.03095,0,0
XDC.V,D,20210325,000000,0.03095,0.03129,0.02981,0.03028,0,0
XDC.V,D,20210326,000000,0.03028,0.03201,0.0299,0.03184,0,0
XDC.V,D,20210327,000000,0.03184,0.03225,0.03154,0.03198,0,0
XDC.V,D,20210328,000000,0.03198,0.03256,0.03174,0.03225,0,0
XDC.V,D,20210329,000000,0.03217,0.03256,0.03182,0.03231,0,0
XDC.V,D,20210330,000000,0.03242,0.0383,0.03225,0.0383,0,0
XDC.V,D,20210331,000000,0.03811,0.0392,0.03609,0.03834,0,0
XDC.V,D,20210401,000000,0.03855,0.04508,0.03853,0.04508,0,0
XDC.V,D,20210402,000000,0.04508,0.04795,0.041,0.04737,0,0
XDC.V,D,20210403,000000,0.04762,0.04773,0.04526,0.047,0,0
XDC.V,D,20210404,000000,0.04695,0.05048,0.0421,0.05009,0,0
XDC.V,D,20210405,000000,0.05009,0.0512,0.046,0.05088,0,0
XDC.V,D,20210406,000000,0.05088,0.05401,0.05052,0.05349,0,0
XDC.V,D,20210407,000000,0.05329,0.05736,0.05299,0.05514,0,0
XDC.V,D,20210408,000000,0.05517,0.062,0.053,0.062,0,0
XDC.V,D,20210409,000000,0.062,0.07266,0.06139,0.07253,0,0
XDC.V,D,20210410,000000,0.07253,0.07497,0.062,0.07376,0,0
XDC.V,D,20210411,000000,0.07376,0.07389,0.06803,0.06918,0,0
XDC.V,D,20210412,000000,0.06918,0.06978,0.06444,0.06629,0,0
XDC.V,D,20210413,000000,0.06643,0.08371,0.0625,0.08352,0,0
XDC.V,D,20210414,000000,0.08386,0.09998,0.08356,0.09995,0,0
XDC.V,D,20210415,000000,0.0999,0.137,0.0975,0.1238,0,0
XDC.V,D,20210416,000000,0.1236,0.1278,0.1101,0.1186,0,0
XDC.V,D,20210417,000000,0.1186,0.1221,0.1131,0.1136,0,0
XDC.V,D,20210418,000000,0.1136,0.1212,0.09172,0.1083,0,0
XDC.V,D,20210419,000000,0.1083,0.1103,0.09411,0.09763,0,0
XDC.V,D,20210420,000000,0.09763,0.09988,0.09209,0.0987,0,0
XDC.V,D,20210421,000000,0.09864,0.1024,0.082,0.09042,0,0
XDC.V,D,20210422,000000,0.09026,0.09439,0.07914,0.07914,0,0
XDC.V,D,20210423,000000,0.07914,0.08083,0.06665,0.07967,0,0
XDC.V,D,20210424,000000,0.07942,0.08389,0.07091,0.07882,0,0
XDC.V,D,20210425,000000,0.07882,0.08356,0.06765,0.07504,0,0
XDC.V,D,20210426,000000,0.07476,0.1001,0.07476,0.09284,0,0
XDC.V,D,20210427,000000,0.09284,0.09691,0.09129,0.09169,0,0
XDC.V,D,20210428,000000,0.09169,0.09321,0.08519,0.09051,0,0
XDC.V,D,20210429,000000,0.0903,0.09058,0.08511,0.08568,0,0
XDC.V,D,20210430,000000,0.08579,0.08882,0.08395,0.08794,0,0
XDC.V,D,20210501,000000,0.08826,0.09391,0.08807,0.09365,0,0
XDC.V,D,20210502,000000,0.09365,0.09436,0.0852,0.08838,0,0
XDC.V,D,20210503,000000,0.08838,0.09135,0.087,0.08852,0,0
XDC.V,D,20210504,000000,0.08858,0.08869,0.08036,0.08395,0,0
XDC.V,D,20210505,000000,0.08395,0.0909,0.08248,0.09081,0,0
XDC.V,D,20210506,000000,0.09081,0.1374,0.07965,0.1077,0,0
XDC.V,D,20210507,000000,0.1077,0.115,0.1054,0.1056,0,0
XDC.V,D,20210508,000000,0.1053,0.1071,0.09781,0.09906,0,0
XDC.V,D,20210509,000000,0.09906,0.09975,0.0941,0.0941,0,0
XDC.V,D,20210510,000000,0.0941,0.1047,0.08754,0.08754,0,0
XDC.V,D,20210511,000000,0.08754,0.09237,0.08,0.08558,0,0
XDC.V,D,20210512,000000,0.08581,0.09262,0.07776,0.07839,0,0
XDC.V,D,20210513,000000,0.07839,0.0811,0.07379,0.07681,0,0
XDC.V,D,20210514,000000,0.07685,0.07693,0.07682,0.07682,0,0
XDC.V,D,20210515,000000,0.07682,0.0834,0.07526,0.07783,0,0
XDC.V,D,20210516,000000,0.07756,0.08399,0.07617,0.07801,0,0
XDC.V,D,20210517,000000,0.07801,0.07801,0.06829,0.07092,0,0
XDC.V,D,20210518,000000,0.07092,0.07657,0.06952,0.07129,0,0
XDC.V,D,20210519,000000,0.07129,0.07136,0.05311,0.05571,0,0
XDC.V,D,20210520,000000,0.05571,0.07039,0.05156,0.06338,0,0
XDC.V,D,20210521,000000,0.06338,0.06539,0.05352,0.05755,0,0
XDC.V,D,20210522,000000,0.05779,0.06108,0.042,0.05453,0,0
XDC.V,D,20210523,000000,0.05453,0.05547,0.042,0.04654,0,0
XDC.V,D,20210524,000000,0.04657,0.05478,0.04647,0.05338,0,0
XDC.V,D,20210525,000000,0.05338,0.05648,0.04994,0.05234,0,0
XDC.V,D,20210526,000000,0.05234,0.05475,0.05231,0.05459,0,0
XDC.V,D,20210527,000000,0.05459,0.05737,0.05179,0.0573,0,0
XDC.V,D,20210528,000000,0.0573,0.05901,0.05009,0.05031,0,0
XDC.V,D,20210529,000000,0.05031,0.05157,0.04761,0.04813,0,0
XDC.V,D,20210530,000000,0.04813,0.05371,0.04781,0.05366,0,0
XDC.V,D,20210531,000000,0.05366,0.05721,0.05241,0.05655,0,0
XDC.V,D,20210601,000000,0.05655,0.05999,0.05654,0.05716,0,0
XDC.V,D,20210602,000000,0.05716,0.05817,0.05566,0.05796,0,0
XDC.V,D,20210603,000000,0.05796,0.05923,0.05779,0.05867,0,0
XDC.V,D,20210604,000000,0.05867,0.05892,0.05279,0.05494,0,0
XDC.V,D,20210605,000000,0.05494,0.05596,0.05245,0.05277,0,0
XDC.V,D,20210606,000000,0.05277,0.05568,0.05186,0.05345,0,0
XDC.V,D,20210607,000000,0.05345,0.05489,0.05036,0.05036,0,0
XDC.V,D,20210608,000000,0.05036,0.05082,0.04621,0.04906,0,0
XDC.V,D,20210609,000000,0.04904,0.05198,0.04702,0.05198,0,0
XDC.V,D,20210610,000000,0.05201,0.05201,0.044,0.0499,0,0
XDC.V,D,20210611,000000,0.0499,0.04992,0.04793,0.04793,0,0
XDC.V,D,20210612,000000,0.04793,0.05048,0.04494,0.05004,0,0
XDC.V,D,20210613,000000,0.05004,0.05296,0.04571,0.05296,0,0
XDC.V,D,20210614,000000,0.05287,0.05425,0.05,0.05392,0,0
XDC.V,D,20210615,000000,0.05378,0.05521,0.05279,0.05333,0,0
XDC.V,D,20210616,000000,0.05333,0.05463,0.05187,0.05417,0,0
XDC.V,D,20210617,000000,0.05417,0.07732,0.05417,0.07551,0,0
XDC.V,D,20210618,000000,0.07551,0.08042,0.06404,0.07046,0,0
XDC.V,D,20210619,000000,0.07046,0.07398,0.06476,0.07251,0,0
XDC.V,D,20210620,000000,0.07251,0.07333,0.06607,0.07295,0,0
XDC.V,D,20210621,000000,0.07295,0.073,0.05942,0.05945,0,0
XDC.V,D,20210622,000000,0.05945,0.06115,0.04584,0.05304,0,0
XDC.V,D,20210623,000000,0.05304,0.05836,0.05212,0.05647,0,0
XDC.V,D,20210624,000000,0.05647,0.05857,0.05422,0.0579,0,0
XDC.V,D,20210625,000000,0.0579,0.05872,0.05252,0.05382,0,0
XDC.V,D,20210626,000000,0.05382,0.05668,0.05285,0.05658,0,0
XDC.V,D,20210627,000000,0.05658,0.06916,0.05593,0.06804,0,0
XDC.V,D,20210628,000000,0.06814,0.07218,0.06405,0.07193,0,0
XDC.V,D,20210629,000000,0.07176,0.0795,0.07151,0.07843,0,0
XDC.V,D,20210630,000000,0.07843,0.081,0.06368,0.08025,0,0
XDC.V,D,20210701,000000,0.08025,0.09139,0.08025,0.08811,0,0
XDC.V,D,20210702,000000,0.08816,0.1247,0.08545,0.1128,0,0
XDC.V,D,20210703,000000,0.1128,0.1251,0.096,0.1017,0,0
XDC.V,D,20210704,000000,0.1017,0.1211,0.1015,0.1178,0,0
XDC.V,D,20210705,000000,0.1179,0.1179,0.09648,0.1011,0,0
XDC.V,D,20210706,000000,0.1011,0.1103,0.0964,0.1,0,0
XDC.V,D,20210707,000000,0.1,0.1028,0.09175,0.09505,0,0
XDC.V,D,20210708,000000,0.09505,0.09505,0.08538,0.08861,0,0
XDC.V,D,20210709,000000,0.08861,0.1012,0.08654,0.09603,0,0
XDC.V,D,20210710,000000,0.09604,0.09698,0.08843,0.0909,0,0
XDC.V,D,20210711,000000,0.0909,0.0925,0.085,0.09028,0,0
XDC.V,D,20210712,000000,0.09028,0.105,0.08652,0.08707,0,0
XDC.V,D,20210713,000000,0.08688,0.08765,0.08311,0.08343,0,0
XDC.V,D,20210714,000000,0.08343,0.09382,0.08111,0.0891,0,0
XDC.V,D,20210715,000000,0.0891,0.0891,0.082,0.08385,0,0
XDC.V,D,20210716,000000,0.08385,0.08401,0.07768,0.0792,0,0
XDC.V,D,20210717,000000,0.0792,0.07963,0.07568,0.07835,0,0
XDC.V,D,20210718,000000,0.07835,0.08516,0.07835,0.08073,0,0
XDC.V,D,20210719,000000,0.08048,0.08103,0.07413,0.07452,0,0
XDC.V,D,20210720,000000,0.07424,0.0747,0.06791,0.0691,0,0
XDC.V,D,20210721,000000,0.0691,0.0748,0.06823,0.0713,0,0
XDC.V,D,20210722,000000,0.0713,0.07289,0.06995,0.07216,0,0
XDC.V,D,20210723,000000,0.07216,0.07469,0.07062,0.0745,0,0
XDC.V,D,20210724,000000,0.0745,0.08043,0.07305,0.07888,0,0
XDC.V,D,20210725,000000,0.07925,0.0816,0.0728,0.07756,0,0
XDC.V,D,20210726,000000,0.07759,0.085,0.07732,0.07957,0,0
XDC.V,D,20210727,000000,0.07957,0.08125,0.07721,0.07969,0,0
XDC.V,D,20210728,000000,0.07969,0.08116,0.07488,0.077,0,0
XDC.V,D,20210729,000000,0.077,0.08113,0.07581,0.07784,0,0
XDC.V,D,20210730,000000,0.07784,0.08566,0.0757,0.07949,0,0
XDC.V,D,20210731,000000,0.07949,0.08082,0.07814,0.0784,0,0
XDC.V,D,20210801,000000,0.0784,0.08424,0.07773,0.07808,0,0
XDC.V,D,20210802,000000,0.07808,0.08208,0.07742,0.07775,0,0
XDC.V,D,20210803,000000,0.07775,0.07782,0.07284,0.07354,0,0
XDC.V,D,20210804,000000,0.07354,0.07904,0.07336,0.07822,0,0
XDC.V,D,20210805,000000,0.07822,0.07828,0.07448,0.07553,0,0
XDC.V,D,20210806,000000,0.07553,0.07785,0.0745,0.07681,0,0
XDC.V,D,20210807,000000,0.07681,0.07912,0.0754,0.07735,0,0
XDC.V,D,20210808,000000,0.07754,0.1314,0.07671,0.09964,0,0
XDC.V,D,20210809,000000,0.09964,0.1373,0.08899,0.09421,0,0
XDC.V,D,20210810,000000,0.0943,0.09984,0.09391,0.0953,0,0
XDC.V,D,20210811,000000,0.0953,0.1261,0.09486,0.1129,0,0
XDC.V,D,20210812,000000,0.1302,0.1318,0.1131,0.1183,0,0
XDC.V,D,20210813,000000,0.1183,0.1838,0.1179,0.1442,0,0
XDC.V,D,20210814,000000,0.1442,0.1652,0.136,0.1466,0,0
XDC.V,D,20210815,000000,0.1466,0.1498,0.128,0.1412,0,0
XDC.V,D,20210816,000000,0.1412,0.1415,0.1239,0.1251,0,0
XDC.V,D,20210817,000000,0.1251,0.1585,0.1205,0.1414,0,0
XDC.V,D,20210818,000000,0.1414,0.1581,0.1352,0.1527,0,0
XDC.V,D,20210819,000000,0.1527,0.1628,0.1474,0.1625,0,0
XDC.V,D,20210820,000000,0.1625,0.183,0.1621,0.1823,0,0
XDC.V,D,20210821,000000,0.1823,0.1952,0.1718,0.1758,0,0
XDC.V,D,20210822,000000,0.1755,0.1845,0.168,0.1818,0,0
XDC.V,D,20210823,000000,0.1818,0.1903,0.1721,0.1772,0,0
XDC.V,D,20210824,000000,0.1771,0.1797,0.1515,0.1601,0,0
XDC.V,D,20210825,000000,0.1601,0.1618,0.1528,0.1545,0,0
XDC.V,D,20210826,000000,0.1545,0.1578,0.1358,0.1395,0,0
XDC.V,D,20210827,000000,0.1395,0.1576,0.137,0.1566,0,0
XDC.V,D,20210828,000000,0.1566,0.1566,0.1402,0.1418,0,0
XDC.V,D,20210829,000000,0.1418,0.1477,0.1366,0.1374,0,0
XDC.V,D,20210830,000000,0.1374,0.1384,0.1269,0.1286,0,0
XDC.V,D,20210831,000000,0.1286,0.1356,0.1273,0.1291,0,0
XDC.V,D,20210901,000000,0.1291,0.155,0.1274,0.1494,0,0
XDC.V,D,20210902,000000,0.1494,0.1519,0.1426,0.1491,0,0
XDC.V,D,20210903,000000,0.1491,0.1562,0.1431,0.1454,0,0
XDC.V,D,20210904,000000,0.1454,0.1488,0.1398,0.1398,0,0
XDC.V,D,20210905,000000,0.1398,0.1458,0.1374,0.1428,0,0
XDC.V,D,20210906,000000,0.1428,0.1534,0.1408,0.1455,0,0
XDC.V,D,20210907,000000,0.1455,0.1471,0.1291,0.1337,0,0
XDC.V,D,20210908,000000,0.1337,0.1349,0.1275,0.132,0,0
XDC.V,D,20210909,000000,0.132,0.1409,0.1278,0.135,0,0
XDC.V,D,20210910,000000,0.135,0.1382,0.121,0.122,0,0
XDC.V,D,20210911,000000,0.122,0.1287,0.1215,0.1258,0,0
XDC.V,D,20210912,000000,0.1258,0.1285,0.1236,0.1265,0,0
XDC.V,D,20210913,000000,0.1265,0.1286,0.1166,0.1179,0,0
XDC.V,D,20210914,000000,0.1179,0.1303,0.1172,0.1226,0,0
XDC.V,D,20210915,000000,0.1226,0.1308,0.1226,0.1275,0,0
XDC.V,D,20210916,000000,0.1275,0.1294,0.1209,0.121,0,0
XDC.V,D,20210917,000000,0.121,0.1247,0.1174,0.1205,0,0
XDC.V,D,20210918,000000,0.1205,0.1223,0.1182,0.1185,0,0
XDC.V,D,20210919,000000,0.118,0.1229,0.1106,0.1108,0,0
XDC.V,D,20210920,000000,0.1111,0.1113,0.09919,0.09949,0,0
XDC.V,D,20210921,000000,0.09949,0.1257,0.09845,0.1139,0,0
XDC.V,D,20210922,000000,0.1139,0.1244,0.1134,0.1237,0,0
XDC.V,D,20210923,000000,0.1237,0.1293,0.1219,0.1252,0,0
XDC.V,D,20210924,000000,0.1252,0.1277,0.116,0.1231,0,0
XDC.V,D,20210925,000000,0.1231,0.1253,0.121,0.1245,0,0
XDC.V,D,20210926,000000,0.1245,0.1409,0.1197,0.1407,0,0
XDC.V,D,20210927,000000,0.1407,0.1499,0.1339,0.1356,0,0
XDC.V,D,20210928,000000,0.1356,0.1478,0.1282,0.1301,0,0
XDC.V,D,20210929,000000,0.1301,0.1345,0.1249,0.1257,0,0
XDC.V,D,20210930,000000,0.1257,0.1306,0.1216,0.1226,0,0
XDC.V,D,20211001,000000,0.1226,0.1339,0.1216,0.131,0,0
XDC.V,D,20211002,000000,0.131,0.135,0.1282,0.1335,0,0
XDC.V,D,20211003,000000,0.1335,0.1347,0.1286,0.1306,0,0
XDC.V,D,20211004,000000,0.1306,0.1311,0.1241,0.1261,0,0
XDC.V,D,20211005,000000,0.1261,0.144,0.1261,0.1415,0,0
XDC.V,D,20211006,000000,0.1415,0.1415,0.1315,0.1328,0,0
XDC.V,D,20211007,000000,0.1328,0.133,0.1256,0.126,0,0
XDC.V,D,20211008,000000,0.126,0.1293,0.1226,0.1243,0,0
XDC.V,D,20211009,000000,0.1243,0.125,0.1191,0.1222,0,0
XDC.V,D,20211010,000000,0.1222,0.1243,0.1159,0.1163,0,0
XDC.V,D,20211011,000000,0.1163,0.12,0.1161,0.1165,0,0
XDC.V,D,20211012,000000,0.1165,0.1175,0.1133,0.1133,0,0
XDC.V,D,20211013,000000,0.1133,0.1246,0.1129,0.1193,0,0
XDC.V,D,20211014,000000,0.1193,0.1254,0.1177,0.1191,0,0
XDC.V,D,20211015,000000,0.1191,0.1202,0.1138,0.1146,0,0
XDC.V,D,20211016,000000,0.1146,0.1149,0.1094,0.1128,0,0
XDC.V,D,20211017,000000,0.1128,0.1128,0.1061,0.1075,0,0
XDC.V,D,20211018,000000,0.1075,0.1123,0.1072,0.1081,0,0
XDC.V,D,20211019,000000,0.1081,0.1154,0.107,0.11,0,0
XDC.V,D,20211020,000000,0.11,0.1126,0.1077,0.1121,0,0
XDC.V,D,20211021,000000,0.1121,0.1164,0.1089,0.1098,0,0
XDC.V,D,20211022,000000,0.1098,0.1105,0.1049,0.1068,0,0
XDC.V,D,20211023,000000,0.1068,0.1086,0.1046,0.1046,0,0
XDC.V,D,20211024,000000,0.1046,0.1053,0.1001,0.1003,0,0
XDC.V,D,20211025,000000,0.1003,0.1076,0.09973,0.1067,0,0
XDC.V,D,20211026,000000,0.1067,0.1072,0.1002,0.1012,0,0
XDC.V,D,20211027,000000,0.1012,0.1014,0.08694,0.09352,0,0
XDC.V,D,20211028,000000,0.09352,0.09767,0.08897,0.09503,0,0
XDC.V,D,20211029,000000,0.09503,0.09597,0.09067,0.09106,0,0
XDC.V,D,20211030,000000,0.09106,0.09196,0.09001,0.09001,0,0
XDC.V,D,20211031,000000,0.09001,0.09896,0.08927,0.09863,0,0
XDC.V,D,20211101,000000,0.09863,0.1048,0.09196,0.09222,0,0
XDC.V,D,20211102,000000,0.09222,0.09326,0.09144,0.09299,0,0
XDC.V,D,20211103,000000,0.09299,0.09512,0.09111,0.09137,0,0
XDC.V,D,20211104,000000,0.09137,0.09233,0.08987,0.0911,0,0
XDC.V,D,20211105,000000,0.0911,0.09511,0.08925,0.09511,0,0
XDC.V,D,20211106,000000,0.09511,0.09977,0.0946,0.0959,0,0
XDC.V,D,20211107,000000,0.0959,0.0959,0.09162,0.09247,0,0
XDC.V,D,20211108,000000,0.09247,0.09408,0.08981,0.09152,0,0
XDC.V,D,20211109,000000,0.09152,0.09449,0.09005,0.09408,0,0
XDC.V,D,20211110,000000,0.09408,0.09719,0.09203,0.09343,0,0
XDC.V,D,20211111,000000,0.09343,0.09572,0.0918,0.09495,0,0
XDC.V,D,20211112,000000,0.09495,0.09764,0.09378,0.09433,0,0
XDC.V,D,20211113,000000,0.09433,0.09583,0.09306,0.0936,0,0
XDC.V,D,20211114,000000,0.0936,0.09372,0.09197,0.0928,0,0
XDC.V,D,20211115,000000,0.0928,0.0935,0.09087,0.09135,0,0
XDC.V,D,20211116,000000,0.09135,0.09226,0.08685,0.0884,0,0
XDC.V,D,20211117,000000,0.0884,0.0914,0.08715,0.09128,0,0
XDC.V,D,20211118,000000,0.09128,0.09333,0.08493,0.08505,0,0
XDC.V,D,20211119,000000,0.08505,0.08847,0.0842,0.08841,0,0
XDC.V,D,20211120,000000,0.08841,0.09195,0.08759,0.0911,0,0
XDC.V,D,20211121,000000,0.0911,0.09187,0.08689,0.08709,0,0
XDC.V,D,20211122,000000,0.08709,0.09568,0.08649,0.09482,0,0
XDC.V,D,20211123,000000,0.09482,0.1022,0.09224,0.1013,0,0
XDC.V,D,20211124,000000,0.102,0.1175,0.09937,0.10237,0,0
XDC.V,D,20211125,000000,0.10256,0.10762,0.1009,0.10762,0,0
XDC.V,D,20211126,000000,0.1077,0.10905,0.09656,0.09827,0,0
XDC.V,D,20211127,000000,0.09805,0.098228,0.09125,0.091481,0,0
XDC.V,D,20211128,000000,0.09153,0.09153,0.08893,0.0891577395,0,0
XDC.V,D,20211129,000000,0.08965640429999,0.09132,0.08907,0.08927,0,0
XDC.V,D,20211130,000000,0.088905,0.08995,0.087426,0.088888,0,0
XDC.V,D,20211201,000000,0.089004,0.089004,0.085149,0.085149,0,0
XDC.V,D,20211202,000000,0.08505,0.087638,0.08505,0.086551,0,0
XDC.V,D,20211203,000000,0.086551,0.091022,0.084,0.085126,0,0
XDC.V,D,20211204,000000,0.084631,0.084631,0.07187,0.07951,0,0
XDC.V,D,20211205,000000,0.079011,0.079652,0.076482,0.07728,0,0
XDC.V,D,20211206,000000,0.07728,0.077312,0.07126,0.074269,0,0
XDC.V,D,20211207,000000,0.074763,0.07868,0.074763,0.07498,0,0
XDC.V,D,20211208,000000,0.074777,0.07658,0.073299,0.07599,0,0
XDC.V,D,20211209,000000,0.075652,0.07812,0.074058,0.074464,0,0
XDC.V,D,20211210,000000,0.074551,0.07502,0.070142,0.07065,0,0
XDC.V,D,20211211,000000,0.07074,0.07198,0.069119,0.071809,0,0
XDC.V,D,20211212,000000,0.07133,0.07133,0.068823,0.07021,0,0
XDC.V,D,20211213,000000,0.070719,0.0715,0.06739,0.068059,0,0
XDC.V,D,20211214,000000,0.068037,0.069278,0.065915,0.069054,0,0
XDC.V,D,20211215,000000,0.069055,0.0894447,0.069055,0.0824577,0,0
XDC.V,D,20211216,000000,0.0824412,0.098359,0.0822493,0.0862259,0,0
XDC.V,D,20211217,000000,0.0860258,0.0862259,0.0784235,0.0808323,0,0
XDC.V,D,20211218,000000,0.0808323,0.0887355,0.079924,0.0869348,0,0
XDC.V,D,20211219,000000,0.0867433,0.0884354,0.0844338,0.0845422,0,0
XDC.V,D,20211220,000000,0.0843337,0.0844338,0.0788236,0.080032,0,0
XDC.V,D,20211221,000000,0.0802241,0.0871261,0.0789237,0.0862259,0,0
XDC.V,D,20211222,000000,0.0859344,0.0867347,0.0832333,0.0832333,0,0
XDC.V,D,20211223,000000,0.0836334,0.0853426,0.0789158,0.0853426,0,0
XDC.V,D,20211224,000000,0.0853426,0.0858343,0.0792317,0.0807403,0,0
XDC.V,D,20211225,000000,0.0808404,0.0821691,0.0808404,0.0816408,0,0
XDC.V,D,20211226,000000,0.0813406,0.0829414,0.0806403,0.0829332,792615,0
XDC.V,D,20211227,000000,0.082633,0.0834417,0.0818327,0.0820246,1207007,0
XDC.V,D,20211228,000000,0.0822247,0.0822247,0.0793079,0.0803161,1464123,0
XDC.V,D,20211229,000000,0.080508,0.0940188,0.079916,0.0940188,5527317,0
XDC.V,D,20211230,000000,0.0941094,0.0958192,0.089609,0.0918184,5664750,0
XDC.V,D,20211231,000000,0.0913183,0.10021,0.0880176,0.0986099,7939751.7361478,0
XDC.V,D,20220101,000000,0.0989396,0.109589,0.0989297,0.106521,9282172.6248559,0
XDC.V,D,20220102,000000,0.105821,0.109111,0.09912,0.10011,5653808.8955306,0
XDC.V,D,20220103,000000,0.10012,0.10411,0.095,0.095,5747444.8519704,0
XDC.V,D,20220104,000000,0.0948,0.0977,0.089791,0.089791,5990434.4964533,0
XDC.V,D,20220105,000000,0.089882,0.1024,0.089882,0.093391,8762279.0797289,0
XDC.V,D,20220106,000000,0.0932,0.094191,0.0902819,0.0923908,5744253.5320062,0
XDC.V,D,20220107,000000,0.0921,0.0929814,0.0870913,0.0874825,4074863.0048488,0
XDC.V,D,20220108,000000,0.0874912,0.0887911,0.0813919,0.0839,8142716.9988878,0
XDC.V,D,20220109,000000,0.0839,0.0889,0.0826917,0.0887,2143863.9632552,0
XDC.V,D,20220110,000000,0.0885911,0.0889,0.0809,0.0833,4114618.1856341,0
XDC.V,D,20220111,000000,0.0834,0.0870174,0.0832,0.0863086,3475578.8145659,0
XDC.V,D,20220112,000000,0.0864086,0.0930372,0.0857171,0.0922369,4645134.3806148,0
XDC.V,D,20220113,000000,0.0920368,0.0981491,0.0890356,0.0902361,6338935.4371033,0
XDC.V,D,20220114,000000,0.0902451,0.0915457,0.0883353,0.0904362,3370551.3976472,0
XDC.V,D,20220115,000000,0.0906362,0.0922369,0.0893357,0.0895447,3208773.1572953,0
XDC.V,D,20220116,000000,0.0895447,0.0907363,0.0889356,0.0898359,1933145.8093006,0
XDC.V,D,20220117,000000,0.0897359,0.090036,0.0839336,0.0844338,3671213.4402077,0
XDC.V,D,20220118,000000,0.0842337,0.0854342,0.080124,0.0814244,4718672.439855,0
XDC.V,D,20220119,000000,0.0814326,0.0819328,0.0796239,0.080124,3337815.2668036,0
XDC.V,D,20220120,000000,0.080124,0.0842253,0.0795238,0.0803161,3240961.2892449,0
XDC.V,D,20220121,000000,0.080216,0.080216,0.0673135,0.0673135,7349572.0907685,0
XDC.V,D,20220122,000000,0.0671201,0.0674135,0.0576115,0.0609122,22270057.23157,0
XDC.V,D,20220123,000000,0.0610183,0.06672,0.0610122,0.0643129,5486966.3191575,0
XDC.V,D,20220124,000000,0.0643193,0.0666133,0.0525157,0.0619186,11405013.208404,0
XDC.V,D,20220125,000000,0.0618185,0.0648194,0.0615123,0.0631315,5518230.0679181,0
XDC.V,D,20220126,000000,0.0630441,0.06674,0.0619309,0.0639383,9630866.8220063,0
XDC.V,D,20220127,000000,0.0638319,0.0642385,0.0611244,0.0618309,3605958.1730607,0
XDC.V,D,20220128,000000,0.0619248,0.0627314,0.059812,0.0616185,5101641.1054182,0
XDC.V,D,20220129,000000,0.0615123,0.0653131,0.0610122,0.0617123,6733933.8608709,0
XDC.V,D,20220130,000000,0.0615184,0.0617185,0.0590236,0.0595238,4734823.5011675,0
XDC.V,D,20220131,000000,0.0596179,0.060036,0.0583175,0.0597299,4988020.9861778,0
XDC.V,D,20220201,000000,0.0596238,0.0606364,0.0585292,0.0593356,3562545.775751,0
XDC.V,D,20220202,000000,0.0588353,0.0597358,0.0552442,0.0553442,7883286.8433855,0
XDC.V,D,20220203,000000,0.0553442,0.0574287,0.0548329,0.0563225,4515241.2381562,0
XDC.V,D,20220204,000000,0.0564282,0.0618309,0.0558335,0.0607486,6500632.2544864,0
XDC.V,D,20220205,000000,0.0605484,0.0635381,0.0605484,0.0613429,7775302.5458024,0
XDC.V,D,20220206,000000,0.0613368,0.0625312,0.060024,0.0602241,5429755.7267463,0
XDC.V,D,20220207,000000,0.06003,0.0674539,0.059924,0.0670469,10180612.899867,0
XDC.V,D,20220208,000000,0.0670536,0.0683546,0.0629629,0.0651586,5595302.6739529,0
XDC.V,D,20220209,000000,0.0653588,0.0660462,0.0629503,0.0649714,8078137.4789674,0
XDC.V,D,20220210,000000,0.0651651,0.0657591,0.0619557,0.0641449,3717252.4643936,0
XDC.V,D,20220211,000000,0.0640384,0.0641449,0.0597239,0.0598179,3625047.921222,0
XDC.V,D,20220212,000000,0.0599419,0.0604362,0.0584292,0.0591295,10195398.912227,0
XDC.V,D,20220213,000000,0.0591355,0.0598359,0.0578347,0.0580348,10555196.180028,0
XDC.V,D,20220214,000000,0.0580248,0.0585351,0.0558279,0.0569284,15224292.786092,0
XDC.V,D,20220215,000000,0.0569341,0.0590354,0.0565339,0.058335,17553586.234504,0
XDC.V,D,20220216,000000,0.058435,0.0601361,0.0574287,0.0588353,19813582.2455,0
XDC.V,D,20220217,000000,0.0589294,0.0590354,0.055739,0.0560392,13211538.775601,0
XDC.V,D,20220218,000000,0.0559391,0.0565339,0.0540324,0.0541325,15518594.424601,0
XDC.V,D,20220219,000000,0.0542325,0.0578347,0.0540324,0.0567283,20179138.984459,0
XDC.V,D,20220220,000000,0.056734,0.0570342,0.054127,0.0551275,16416989.886247,0
XDC.V,D,20220221,000000,0.0551275,0.0558279,0.0542217,0.0544272,10083572.310062,0
XDC.V,D,20220222,000000,0.0542217,0.0542271,0.050115,0.0537322,21093128.338415,0
XDC.V,D,20220223,000000,0.0536322,0.0553332,0.0517258,0.051731,20876133.584539,0
XDC.V,D,20220224,000000,0.051731,0.051731,0.0431215,0.0478191,38012082.763366,0
XDC.V,D,20220225,000000,0.0478191,0.0527263,0.0477191,0.0514257,16495671.985354,0
XDC.V,D,20220226,000000,0.0515257,0.0533266,0.0514257,0.0532213,11734971.472411,0
XDC.V,D,20220227,000000,0.0532213,0.053927,0.0519208,0.052421,14729353.991743,0
XDC.V,D,20220228,000000,0.052421,0.0549274,0.0513256,0.0548274,21836394.079101,0
XDC.V,D,20220301,000000,0.0546218,0.0550275,0.0528106,0.0530159,23632151.874181,0
XDC.V,D,20220302,000000,0.0531159,0.0536161,0.0513103,0.0515103,17853572.71601,0
XDC.V,D,20220303,000000,0.0516155,0.0528158,0.050015,0.0502151,17403637.75866,0
XDC.V,D,20220304,000000,0.05021,0.0511153,0.0494148,0.0497099,15206011.911008,0
XDC.V,D,20220305,000000,0.0496149,0.0506152,0.0493199,0.0502051,17295638.247468,0
XDC.V,D,20220306,000000,0.0502051,0.0505051,0.0490098,0.0495148,15766860.298678,0
XDC.V,D,20220307,000000,0.0495148,0.0495148,0.0461392,0.0464139,17521023.027594,0
XDC.V,D,20220308,000000,0.0464139,0.0482096,0.0461939,0.0475095,19442635.598631,0
XDC.V,D,20220309,000000,0.0474295,0.0556511,0.0473395,0.0554111,31289357.87483,0
XDC.V,D,20220310,000000,0.0554111,0.0559112,0.0526158,0.0531212,22966050.873599,0
XDC.V,D,20220311,000000,0.0531012,0.0535814,0.0514003,0.0515103,18601293.526546,0
XDC.V,D,20220312,000000,0.0515103,0.05218,0.05095,0.0512751,11425941.394592,0
XDC.V,D,20220313,000000,0.0512651,0.0524157,0.0509702,0.0518904,12394292.303198,0
XDC.V,D,20220314,000000,0.0518604,0.0533107,0.0511802,0.0514103,13277070.785643,0
XDC.V,D,20220315,000000,0.0514703,0.0522657,0.0513303,0.0522657,12899788.443752,0
XDC.V,D,20220316,000000,0.0521304,0.0525805,0.049955,0.0519056,18137181.625182,0
XDC.V,D,20220317,000000,0.0519704,0.0537215,0.0514306,0.0531866,19755932.653969,0
XDC.V,D,20220318,000000,0.0531713,0.0539123,0.0528164,0.0537969,6813462.1856666,0
XDC.V,D,20220319,000000,0.053763,0.0542371,0.0529412,0.0530765,9801688.7304582,0
XDC.V,D,20220320,000000,0.0530212,0.0532966,0.0516206,0.0517907,7971680.0433313,0
XDC.V,D,20220321,000000,0.0517859,0.0520708,0.0509804,0.0518859,11814476.086905,0
XDC.V,D,20220322,000000,0.0518407,0.0530212,0.0518407,0.0529465,8994501.7460918,0
XDC.V,D,20220323,000000,0.0529765,0.053957,0.0528764,0.0539016,7118796.1625134,0
XDC.V,D,20220324,000000,0.0539016,0.0563882,0.0538815,0.0562725,10675884.203916,0
XDC.V,D,20220325,000000,0.0563582,0.058039,0.0563225,0.0575287,12114503.265767,0
XDC.V,D,20220326,000000,0.057483,0.0595798,0.057453,0.0595738,7819244.7641226,0
XDC.V,D,20220327,000000,0.0595998,0.0614746,0.0595498,0.0613045,10673896.589039,0
XDC.V,D,20220328,000000,0.0612645,0.0620148,0.0611845,0.0613784,10652666.2799,0
XDC.V,D,20220329,000000,0.0613745,0.0614446,0.05996,0.06006,6656671.0506835,0
XDC.V,D,20220330,000000,0.059974,0.06005,0.0584617,0.0584617,6189338.6931592,0
XDC.V,D,20220331,000000,0.0584575,0.0589018,0.0570971,0.0572372,7235005.7579572,0
XDC.V,D,20220401,000000,0.0572872,0.0576773,0.0565282,0.057623,10114920.809971,0
XDC.V,D,20220402,000000,0.0576273,0.0591177,0.0572772,0.0589777,8405620.2798765,0
XDC.V,D,20220403,000000,0.0589177,0.0603241,0.0587876,0.0602741,6497440.1367781,0
XDC.V,D,20220404,000000,0.0602481,0.0604481,0.0594719,0.0595279,3642959.0557187,0
XDC.V,D,20220405,000000,0.0596219,0.0598179,0.0587718,0.0587959,2072680.3855894,0
XDC.V,D,20220406,000000,0.0588618,0.0588918,0.05503,0.05562,10739678.431967,0
XDC.V,D,20220407,000000,0.05561,0.0561,0.0552855,0.0555656,5244806.2774173,0
XDC.V,D,20220408,000000,0.0554555,0.0559024,0.0549865,0.055012,4742804.8080906,0
XDC.V,D,20220409,000000,0.055052,0.0560868,0.0548019,0.0560068,3844385.2876419,0
XDC.V,D,20220410,000000,0.0560368,0.0576473,0.0559868,0.0572872,4450067.3207483,0
XDC.V,D,20220411,000000,0.0572314,0.0575315,0.0544863,0.0545764,6867927.701754,0
XDC.V,D,20220412,000000,0.0545609,0.0553211,0.0540562,0.0542863,7074853.2487261,0
XDC.V,D,20220413,000000,0.0542308,0.0548719,0.0540808,0.0547764,3189856.7915332,0
XDC.V,D,20220414,000000,0.0547664,0.0554366,0.0536054,0.0536054,4277758.5983953,0
XDC.V,D,20220415,000000,0.0535907,0.0545909,0.0532353,0.0544209,3660943.5623183,0
XDC.V,D,20220416,000000,0.0544109,0.054821,0.0543054,0.0546209,1315268.7342023,0
XDC.V,D,20220417,000000,0.0546409,0.0559712,0.0545555,0.0555211,3028967.3419115,0
XDC.V,D,20220418,000000,0.0554511,0.0556411,0.053356,0.0537361,9158589.0799898,0
XDC.V,D,20220419,000000,0.0537061,0.054851,0.0536861,0.054851,7227081.5454431,0
XDC.V,D,20220420,000000,0.054861,0.0558112,0.0547509,0.0557612,6919205.2027605,0
XDC.V,D,20220421,000000,0.0557856,0.0605321,0.0557612,0.0571614,15242090.378211,0
XDC.V,D,20220422,000000,0.0570957,0.0577315,0.0538108,0.0545809,12666524.624119,0
XDC.V,D,20220423,000000,0.0544909,0.0567914,0.0543609,0.0565213,5144805.4168346,0
XDC.V,D,20220424,000000,0.0565457,0.0582416,0.0562656,0.0574415,8603534.4567143,0
XDC.V,D,20220425,000000,0.0574115,0.0575615,0.0543709,0.0546409,10262541.959673,0
XDC.V,D,20220426,000000,0.0546809,0.0556911,0.0535007,0.05447,7306825.2466072,0
XDC.V,D,20220427,000000,0.0545855,0.0545955,0.05265,0.0536354,13662555.103247,0
XDC.V,D,20220428,000000,0.0534053,0.0566857,0.0534053,0.0566357,7246969.4190677,0
XDC.V,D,20220429,000000,0.0565957,0.06457,0.0564256,0.0629363,44900633.631826,0
XDC.V,D,20220430,000000,0.0630063,0.06882,0.06285,0.0641964,47869882.112313,0
XDC.V,D,20220501,000000,0.0641764,0.0641764,0.060096,0.0612561,16491604.780497,0
XDC.V,D,20220502,000000,0.0612661,0.0625663,0.0610861,0.0616462,11994129.571592,0
XDC.V,D,20220503,000000,0.06167,0.0635536,0.0616162,0.0634073,9473733.4506244,0
XDC.V,D,20220504,000000,0.0634337,0.06586,0.0634337,0.06564,15555779.875508,0
XDC.V,D,20220505,000000,0.0656069,0.0658168,0.0622938,0.0632037,19613684.628048,0
XDC.V,D,20220506,000000,0.0632237,0.0633037,0.0604679,0.0616877,15506226.417986,0
XDC.V,D,20220507,000000,0.0616838,0.0634837,0.0616838,0.0631074,14634401.217815,0
XDC.V,D,20220508,000000,0.0631174,0.063461,0.0610756,0.063251,23121617.143749,0
XDC.V,D,20220509,000000,0.0632247,0.0639472,0.0581925,0.0588082,21985984.519439,0
XDC.V,D,20220510,000000,0.0587124,0.0593422,0.0576127,0.0585566,16716125.66249,0
XDC.V,D,20220511,000000,0.0585466,0.0588465,0.0475686,0.0475686,32101019.557238,0
XDC.V,D,20220512,000000,0.0476283,0.0476379,0.0325462,0.0428597,43729698.038142,0
XDC.V,D,20220513,000000,0.0428141,0.0485465,0.0405919,0.046371,35323215.207654,0
XDC.V,D,20220514,000000,0.046381,0.0469154,0.040908,0.0449525,30048868.650754,0
XDC.V,D,20220515,000000,0.0449525,0.0519272,0.0443978,0.0467092,45411514.128039,0
XDC.V,D,20220516,000000,0.0466839,0.0481973,0.0448327,0.0464795,26403312.142123,0
XDC.V,D,20220517,000000,0.0465248,0.047598,0.0451358,0.0453955,19568561.839367,0
XDC.V,D,20220518,000000,0.0454254,0.0456406,0.0421309,0.0421309,22668149.725553,0
XDC.V,D,20220519,000000,0.0420553,0.0489159,0.0414419,0.0445454,46259123.288162,0
XDC.V,D,20220520,000000,0.0446398,0.0481466,0.0419664,0.043278,66133876.137013,0
XDC.V,D,20220521,000000,0.043268,0.0447972,0.0417057,0.0435833,74984752.507311,0
XDC.V,D,20220522,000000,0.0435733,0.0444022,0.0414902,0.0421893,61255547.636006,0
XDC.V,D,20220523,000000,0.0421294,0.0434934,0.039976,0.0414003,92074520.57481,0
XDC.V,D,20220524,000000,0.0413204,0.0423534,0.0394626,0.041516,23665044.813337,0
XDC.V,D,20220525,000000,0.0415218,0.0428985,0.0398521,0.0402257,38501034.547904,0
XDC.V,D,20220526,000000,0.0402457,0.0406852,0.0378383,0.0391009,20972491.884513,0
XDC.V,D,20220527,000000,0.0392607,0.0395404,0.0374525,0.0374687,11984959.810187,0
XDC.V,D,20220528,000000,0.0374725,0.0382367,0.0359126,0.0382264,7215022.9825291,0
XDC.V,D,20220529,000000,0.0382245,0.0420267,0.0378979,0.0414939,9815193.9366247,0
XDC.V,D,20220530,000000,0.0416633,0.046092,0.0394744,0.0428457,34009714.061419,0
XDC.V,D,20220531,000000,0.0429299,0.0446887,0.0406674,0.0408832,37913329.726171,0
XDC.V,D,20220601,000000,0.0409293,0.0409313,0.038874,0.038874,17528804.247148,0
XDC.V,D,20220602,000000,0.03888,0.0389149,0.0380128,0.0381866,14133926.691513,0
XDC.V,D,20220603,000000,0.0381756,0.0384082,0.0374034,0.037845,19532525.250066,0
XDC.V,D,20220604,000000,0.0377901,0.0394744,0.037081,0.0380514,22871953.747264,0
XDC.V,D,20220605,000000,0.0382955,0.0386675,0.0375869,0.0379343,13110020.782518,0
XDC.V,D,20220606,000000,0.0379943,0.0391982,0.0373056,0.0386575,38323904.0935,0
XDC.V,D,20220607,000000,0.038578,0.0387075,0.03659,0.037728,57155402.841149,0
XDC.V,D,20220608,000000,0.037825,0.0380272,0.0366921,0.0371858,49440814.141763,0
XDC.V,D,20220609,000000,0.0371758,0.0375899,0.0365785,0.0371288,17894276.239305,0
XDC.V,D,20220610,000000,0.0370585,0.0373083,0.0353229,0.0358933,91148691.984359,0
XDC.V,D,20220611,000000,0.0359543,0.0380381,0.0339565,0.0340814,123658926.88067,0
XDC.V,D,20220612,000000,0.034131,0.0347104,0.0324445,0.0336286,18544400.227379,0
XDC.V,D,20220613,000000,0.0336083,0.0337984,0.0297856,0.0299683,326288933.8429,0
XDC.V,D,20220614,000000,0.0300282,0.0312346,0.0287171,0.0287954,172748544.50846,0
XDC.V,D,20220615,000000,0.0288456,0.0304334,0.0265155,0.0300049,430327703.21951,0
XDC.V,D,20220616,000000,0.0303705,0.0310758,0.0274598,0.0292419,31126788.009147,0
XDC.V,D,20220617,000000,0.0277622,0.0299646,0.0276016,0.0296743,292514052.85006,0
XDC.V,D,20220618,000000,0.0297383,0.0306297,0.0281049,0.0296449,271761078.07948,0
XDC.V,D,20220619,000000,0.0293843,0.0317688,0.0291722,0.0314992,37071722.891569,0
XDC.V,D,20220620,000000,0.0314143,0.0323134,0.0298372,0.0310188,42993421.267557,0
XDC.V,D,20220621,000000,0.030896,0.0322777,0.0299001,0.0304695,108822380.68642,0
XDC.V,D,20220622,000000,0.0304854,0.0311688,0.0289172,0.0295394,165885246.69283,0
XDC.V,D,20220623,000000,0.0295814,0.0303037,0.0285075,0.028922,43801544.578028,0
XDC.V,D,20220624,000000,0.028964,0.0304283,0.0289611,0.029526,33938281.948778,0
XDC.V,D,20220625,000000,0.0295804,0.0295904,0.0287499,0.0289597,18436049.493224,0
XDC.V,D,20220626,000000,0.0289409,0.029442,0.0286134,0.0294021,71438339.779845,0
XDC.V,D,20220627,000000,0.0293824,0.0294656,0.025557,0.0255572,114173485.60526,0
XDC.V,D,20220628,000000,0.0255175,0.0269252,0.0243968,0.0253388,97197585.843933,0
XDC.V,D,20220629,000000,0.0253782,0.02539,0.024437,0.0245303,63618346.541516,0
XDC.V,D,20220630,000000,0.0244606,0.0245205,0.0221911,0.0234518,85455028.010585,0
XDC.V,D,20220701,000000,0.0233649,0.0241845,0.0232298,0.0240905,37209001.917287,0
XDC.V,D,20220702,000000,0.0240925,0.0242209,0.0238154,0.0240411,55459690.597147,0
XDC.V,D,20220703,000000,0.0240311,0.0249675,0.0239512,0.0248576,23913850.976192,0
XDC.V,D,20220704,000000,0.0248576,0.0259988,0.0247578,0.0258789,12576936.772241,0
XDC.V,D,20220705,000000,0.0258789,0.0260088,0.0243532,0.0250624,14470566.841205,0
XDC.V,D,20220706,000000,0.0250324,0.0254819,0.0248002,0.025382,18877271.748017,0
XDC.V,D,20220707,000000,0.0254294,0.0258715,0.0240235,0.0257745,19102181.497765,0
XDC.V,D,20220708,000000,0.0258345,0.0268139,0.0256669,0.026684,8498800.6307511,0
XDC.V,D,20220709,000000,0.0266713,0.0277733,0.0265441,0.0276834,10148032.443429,0
XDC.V,D,20220710,000000,0.0277034,0.0281031,0.0261943,0.0267639,8882873.1230967,0
XDC.V,D,20220711,000000,0.0267339,0.0267539,0.0261017,0.0264961,6354996.9966187,0
XDC.V,D,20220712,000000,0.0263636,0.0266633,0.0260513,0.0260939,4944797.1458925,0
XDC.V,D,20220713,000000,0.026045,0.0273753,0.0251248,0.0273726,18005398.764191,0
XDC.V,D,20220714,000000,0.0273953,0.0275951,0.0265614,0.0269038,9632701.3462486,0
XDC.V,D,20220715,000000,0.0269211,0.0275535,0.0268839,0.0269819,7515178.5708394,0
XDC.V,D,20220716,000000,0.0269919,0.0278244,0.0268619,0.0275545,5629971.9954919,0
XDC.V,D,20220717,000000,0.0275428,0.0288416,0.0274942,0.0286823,5650696.7600836,0
XDC.V,D,20220718,000000,0.0287025,0.030147,0.028612,0.0297132,5819792.573427,0
XDC.V,D,20220719,000000,0.0296932,0.0309062,0.0287763,0.0308549,15087558.872956,0
XDC.V,D,20220720,000000,0.0308069,0.0311328,0.0294038,0.0309915,11556140.170962,0
XDC.V,D,20220721,000000,0.0310231,0.031195,0.0293188,0.0301363,11779390.86681,0
XDC.V,D,20220722,000000,0.0301172,0.0301475,0.0285254,0.0286543,6674065.7494772,0
XDC.V,D,20220723,000000,0.0286666,0.0291132,0.028504,0.0289058,4861489.1426319,0
XDC.V,D,20220724,000000,0.0288958,0.0297359,0.0285506,0.0296256,10552433.674014,0
XDC.V,D,20220725,000000,0.0295859,0.029786,0.0278722,0.0287626,14998346.337139,0
XDC.V,D,20220726,000000,0.0287429,0.0287829,0.0262116,0.0273022,12287799.11353,0
XDC.V,D,20220727,000000,0.0273041,0.029017,0.0265816,0.0290064,14890695.804734,0
XDC.V,D,20220728,000000,0.0288372,0.0297971,0.02811,0.0292956,18575218.336471,0
XDC.V,D,20220729,000000,0.0292576,0.0298218,0.0281782,0.0286317,13835607.84604,0
XDC.V,D,20220730,000000,0.0286314,0.0302409,0.0280081,0.0299699,20116265.318754,0
XDC.V,D,20220731,000000,0.0299214,0.0303261,0.0288987,0.0299572,35598578.450664,0
XDC.V,D,20220801,000000,0.0299672,0.0300081,0.0286086,0.0293388,25333602.223924,0
XDC.V,D,20220802,000000,0.0292788,0.0305204,0.027573,0.0292553,63986415.834066,0
XDC.V,D,20220803,000000,0.0292058,0.0302691,0.0276366,0.0293473,74221750.993465,0
XDC.V,D,20220804,000000,0.0292267,0.030076,0.0283082,0.0288838,41270873.46838,0
XDC.V,D,20220805,000000,0.0288812,0.0303145,0.0287117,0.029946,11354590.860487,0
XDC.V,D,20220806,000000,0.0299757,0.0311769,0.0297321,0.030417,9655521.757572,0
XDC.V,D,20220807,000000,0.0305067,0.031726,0.0301869,0.031646,57339399.708076,0
XDC.V,D,20220808,000000,0.031656,0.0327382,0.0307358,0.0326339,36801704.35794,0
XDC.V,D,20220809,000000,0.0326339,0.0336271,0.0325475,0.033317,13803776.960151,0
XDC.V,D,20220810,000000,0.033407,0.0338502,0.0331286,0.0337998,7824973.8473028,0
XDC.V,D,20220811,000000,0.0336888,0.0377643,0.0336888,0.036197,24312604.377399,0
XDC.V,D,20220812,000000,0.0361681,0.0366883,0.035988,0.0361566,10251381.138676,0
XDC.V,D,20220813,000000,0.0361666,0.0362367,0.0358418,0.0359022,6034882.6164467,0
XDC.V,D,20220814,000000,0.0358929,0.0362245,0.0357282,0.0360512,4923364.5809825,0
XDC.V,D,20220815,000000,0.0360204,0.0360908,0.0352767,0.0353081,10054954.124368,0
XDC.V,D,20220816,000000,0.0352885,0.0353388,0.0343824,0.0343824,15848600.610223,0
XDC.V,D,20220817,000000,0.0343431,0.0346445,0.0338014,0.0338324,8679607.1777742,0
XDC.V,D,20220818,000000,0.0338324,0.0339227,0.0329874,0.0331203,8765346.8628563,0
XDC.V,D,20220819,000000,0.0331633,0.0332333,0.0315232,0.0327033,12846209.577601,0
XDC.V,D,20220820,000000,0.0327007,0.0343414,0.0310543,0.0326497,56451809.537238,0
XDC.V,D,20220821,000000,0.03263,0.0327987,0.0305406,0.0308091,50260057.125358,0
XDC.V,D,20220822,000000,0.0308091,0.03171,0.0287551,0.0287651,61853571.20829,0
XDC.V,D,20220823,000000,0.0287757,0.03438,0.0281163,0.0334007,108246783.71263,0
XDC.V,D,20220824,000000,0.0334997,0.0337407,0.0302806,0.0312228,110346819.62198,0
XDC.V,D,20220825,000000,0.0312022,0.03225,0.0300524,0.0301909,44805262.381612,0
XDC.V,D,20220826,000000,0.0301897,0.03023,0.0281411,0.0283828,16384627.725942,0
XDC.V,D,20220827,000000,0.0283728,0.0287314,0.0270714,0.0273608,49158430.348283,0
XDC.V,D,20220828,000000,0.0273405,0.02749,0.0266781,0.02713,24125607.172272,0
XDC.V,D,20220829,000000,0.0266897,0.0266897,0.025311,0.0263818,10519534.246641,0
XDC.V,D,20220830,000000,0.0264126,0.0277311,0.0263195,0.0268221,20184582.067879,0
XDC.V,D,20220831,000000,0.0267619,0.0273203,0.0267211,0.0268097,8621471.6285286,0
XDC.V,D,20220901,000000,0.02675,0.0268197,0.0255692,0.0257785,11057838.145397,0
XDC.V,D,20220902,000000,0.0258595,0.0263309,0.0257718,0.0260312,10756428.426837,0
XDC.V,D,20220903,000000,0.0260332,0.0261281,0.025716,0.026063,9635208.7882771,0
XDC.V,D,20220904,000000,0.02607,0.0262456,0.025869,0.02619,3161007.0474007,0
XDC.V,D,20220905,000000,0.02616,0.0262926,0.02595,0.0260026,3256194.9961141,0
XDC.V,D,20220906,000000,0.0260626,0.0265127,0.0254984,0.025501,3835936.1656944,0
XDC.V,D,20220907,000000,0.025532,0.0256085,0.0252838,0.0255063,10661086.857984,0
XDC.V,D,20220908,000000,0.0255268,0.0255286,0.0249632,0.0251635,15212898.497333,0
XDC.V,D,20220909,000000,0.025164,0.0264566,0.025113,0.0261976,4927753.6728709,0
XDC.V,D,20220910,000000,0.0262502,0.0266685,0.0259291,0.0260842,5124935.3639353,0
XDC.V,D,20220911,000000,0.0260496,0.0268478,0.0260194,0.0267077,3143115.4887058,0
XDC.V,D,20220912,000000,0.0266267,0.027117,0.0265761,0.0270154,4225631.9548875,0
XDC.V,D,20220913,000000,0.0270849,0.0273149,0.0264705,0.0265603,10218411.07018,0
XDC.V,D,20220914,000000,0.0265575,0.0267101,0.0264191,0.0266087,3947613.9432882,0
XDC.V,D,20220915,000000,0.0267639,0.0271055,0.0262203,0.0262782,4940595.8493752,0
XDC.V,D,20220916,000000,0.0263674,0.02672,0.0263205,0.0266573,1506806.875108,0
XDC.V,D,20220917,000000,0.0267073,0.0270427,0.02657,0.0270427,3344491.8162624,0
XDC.V,D,20220918,000000,0.02703,0.0271427,0.0268773,0.02691,1795372.5091153,0
XDC.V,D,20220919,000000,0.0269073,0.02691,0.0260926,0.0267727,3775685.0784393,0
XDC.V,D,20220920,000000,0.0267827,0.0268954,0.0260926,0.0262726,4347554.3029635,0
XDC.V,D,20220921,000000,0.0263226,0.0269127,0.0263226,0.02646,5178855.8606954,0
XDC.V,D,20220922,000000,0.0265727,0.02829,0.0265,0.0282372,12654254.196279,0
XDC.V,D,20220923,000000,0.02824,0.0312769,0.02819,0.03051,16312800.693332,0
XDC.V,D,20220924,000000,0.0305279,0.0315091,0.0298179,0.0304327,13488038.877461,0
XDC.V,D,20220925,000000,0.0304,0.030423,0.0295009,0.02966,4550793.0149984,0
XDC.V,D,20220926,000000,0.0296406,0.029805,0.029511,0.0298,2360899.542804,0
XDC.V,D,20220927,000000,0.029783,0.030746,0.029783,0.030169,4893259.927835,0
XDC.V,D,20220928,000000,0.03018,0.030297,0.029813,0.030188,7949896.0125953,0
XDC.V,D,20220929,000000,0.030218,0.0314941,0.03019,0.031438,4491959.9764128,0
XDC.V,D,20220930,000000,0.03134,0.032009,0.031316,0.03185,9802022.8374479,0
XDC.V,D,20221001,000000,0.031876,0.0327403,0.031863,0.0325413,6656303.6666641,0
XDC.V,D,20221002,000000,0.03248,0.0326897,0.03124,0.03153,14913223.433483,0
XDC.V,D,20221003,000000,0.03151,0.03159,0.0305031,0.0309731,7321852.7235314,0
XDC.V,D,20221004,000000,0.0309861,0.0315195,0.0309861,0.0312282,9409201.9493084,0
XDC.V,D,20221005,000000,0.0312232,0.0312644,0.0296619,0.029818,14097530.727035,0
XDC.V,D,20221006,000000,0.029829,0.0314871,0.029829,0.0314654,11535942.329768,0
XDC.V,D,20221007,000000,0.0314457,0.0320532,0.0314263,0.0319145,6956445.3685716,0
XDC.V,D,20221008,000000,0.0319138,0.032782,0.0318788,0.0324781,11317216.447056,0
XDC.V,D,20221009,000000,0.0325281,0.0331133,0.03245,0.0329466,4813605.191214,0
XDC.V,D,20221010,000000,0.0330033,0.0331533,0.0324565,0.0325967,8973465.1107793,0
XDC.V,D,20221011,000000,0.0326,0.03264,0.0319568,0.0319571,5794281.9395691,0
XDC.V,D,20221012,000000,0.0319468,0.0320484,0.0315897,0.0316609,9557840.7582402,0
XDC.V,D,20221013,000000,0.0316409,0.0319594,0.0313378,0.0317025,6399705.3854947,0
XDC.V,D,20221014,000000,0.0316288,0.0319842,0.0316288,0.0318003,12281184.715201,0
XDC.V,D,20221015,000000,0.031801,0.0319226,0.0317603,0.0318722,3116875.9728652,0
XDC.V,D,20221016,000000,0.0318719,0.03214,0.031871,0.0319816,4214570.4912909,0
XDC.V,D,20221017,000000,0.0320413,0.032341,0.0319206,0.0319206,8206026.3357515,0
XDC.V,D,20221018,000000,0.03192,0.0319803,0.0312619,0.0313613,5404872.3365295,0
XDC.V,D,20221019,000000,0.0313516,0.0315519,0.0310994,0.0311412,7000511.6218199,0
XDC.V,D,20221020,000000,0.03112,0.0316228,0.0309666,0.0309669,5841449.58592,0
XDC.V,D,20221021,000000,0.0309778,0.0310575,0.0307988,0.0309409,5844628.8543337,0
XDC.V,D,20221022,000000,0.0309222,0.0310322,0.0307118,0.0307125,4115816.1409687,0
XDC.V,D,20221023,000000,0.0307228,0.0310828,0.0305837,0.0305837,7385446.0568356,0
XDC.V,D,20221024,000000,0.0306234,0.0306425,0.0300136,0.0305612,4817750.2235541,0
XDC.V,D,20221025,000000,0.0305609,0.0309017,0.0299724,0.0308611,8004997.5039509,0
XDC.V,D,20221026,000000,0.0308408,0.0313694,0.0307802,0.0313285,7904575.6533834,0
XDC.V,D,20221027,000000,0.0313288,0.0317725,0.0312959,0.0314019,7223401.3095705,0
XDC.V,D,20221028,000000,0.0314019,0.0316757,0.0310356,0.0314669,6666572.4989327,0
XDC.V,D,20221029,000000,0.031466,0.0317067,0.0311475,0.0311875,13526209.02861,0
XDC.V,D,20221030,000000,0.0311972,0.0313994,0.0309074,0.0310162,6837243.2664222,0
XDC.V,D,20221031,000000,0.0310368,0.0311469,0.0307266,0.0307775,4755900.2044058,0
XDC.V,D,20221101,000000,0.0307782,0.0311584,0.0300337,0.0302167,8319304.4075452,0
XDC.V,D,20221102,000000,0.030217,0.0303267,0.029977,0.0300585,4664788.9382805,0
XDC.V,D,20221103,000000,0.0300685,0.0301491,0.0295885,0.0298197,5752453.2769263,0
XDC.V,D,20221104,000000,0.0298394,0.0305206,0.0297252,0.0303621,7700410.3520373,0
XDC.V,D,20221105,000000,0.0303624,0.0311103,0.0303524,0.0308515,9810988.802436577,0
XDC.V,D,20221106,000000,0.0308412,0.0310791,0.0307815,0.0309419,4817964.138109298,0
XDC.V,D,20221107,000000,0.0309425,0.0309428,0.0302991,0.0304337,3185077.5671568555,0
XDC.V,D,20221108,000000,0.03046,0.03052,0.0284422,0.0286657,6227745.556774476,0
XDC.V,D,20221109,000000,0.0286858,0.0288463,0.0266785,0.0267792,8408446.103915105,0
XDC.V,D,20221110,000000,0.0268081,0.0301125,0.0260931,0.0277159,9991415.089038981,0
XDC.V,D,20221111,000000,0.0280664,0.0330395,0.0266527,0.0266527,5759818.640671328,0
XDC.V,D,20221112,000000,0.02651,0.0265677,0.0259831,0.0261828,5494462.044490439,0
XDC.V,D,20221113,000000,0.0262836,0.02659,0.0249695,0.0250289,6281288.261820197,0
XDC.V,D,20221114,000000,0.0250199,0.0255142,0.0241014,0.0254318,6515236.597054662,0
XDC.V,D,20221115,000000,0.0254617,0.0265388,0.0251322,0.026024,5123668.469602549,0
XDC.V,D,20221116,000000,0.0260587,0.026128,0.0250859,0.0253974,3665458.2420795113,0
XDC.V,D,20221117,000000,0.0253969,0.0262598,0.0250981,0.0259892,5454608.972184515,0
XDC.V,D,20221118,000000,0.02599,0.026219,0.0257176,0.0257404,4298659.763317091,0
XDC.V,D,20221119,000000,0.0257204,0.0265786,0.0253716,0.0258331,6838680.527796277,0
XDC.V,D,20221120,000000,0.0258367,0.0274994,0.0253816,0.0254218,4254639.1251924485,0
XDC.V,D,20221121,000000,0.0253117,0.0253414,0.0233633,0.0236116,14341493.12534218,0
XDC.V,D,20221122,000000,0.0236416,0.0246799,0.0231222,0.0242394,8938320.955475064,0
XDC.V,D,20221123,000000,0.0241184,0.0246004,0.0240104,0.0242133,4557662.166141259,0
XDC.V,D,20221124,000000,0.0241836,0.024977,0.0241724,0.0247195,9015122.410087697,0
XDC.V,D,20221125,000000,0.024709,0.0249598,0.0239347,0.0241862,9230024.037077563,0
XDC.V,D,20221126,000000,0.0239763,0.0244339,0.0239763,0.0240058,5497715.200419624,0
XDC.V,D,20221127,000000,0.0241318,0.0244304,0.0238209,0.0238317,2876124.639385171,0
XDC.V,D,20221128,000000,0.0239606,0.0253865,0.0228974,0.0230212,9450112.865492536,0
XDC.V,D,20221129,000000,0.023021,0.0232581,0.0227922,0.0228811,6754483.7586490875,0
XDC.V,D,20221130,000000,0.022882,0.0235198,0.0226186,0.0232612,7813317.883801227,0
XDC.V,D,20221201,000000,0.0233107,0.0233209,0.0223407,0.0224513,5944219.275608492,0
XDC.V,D,20221202,000000,0.0223713,0.0229093,0.0222416,0.0225013,8192000.454751294,0
XDC.V,D,20221203,000000,0.0225207,0.0226216,0.0219046,0.0219892,8239782.007436769,0
XDC.V,D,20221204,000000,0.0221754,0.0222757,0.0214571,0.0222735,7226066.464048208,0
XDC.V,D,20221205,000000,0.0217654,0.0220344,0.0215322,0.0218107,8357914.517703507,0
XDC.V,D,20221206,000000,0.0216807,0.0218209,0.0209298,0.0211196,7098844.173071123,0
XDC.V,D,20221207,000000,0.02109,0.0212198,0.0200702,0.02079,13309314.750671074,0
XDC.V,D,20221208,000000,0.0207302,0.0216924,0.0205302,0.0215422,6467549.434384725,0
XDC.V,D,20221209,000000,0.0215917,0.0220309,0.0214617,0.0217609,6754363.820828836,0
XDC.V,D,20221210,000000,0.0217802,0.0222207,0.02177,0.0218896,4535841.653616379,0
XDC.V,D,20221211,000000,0.0219,0.0222109,0.021749,0.0217902,4908349.297468795,0
XDC.V,D,20221212,000000,0.0218324,0.0218324,0.0210182,0.0211709,8786060.935909636,0
XDC.V,D,20221213,000000,0.0212023,0.0223951,0.0210238,0.0221549,8289723.109012639,0
XDC.V,D,20221214,000000,0.0221925,0.0244317,0.0221733,0.0240117,8044993.609812107,0
XDC.V,D,20221215,000000,0.02397,0.0258852,0.0234723,0.0241824,15085847.261703864,0
XDC.V,D,20221216,000000,0.0242624,0.02456,0.0234323,0.0236724,4827565.10565614,0
XDC.V,D,20221217,000000,0.0236324,0.0236524,0.0230421,0.0233933,4057643.8606128395,0
XDC.V,D,20221218,000000,0.0234528,0.0241427,0.0234009,0.0240529,3077602.266034853,0
XDC.V,D,20221219,000000,0.0241031,0.0279175,0.0240843,0.0266195,15088003.939192856,0
XDC.V,D,20221220,000000,0.0266,0.0286923,0.0261703,0.0283611,8182711.679955428,0
XDC.V,D,20221221,000000,0.0283011,0.0287909,0.0272514,0.0272811,8172095.255565433,0
XDC.V,D,20221222,000000,0.0273411,0.0274014,0.0264374,0.0266357,4191455.9572608816,0
XDC.V,D,20221223,000000,0.0266655,0.0274562,0.0264476,0.0266771,5300588.891031644,0
XDC.V,D,20221224,000000,0.0267476,0.0269876,0.0262476,0.0267981,2568215.102545445,0
XDC.V,D,20221225,000000,0.0266984,0.0269878,0.0265695,0.0269065,1755084.7311052422,0
XDC.V,D,20221226,000000,0.0268968,0.0278142,0.0268273,0.0277145,2000672.1314174621,0
XDC.V,D,20221227,000000,0.0277347,0.0283543,0.0273596,0.027559,3699443.462279813,0
XDC.V,D,20221228,000000,0.0275684,0.027599,0.026315,0.0264454,3852921.499804529,0
XDC.V,D,20221229,000000,0.0264557,0.026467,0.0248773,0.0257189,13968127.98357274,0
XDC.V,D,20221230,000000,0.0256982,0.0259468,0.0250675,0.025387,4322238.574044287,0
XDC.V,D,20221231,000000,0.025387,0.0254775,0.0249373,0.0252874,2787227.052869602,0
XDC.V,D,20230101,000000,0.0253273,0.0257487,0.0252571,0.0255582,1561871.0827875722,0
XDC.V,D,20230102,000000,0.0256597,0.0256818,0.0244997,0.0251917,4515394.487089629,0
XDC.V,D,20230103,000000,0.0252319,0.0253706,0.0241101,0.024401,5822720.68572203,0
XDC.V,D,20230104,000000,0.0244005,0.0248898,0.02433,0.0248418,5317736.996561213,0
XDC.V,D,20230105,000000,0.0247718,0.0258917,0.0246221,0.024911,10180722.149087502,0
XDC.V,D,20230106,000000,0.0249313,0.026043,0.0249313,0.025902,3476325.805303886,0
XDC.V,D,20230107,000000,0.0258217,0.0263421,0.0258123,0.0261835,3638420.259712969,0
XDC.V,D,20230108,000000,0.0261837,0.0271146,0.0259656,0.0270059,4088052.7451334693,0
XDC.V,D,20230109,000000,0.0270459,0.0281066,0.026817,0.02764,4582895.119746124,0
XDC.V,D,20230110,000000,0.0275897,0.02761,0.0262974,0.0266619,5719992.224474466,0
XDC.V,D,20230111,000000,0.026734,0.026774,0.0256297,0.0262797,6303247.9518938055,0
XDC.V,D,20230112,000000,0.0262882,0.0270814,0.0262076,0.0268421,6736070.615269422,0
XDC.V,D,20230113,000000,0.0268732,0.0273933,0.026823,0.0273825,3392644.109499867,0
XDC.V,D,20230114,000000,0.0273727,0.0283234,0.0273033,0.0277122,13544576.189238157,0
XDC.V,D,20230115,000000,0.0277814,0.0280262,0.02704,0.027528,4861147.907298589,0
XDC.V,D,20230116,000000,0.0274932,0.0289007,0.0264123,0.0264133,4863376.690199681,0
XDC.V,D,20230117,000000,0.0266668,0.0273553,0.0262711,0.027317,7106959.661917911,0
XDC.V,D,20230118,000000,0.0273417,0.0277869,0.0269443,0.0272184,6110721.051869324,0
XDC.V,D,20230119,000000,0.0273384,0.0278769,0.0271665,0.0272792,7171599.700162522,0
XDC.V,D,20230120,000000,0.0272719,0.0288723,0.0271208,0.0288349,6801548.087215,0
XDC.V,D,20230121,000000,0.0288461,0.0292547,0.0281165,0.0286043,5938262.481054652,0
XDC.V,D,20230122,000000,0.0287155,0.0291947,0.0284345,0.0287958,2872849.9705590033,0
XDC.V,D,20230123,000000,0.0288655,0.0291247,0.028584,0.0289243,4026500.098268134,0
XDC.V,D,20230124,000000,0.0289443,0.0302006,0.0287443,0.0294212,5341953.284029123,0
XDC.V,D,20230125,000000,0.0294226,0.0310037,0.0283817,0.0284345,7648167.677998454,0
XDC.V,D,20230126,000000,0.0283951,0.0295518,0.0282742,0.0290326,7128822.810868609,0
XDC.V,D,20230127,000000,0.0290526,0.0294456,0.0286057,0.029019,6724074.446967581,0
XDC.V,D,20230128,000000,0.0290702,0.029889,0.0290055,0.0293559,5830139.9117819425,0
XDC.V,D,20230129,000000,0.0293662,0.0303515,0.0291384,0.0300615,3411603.846132368,0
XDC.V,D,20230130,000000,0.0301412,0.0303309,0.028162,0.028302,7210805.876250825,0
XDC.V,D,20230131,000000,0.028212,0.0286689,0.0281011,0.0285626,8357793.1802256955,0
XDC.V,D,20230201,000000,0.0284514,0.031109,0.0281526,0.0290217,9823571.42326619,0
XDC.V,D,20230202,000000,0.0290815,0.0296633,0.0289641,0.0294653,3881016.5262534744,0
XDC.V,D,20230203,000000,0.0294365,0.0302024,0.0292329,0.0300724,5160176.587605049,0
XDC.V,D,20230204,000000,0.0300027,0.0301521,0.0291617,0.0291823,7074554.624713875,0
XDC.V,D,20230205,000000,0.0292623,0.0293126,0.028548,0.0287875,3679019.6155514326,0
XDC.V,D,20230206,000000,0.0287775,0.0288175,0.0275992,0.0279011,4225326.122296424,0
XDC.V,D,20230207,000000,0.0278811,0.027882,0.0267884,0.0273516,10329377.844214898,0
XDC.V,D,20230208,000000,0.0273816,0.0277419,0.0265105,0.0266819,6049090.306819635,0
XDC.V,D,20230209,000000,0.0267019,0.02687,0.0261639,0.026325,4687189.403950241,0
XDC.V,D,20230210,000000,0.0263113,0.0264055,0.0257544,0.0258339,5243652.8185752705,0
XDC.V,D,20230211,000000,0.0258244,0.0264932,0.0257631,0.0263626,4108872.7945159287,0
XDC.V,D,20230212,000000,0.0263824,0.0269327,0.0262942,0.0265427,4837046.560882026,0
XDC.V,D,20230213,000000,0.0264926,0.026865,0.0261604,0.0262739,6287052.789636579,0
XDC.V,D,20230214,000000,0.0263542,0.0266908,0.025983,0.0264077,10511680.172491483,0
XDC.V,D,20230215,000000,0.0264221,0.0271643,0.0263884,0.0271449,3785583.457220679,0
XDC.V,D,20230216,000000,0.0271738,0.0276328,0.0271241,0.027189,3287407.6847656984,0
XDC.V,D,20230217,000000,0.0272235,0.0279411,0.0269138,0.0276525,6554050.515674619,0
XDC.V,D,20230218,000000,0.0276836,0.028035,0.0275052,0.0275547,5019603.813192429,0
XDC.V,D,20230219,000000,0.0275744,0.0276344,0.0268151,0.0270762,3499884.400761793,0
XDC.V,D,20230220,000000,0.0270662,0.0276925,0.0269865,0.0276322,3843722.5790624823,0
XDC.V,D,20230221,000000,0.0276319,0.027915,0.0273227,0.027915,4620553.638949802,0
XDC.V,D,20230222,000000,0.027652,0.0277657,0.0270624,0.0272942,7430552.874581375,0
XDC.V,D,20230223,000000,0.0274022,0.0276022,0.026959,0.0269892,4516247.5218382515,0
XDC.V,D,20230224,000000,0.0269761,0.0273215,0.0268301,0.0269107,4191240.7836686955,0
XDC.V,D,20230225,000000,0.026916,0.0270932,0.0260766,0.0262514,7411061.7135785,0
XDC.V,D,20230226,000000,0.0262528,0.0267191,0.0262419,0.0266266,10283400.259075604,0
XDC.V,D,20230227,000000,0.0266389,0.0266975,0.0263978,0.0265484,4559034.259246744,0
XDC.V,D,20230228,000000,0.0265706,0.0270824,0.0265293,0.0269103,4971893.073639347,0
XDC.V,D,20230301,000000,0.0269297,0.02841,0.0268887,0.0282914,10162351.042463278,0
XDC.V,D,20230302,000000,0.028299,0.0302594,0.0281285,0.0296575,8849797.329023449,0
XDC.V,D,20230303,000000,0.0296724,0.0298841,0.0286609,0.0295511,8345254.146502806,0
XDC.V,D,20230304,000000,0.0295301,0.0302995,0.0292526,0.0299324,11972930.844971398,0
XDC.V,D,20230305,000000,0.0299621,0.030233,0.0296327,0.0300513,3698833.675404721,0
XDC.V,D,20230306,000000,0.0300643,0.03016,0.0288837,0.0292012,8768315.928590445,0
XDC.V,D,20230307,000000,0.0293428,0.0302018,0.0291971,0.0298617,3334468.4930912694,0
XDC.V,D,20230308,000000,0.0299478,0.0302847,0.0286598,0.0288066,8067788.283061272,0
XDC.V,D,20230309,000000,0.028624,0.0286824,0.0274575,0.0277735,4678183.703705168,0
XDC.V,D,20230310,000000,0.0277785,0.0278739,0.0271787,0.0276774,3057469.6170589416,0
XDC.V,D,20230311,000000,0.0276726,0.0295137,0.0275169,0.0289443,5610014.633422851,0
XDC.V,D,20230312,000000,0.0289507,0.0300449,0.028938,0.0293286,5801647.756541001,0
XDC.V,D,20230313,000000,0.0293446,0.0301909,0.0290437,0.0301066,7044992.431770297,0
XDC.V,D,20230314,000000,0.0301104,0.0305878,0.0294269,0.0305878,5601657.654670399,0
XDC.V,D,20230315,000000,0.0305961,0.0324502,0.0302112,0.0318323,9667697.172707975,0
XDC.V,D,20230316,000000,0.0318347,0.0319824,0.0310456,0.0317811,6308041.861533555,0
XDC.V,D,20230317,000000,0.031779,0.0357778,0.0317706,0.0357054,7763614.84409734,0
XDC.V,D,20230318,000000,0.0357054,0.0366514,0.0346242,0.0354315,4885548.831368201,0
XDC.V,D,20230319,000000,0.0353527,0.0357836,0.0347496,0.0352762,3050203.3652240075,0
XDC.V,D,20230320,000000,0.0352428,0.0406469,0.0352091,0.0396442,11053782.766491964,0
XDC.V,D,20230321,000000,0.0396442,0.0467922,0.0383786,0.0397869,43045916.67516266,0
XDC.V,D,20230322,000000,0.0398872,0.0409828,0.038318,0.0387999,7015623.40399732,0
XDC.V,D,20230323,000000,0.0387899,0.0395057,0.037889,0.0380297,5096487.402459335,0
XDC.V,D,20230324,000000,0.0380713,0.0386055,0.0375938,0.0379313,3588740.160708442,0
XDC.V,D,20230325,000000,0.0379428,0.0399287,0.0371501,0.0397073,5040002.912496567,0
XDC.V,D,20230326,000000,0.0396981,0.0408267,0.0396981,0.0405658,8502365.881055994,0
XDC.V,D,20230327,000000,0.0405245,0.040695,0.0390884,0.0392084,8189086.585149976,0
XDC.V,D,20230328,000000,0.0393185,0.0407259,0.0393185,0.0406855,4418418.14724816,0
XDC.V,D,20230329,000000,0.040915,0.0427837,0.0407369,0.0425762,5235201.100015476,0
XDC.V,D,20230330,000000,0.0426245,0.0427535,0.0407842,0.0413612,8790340.504104732,0
XDC.V,D,20230331,000000,0.0413822,0.0427313,0.0407043,0.0425761,5432390.449257494,0
XDC.V,D,20230401,000000,0.0425762,0.0438387,0.0422544,0.0423457,9719097.370272199,0
XDC.V,D,20230402,000000,0.0425074,0.0427475,0.0415704,0.0417359,2031223.4649179152,0
XDC.V,D,20230403,000000,0.0416458,0.041991,0.0401661,0.0403261,5599850.205150826,0
XDC.V,D,20230404,000000,0.0403469,0.0406362,0.0400132,0.0402101,4435543.416626615,0
XDC.V,D,20230405,000000,0.0401801,0.0408251,0.0399756,0.040655,5608618.119731588,0
XDC.V,D,20230406,000000,0.040703,0.0407782,0.0400314,0.0403171,2557132.4598912373,0
XDC.V,D,20230407,000000,0.0403241,0.0412636,0.0401457,0.0404269,3145632.909235914,0
XDC.V,D,20230408,000000,0.0406134,0.0410085,0.0402571,0.0406989,1820845.8444938394,0
XDC.V,D,20230409,000000,0.0406813,0.0417872,0.0405307,0.0415875,4113903.5473417058,0
XDC.V,D,20230410,000000,0.0415649,0.0428084,0.0409342,0.0412218,7755654.670608023,0
XDC.V,D,20230411,000000,0.0412118,0.0425707,0.0409759,0.0421707,6469666.349101602,0
XDC.V,D,20230412,000000,0.0421347,0.0421895,0.0409384,0.0417495,4284366.575112539,0
XDC.V,D,20230413,000000,0.0418186,0.0432545,0.0415521,0.0431814,3430169.563680122,0
XDC.V,D,20230414,000000,0.0430793,0.0435559,0.0425807,0.0433195,4179517.1722971965,0
XDC.V,D,20230415,000000,0.0433141,0.0445737,0.0431068,0.0444425,2914358.3445333205,0
XDC.V,D,20230416,000000,0.0444886,0.0457691,0.0442764,0.0449986,4644722.027864321,0
XDC.V,D,20230417,000000,0.0449956,0.0457803,0.0441687,0.0443441,6043187.007187916,0
XDC.V,D,20230418,000000,0.0443014,0.0443419,0.043096,0.0437559,9820836.106426844,0
XDC.V,D,20230419,000000,0.0436794,0.0442319,0.0421549,0.0425817,27143386.903862122,0
