<TICKER>,<PER>,<DATE>,<TIME>,<OPEN>,<HIGH>,<LOW>,<CLOSE>,<VOL>,<OPENINT>
XVG.V,D,20220518,000000,0.0054529,0.00553335,0.00490362,0.0049935,20853583.615846,0
XVG.V,D,20220519,000000,0.0049935,0.00538461,0.00472385,0.00517534,27166122.798726,0
XVG.V,D,20220520,000000,0.00513486,0.00538569,0.00492408,0.00502396,13911182.488323,0
XVG.V,D,20220521,000000,0.004994,0.00527314,0.0049935,0.00506341,19217812.050173,0
XVG.V,D,20220522,000000,0.00505342,0.0053236,0.00503345,0.00522372,15745172.129156,0
XVG.V,D,20220523,000000,0.00528365,0.00553391,0.00515381,0.00519324,38045152.38678,0
XVG.V,D,20220524,000000,0.00516328,0.00528312,0.00502396,0.00528259,16909201.851406,0
XVG.V,D,20220525,000000,0.00527314,0.00551393,0.00505393,0.00514433,31634926.577203,0
XVG.V,D,20220526,000000,0.0051638,0.00516431,0.00462491,0.00480519,10298186.821709,0
XVG.V,D,20220527,000000,0.00484515,0.00496503,0.0045954,0.00468531,37171500.552267,0
XVG.V,D,20220528,000000,0.00468465,0.00518476,0.00466374,0.00491424,22020751.920731,0
XVG.V,D,20220529,000000,0.00491415,0.00493457,0.00476528,0.00490455,15383363.022023,0
XVG.V,D,20220530,000000,0.00488452,0.00548616,0.00487468,0.00542566,36199355.163559,0
XVG.V,D,20220531,000000,0.00544619,0.00547507,0.0051159,0.00532574,23323567.055466,0
XVG.V,D,20220601,000000,0.00535598,0.00535619,0.00479568,0.00479568,13974569.427744,0
XVG.V,D,20220602,000000,0.00475572,0.0049955,0.00462537,0.00494554,13891634.3195,0
XVG.V,D,20220603,000000,0.00494554,0.00507543,0.0045564,0.0047059,24980801.788976,0
XVG.V,D,20220604,000000,0.00468592,0.00473621,0.00459517,0.00465646,300322529.18286,0
XVG.V,D,20220605,000000,0.00466654,0.00513563,0.00460627,0.00498531,273757238.96823,0
XVG.V,D,20220606,000000,0.00496533,0.00513573,0.0048159,0.0048759,769688083.11111,0
XVG.V,D,20220607,000000,0.00486586,0.00508603,0.00457606,0.00504596,579508730.34002,0
XVG.V,D,20220608,000000,0.00503602,0.0050561,0.00470689,0.00489686,254879527.67788,0
XVG.V,D,20220609,000000,0.00487683,0.00489686,0.00418665,0.00426641,476423034.13504,0
XVG.V,D,20220610,000000,0.00429635,0.00438649,0.00397606,0.00408481,418844096.4512,0
XVG.V,D,20220611,000000,0.00407478,0.00408476,0.0036255,0.00380566,126893501.34269,0
XVG.V,D,20220612,000000,0.00383562,0.00385564,0.00332534,0.00352562,84500852.150077,0
XVG.V,D,20220613,000000,0.00352562,0.00356564,0.00274588,0.0030857,2080306363.6991,0
XVG.V,D,20220614,000000,0.00304573,0.00309554,0.00275586,0.00289652,2450841694.9847,0
XVG.V,D,20220615,000000,0.00289652,0.00327574,0.002775,0.00322548,2285518769.2675,0
XVG.V,D,20220616,000000,0.00324513,0.00338044,0.00289652,0.0029162,70750727.557929,0
XVG.V,D,20220617,000000,0.00286601,0.0031312,0.00283605,0.00290651,433053282.54256,0
XVG.V,D,20220618,000000,0.00293647,0.00294652,0.00245636,0.00264571,1191324611.5841,0
XVG.V,D,20220619,000000,0.00266565,0.00288653,0.00257613,0.00280663,412575753.75554,0
XVG.V,D,20220620,000000,0.00279664,0.00295674,0.0026865,0.00283688,276772732.98989,0
XVG.V,D,20220621,000000,0.00287683,0.00426573,0.00284658,0.00339626,564209613.29341,0
XVG.V,D,20220622,000000,0.00342657,0.00354645,0.00304695,0.00307692,201858189.45278,0
XVG.V,D,20220623,000000,0.00310658,0.00333666,0.00303696,0.00320679,77473943.87202,0
XVG.V,D,20220624,000000,0.00322677,0.00336767,0.00317682,0.00329739,357718276.44367,0
XVG.V,D,20220625,000000,0.00331668,0.0033879,0.00314783,0.00335765,254153224.49813,0
XVG.V,D,20220626,000000,0.00336764,0.00345761,0.00317803,0.00323802,78293503.833542,0
XVG.V,D,20220627,000000,0.00325808,0.00395663,0.00317809,0.00322716,126003804.91177,0
XVG.V,D,20220628,000000,0.00322696,0.00327705,0.00310611,0.00310614,58471073.829057,0
XVG.V,D,20220629,000000,0.00310611,0.00316604,0.00293591,0.00300633,83312840.2591,0
XVG.V,D,20220630,000000,0.00302636,0.00302636,0.00270675,0.00270675,175970826.28649,0
XVG.V,D,20220701,000000,0.00273671,0.00286684,0.00269649,0.00279664,77950534.472727,0
XVG.V,D,20220702,000000,0.00276695,0.00323579,0.00272672,0.00287654,85553955.001464,0
XVG.V,D,20220703,000000,0.00289652,0.00328539,0.00280635,0.00295615,128017965.54032,0
XVG.V,D,20220704,000000,0.00296614,0.00319616,0.0029259,0.00309628,54414122.475456,0
XVG.V,D,20220705,000000,0.00313623,0.00317618,0.00300639,0.0030866,14408314.391363,0
XVG.V,D,20220706,000000,0.00305633,0.00313655,0.00296673,0.00304665,27836475.741596,0
XVG.V,D,20220707,000000,0.00306662,0.0038158,0.00306632,0.003328,158415191.42496,0
XVG.V,D,20220708,000000,0.00331801,0.00355751,0.0032877,0.003338,21722801.85367,0
XVG.V,D,20220709,000000,0.00335765,0.00369778,0.00334799,0.0034979,28635913.586747,0
XVG.V,D,20220710,000000,0.00351789,0.00359784,0.00330801,0.00339796,27466360.088197,0
XVG.V,D,20220711,000000,0.00339796,0.00344724,0.00320775,0.00327705,34222749.058998,0
XVG.V,D,20220712,000000,0.00325707,0.00332667,0.00314654,0.00317682,25143984.915056,0
XVG.V,D,20220713,000000,0.00316693,0.00364635,0.00305694,0.00334699,337884059.79057,0
XVG.V,D,20220714,000000,0.00337696,0.0035568,0.00334699,0.00346792,127371980.50372,0
XVG.V,D,20220715,000000,0.00346792,0.00363782,0.00341795,0.00343862,81243366.905205,0
XVG.V,D,20220716,000000,0.00344897,0.00363927,0.00340898,0.00353929,30525326.510672,0
XVG.V,D,20220717,000000,0.00353908,0.00373921,0.00353908,0.00355904,38363291.486264,0
XVG.V,D,20220718,000000,0.00355907,0.00397932,0.00352876,0.00370911,72207181.113427,0
XVG.V,D,20220719,000000,0.00369889,0.00393,0.00362967,0.00389058,67046032.68357,0
XVG.V,D,20220720,000000,0.00386,0.00400048,0.00359011,0.00375019,65642868.538147,0
XVG.V,D,20220721,000000,0.00375019,0.00379057,0.00353035,0.00369092,51730297.056721,0
XVG.V,D,20220722,000000,0.00372093,0.00390031,0.00365007,0.00370052,30220292.909018,0
XVG.V,D,20220723,000000,0.0036607,0.00372996,0.00358968,0.00366044,22985803.781526,0
XVG.V,D,20220724,000000,0.00365069,0.00380038,0.00361,0.00374071,50463735.351669,0
XVG.V,D,20220725,000000,0.00373071,0.00374075,0.00343034,0.00356028,74283156.714843,0
XVG.V,D,20220726,000000,0.00356036,0.00356039,0.0032201,0.00327049,54301723.804793,0
XVG.V,D,20220727,000000,0.00325045,0.00354149,0.00325045,0.00349084,60534764.768116,0
XVG.V,D,20220728,000000,0.00349094,0.00379091,0.00345041,0.00367073,74255306.18022,0
XVG.V,D,20220729,000000,0.00367092,0.00378958,0.00354071,0.00368151,65195882.141243,0
XVG.V,D,20220730,000000,0.00366146,0.00386135,0.00363142,0.00369125,73675642.248995,0
XVG.V,D,20220731,000000,0.00367132,0.00383103,0.00361101,0.00374086,69180559.72536,0
XVG.V,D,20220801,000000,0.00370093,0.00387174,0.00365095,0.00369107,66456840.900281,0
XVG.V,D,20220802,000000,0.00370107,0.00385065,0.00360108,0.00373067,70549494.539649,0
XVG.V,D,20220803,000000,0.00374071,0.00391117,0.00367092,0.00382096,74793699.873338,0
XVG.V,D,20220804,000000,0.00382088,0.00387062,0.0037007,0.00377049,70771197.78751,0
XVG.V,D,20220805,000000,0.00376015,0.00389078,0.00374034,0.00389078,52879905.199475,0
XVG.V,D,20220806,000000,0.00384073,0.00394024,0.0038103,0.00387085,70920719.987255,0
XVG.V,D,20220807,000000,0.00384088,0.00384088,0.00370078,0.00382069,50970470.828514,0
XVG.V,D,20220808,000000,0.00382076,0.00387074,0.0037406,0.00378057,41164522.256624,0
XVG.V,D,20220809,000000,0.00379057,0.00388081,0.00362069,0.00369077,57389852.870727,0
XVG.V,D,20220810,000000,0.00369074,0.00390094,0.00357086,0.00385112,84158497.909415,0
XVG.V,D,20220811,000000,0.00384111,0.00430215,0.00382103,0.00398187,563811682.93725,0
XVG.V,D,20220812,000000,0.004012,0.00411205,0.0038019,0.00389175,139371877.82258,0
XVG.V,D,20220813,000000,0.00390176,0.0040022,0.00388155,0.00394154,57147848.517643,0
XVG.V,D,20220814,000000,0.00394146,0.00425128,0.0038814,0.00400128,166080260.79016,0
XVG.V,D,20220815,000000,0.00400128,0.00458137,0.00388089,0.00404093,628933371.02754,0
XVG.V,D,20220816,000000,0.00405101,0.00420076,0.0039107,0.00398036,108387034.39825,0
XVG.V,D,20220817,000000,0.00398036,0.00408057,0.00382996,0.00386046,54911074.340961,0
XVG.V,D,20220818,000000,0.00384027,0.00388031,0.00369026,0.00375011,70617053.909497,0
XVG.V,D,20220819,000000,0.00375037,0.00375037,0.00322,0.00322,92099882.31648,0
XVG.V,D,20220820,000000,0.00322013,0.00375045,0.00315997,0.0032299,366654445.81079,0
XVG.V,D,20220821,000000,0.00326987,0.00344014,0.0031395,0.0033099,176618526.56358,0
XVG.V,D,20220822,000000,0.0032999,0.00333007,0.00313937,0.00319942,58096106.17385,0
XVG.V,D,20220823,000000,0.00315953,0.00327948,0.00311991,0.0032201,30177884.937662,0
XVG.V,D,20220824,000000,0.00322997,0.00338014,0.00316003,0.00324029,55968177.402785,0
XVG.V,D,20220825,000000,0.00325026,0.00329977,0.00319026,0.00328013,27591376.314056,0
XVG.V,D,20220826,000000,0.00325993,0.0032999,0.00304997,0.00305031,32709798.373653,0
XVG.V,D,20220827,000000,0.00309028,0.00309028,0.00285003,0.00287006,42437267.149316,0
XVG.V,D,20220828,000000,0.00285006,0.00298021,0.00285006,0.00294,27346164.934572,0
XVG.V,D,20220829,000000,0.00295003,0.00301015,0.00280994,0.00300021,49648784.819212,0
XVG.V,D,20220830,000000,0.0030203,0.00312037,0.00289014,0.0029703,23222141.835165,0
XVG.V,D,20220831,000000,0.00293026,0.00435022,0.00292018,0.00329997,1746805267.3234,0
XVG.V,D,20220901,000000,0.00329993,0.00349997,0.00314994,0.00318981,333650861.49895,0
XVG.V,D,20220902,000000,0.00317987,0.00321039,0.00308018,0.0031105,62113244.291003,0
XVG.V,D,20220903,000000,0.00312053,0.00316041,0.00308,0.00312,34259249.397488,0
XVG.V,D,20220904,000000,0.00309031,0.00312031,0.00304,0.0031,26659953.549622,0
XVG.V,D,20220905,000000,0.00310031,0.00314031,0.00302,0.00309031,27884476.660193,0
XVG.V,D,20220906,000000,0.0031,0.00319,0.00293,0.00303,52991147.305602,0
XVG.V,D,20220907,000000,0.00296021,0.0031104,0.00291006,0.00308028,52907315.453656,0
XVG.V,D,20220908,000000,0.00309019,0.00319029,0.00300003,0.00315057,54076174.047014,0
XVG.V,D,20220909,000000,0.00318048,0.00330099,0.00313047,0.00328112,75989755.961661,0
XVG.V,D,20220910,000000,0.00325127,0.00329102,0.00318121,0.00324052,36893530.16667,0
XVG.V,D,20220911,000000,0.00324084,0.00452131,0.0032209,0.00362091,1421271327.8648,0
XVG.V,D,20220912,000000,0.00364087,0.00435091,0.0035207,0.00356071,786375564.05263,0
XVG.V,D,20220913,000000,0.00354057,0.00375052,0.00338003,0.00343007,115603400.52251,0
XVG.V,D,20220914,000000,0.00342007,0.00349021,0.00327993,0.00339085,129914300.13048,0
XVG.V,D,20220915,000000,0.00339119,0.00372004,0.00325967,0.00325967,216604112.74767,0
XVG.V,D,20220916,000000,0.00326984,0.00337966,0.00317968,0.00323968,84451775.238429,0
XVG.V,D,20220917,000000,0.00324,0.00363,0.00318968,0.00341,291183869.8892,0
XVG.V,D,20220918,000000,0.0034,0.00379,0.00319968,0.00324,284189066.33824,0
XVG.V,D,20220919,000000,0.00323,0.00332033,0.00318,0.00327065,62791880.304845,0
XVG.V,D,20220920,000000,0.00325065,0.00360072,0.00320032,0.00324032,106541181.34072,0
XVG.V,D,20220921,000000,0.00325032,0.00337067,0.00317,0.00317,33936838.114148,0
XVG.V,D,20220922,000000,0.00316,0.00331,0.00315,0.00327,44307532.086765,0
XVG.V,D,20220923,000000,0.00327,0.00334,0.00319968,0.00327967,22657872.661598,0
XVG.V,D,20220924,000000,0.00329977,0.0033197,0.00323029,0.00323029,14269153.816322,0
XVG.V,D,20220925,000000,0.00324,0.00327043,0.0032,0.00324987,10335592.528807,0
XVG.V,D,20220926,000000,0.00322997,0.00328016,0.00316,0.00322,26501776.883861,0
XVG.V,D,20220927,000000,0.00322,0.00336,0.00319968,0.00323,42687458.021388,0
XVG.V,D,20220928,000000,0.00322968,0.00378038,0.00313969,0.00328,316955878.36854,0
XVG.V,D,20220929,000000,0.00328,0.00334033,0.00321968,0.00334033,75052075.299525,0
XVG.V,D,20220930,000000,0.00334,0.00335067,0.00325,0.00327,43313061.977776,0
XVG.V,D,20221001,000000,0.00327,0.00332,0.00325,0.00325032,35014438.23142,0
XVG.V,D,20221002,000000,0.00327,0.00348035,0.00321,0.00326,72260054.645548,0
XVG.V,D,20221003,000000,0.00325,0.00357036,0.00322968,0.00339034,145693417.8236,0
XVG.V,D,20221004,000000,0.00339034,0.00359072,0.00332033,0.00337101,150576460.83757,0
XVG.V,D,20221005,000000,0.00338101,0.00348035,0.00333033,0.00337067,44628638.663616,0
XVG.V,D,20221006,000000,0.00337061,0.00344048,0.00336054,0.00339047,16668316.827037,0
XVG.V,D,20221007,000000,0.00338051,0.00339068,0.00333993,0.00337044,21402031.302694,0
XVG.V,D,20221008,000000,0.00339041,0.00342062,0.00333027,0.00334084,21675496.551142,0
XVG.V,D,20221009,000000,0.00333083,0.00338068,0.00332033,0.00335034,10308331.637892,0
XVG.V,D,20221010,000000,0.00335034,0.00336067,0.00325967,0.00327967,23683160.147901,0
XVG.V,D,20221011,000000,0.00328,0.00346979,0.00321968,0.00324968,139316072.82805,0
XVG.V,D,20221012,000000,0.00325948,0.00327987,0.00304997,0.00312006,99440449.498736,0
XVG.V,D,20221013,000000,0.00311009,0.00312997,0.00292982,0.00309037,86866127.399555,0
XVG.V,D,20221014,000000,0.00307018,0.00318038,0.00303009,0.00304006,40900698.277433,0
XVG.V,D,20221015,000000,0.00304009,0.00315013,0.00304009,0.00308022,24274161.739232,0
XVG.V,D,20221016,000000,0.00308018,0.00333003,0.00306006,0.00323013,183014746.9947,0
XVG.V,D,20221017,000000,0.00323016,0.00345014,0.00318006,0.00318006,147917832.39298,0
XVG.V,D,20221018,000000,0.0031901,0.00329036,0.00314,0.00323016,65991889.515463,0
XVG.V,D,20221019,000000,0.00323019,0.00327993,0.00308978,0.00313,85179926.019962,0
XVG.V,D,20221020,000000,0.00314003,0.00324974,0.00305979,0.00310978,102801916.13188,0
XVG.V,D,20221021,000000,0.00312975,0.00316009,0.00303976,0.00310009,34639483.481945,0
XVG.V,D,20221022,000000,0.00312028,0.00323006,0.00306021,0.00320029,111067353.35214,0
XVG.V,D,20221023,000000,0.00320026,0.00321029,0.00309997,0.00318041,45039056.914094,0
XVG.V,D,20221024,000000,0.00319038,0.00321016,0.0030804,0.00310009,40637858.467637,0
XVG.V,D,20221025,000000,0.00309012,0.00320118,0.00304976,0.00315095,42428282.990379,0
XVG.V,D,20221026,000000,0.00316104,0.00320083,0.0031205,0.00320083,18805466.159795,0
XVG.V,D,20221027,000000,0.00319089,0.00322068,0.00312012,0.00312016,32048641.627204,0
XVG.V,D,20221028,000000,0.00313019,0.00318076,0.00308025,0.0031607,13864139.638193,0
XVG.V,D,20221029,000000,0.00317067,0.00324133,0.00314088,0.00319073,48732401.330829,0
XVG.V,D,20221030,000000,0.00319077,0.00325097,0.00316095,0.00324065,35018160.568405,0
XVG.V,D,20221031,000000,0.00325072,0.00327065,0.00310994,0.00313975,43687445.336386,0
XVG.V,D,20221101,000000,0.00313981,0.0032092,0.00313975,0.00317965,9733362.8419491,0
XVG.V,D,20221102,000000,0.00318959,0.00320929,0.00304982,0.00305979,15252731.250054,0
XVG.V,D,20221103,000000,0.00305985,0.0032399,0.00305982,0.00317997,46055953.00527,0
XVG.V,D,20221104,000000,0.00319,0.00331026,0.00315962,0.00331026,37313919.343107,0
XVG.V,D,20221105,000000,0.00330023,0.0033902,0.00328033,0.0033102,39184638.404334694,0
XVG.V,D,20221106,000000,0.00331013,0.00347993,0.00327987,0.00334027,97047491.08975083,0
XVG.V,D,20221107,000000,0.0033403,0.00338007,0.00318041,0.00322035,39002005.73960157,0
XVG.V,D,20221108,000000,0.00322097,0.00325422,0.00252328,0.00269807,101190951.61496891,0
XVG.V,D,20221109,000000,0.00267801,0.00284653,0.00212247,0.00223124,261406658.80466062,0
XVG.V,D,20221110,000000,0.00221924,0.00274575,0.00215498,0.00255092,102507290.89803217,0
XVG.V,D,20221111,000000,0.00255829,0.00285076,0.00229931,0.00235047,40561739.97235302,0
XVG.V,D,20221112,000000,0.0023414,0.00239,0.00224595,0.00228588,25493718.26390592,0
XVG.V,D,20221113,000000,0.00228588,0.0023063,0.00218628,0.00223686,59548284.904405564,0
XVG.V,D,20221114,000000,0.00222732,0.00225684,0.00209664,0.00220669,46832387.49176176,0
XVG.V,D,20221115,000000,0.0021967,0.00262763,0.00219648,0.00227772,182710237.28277868,0
XVG.V,D,20221116,000000,0.00227722,0.00235769,0.00217778,0.00222793,76107968.22699313,0
XVG.V,D,20221117,000000,0.00223796,0.00225821,0.00214791,0.00218831,40533519.46691979,0
XVG.V,D,20221118,000000,0.00219835,0.0022182,0.00216737,0.00219747,20720204.95520039,0
XVG.V,D,20221119,000000,0.00220744,0.00249718,0.00216746,0.00223767,217751626.5503162,0
XVG.V,D,20221120,000000,0.00223765,0.00246671,0.00220741,0.0022466,190603522.9356883,0
XVG.V,D,20221121,000000,0.00223662,0.00226682,0.00216661,0.00219736,57331635.39578035,0
XVG.V,D,20221122,000000,0.00219734,0.00225706,0.0021274,0.00220713,87182539.60110304,0
XVG.V,D,20221123,000000,0.00223704,0.00342623,0.00219734,0.00265707,3954931659.458698,0
XVG.V,D,20221124,000000,0.0026571,0.00288682,0.00245779,0.00250787,419607095.68822515,0
XVG.V,D,20221125,000000,0.00250799,0.0025681,0.00238854,0.00241862,118505107.12240602,0
XVG.V,D,20221126,000000,0.0024086,0.0025885,0.00239858,0.00247854,91083760.9199393,0
XVG.V,D,20221127,000000,0.00247854,0.00268841,0.00246847,0.00248848,118805696.5224039,0
XVG.V,D,20221128,000000,0.00248843,0.00282839,0.00242866,0.00244909,393541278.487625,0
XVG.V,D,20221129,000000,0.00245907,0.00256864,0.00243905,0.00251907,61353519.93645802,0
XVG.V,D,20221130,000000,0.00250905,0.00256902,0.00247983,0.00255013,45006414.69328979,0
XVG.V,D,20221201,000000,0.00255023,0.00262,0.00251,0.00253015,50294913.910505004,0
XVG.V,D,20221202,000000,0.00253013,0.00257031,0.00250025,0.00255018,73509283.31573541,0
XVG.V,D,20221203,000000,0.00256013,0.00257031,0.00251025,0.00251025,34709997.37723129,0
XVG.V,D,20221204,000000,0.0025105,0.00256026,0.00251025,0.0025205,31792329.775159318,0
XVG.V,D,20221205,000000,0.0025205,0.00260003,0.00251025,0.00253008,39965700.57715112,0
XVG.V,D,20221206,000000,0.00253,0.00259003,0.00250013,0.00252995,30852250.67767707,0
XVG.V,D,20221207,000000,0.00253995,0.00255003,0.00242017,0.00245998,24574468.829923812,0
XVG.V,D,20221208,000000,0.00245002,0.00252013,0.00242024,0.00249017,47399302.61931822,0
XVG.V,D,20221209,000000,0.0024802,0.00261003,0.00247017,0.00255008,89235023.20723403,0
XVG.V,D,20221210,000000,0.00255013,0.0029,0.00246998,0.00250995,271584345.3476706,0
XVG.V,D,20221211,000000,0.00250997,0.00298,0.00248998,0.00259026,278839988.53958017,0
XVG.V,D,20221212,000000,0.00259026,0.00284009,0.00255,0.00267024,141173285.95913798,0
XVG.V,D,20221213,000000,0.00267021,0.00294035,0.00256061,0.00274937,331253650.2693533,0
XVG.V,D,20221214,000000,0.00274912,0.00283003,0.00266941,0.00274019,67022892.40099133,0
XVG.V,D,20221215,000000,0.00276,0.00276028,0.00261026,0.00263053,37553671.85918926,0
XVG.V,D,20221216,000000,0.00261052,0.00286029,0.00251,0.00256026,224728015.76290935,0
XVG.V,D,20221217,000000,0.00253051,0.00277055,0.00249025,0.00264034,266251507.10928437,0
XVG.V,D,20221218,000000,0.00264032,0.0027003,0.00259016,0.00266032,55633579.347198255,0
XVG.V,D,20221219,000000,0.00267035,0.00274005,0.00256005,0.00258,33608534.91362818,0
XVG.V,D,20221220,000000,0.00256003,0.00271027,0.00256003,0.00268021,32193188.55322012,0
XVG.V,D,20221221,000000,0.00267013,0.0029,0.00266003,0.00274011,148024866.7050633,0
XVG.V,D,20221222,000000,0.00274014,0.00279006,0.00262966,0.00272956,45168912.18579377,0
XVG.V,D,20221223,000000,0.00272956,0.00284977,0.00271948,0.00277969,52038652.11123402,0
XVG.V,D,20221224,000000,0.00277975,0.00281983,0.00271973,0.00276983,30408948.89169468,0
XVG.V,D,20221225,000000,0.00277986,0.00279992,0.00271951,0.00273959,21798034.092504896,0
XVG.V,D,20221226,000000,0.00272967,0.00277969,0.00269976,0.00274939,23936701.438519195,0
XVG.V,D,20221227,000000,0.0027695,0.00321871,0.00271935,0.00282892,284247788.8902784,0
XVG.V,D,20221228,000000,0.0028089,0.0028991,0.00269843,0.00269857,90992682.13577606,0
XVG.V,D,20221229,000000,0.0026986,0.00275845,0.00266888,0.00267877,39430362.99813479,0
XVG.V,D,20221230,000000,0.0026688,0.00268868,0.00262866,0.00265862,26840578.49555545,0
XVG.V,D,20221231,000000,0.00265867,0.00269865,0.00264868,0.00265867,15105943.15034638,0
XVG.V,D,20230101,000000,0.00264868,0.00271883,0.00264849,0.00268876,16784492.33688413,0
XVG.V,D,20230102,000000,0.00269876,0.00278888,0.00268876,0.00275912,17911246.45914807,0
XVG.V,D,20230103,000000,0.00274915,0.00280902,0.00267887,0.002689,44771190.6268514,0
XVG.V,D,20230104,000000,0.00268898,0.00277883,0.0026889,0.0027191,29972765.454026915,0
XVG.V,D,20230105,000000,0.00270911,0.00273915,0.00268887,0.00270902,53943615.946033224,0
XVG.V,D,20230106,000000,0.00270902,0.00273915,0.00267839,0.00272915,10435705.312459916,0
XVG.V,D,20230107,000000,0.00271918,0.00273915,0.00268917,0.00269935,10167786.67849673,0
XVG.V,D,20230108,000000,0.00269935,0.00275945,0.00266957,0.00272967,44830330.684410006,0
XVG.V,D,20230109,000000,0.00273953,0.00281972,0.00273942,0.00276997,48684677.70421531,0
XVG.V,D,20230110,000000,0.00278,0.00281969,0.00272973,0.00276033,39405722.24314531,0
XVG.V,D,20230111,000000,0.00276044,0.00281994,0.00272989,0.00278,100007358.03881013,0
XVG.V,D,20230112,000000,0.00277972,0.00283011,0.00274986,0.00282031,47134828.40197377,0
XVG.V,D,20230113,000000,0.00280025,0.00291985,0.00277997,0.00289029,82088281.770131,0
XVG.V,D,20230114,000000,0.00289026,0.00308055,0.00288035,0.00296012,73614045.9391068,0
XVG.V,D,20230115,000000,0.0029603,0.00303048,0.00288029,0.00292088,95552156.38860169,0
XVG.V,D,20230116,000000,0.00291084,0.00300117,0.00285011,0.00288006,114103596.79518604,0
XVG.V,D,20230117,000000,0.00288009,0.00294012,0.00286023,0.00289032,44461962.88838793,0
XVG.V,D,20230118,000000,0.00289029,0.00295029,0.00273964,0.00277981,71531563.12665714,0
XVG.V,D,20230119,000000,0.00276983,0.00280975,0.00270967,0.00276989,54973578.57595341,0
XVG.V,D,20230120,000000,0.00277019,0.0029305,0.00273,0.00290049,51767163.22741015,0
XVG.V,D,20230121,000000,0.00290052,0.00306055,0.00287089,0.00295047,109402975.81226899,0
XVG.V,D,20230122,000000,0.00296053,0.00297059,0.0028704,0.00289058,33946375.15660919,0
XVG.V,D,20230123,000000,0.00288058,0.00298033,0.00288055,0.00295044,57954427.4308739,0
XVG.V,D,20230124,000000,0.00295047,0.00318006,0.00293038,0.00300015,125606447.28810988,0
XVG.V,D,20230125,000000,0.00299009,0.00312041,0.00289014,0.0029705,166090221.72723368,0
XVG.V,D,20230126,000000,0.0029705,0.00303052,0.00294044,0.00297021,58223769.816720076,0
XVG.V,D,20230127,000000,0.00298027,0.00315076,0.00295027,0.00304134,70390117.7197651,0
XVG.V,D,20230128,000000,0.00306107,0.00336071,0.00305067,0.00309062,236541966.8714814,0
XVG.V,D,20230129,000000,0.00309062,0.00324016,0.00306064,0.00320013,82516966.92265952,0
XVG.V,D,20230130,000000,0.0032001,0.00325013,0.00296997,0.00299021,114622055.99543738,0
XVG.V,D,20230131,000000,0.00299018,0.00314997,0.00297979,0.00310028,126177906.58645657,0
XVG.V,D,20230201,000000,0.00310019,0.00315025,0.00299,0.00313019,107985880.38191178,0
XVG.V,D,20230202,000000,0.00312016,0.00323029,0.0030908,0.00315057,120816829.28575991,0
XVG.V,D,20230203,000000,0.00314063,0.00323013,0.00304018,0.00310028,99992747.84947802,0
XVG.V,D,20230204,000000,0.00311028,0.00321022,0.00310019,0.00317032,55907366.27306937,0
XVG.V,D,20230205,000000,0.00318025,0.00326062,0.0030908,0.00313078,85633934.6126023,0
XVG.V,D,20230206,000000,0.00313081,0.0032108,0.00307988,0.00313013,75887624.19702493,0
XVG.V,D,20230207,000000,0.00312009,0.00327013,0.00309022,0.0032602,76001360.05356267,0
XVG.V,D,20230208,000000,0.00326013,0.00347997,0.00316003,0.00331023,156223353.73689082,0
XVG.V,D,20230209,000000,0.00330023,0.00394964,0.00308052,0.00309046,264762035.3396912,0
XVG.V,D,20230210,000000,0.00308031,0.00316038,0.00293029,0.00298045,83742623.56020068,0
XVG.V,D,20230211,000000,0.00298051,0.00309031,0.00298024,0.00309031,21525638.037897754,0
XVG.V,D,20230212,000000,0.00308031,0.00317016,0.00304043,0.00306018,52012334.12397375,0
XVG.V,D,20230213,000000,0.00306031,0.00308086,0.00292407,0.00298764,40133347.50527376,0
XVG.V,D,20230214,000000,0.00298461,0.00309039,0.00298449,0.00305319,55829708.63026708,0
XVG.V,D,20230215,000000,0.00305841,0.00320554,0.00304713,0.00318057,67480217.49511214,0
XVG.V,D,20230216,000000,0.00318454,0.0033193,0.00316701,0.00316701,161757985.7320077,0
XVG.V,D,20230217,000000,0.00315838,0.0032823,0.00310834,0.0032823,61634283.50445561,0
XVG.V,D,20230218,000000,0.00328833,0.0033208,0.00321032,0.00323552,52895951.24843785,0
XVG.V,D,20230219,000000,0.00323852,0.00347559,0.00323849,0.00338381,202620263.9604035,0
XVG.V,D,20230220,000000,0.00339478,0.00359947,0.00331599,0.00352621,172233638.17466062,0
XVG.V,D,20230221,000000,0.00353525,0.00368333,0.00344438,0.00351381,186854710.8911369,0
XVG.V,D,20230222,000000,0.0035316,0.00363358,0.00331536,0.00341627,62822455.030364856,0
XVG.V,D,20230223,000000,0.00342093,0.00353842,0.00338068,0.00347945,74934291.32865544,0
XVG.V,D,20230224,000000,0.00347952,0.00357068,0.00325897,0.00326593,111659458.73617822,0
XVG.V,D,20230225,000000,0.003267,0.00330423,0.00318835,0.00324919,40153246.31293157,0
XVG.V,D,20230226,000000,0.00325136,0.00342027,0.00324932,0.00337237,45057414.844395556,0
XVG.V,D,20230227,000000,0.00339937,0.00350018,0.0033163,0.00337817,119713782.99261147,0
XVG.V,D,20230228,000000,0.0033732,0.0033762,0.00323829,0.00326869,40402515.842977904,0
XVG.V,D,20230301,000000,0.00327966,0.00338127,0.00325933,0.0033345,39534557.34493465,0
XVG.V,D,20230302,000000,0.00333543,0.00336147,0.00323394,0.00330413,21769722.7829527,0
XVG.V,D,20230303,000000,0.00331013,0.00331017,0.00302342,0.00305031,41073317.94920927,0
XVG.V,D,20230304,000000,0.00305127,0.00309812,0.00300015,0.00302024,27105713.406115554,0
XVG.V,D,20230305,000000,0.0030233,0.00311525,0.0030193,0.00308137,38779871.38723071,0
XVG.V,D,20230306,000000,0.00308037,0.00309791,0.00301364,0.00304182,33500525.817698933,0
XVG.V,D,20230307,000000,0.0030397,0.003064,0.00294191,0.00296106,26409004.477075856,0
XVG.V,D,20230308,000000,0.00296897,0.00301997,0.00280389,0.00280586,49007838.23018441,0
XVG.V,D,20230309,000000,0.00280761,0.00283483,0.00256344,0.00259723,38982242.77462525,0
XVG.V,D,20230310,000000,0.00259023,0.0026091,0.00240698,0.00259832,52020302.088001795,0
XVG.V,D,20230311,000000,0.00260813,0.00271869,0.00253824,0.00265007,66762107.310868576,0
XVG.V,D,20230312,000000,0.00265132,0.00278861,0.0026057,0.00278434,24136670.48188657,0
XVG.V,D,20230313,000000,0.00280774,0.0029044,0.00274379,0.00288478,49885631.234842315,0
XVG.V,D,20230314,000000,0.00289049,0.00304201,0.00281684,0.00295211,47777920.45427639,0
XVG.V,D,20230315,000000,0.00295699,0.003046,0.00276278,0.00281899,40666336.14888844,0
XVG.V,D,20230316,000000,0.00281937,0.00286864,0.00278574,0.00284478,25257991.85283383,0
XVG.V,D,20230317,000000,0.00284418,0.00299649,0.00280343,0.00299381,71893071.16497225,0
XVG.V,D,20230318,000000,0.00298192,0.00307388,0.00293992,0.00298676,46463557.950746976,0
XVG.V,D,20230319,000000,0.00298593,0.00305113,0.0029323,0.00298888,40263781.681751736,0
XVG.V,D,20230320,000000,0.00299499,0.00308169,0.00289214,0.00290049,102822698.34642546,0
XVG.V,D,20230321,000000,0.00289954,0.00300586,0.00279645,0.00293533,53239492.281633586,0
XVG.V,D,20230322,000000,0.00294038,0.00300984,0.00278375,0.00281363,102663002.06858721,0
XVG.V,D,20230323,000000,0.00282397,0.00292573,0.00280656,0.00288204,31308068.214003935,0
XVG.V,D,20230324,000000,0.002879,0.00298089,0.00270205,0.00284087,18630910.39218066,0
XVG.V,D,20230325,000000,0.00283514,0.00295116,0.00281167,0.00281167,33441885.626737453,0
XVG.V,D,20230326,000000,0.00281273,0.00288459,0.00281273,0.0028372,15697541.583197089,0
XVG.V,D,20230327,000000,0.00285946,0.00291656,0.00267679,0.00272328,48359278.65915161,0
XVG.V,D,20230328,000000,0.00272628,0.00276475,0.00263782,0.00271706,57628343.54845091,0
XVG.V,D,20230329,000000,0.00272106,0.00281267,0.00271871,0.00280711,32514261.295722503,0
XVG.V,D,20230330,000000,0.00280281,0.00292679,0.00268632,0.00276878,29329056.609342653,0
XVG.V,D,20230331,000000,0.00276475,0.0028786,0.00270578,0.00277355,24729999.77455359,0
XVG.V,D,20230401,000000,0.00277158,0.00277397,0.00265341,0.002694,119558269.66547975,0
XVG.V,D,20230402,000000,0.00269597,0.0027003,0.00257975,0.0025856,69525506.34869874,0
XVG.V,D,20230403,000000,0.0025826,0.00258675,0.00247289,0.00249197,97724771.33848804,0
XVG.V,D,20230404,000000,0.002495,0.00254402,0.00248004,0.00250328,95158904.30085889,0
XVG.V,D,20230405,000000,0.00250328,0.00252001,0.00243251,0.00246889,102031488.26095018,0
XVG.V,D,20230406,000000,0.00246481,0.00252896,0.00243671,0.00249287,89016161.43587327,0
XVG.V,D,20230407,000000,0.0024969,0.00259527,0.00245701,0.00246382,133739040.66603391,0
XVG.V,D,20230408,000000,0.00246282,0.00251796,0.00244578,0.00247296,67081470.92835905,0
XVG.V,D,20230409,000000,0.00246896,0.00272663,0.00246075,0.00270181,496932778.28823483,0
XVG.V,D,20230410,000000,0.00270192,0.00294388,0.00256713,0.00263213,1057886140.7502512,0
XVG.V,D,20230411,000000,0.00263716,0.00267127,0.00256253,0.00257052,138514914.0323227,0
XVG.V,D,20230412,000000,0.00256854,0.00258432,0.00249179,0.00255599,103439988.29021728,0
XVG.V,D,20230413,000000,0.00255399,0.00267172,0.00251349,0.00262952,266378085.46607143,0
XVG.V,D,20230414,000000,0.00262552,0.00266937,0.00253185,0.00261414,99655648.6192323,0
XVG.V,D,20230415,000000,0.00261717,0.00264227,0.00251906,0.00257429,150322052.81113872,0
XVG.V,D,20230416,000000,0.00256928,0.00261088,0.0025543,0.00261077,88185844.92679515,0
XVG.V,D,20230417,000000,0.00260875,0.00260875,0.00253126,0.00254912,61998705.682676665,0
XVG.V,D,20230418,000000,0.0025515,0.00263105,0.00253634,0.00259444,160308558.5665206,0
XVG.V,D,20230419,000000,0.00259444,0.00261994,0.00244649,0.00246528,208152513.89574778,0
