<TICKER>,<PER>,<DATE>,<TIME>,<OPEN>,<HIGH>,<LOW>,<CLOSE>,<VOL>,<OPENINT>
HKOHKD2M,D,20200402,000000,1.93607,1.93607,1.93607,1.93607,0,0
HKOHKD2M,D,20200403,000000,1.94214,1.94214,1.94214,1.94214,0,0
HKOHKD2M,D,20200406,000000,1.96006,1.96006,1.96006,1.96006,0,0
HKOHKD2M,D,20200407,000000,1.9622,1.9622,1.9622,1.9622,0,0
HKOHKD2M,D,20200408,000000,1.92196,1.92196,1.92196,1.92196,0,0
HKOHKD2M,D,20200409,000000,1.93351,1.93351,1.93351,1.93351,0,0
HKOHKD2M,D,20200414,000000,1.93423,1.93423,1.93423,1.93423,0,0
HKOHKD2M,D,20200415,000000,1.85054,1.85054,1.85054,1.85054,0,0
HKOHKD2M,D,20200416,000000,1.80661,1.80661,1.80661,1.80661,0,0
HKOHKD2M,D,20200417,000000,1.78702,1.78702,1.78702,1.78702,0,0
HKOHKD2M,D,20200420,000000,1.76339,1.76339,1.76339,1.76339,0,0
HKOHKD2M,D,20200421,000000,1.75161,1.75161,1.75161,1.75161,0,0
HKOHKD2M,D,20200422,000000,1.71268,1.71268,1.71268,1.71268,0,0
HKOHKD2M,D,20200423,000000,1.69738,1.69738,1.69738,1.69738,0,0
HKOHKD2M,D,20200424,000000,1.67494,1.67494,1.67494,1.67494,0,0
HKOHKD2M,D,20200427,000000,1.65143,1.65143,1.65143,1.65143,0,0
HKOHKD2M,D,20200428,000000,1.58304,1.58304,1.58304,1.58304,0,0
HKOHKD2M,D,20200429,000000,1.52786,1.52786,1.52786,1.52786,0,0
HKOHKD2M,D,20200504,000000,1.47929,1.47929,1.47929,1.47929,0,0
HKOHKD2M,D,20200505,000000,1.33,1.33,1.33,1.33,0,0
HKOHKD2M,D,20200506,000000,1.29464,1.29464,1.29464,1.29464,0,0
HKOHKD2M,D,20200507,000000,1.25107,1.25107,1.25107,1.25107,0,0
HKOHKD2M,D,20200508,000000,1.21714,1.21714,1.21714,1.21714,0,0
HKOHKD2M,D,20200511,000000,1.15054,1.15054,1.15054,1.15054,0,0
HKOHKD2M,D,20200512,000000,1.12071,1.12071,1.12071,1.12071,0,0
HKOHKD2M,D,20200513,000000,1.11036,1.11036,1.11036,1.11036,0,0
HKOHKD2M,D,20200514,000000,1.10839,1.10839,1.10839,1.10839,0,0
HKOHKD2M,D,20200515,000000,1.06149,1.06149,1.06149,1.06149,0,0
HKOHKD2M,D,20200518,000000,1.01649,1.01649,1.01649,1.01649,0,0
HKOHKD2M,D,20200519,000000,0.98601,0.98601,0.98601,0.98601,0,0
HKOHKD2M,D,20200520,000000,0.96982,0.96982,0.96982,0.96982,0,0
HKOHKD2M,D,20200521,000000,0.94667,0.94667,0.94667,0.94667,0,0
HKOHKD2M,D,20200522,000000,1.18893,1.18893,1.18893,1.18893,0,0
HKOHKD2M,D,20200525,000000,1.2525,1.2525,1.2525,1.2525,0,0
HKOHKD2M,D,20200526,000000,1.09786,1.09786,1.09786,1.09786,0,0
HKOHKD2M,D,20200527,000000,1.07708,1.07708,1.07708,1.07708,0,0
HKOHKD2M,D,20200528,000000,1.14667,1.14667,1.14667,1.14667,0,0
HKOHKD2M,D,20200529,000000,1.14524,1.14524,1.14524,1.14524,0,0
HKOHKD2M,D,20200601,000000,1.09857,1.09857,1.09857,1.09857,0,0
HKOHKD2M,D,20200602,000000,1.03179,1.03179,1.03179,1.03179,0,0
HKOHKD2M,D,20200603,000000,1.01935,1.01935,1.01935,1.01935,0,0
HKOHKD2M,D,20200604,000000,0.97923,0.97923,0.97923,0.97923,0,0
HKOHKD2M,D,20200605,000000,0.96696,0.96696,0.96696,0.96696,0,0
HKOHKD2M,D,20200608,000000,0.95393,0.95393,0.95393,0.95393,0,0
HKOHKD2M,D,20200609,000000,0.94452,0.94452,0.94452,0.94452,0,0
HKOHKD2M,D,20200610,000000,0.87738,0.87738,0.87738,0.87738,0,0
HKOHKD2M,D,20200611,000000,0.82036,0.82036,0.82036,0.82036,0,0
HKOHKD2M,D,20200612,000000,0.80643,0.80643,0.80643,0.80643,0,0
HKOHKD2M,D,20200615,000000,0.81155,0.81155,0.81155,0.81155,0,0
HKOHKD2M,D,20200616,000000,0.78768,0.78768,0.78768,0.78768,0,0
HKOHKD2M,D,20200617,000000,0.76149,0.76149,0.76149,0.76149,0,0
HKOHKD2M,D,20200618,000000,0.70589,0.70589,0.70589,0.70589,0,0
HKOHKD2M,D,20200619,000000,0.70161,0.70161,0.70161,0.70161,0,0
HKOHKD2M,D,20200622,000000,0.68917,0.68917,0.68917,0.68917,0,0
HKOHKD2M,D,20200623,000000,0.68137,0.68137,0.68137,0.68137,0,0
HKOHKD2M,D,20200624,000000,0.69738,0.69738,0.69738,0.69738,0,0
HKOHKD2M,D,20200626,000000,0.69738,0.69738,0.69738,0.69738,0,0
HKOHKD2M,D,20200629,000000,0.66696,0.66696,0.66696,0.66696,0,0
HKOHKD2M,D,20200630,000000,0.64881,0.64881,0.64881,0.64881,0,0
HKOHKD2M,D,20200702,000000,0.6481,0.6481,0.6481,0.6481,0,0
HKOHKD2M,D,20200703,000000,0.61179,0.61179,0.61179,0.61179,0,0
HKOHKD2M,D,20200706,000000,0.59321,0.59321,0.59321,0.59321,0,0
HKOHKD2M,D,20200707,000000,0.56768,0.56768,0.56768,0.56768,0,0
HKOHKD2M,D,20200708,000000,0.54554,0.54554,0.54554,0.54554,0,0
HKOHKD2M,D,20200709,000000,0.52571,0.52571,0.52571,0.52571,0,0
HKOHKD2M,D,20200710,000000,0.51786,0.51786,0.51786,0.51786,0,0
HKOHKD2M,D,20200713,000000,0.49625,0.49625,0.49625,0.49625,0,0
HKOHKD2M,D,20200714,000000,0.47357,0.47357,0.47357,0.47357,0,0
HKOHKD2M,D,20200715,000000,0.45304,0.45304,0.45304,0.45304,0,0
HKOHKD2M,D,20200716,000000,0.45071,0.45071,0.45071,0.45071,0,0
HKOHKD2M,D,20200717,000000,0.41839,0.41839,0.41839,0.41839,0,0
HKOHKD2M,D,20200720,000000,0.38375,0.38375,0.38375,0.38375,0,0
HKOHKD2M,D,20200721,000000,0.37643,0.37643,0.37643,0.37643,0,0
HKOHKD2M,D,20200722,000000,0.37929,0.37929,0.37929,0.37929,0,0
HKOHKD2M,D,20200723,000000,0.38,0.38,0.38,0.38,0,0
HKOHKD2M,D,20200724,000000,0.37571,0.37571,0.37571,0.37571,0,0
HKOHKD2M,D,20200727,000000,0.35661,0.35661,0.35661,0.35661,0,0
HKOHKD2M,D,20200728,000000,0.35143,0.35143,0.35143,0.35143,0,0
HKOHKD2M,D,20200729,000000,0.35429,0.35429,0.35429,0.35429,0,0
HKOHKD2M,D,20200730,000000,0.35357,0.35357,0.35357,0.35357,0,0
HKOHKD2M,D,20200731,000000,0.35429,0.35429,0.35429,0.35429,0,0
HKOHKD2M,D,20200803,000000,0.35,0.35,0.35,0.35,0,0
HKOHKD2M,D,20200804,000000,0.35286,0.35286,0.35286,0.35286,0,0
HKOHKD2M,D,20200805,000000,0.37661,0.37661,0.37661,0.37661,0,0
HKOHKD2M,D,20200806,000000,0.35821,0.35821,0.35821,0.35821,0,0
HKOHKD2M,D,20200807,000000,0.35018,0.35018,0.35018,0.35018,0,0
HKOHKD2M,D,20200810,000000,0.34357,0.34357,0.34357,0.34357,0,0
HKOHKD2M,D,20200811,000000,0.35696,0.35696,0.35696,0.35696,0,0
HKOHKD2M,D,20200812,000000,0.34054,0.34054,0.34054,0.34054,0,0
HKOHKD2M,D,20200813,000000,0.345,0.345,0.345,0.345,0,0
HKOHKD2M,D,20200814,000000,0.34357,0.34357,0.34357,0.34357,0,0
HKOHKD2M,D,20200817,000000,0.34,0.34,0.34,0.34,0,0
HKOHKD2M,D,20200818,000000,0.34214,0.34214,0.34214,0.34214,0,0
HKOHKD2M,D,20200820,000000,0.34429,0.34429,0.34429,0.34429,0,0
HKOHKD2M,D,20200821,000000,0.34732,0.34732,0.34732,0.34732,0,0
HKOHKD2M,D,20200824,000000,0.34036,0.34036,0.34036,0.34036,0,0
HKOHKD2M,D,20200825,000000,0.35268,0.35268,0.35268,0.35268,0,0
HKOHKD2M,D,20200826,000000,0.34071,0.34071,0.34071,0.34071,0,0
HKOHKD2M,D,20200827,000000,0.36036,0.36036,0.36036,0.36036,0,0
HKOHKD2M,D,20200828,000000,0.41661,0.41661,0.41661,0.41661,0,0
HKOHKD2M,D,20200831,000000,0.42262,0.42262,0.42262,0.42262,0,0
HKOHKD2M,D,20200901,000000,0.47286,0.47286,0.47286,0.47286,0,0
HKOHKD2M,D,20200902,000000,0.46768,0.46768,0.46768,0.46768,0,0
HKOHKD2M,D,20200903,000000,0.46982,0.46982,0.46982,0.46982,0,0
HKOHKD2M,D,20200904,000000,0.46982,0.46982,0.46982,0.46982,0,0
HKOHKD2M,D,20200907,000000,0.46679,0.46679,0.46679,0.46679,0,0
HKOHKD2M,D,20200908,000000,0.46202,0.46202,0.46202,0.46202,0,0
HKOHKD2M,D,20200909,000000,0.46768,0.46768,0.46768,0.46768,0,0
HKOHKD2M,D,20200910,000000,0.46839,0.46839,0.46839,0.46839,0,0
HKOHKD2M,D,20200911,000000,0.48655,0.48655,0.48655,0.48655,0,0
HKOHKD2M,D,20200914,000000,0.48607,0.48607,0.48607,0.48607,0,0
HKOHKD2M,D,20200915,000000,0.48982,0.48982,0.48982,0.48982,0,0
HKOHKD2M,D,20200916,000000,0.49196,0.49196,0.49196,0.49196,0,0
HKOHKD2M,D,20200917,000000,0.51554,0.51554,0.51554,0.51554,0,0
HKOHKD2M,D,20200918,000000,0.54292,0.54292,0.54292,0.54292,0,0
HKOHKD2M,D,20200921,000000,0.57607,0.57607,0.57607,0.57607,0,0
HKOHKD2M,D,20200922,000000,0.60571,0.60571,0.60571,0.60571,0,0
HKOHKD2M,D,20200923,000000,0.59268,0.59268,0.59268,0.59268,0,0
HKOHKD2M,D,20200924,000000,0.57571,0.57571,0.57571,0.57571,0,0
HKOHKD2M,D,20200925,000000,0.57107,0.57107,0.57107,0.57107,0,0
HKOHKD2M,D,20200928,000000,0.56161,0.56161,0.56161,0.56161,0,0
HKOHKD2M,D,20200929,000000,0.55679,0.55679,0.55679,0.55679,0,0
HKOHKD2M,D,20200930,000000,0.54857,0.54857,0.54857,0.54857,0,0
HKOHKD2M,D,20201005,000000,0.52536,0.52536,0.52536,0.52536,0,0
HKOHKD2M,D,20201006,000000,0.51732,0.51732,0.51732,0.51732,0,0
HKOHKD2M,D,20201007,000000,0.50893,0.50893,0.50893,0.50893,0,0
HKOHKD2M,D,20201008,000000,0.47786,0.47786,0.47786,0.47786,0,0
HKOHKD2M,D,20201009,000000,0.47071,0.47071,0.47071,0.47071,0,0
HKOHKD2M,D,20201012,000000,0.46821,0.46821,0.46821,0.46821,0,0
HKOHKD2M,D,20201014,000000,0.4675,0.4675,0.4675,0.4675,0,0
HKOHKD2M,D,20201015,000000,0.44196,0.44196,0.44196,0.44196,0,0
HKOHKD2M,D,20201016,000000,0.43232,0.43232,0.43232,0.43232,0,0
HKOHKD2M,D,20201019,000000,0.44125,0.44125,0.44125,0.44125,0,0
HKOHKD2M,D,20201020,000000,0.46411,0.46411,0.46411,0.46411,0,0
HKOHKD2M,D,20201021,000000,0.46625,0.46625,0.46625,0.46625,0,0
HKOHKD2M,D,20201022,000000,0.46429,0.46429,0.46429,0.46429,0,0
HKOHKD2M,D,20201023,000000,0.45607,0.45607,0.45607,0.45607,0,0
HKOHKD2M,D,20201027,000000,0.4575,0.4575,0.4575,0.4575,0,0
HKOHKD2M,D,20201028,000000,0.4575,0.4575,0.4575,0.4575,0,0
HKOHKD2M,D,20201029,000000,0.4325,0.4325,0.4325,0.4325,0,0
HKOHKD2M,D,20201030,000000,0.4253,0.4253,0.4253,0.4253,0,0
HKOHKD2M,D,20201102,000000,0.40304,0.40304,0.40304,0.40304,0,0
HKOHKD2M,D,20201103,000000,0.38589,0.38589,0.38589,0.38589,0,0
HKOHKD2M,D,20201104,000000,0.39589,0.39589,0.39589,0.39589,0,0
HKOHKD2M,D,20201105,000000,0.35607,0.35607,0.35607,0.35607,0,0
HKOHKD2M,D,20201106,000000,0.33351,0.33351,0.33351,0.33351,0,0
HKOHKD2M,D,20201109,000000,0.27321,0.27321,0.27321,0.27321,0,0
HKOHKD2M,D,20201110,000000,0.25607,0.25607,0.25607,0.25607,0,0
HKOHKD2M,D,20201111,000000,0.24929,0.24929,0.24929,0.24929,0,0
HKOHKD2M,D,20201112,000000,0.24554,0.24554,0.24554,0.24554,0,0
HKOHKD2M,D,20201113,000000,0.24268,0.24268,0.24268,0.24268,0,0
HKOHKD2M,D,20201116,000000,0.24125,0.24125,0.24125,0.24125,0,0
HKOHKD2M,D,20201117,000000,0.24411,0.24411,0.24411,0.24411,0,0
HKOHKD2M,D,20201118,000000,0.24411,0.24411,0.24411,0.24411,0,0
HKOHKD2M,D,20201119,000000,0.24339,0.24339,0.24339,0.24339,0,0
HKOHKD2M,D,20201120,000000,0.23893,0.23893,0.23893,0.23893,0,0
HKOHKD2M,D,20201123,000000,0.23893,0.23893,0.23893,0.23893,0,0
HKOHKD2M,D,20201124,000000,0.24179,0.24179,0.24179,0.24179,0,0
HKOHKD2M,D,20201125,000000,0.2425,0.2425,0.2425,0.2425,0,0
HKOHKD2M,D,20201126,000000,0.24179,0.24179,0.24179,0.24179,0,0
HKOHKD2M,D,20201127,000000,0.24107,0.24107,0.24107,0.24107,0,0
HKOHKD2M,D,20201130,000000,0.23964,0.23964,0.23964,0.23964,0,0
HKOHKD2M,D,20201201,000000,0.24482,0.24482,0.24482,0.24482,0,0
HKOHKD2M,D,20201202,000000,0.24411,0.24411,0.24411,0.24411,0,0
HKOHKD2M,D,20201203,000000,0.24268,0.24268,0.24268,0.24268,0,0
HKOHKD2M,D,20201204,000000,0.24482,0.24482,0.24482,0.24482,0,0
HKOHKD2M,D,20201207,000000,0.24554,0.24554,0.24554,0.24554,0,0
HKOHKD2M,D,20201208,000000,0.25964,0.25964,0.25964,0.25964,0,0
HKOHKD2M,D,20201209,000000,0.27786,0.27786,0.27786,0.27786,0,0
HKOHKD2M,D,20201210,000000,0.28446,0.28446,0.28446,0.28446,0,0
HKOHKD2M,D,20201211,000000,0.28446,0.28446,0.28446,0.28446,0,0
HKOHKD2M,D,20201214,000000,0.28232,0.28232,0.28232,0.28232,0,0
HKOHKD2M,D,20201215,000000,0.28304,0.28304,0.28304,0.28304,0,0
HKOHKD2M,D,20201216,000000,0.28589,0.28589,0.28589,0.28589,0,0
HKOHKD2M,D,20201217,000000,0.28375,0.28375,0.28375,0.28375,0,0
HKOHKD2M,D,20201218,000000,0.28375,0.28375,0.28375,0.28375,0,0
HKOHKD2M,D,20201221,000000,0.28786,0.28786,0.28786,0.28786,0,0
HKOHKD2M,D,20201222,000000,0.28833,0.28833,0.28833,0.28833,0,0
HKOHKD2M,D,20201223,000000,0.28518,0.28518,0.28518,0.28518,0,0
HKOHKD2M,D,20201224,000000,0.28589,0.28589,0.28589,0.28589,0,0
HKOHKD2M,D,20201228,000000,0.28375,0.28375,0.28375,0.28375,0,0
HKOHKD2M,D,20201229,000000,0.27,0.27,0.27,0.27,0,0
HKOHKD2M,D,20201230,000000,0.26571,0.26571,0.26571,0.26571,0,0
HKOHKD2M,D,20201231,000000,0.25732,0.25732,0.25732,0.25732,0,0
HKOHKD2M,D,20210104,000000,0.2322,0.2322,0.2322,0.2322,0,0
HKOHKD2M,D,20210105,000000,0.21232,0.21232,0.21232,0.21232,0,0
HKOHKD2M,D,20210106,000000,0.20304,0.20304,0.20304,0.20304,0,0
HKOHKD2M,D,20210107,000000,0.20161,0.20161,0.20161,0.20161,0,0
HKOHKD2M,D,20210108,000000,0.20232,0.20232,0.20232,0.20232,0,0
HKOHKD2M,D,20210111,000000,0.19214,0.19214,0.19214,0.19214,0,0
HKOHKD2M,D,20210112,000000,0.18637,0.18637,0.18637,0.18637,0,0
HKOHKD2M,D,20210113,000000,0.18732,0.18732,0.18732,0.18732,0,0
HKOHKD2M,D,20210114,000000,0.18732,0.18732,0.18732,0.18732,0,0
HKOHKD2M,D,20210115,000000,0.18411,0.18411,0.18411,0.18411,0,0
HKOHKD2M,D,20210118,000000,0.18625,0.18625,0.18625,0.18625,0,0
HKOHKD2M,D,20210119,000000,0.17536,0.17536,0.17536,0.17536,0,0
HKOHKD2M,D,20210120,000000,0.17161,0.17161,0.17161,0.17161,0,0
HKOHKD2M,D,20210121,000000,0.17786,0.17786,0.17786,0.17786,0,0
HKOHKD2M,D,20210122,000000,0.17071,0.17071,0.17071,0.17071,0,0
HKOHKD2M,D,20210125,000000,0.17643,0.17643,0.17643,0.17643,0,0
HKOHKD2M,D,20210126,000000,0.18714,0.18714,0.18714,0.18714,0,0
HKOHKD2M,D,20210127,000000,0.18768,0.18768,0.18768,0.18768,0,0
HKOHKD2M,D,20210128,000000,0.18875,0.18875,0.18875,0.18875,0,0
HKOHKD2M,D,20210129,000000,0.19054,0.19054,0.19054,0.19054,0,0
HKOHKD2M,D,20210201,000000,0.18935,0.18935,0.18935,0.18935,0,0
HKOHKD2M,D,20210202,000000,0.1825,0.1825,0.1825,0.1825,0,0
HKOHKD2M,D,20210203,000000,0.18524,0.18524,0.18524,0.18524,0,0
HKOHKD2M,D,20210204,000000,0.17982,0.17982,0.17982,0.17982,0,0
HKOHKD2M,D,20210205,000000,0.17589,0.17589,0.17589,0.17589,0,0
HKOHKD2M,D,20210208,000000,0.18125,0.18125,0.18125,0.18125,0,0
HKOHKD2M,D,20210209,000000,0.18125,0.18125,0.18125,0.18125,0,0
HKOHKD2M,D,20210210,000000,0.18054,0.18054,0.18054,0.18054,0,0
HKOHKD2M,D,20210211,000000,0.17982,0.17982,0.17982,0.17982,0,0
HKOHKD2M,D,20210216,000000,0.17911,0.17911,0.17911,0.17911,0,0
HKOHKD2M,D,20210217,000000,0.17911,0.17911,0.17911,0.17911,0,0
HKOHKD2M,D,20210218,000000,0.17768,0.17768,0.17768,0.17768,0,0
HKOHKD2M,D,20210219,000000,0.17768,0.17768,0.17768,0.17768,0,0
HKOHKD2M,D,20210222,000000,0.18054,0.18054,0.18054,0.18054,0,0
HKOHKD2M,D,20210223,000000,0.17839,0.17839,0.17839,0.17839,0,0
HKOHKD2M,D,20210224,000000,0.17839,0.17839,0.17839,0.17839,0,0
HKOHKD2M,D,20210225,000000,0.17839,0.17839,0.17839,0.17839,0,0
HKOHKD2M,D,20210226,000000,0.17839,0.17839,0.17839,0.17839,0,0
HKOHKD2M,D,20210301,000000,0.17696,0.17696,0.17696,0.17696,0,0
HKOHKD2M,D,20210302,000000,0.17768,0.17768,0.17768,0.17768,0,0
HKOHKD2M,D,20210303,000000,0.17982,0.17982,0.17982,0.17982,0,0
HKOHKD2M,D,20210304,000000,0.17839,0.17839,0.17839,0.17839,0,0
HKOHKD2M,D,20210305,000000,0.18054,0.18054,0.18054,0.18054,0,0
HKOHKD2M,D,20210308,000000,0.18054,0.18054,0.18054,0.18054,0,0
HKOHKD2M,D,20210309,000000,0.19827,0.19827,0.19827,0.19827,0,0
HKOHKD2M,D,20210310,000000,0.20804,0.20804,0.20804,0.20804,0,0
HKOHKD2M,D,20210311,000000,0.20006,0.20006,0.20006,0.20006,0,0
HKOHKD2M,D,20210312,000000,0.20149,0.20149,0.20149,0.20149,0,0
HKOHKD2M,D,20210315,000000,0.20077,0.20077,0.20077,0.20077,0,0
HKOHKD2M,D,20210316,000000,0.20077,0.20077,0.20077,0.20077,0,0
HKOHKD2M,D,20210317,000000,0.20006,0.20006,0.20006,0.20006,0,0
HKOHKD2M,D,20210318,000000,0.19863,0.19863,0.19863,0.19863,0,0
HKOHKD2M,D,20210319,000000,0.20006,0.20006,0.20006,0.20006,0,0
HKOHKD2M,D,20210322,000000,0.20077,0.20077,0.20077,0.20077,0,0
HKOHKD2M,D,20210323,000000,0.19536,0.19536,0.19536,0.19536,0,0
HKOHKD2M,D,20210324,000000,0.18518,0.18518,0.18518,0.18518,0,0
HKOHKD2M,D,20210325,000000,0.18464,0.18464,0.18464,0.18464,0,0
HKOHKD2M,D,20210326,000000,0.18321,0.18321,0.18321,0.18321,0,0
HKOHKD2M,D,20210329,000000,0.17911,0.17911,0.17911,0.17911,0,0
HKOHKD2M,D,20210330,000000,0.18054,0.18054,0.18054,0.18054,0,0
HKOHKD2M,D,20210331,000000,0.17911,0.17911,0.17911,0.17911,0,0
HKOHKD2M,D,20210401,000000,0.17821,0.17821,0.17821,0.17821,0,0
HKOHKD2M,D,20210407,000000,0.17607,0.17607,0.17607,0.17607,0,0
HKOHKD2M,D,20210408,000000,0.1775,0.1775,0.1775,0.1775,0,0
HKOHKD2M,D,20210409,000000,0.17321,0.17321,0.17321,0.17321,0,0
HKOHKD2M,D,20210412,000000,0.16464,0.16464,0.16464,0.16464,0,0
HKOHKD2M,D,20210413,000000,0.16321,0.16321,0.16321,0.16321,0,0
HKOHKD2M,D,20210414,000000,0.15911,0.15911,0.15911,0.15911,0,0
HKOHKD2M,D,20210415,000000,0.15554,0.15554,0.15554,0.15554,0,0
HKOHKD2M,D,20210416,000000,0.1575,0.1575,0.1575,0.1575,0,0
HKOHKD2M,D,20210419,000000,0.15571,0.15571,0.15571,0.15571,0,0
HKOHKD2M,D,20210420,000000,0.14875,0.14875,0.14875,0.14875,0,0
HKOHKD2M,D,20210421,000000,0.14536,0.14536,0.14536,0.14536,0,0
HKOHKD2M,D,20210422,000000,0.14,0.14,0.14,0.14,0,0
HKOHKD2M,D,20210423,000000,0.13732,0.13732,0.13732,0.13732,0,0
HKOHKD2M,D,20210426,000000,0.13696,0.13696,0.13696,0.13696,0,0
HKOHKD2M,D,20210427,000000,0.13732,0.13732,0.13732,0.13732,0,0
HKOHKD2M,D,20210428,000000,0.13804,0.13804,0.13804,0.13804,0,0
HKOHKD2M,D,20210429,000000,0.13732,0.13732,0.13732,0.13732,0,0
HKOHKD2M,D,20210430,000000,0.13768,0.13768,0.13768,0.13768,0,0
HKOHKD2M,D,20210503,000000,0.13643,0.13643,0.13643,0.13643,0,0
HKOHKD2M,D,20210504,000000,0.13738,0.13738,0.13738,0.13738,0,0
HKOHKD2M,D,20210505,000000,0.13321,0.13321,0.13321,0.13321,0,0
HKOHKD2M,D,20210506,000000,0.12982,0.12982,0.12982,0.12982,0,0
HKOHKD2M,D,20210507,000000,0.12911,0.12911,0.12911,0.12911,0,0
HKOHKD2M,D,20210510,000000,0.12768,0.12768,0.12768,0.12768,0,0
HKOHKD2M,D,20210511,000000,0.13185,0.13185,0.13185,0.13185,0,0
HKOHKD2M,D,20210512,000000,0.13185,0.13185,0.13185,0.13185,0,0
HKOHKD2M,D,20210513,000000,0.13143,0.13143,0.13143,0.13143,0,0
HKOHKD2M,D,20210514,000000,0.13113,0.13113,0.13113,0.13113,0,0
HKOHKD2M,D,20210517,000000,0.13054,0.13054,0.13054,0.13054,0,0
HKOHKD2M,D,20210518,000000,0.13696,0.13696,0.13696,0.13696,0,0
HKOHKD2M,D,20210520,000000,0.13113,0.13113,0.13113,0.13113,0,0
HKOHKD2M,D,20210521,000000,0.13185,0.13185,0.13185,0.13185,0,0
HKOHKD2M,D,20210524,000000,0.13196,0.13196,0.13196,0.13196,0,0
HKOHKD2M,D,20210525,000000,0.13625,0.13625,0.13625,0.13625,0,0
HKOHKD2M,D,20210526,000000,0.13952,0.13952,0.13952,0.13952,0,0
HKOHKD2M,D,20210527,000000,0.13375,0.13375,0.13375,0.13375,0,0
HKOHKD2M,D,20210528,000000,0.12839,0.12839,0.12839,0.12839,0,0
HKOHKD2M,D,20210531,000000,0.12839,0.12839,0.12839,0.12839,0,0
HKOHKD2M,D,20210601,000000,0.12911,0.12911,0.12911,0.12911,0,0
HKOHKD2M,D,20210602,000000,0.12911,0.12911,0.12911,0.12911,0,0
HKOHKD2M,D,20210603,000000,0.12911,0.12911,0.12911,0.12911,0,0
HKOHKD2M,D,20210604,000000,0.13661,0.13661,0.13661,0.13661,0,0
HKOHKD2M,D,20210607,000000,0.13589,0.13589,0.13589,0.13589,0,0
HKOHKD2M,D,20210608,000000,0.13661,0.13661,0.13661,0.13661,0,0
HKOHKD2M,D,20210609,000000,0.13768,0.13768,0.13768,0.13768,0,0
HKOHKD2M,D,20210610,000000,0.13696,0.13696,0.13696,0.13696,0,0
HKOHKD2M,D,20210611,000000,0.13768,0.13768,0.13768,0.13768,0,0
HKOHKD2M,D,20210615,000000,0.13768,0.13768,0.13768,0.13768,0,0
HKOHKD2M,D,20210616,000000,0.13839,0.13839,0.13839,0.13839,0,0
HKOHKD2M,D,20210617,000000,0.13768,0.13768,0.13768,0.13768,0,0
HKOHKD2M,D,20210618,000000,0.13768,0.13768,0.13768,0.13768,0,0
HKOHKD2M,D,20210621,000000,0.13839,0.13839,0.13839,0.13839,0,0
HKOHKD2M,D,20210622,000000,0.13768,0.13768,0.13768,0.13768,0,0
HKOHKD2M,D,20210628,000000,0.13845,0.13845,0.13845,0.13845,0,0
HKOHKD2M,D,20210629,000000,0.13964,0.13964,0.13964,0.13964,0,0
HKOHKD2M,D,20210630,000000,0.1381,0.1381,0.1381,0.1381,0,0
HKOHKD2M,D,20210701,000000,0.1381,0.1381,0.1381,0.1381,0,0
HKOHKD2M,D,20210707,000000,0.13452,0.13452,0.13452,0.13452,0,0
HKOHKD2M,D,20210708,000000,0.13881,0.13881,0.13881,0.13881,0,0
HKOHKD2M,D,20210709,000000,0.13667,0.13667,0.13667,0.13667,0,0
HKOHKD2M,D,20210712,000000,0.1375,0.1375,0.1375,0.1375,0,0
HKOHKD2M,D,20210713,000000,0.1325,0.1325,0.1325,0.1325,0,0
HKOHKD2M,D,20210714,000000,0.12661,0.12661,0.12661,0.12661,0,0
HKOHKD2M,D,20210715,000000,0.12482,0.12482,0.12482,0.12482,0,0
HKOHKD2M,D,20210716,000000,0.12375,0.12375,0.12375,0.12375,0,0
HKOHKD2M,D,20210719,000000,0.12357,0.12357,0.12357,0.12357,0,0
HKOHKD2M,D,20210720,000000,0.12321,0.12321,0.12321,0.12321,0,0
HKOHKD2M,D,20210721,000000,0.11911,0.11911,0.11911,0.11911,0,0
HKOHKD2M,D,20210722,000000,0.11839,0.11839,0.11839,0.11839,0,0
HKOHKD2M,D,20210723,000000,0.11696,0.11696,0.11696,0.11696,0,0
HKOHKD2M,D,20210726,000000,0.11696,0.11696,0.11696,0.11696,0,0
HKOHKD2M,D,20210727,000000,0.11768,0.11768,0.11768,0.11768,0,0
HKOHKD2M,D,20210728,000000,0.12768,0.12768,0.12768,0.12768,0,0
HKOHKD2M,D,20210729,000000,0.11625,0.11625,0.11625,0.11625,0,0
HKOHKD2M,D,20210730,000000,0.11696,0.11696,0.11696,0.11696,0,0
HKOHKD2M,D,20210802,000000,0.11696,0.11696,0.11696,0.11696,0,0
HKOHKD2M,D,20210803,000000,0.12446,0.12446,0.12446,0.12446,0,0
HKOHKD2M,D,20210804,000000,0.11696,0.11696,0.11696,0.11696,0,0
HKOHKD2M,D,20210805,000000,0.11696,0.11696,0.11696,0.11696,0,0
HKOHKD2M,D,20210806,000000,0.11625,0.11625,0.11625,0.11625,0,0
HKOHKD2M,D,20210809,000000,0.11696,0.11696,0.11696,0.11696,0,0
HKOHKD2M,D,20210810,000000,0.11768,0.11768,0.11768,0.11768,0,0
HKOHKD2M,D,20210811,000000,0.11625,0.11625,0.11625,0.11625,0,0
HKOHKD2M,D,20210812,000000,0.11625,0.11625,0.11625,0.11625,0,0
HKOHKD2M,D,20210813,000000,0.11911,0.11911,0.11911,0.11911,0,0
HKOHKD2M,D,20210816,000000,0.11625,0.11625,0.11625,0.11625,0,0
HKOHKD2M,D,20210817,000000,0.11625,0.11625,0.11625,0.11625,0,0
HKOHKD2M,D,20210818,000000,0.1175,0.1175,0.1175,0.1175,0,0
HKOHKD2M,D,20210819,000000,0.11768,0.11768,0.11768,0.11768,0,0
HKOHKD2M,D,20210820,000000,0.12304,0.12304,0.12304,0.12304,0,0
HKOHKD2M,D,20210823,000000,0.11696,0.11696,0.11696,0.11696,0,0
HKOHKD2M,D,20210824,000000,0.11696,0.11696,0.11696,0.11696,0,0
HKOHKD2M,D,20210825,000000,0.11589,0.11589,0.11589,0.11589,0,0
HKOHKD2M,D,20210826,000000,0.11667,0.11667,0.11667,0.11667,0,0
HKOHKD2M,D,20210827,000000,0.11607,0.11607,0.11607,0.11607,0,0
HKOHKD2M,D,20210830,000000,0.11732,0.11732,0.11732,0.11732,0,0
HKOHKD2M,D,20210831,000000,0.1225,0.1225,0.1225,0.1225,0,0
HKOHKD2M,D,20210901,000000,0.1225,0.1225,0.1225,0.1225,0,0
HKOHKD2M,D,20210902,000000,0.11679,0.11679,0.11679,0.11679,0,0
HKOHKD2M,D,20210903,000000,0.11464,0.11464,0.11464,0.11464,0,0
HKOHKD2M,D,20210906,000000,0.11679,0.11679,0.11679,0.11679,0,0
HKOHKD2M,D,20210907,000000,0.12357,0.12357,0.12357,0.12357,0,0
HKOHKD2M,D,20210908,000000,0.12455,0.12455,0.12455,0.12455,0,0
HKOHKD2M,D,20210909,000000,0.12357,0.12357,0.12357,0.12357,0,0
HKOHKD2M,D,20210910,000000,0.1175,0.1175,0.1175,0.1175,0,0
HKOHKD2M,D,20210913,000000,0.11607,0.11607,0.11607,0.11607,0,0
HKOHKD2M,D,20210914,000000,0.11607,0.11607,0.11607,0.11607,0,0
HKOHKD2M,D,20210915,000000,0.11536,0.11536,0.11536,0.11536,0,0
HKOHKD2M,D,20210916,000000,0.11429,0.11429,0.11429,0.11429,0,0
HKOHKD2M,D,20210917,000000,0.11607,0.11607,0.11607,0.11607,0,0
HKOHKD2M,D,20210920,000000,0.1175,0.1175,0.1175,0.1175,0,0
HKOHKD2M,D,20210921,000000,0.11607,0.11607,0.11607,0.11607,0,0
HKOHKD2M,D,20210923,000000,0.11536,0.11536,0.11536,0.11536,0,0
HKOHKD2M,D,20210924,000000,0.11464,0.11464,0.11464,0.11464,0,0
HKOHKD2M,D,20210927,000000,0.11607,0.11607,0.11607,0.11607,0,0
HKOHKD2M,D,20210928,000000,0.11686,0.11686,0.11686,0.11686,0,0
HKOHKD2M,D,20210929,000000,0.11679,0.11679,0.11679,0.11679,0,0
HKOHKD2M,D,20210930,000000,0.11536,0.11536,0.11536,0.11536,0,0
HKOHKD2M,D,20211004,000000,0.11679,0.11679,0.11679,0.11679,0,0
HKOHKD2M,D,20211008,000000,0.10643,0.10643,0.10643,0.10643,0,0
HKOHKD2M,D,20211011,000000,0.10607,0.10607,0.10607,0.10607,0,0
HKOHKD2M,D,20211012,000000,0.10792,0.10792,0.10792,0.10792,0,0
HKOHKD2M,D,20211015,000000,0.10911,0.10911,0.10911,0.10911,0,0
HKOHKD2M,D,20211018,000000,0.10806,0.10806,0.10806,0.10806,0,0
HKOHKD2M,D,20211019,000000,0.10696,0.10696,0.10696,0.10696,0,0
HKOHKD2M,D,20211020,000000,0.10411,0.10411,0.10411,0.10411,0,0
HKOHKD2M,D,20211021,000000,0.10482,0.10482,0.10482,0.10482,0,0
HKOHKD2M,D,20211022,000000,0.10482,0.10482,0.10482,0.10482,0,0
HKOHKD2M,D,20211025,000000,0.10946,0.10946,0.10946,0.10946,0,0
HKOHKD2M,D,20211026,000000,0.11018,0.11018,0.11018,0.11018,0,0
HKOHKD2M,D,20211027,000000,0.11161,0.11161,0.11161,0.11161,0,0
HKOHKD2M,D,20211028,000000,0.11232,0.11232,0.11232,0.11232,0,0
HKOHKD2M,D,20211029,000000,0.11268,0.11268,0.11268,0.11268,0,0
HKOHKD2M,D,20211101,000000,0.12286,0.12286,0.12286,0.12286,0,0
HKOHKD2M,D,20211102,000000,0.12982,0.12982,0.12982,0.12982,0,0
HKOHKD2M,D,20211103,000000,0.13268,0.13268,0.13268,0.13268,0,0
HKOHKD2M,D,20211104,000000,0.13196,0.13196,0.13196,0.13196,0,0
HKOHKD2M,D,20211105,000000,0.13054,0.13054,0.13054,0.13054,0,0
HKOHKD2M,D,20211108,000000,0.13393,0.13393,0.13393,0.13393,0,0
HKOHKD2M,D,20211109,000000,0.13393,0.13393,0.13393,0.13393,0,0
HKOHKD2M,D,20211110,000000,0.13839,0.13839,0.13839,0.13839,0,0
HKOHKD2M,D,20211111,000000,0.14321,0.14321,0.14321,0.14321,0,0
HKOHKD2M,D,20211112,000000,0.14179,0.14179,0.14179,0.14179,0,0
HKOHKD2M,D,20211115,000000,0.14214,0.14214,0.14214,0.14214,0,0
HKOHKD2M,D,20211116,000000,0.14286,0.14286,0.14286,0.14286,0,0
HKOHKD2M,D,20211117,000000,0.15446,0.15446,0.15446,0.15446,0,0
HKOHKD2M,D,20211118,000000,0.15589,0.15589,0.15589,0.15589,0,0
HKOHKD2M,D,20211119,000000,0.16964,0.16964,0.16964,0.16964,0,0
HKOHKD2M,D,20211122,000000,0.17232,0.17232,0.17232,0.17232,0,0
HKOHKD2M,D,20211123,000000,0.17375,0.17375,0.17375,0.17375,0,0
HKOHKD2M,D,20211124,000000,0.17446,0.17446,0.17446,0.17446,0,0
HKOHKD2M,D,20211125,000000,0.17643,0.17643,0.17643,0.17643,0,0
HKOHKD2M,D,20211126,000000,0.18196,0.18196,0.18196,0.18196,0,0
HKOHKD2M,D,20211129,000000,0.18679,0.18679,0.18679,0.18679,0,0
HKOHKD2M,D,20211130,000000,0.18714,0.18714,0.18714,0.18714,0,0
HKOHKD2M,D,20211201,000000,0.21256,0.21256,0.21256,0.21256,0,0
HKOHKD2M,D,20211202,000000,0.21952,0.21952,0.21952,0.21952,0,0
HKOHKD2M,D,20211203,000000,0.22732,0.22732,0.22732,0.22732,0,0
HKOHKD2M,D,20211206,000000,0.22786,0.22786,0.22786,0.22786,0,0
HKOHKD2M,D,20211207,000000,0.23226,0.23226,0.23226,0.23226,0,0
HKOHKD2M,D,20211208,000000,0.22827,0.22827,0.22827,0.22827,0,0
HKOHKD2M,D,20211209,000000,0.22732,0.22732,0.22732,0.22732,0,0
HKOHKD2M,D,20211210,000000,0.22899,0.22899,0.22899,0.22899,0,0
HKOHKD2M,D,20211213,000000,0.22946,0.22946,0.22946,0.22946,0,0
HKOHKD2M,D,20211214,000000,0.22768,0.22768,0.22768,0.22768,0,0
HKOHKD2M,D,20211215,000000,0.22661,0.22661,0.22661,0.22661,0,0
HKOHKD2M,D,20211216,000000,0.22804,0.22804,0.22804,0.22804,0,0
HKOHKD2M,D,20211217,000000,0.22125,0.22125,0.22125,0.22125,0,0
HKOHKD2M,D,20211220,000000,0.21946,0.21946,0.21946,0.21946,0,0
HKOHKD2M,D,20211221,000000,0.21875,0.21875,0.21875,0.21875,0,0
HKOHKD2M,D,20211222,000000,0.22161,0.22161,0.22161,0.22161,0,0
HKOHKD2M,D,20211223,000000,0.22089,0.22089,0.22089,0.22089,0,0
HKOHKD2M,D,20211224,000000,0.21946,0.21946,0.21946,0.21946,0,0
HKOHKD2M,D,20211228,000000,0.21946,0.21946,0.21946,0.21946,0,0
HKOHKD2M,D,20211229,000000,0.22089,0.22089,0.22089,0.22089,0,0
HKOHKD2M,D,20211230,000000,0.22018,0.22018,0.22018,0.22018,0,0
HKOHKD2M,D,20211231,000000,0.22018,0.22018,0.22018,0.22018,0,0
HKOHKD2M,D,20220103,000000,0.22054,0.22054,0.22054,0.22054,0,0
HKOHKD2M,D,20220104,000000,0.21464,0.21464,0.21464,0.21464,0,0
HKOHKD2M,D,20220105,000000,0.20643,0.20643,0.20643,0.20643,0,0
HKOHKD2M,D,20220106,000000,0.20512,0.20512,0.20512,0.20512,0,0
HKOHKD2M,D,20220107,000000,0.20571,0.20571,0.20571,0.20571,0,0
HKOHKD2M,D,20220110,000000,0.20238,0.20238,0.20238,0.20238,0,0
HKOHKD2M,D,20220111,000000,0.20411,0.20411,0.20411,0.20411,0,0
HKOHKD2M,D,20220112,000000,0.20268,0.20268,0.20268,0.20268,0,0
HKOHKD2M,D,20220113,000000,0.20339,0.20339,0.20339,0.20339,0,0
HKOHKD2M,D,20220114,000000,0.20482,0.20482,0.20482,0.20482,0,0
HKOHKD2M,D,20220117,000000,0.20268,0.20268,0.20268,0.20268,0,0
HKOHKD2M,D,20220118,000000,0.20268,0.20268,0.20268,0.20268,0,0
HKOHKD2M,D,20220119,000000,0.20411,0.20411,0.20411,0.20411,0,0
HKOHKD2M,D,20220120,000000,0.20875,0.20875,0.20875,0.20875,0,0
HKOHKD2M,D,20220121,000000,0.20994,0.20994,0.20994,0.20994,0,0
HKOHKD2M,D,20220124,000000,0.21458,0.21458,0.21458,0.21458,0,0
HKOHKD2M,D,20220125,000000,0.21726,0.21726,0.21726,0.21726,0,0
HKOHKD2M,D,20220126,000000,0.23042,0.23042,0.23042,0.23042,0,0
HKOHKD2M,D,20220127,000000,0.23643,0.23643,0.23643,0.23643,0,0
HKOHKD2M,D,20220128,000000,0.23827,0.23827,0.23827,0.23827,0,0
HKOHKD2M,D,20220131,000000,0.23863,0.23863,0.23863,0.23863,0,0
HKOHKD2M,D,20220204,000000,0.24077,0.24077,0.24077,0.24077,0,0
HKOHKD2M,D,20220207,000000,0.24369,0.24369,0.24369,0.24369,0,0
HKOHKD2M,D,20220208,000000,0.2481,0.2481,0.2481,0.2481,0,0
HKOHKD2M,D,20220209,000000,0.25583,0.25583,0.25583,0.25583,0,0
HKOHKD2M,D,20220210,000000,0.26363,0.26363,0.26363,0.26363,0,0
HKOHKD2M,D,20220211,000000,0.26363,0.26363,0.26363,0.26363,0,0
HKOHKD2M,D,20220214,000000,0.29304,0.29304,0.29304,0.29304,0,0
HKOHKD2M,D,20220215,000000,0.30441,0.30441,0.30441,0.30441,0,0
HKOHKD2M,D,20220216,000000,0.30625,0.30625,0.30625,0.30625,0,0
HKOHKD2M,D,20220217,000000,0.30893,0.30893,0.30893,0.30893,0,0
HKOHKD2M,D,20220218,000000,0.30881,0.30881,0.30881,0.30881,0,0
HKOHKD2M,D,20220221,000000,0.30988,0.30988,0.30988,0.30988,0,0
HKOHKD2M,D,20220222,000000,0.30845,0.30845,0.30845,0.30845,0,0
HKOHKD2M,D,20220223,000000,0.30881,0.30881,0.30881,0.30881,0,0
HKOHKD2M,D,20220224,000000,0.30881,0.30881,0.30881,0.30881,0,0
HKOHKD2M,D,20220225,000000,0.32494,0.32494,0.32494,0.32494,0,0
HKOHKD2M,D,20220228,000000,0.3303,0.3303,0.3303,0.3303,0,0
HKOHKD2M,D,20220301,000000,0.33607,0.33607,0.33607,0.33607,0,0
HKOHKD2M,D,20220302,000000,0.33792,0.33792,0.33792,0.33792,0,0
HKOHKD2M,D,20220303,000000,0.33613,0.33613,0.33613,0.33613,0,0
HKOHKD2M,D,20220304,000000,0.34006,0.34006,0.34006,0.34006,0,0
HKOHKD2M,D,20220307,000000,0.34881,0.34881,0.34881,0.34881,0,0
HKOHKD2M,D,20220308,000000,0.37935,0.37935,0.37935,0.37935,0,0
HKOHKD2M,D,20220309,000000,0.39411,0.39411,0.39411,0.39411,0,0
HKOHKD2M,D,20220310,000000,0.41613,0.41613,0.41613,0.41613,0,0
HKOHKD2M,D,20220311,000000,0.43185,0.43185,0.43185,0.43185,0,0
HKOHKD2M,D,20220314,000000,0.44226,0.44226,0.44226,0.44226,0,0
HKOHKD2M,D,20220315,000000,0.46018,0.46018,0.46018,0.46018,0,0
HKOHKD2M,D,20220316,000000,0.46363,0.46363,0.46363,0.46363,0,0
HKOHKD2M,D,20220317,000000,0.47875,0.47875,0.47875,0.47875,0,0
HKOHKD2M,D,20220318,000000,0.49143,0.49143,0.49143,0.49143,0,0
HKOHKD2M,D,20220321,000000,0.49018,0.49018,0.49018,0.49018,0,0
HKOHKD2M,D,20220322,000000,0.50494,0.50494,0.50494,0.50494,0,0
HKOHKD2M,D,20220323,000000,0.50512,0.50512,0.50512,0.50512,0,0
HKOHKD2M,D,20220324,000000,0.50952,0.50952,0.50952,0.50952,0,0
HKOHKD2M,D,20220325,000000,0.52149,0.52149,0.52149,0.52149,0,0
HKOHKD2M,D,20220328,000000,0.52274,0.52274,0.52274,0.52274,0,0
HKOHKD2M,D,20220329,000000,0.51423,0.51423,0.51423,0.51423,0,0
HKOHKD2M,D,20220330,000000,0.47077,0.47077,0.47077,0.47077,0,0
HKOHKD2M,D,20220331,000000,0.44768,0.44768,0.44768,0.44768,0,0
HKOHKD2M,D,20220401,000000,0.41792,0.41792,0.41792,0.41792,0,0
HKOHKD2M,D,20220404,000000,0.40577,0.40577,0.40577,0.40577,0,0
HKOHKD2M,D,20220406,000000,0.40286,0.40286,0.40286,0.40286,0,0
HKOHKD2M,D,20220407,000000,0.4025,0.4025,0.4025,0.4025,0,0
HKOHKD2M,D,20220408,000000,0.40179,0.40179,0.40179,0.40179,0,0
HKOHKD2M,D,20220411,000000,0.40375,0.40375,0.40375,0.40375,0,0
HKOHKD2M,D,20220412,000000,0.40375,0.40375,0.40375,0.40375,0,0
HKOHKD2M,D,20220413,000000,0.40518,0.40518,0.40518,0.40518,0,0
HKOHKD2M,D,20220414,000000,0.40006,0.40006,0.40006,0.40006,0,0
HKOHKD2M,D,20220419,000000,0.39923,0.39923,0.39923,0.39923,0,0
HKOHKD2M,D,20220420,000000,0.40262,0.40262,0.40262,0.40262,0,0
HKOHKD2M,D,20220421,000000,0.40262,0.40262,0.40262,0.40262,0,0
HKOHKD2M,D,20220422,000000,0.40262,0.40262,0.40262,0.40262,0,0
HKOHKD2M,D,20220425,000000,0.41464,0.41464,0.41464,0.41464,0,0
HKOHKD2M,D,20220426,000000,0.41589,0.41589,0.41589,0.41589,0,0
HKOHKD2M,D,20220427,000000,0.42345,0.42345,0.42345,0.42345,0,0
HKOHKD2M,D,20220428,000000,0.42441,0.42441,0.42441,0.42441,0,0
HKOHKD2M,D,20220429,000000,0.4378,0.4378,0.4378,0.4378,0,0
HKOHKD2M,D,20220503,000000,0.44226,0.44226,0.44226,0.44226,0,0
HKOHKD2M,D,20220504,000000,0.45262,0.45262,0.45262,0.45262,0,0
HKOHKD2M,D,20220505,000000,0.45554,0.45554,0.45554,0.45554,0,0
HKOHKD2M,D,20220506,000000,0.45208,0.45208,0.45208,0.45208,0,0
HKOHKD2M,D,20220510,000000,0.45065,0.45065,0.45065,0.45065,0,0
HKOHKD2M,D,20220511,000000,0.45619,0.45619,0.45619,0.45619,0,0
HKOHKD2M,D,20220512,000000,0.46089,0.46089,0.46089,0.46089,0,0
HKOHKD2M,D,20220513,000000,0.48119,0.48119,0.48119,0.48119,0,0
HKOHKD2M,D,20220516,000000,0.49196,0.49196,0.49196,0.49196,0,0
HKOHKD2M,D,20220517,000000,0.49899,0.49899,0.49899,0.49899,0,0
HKOHKD2M,D,20220518,000000,0.50625,0.50625,0.50625,0.50625,0,0
HKOHKD2M,D,20220519,000000,0.5075,0.5075,0.5075,0.5075,0,0
HKOHKD2M,D,20220520,000000,0.50643,0.50643,0.50643,0.50643,0,0
HKOHKD2M,D,20220523,000000,0.50667,0.50667,0.50667,0.50667,0,0
HKOHKD2M,D,20220524,000000,0.50786,0.50786,0.50786,0.50786,0,0
HKOHKD2M,D,20220525,000000,0.50714,0.50714,0.50714,0.50714,0,0
HKOHKD2M,D,20220526,000000,0.50714,0.50714,0.50714,0.50714,0,0
HKOHKD2M,D,20220527,000000,0.50881,0.50881,0.50881,0.50881,0,0
HKOHKD2M,D,20220530,000000,0.50714,0.50714,0.50714,0.50714,0,0
HKOHKD2M,D,20220531,000000,0.5081,0.5081,0.5081,0.5081,0,0
HKOHKD2M,D,20220601,000000,0.5075,0.5075,0.5075,0.5075,0,0
HKOHKD2M,D,20220602,000000,0.5081,0.5081,0.5081,0.5081,0,0
HKOHKD2M,D,20220606,000000,0.50714,0.50714,0.50714,0.50714,0,0
HKOHKD2M,D,20220607,000000,0.5081,0.5081,0.5081,0.5081,0,0
HKOHKD2M,D,20220608,000000,0.5075,0.5075,0.5075,0.5075,0,0
HKOHKD2M,D,20220609,000000,0.50738,0.50738,0.50738,0.50738,0,0
HKOHKD2M,D,20220610,000000,0.54357,0.54357,0.54357,0.54357,0,0
HKOHKD2M,D,20220613,000000,0.59369,0.59369,0.59369,0.59369,0,0
HKOHKD2M,D,20220614,000000,0.70137,0.70137,0.70137,0.70137,0,0
HKOHKD2M,D,20220615,000000,0.81167,0.81167,0.81167,0.81167,0,0
HKOHKD2M,D,20220616,000000,0.85262,0.85262,0.85262,0.85262,0,0
HKOHKD2M,D,20220617,000000,0.90976,0.90976,0.90976,0.90976,0,0
HKOHKD2M,D,20220620,000000,0.96042,0.96042,0.96042,0.96042,0,0
HKOHKD2M,D,20220621,000000,1.00381,1.00381,1.00381,1.00381,0,0
HKOHKD2M,D,20220622,000000,1.04506,1.04506,1.04506,1.04506,0,0
HKOHKD2M,D,20220623,000000,1.0978,1.0978,1.0978,1.0978,0,0
HKOHKD2M,D,20220624,000000,1.14119,1.14119,1.14119,1.14119,0,0
HKOHKD2M,D,20220627,000000,1.17262,1.17262,1.17262,1.17262,0,0
HKOHKD2M,D,20220628,000000,1.18476,1.18476,1.18476,1.18476,0,0
HKOHKD2M,D,20220629,000000,1.20113,1.20113,1.20113,1.20113,0,0
HKOHKD2M,D,20220630,000000,1.20625,1.20625,1.20625,1.20625,0,0
HKOHKD2M,D,20220704,000000,1.20607,1.20607,1.20607,1.20607,0,0
HKOHKD2M,D,20220705,000000,1.20732,1.20732,1.20732,1.20732,0,0
HKOHKD2M,D,20220706,000000,1.21738,1.21738,1.21738,1.21738,0,0
HKOHKD2M,D,20220707,000000,1.21994,1.21994,1.21994,1.21994,0,0
HKOHKD2M,D,20220708,000000,1.20667,1.20667,1.20667,1.20667,0,0
HKOHKD2M,D,20220714,000000,1.22423,1.22423,1.22423,1.22423,0,0
HKOHKD2M,D,20220715,000000,1.22821,1.22821,1.22821,1.22821,0,0
HKOHKD2M,D,20220718,000000,1.22441,1.22441,1.22441,1.22441,0,0
HKOHKD2M,D,20220719,000000,1.28548,1.28548,1.28548,1.28548,0,0
HKOHKD2M,D,20220720,000000,1.34089,1.34089,1.34089,1.34089,0,0
HKOHKD2M,D,20220721,000000,1.38274,1.38274,1.38274,1.38274,0,0
HKOHKD2M,D,20220722,000000,1.48744,1.48744,1.48744,1.48744,0,0
HKOHKD2M,D,20220725,000000,1.51929,1.51929,1.51929,1.51929,0,0
HKOHKD2M,D,20220726,000000,1.54661,1.54661,1.54661,1.54661,0,0
HKOHKD2M,D,20220727,000000,1.60268,1.60268,1.60268,1.60268,0,0
HKOHKD2M,D,20220728,000000,1.65125,1.65125,1.65125,1.65125,0,0
HKOHKD2M,D,20220729,000000,1.64512,1.64512,1.64512,1.64512,0,0
HKOHKD2M,D,20220801,000000,1.67732,1.67732,1.67732,1.67732,0,0
HKOHKD2M,D,20220802,000000,1.67512,1.67512,1.67512,1.67512,0,0
HKOHKD2M,D,20220803,000000,1.70042,1.70042,1.70042,1.70042,0,0
HKOHKD2M,D,20220804,000000,1.77994,1.77994,1.77994,1.77994,0,0
HKOHKD2M,D,20220805,000000,1.80256,1.80256,1.80256,1.80256,0,0
HKOHKD2M,D,20220808,000000,1.84863,1.84863,1.84863,1.84863,0,0
HKOHKD2M,D,20220809,000000,1.88446,1.88446,1.88446,1.88446,0,0
HKOHKD2M,D,20220810,000000,1.91441,1.91441,1.91441,1.91441,0,0
HKOHKD2M,D,20220811,000000,2.00185,2.00185,2.00185,2.00185,0,0
HKOHKD2M,D,20220812,000000,2.02202,2.02202,2.02202,2.02202,0,0
HKOHKD2M,D,20220815,000000,2.05917,2.05917,2.05917,2.05917,0,0
HKOHKD2M,D,20220816,000000,2.10875,2.10875,2.10875,2.10875,0,0
HKOHKD2M,D,20220817,000000,2.14696,2.14696,2.14696,2.14696,0,0
HKOHKD2M,D,20220818,000000,2.14917,2.14917,2.14917,2.14917,0,0
HKOHKD2M,D,20220819,000000,2.15768,2.15768,2.15768,2.15768,0,0
HKOHKD2M,D,20220822,000000,2.15881,2.15881,2.15881,2.15881,0,0
HKOHKD2M,D,20220823,000000,2.16923,2.16923,2.16923,2.16923,0,0
HKOHKD2M,D,20220824,000000,2.19506,2.19506,2.19506,2.19506,0,0
HKOHKD2M,D,20220826,000000,2.24792,2.24792,2.24792,2.24792,0,0
HKOHKD2M,D,20220829,000000,2.30381,2.30381,2.30381,2.30381,0,0
HKOHKD2M,D,20220830,000000,2.32363,2.32363,2.32363,2.32363,0,0
HKOHKD2M,D,20220831,000000,2.33054,2.33054,2.33054,2.33054,0,0
HKOHKD2M,D,20220901,000000,2.34708,2.34708,2.34708,2.34708,0,0
HKOHKD2M,D,20220902,000000,2.3678,2.3678,2.3678,2.3678,0,0
HKOHKD2M,D,20220905,000000,2.38357,2.38357,2.38357,2.38357,0,0
HKOHKD2M,D,20220906,000000,2.39845,2.39845,2.39845,2.39845,0,0
HKOHKD2M,D,20220907,000000,2.40857,2.40857,2.40857,2.40857,0,0
HKOHKD2M,D,20220908,000000,2.40786,2.40786,2.40786,2.40786,0,0
HKOHKD2M,D,20220909,000000,2.44696,2.44696,2.44696,2.44696,0,0
HKOHKD2M,D,20220913,000000,2.45792,2.45792,2.45792,2.45792,0,0
HKOHKD2M,D,20220914,000000,2.49214,2.49214,2.49214,2.49214,0,0
HKOHKD2M,D,20220915,000000,2.57929,2.57929,2.57929,2.57929,0,0
HKOHKD2M,D,20220916,000000,2.65946,2.65946,2.65946,2.65946,0,0
HKOHKD2M,D,20220919,000000,2.69619,2.69619,2.69619,2.69619,0,0
HKOHKD2M,D,20220920,000000,2.77351,2.77351,2.77351,2.77351,0,0
HKOHKD2M,D,20220921,000000,2.81113,2.81113,2.81113,2.81113,0,0
HKOHKD2M,D,20220922,000000,2.84107,2.84107,2.84107,2.84107,0,0
HKOHKD2M,D,20220923,000000,2.87976,2.87976,2.87976,2.87976,0,0
HKOHKD2M,D,20220926,000000,2.90113,2.90113,2.90113,2.90113,0,0
HKOHKD2M,D,20220927,000000,2.90768,2.90768,2.90768,2.90768,0,0
HKOHKD2M,D,20220928,000000,2.94339,2.94339,2.94339,2.94339,0,0
HKOHKD2M,D,20220929,000000,2.96286,2.96286,2.96286,2.96286,0,0
HKOHKD2M,D,20220930,000000,2.99071,2.99071,2.99071,2.99071,0,0
HKOHKD2M,D,20221003,000000,3.00583,3.00583,3.00583,3.00583,0,0
HKOHKD2M,D,20221005,000000,3.00845,3.00845,3.00845,3.00845,0,0
HKOHKD2M,D,20221006,000000,3.00738,3.00738,3.00738,3.00738,0,0
HKOHKD2M,D,20221007,000000,3.00845,3.00845,3.00845,3.00845,0,0
HKOHKD2M,D,20221010,000000,3.00845,3.00845,3.00845,3.00845,0,0
HKOHKD2M,D,20221011,000000,3.00881,3.00881,3.00881,3.00881,0,0
HKOHKD2M,D,20221012,000000,3.00738,3.00738,3.00738,3.00738,0,0
HKOHKD2M,D,20221013,000000,3.0275,3.0275,3.0275,3.0275,0,0
HKOHKD2M,D,20221014,000000,3.07738,3.07738,3.07738,3.07738,0,0
HKOHKD2M,D,20221017,000000,3.10042,3.10042,3.10042,3.10042,0,0
HKOHKD2M,D,20221018,000000,3.12441,3.12441,3.12441,3.12441,0,0
HKOHKD2M,D,20221019,000000,3.1431,3.1431,3.1431,3.1431,0,0
HKOHKD2M,D,20221020,000000,3.18202,3.18202,3.18202,3.18202,0,0
HKOHKD2M,D,20221021,000000,3.27054,3.27054,3.27054,3.27054,0,0
HKOHKD2M,D,20221024,000000,3.33012,3.33012,3.33012,3.33012,0,0
HKOHKD2M,D,20221025,000000,3.36821,3.36821,3.36821,3.36821,0,0
HKOHKD2M,D,20221026,000000,3.39071,3.39071,3.39071,3.39071,0,0
HKOHKD2M,D,20221027,000000,3.40191,3.40191,3.40191,3.40191,0,0
HKOHKD2M,D,20221028,000000,3.46268,3.46268,3.46268,3.46268,0,0
HKOHKD2M,D,20221031,000000,3.55018,3.55018,3.55018,3.55018,0,0
HKOHKD2M,D,20221101,000000,3.71238,3.71238,3.71238,3.71238,0,0
HKOHKD2M,D,20221102,000000,3.85964,3.85964,3.85964,3.85964,0,0
HKOHKD2M,D,20221103,000000,3.93643,3.93643,3.93643,3.93643,0,0
HKOHKD2M,D,20221104,000000,3.98982,3.98982,3.98982,3.98982,0,0
HKOHKD2M,D,20221107,000000,4.04679,4.04679,4.04679,4.04679,0,0
HKOHKD2M,D,20221108,000000,4.07768,4.07768,4.07768,4.07768,0,0
HKOHKD2M,D,20221109,000000,4.08571,4.08571,4.08571,4.08571,0,0
HKOHKD2M,D,20221110,000000,4.10512,4.10512,4.10512,4.10512,0,0
HKOHKD2M,D,20221111,000000,4.15405,4.15405,4.15405,4.15405,0,0
HKOHKD2M,D,20221114,000000,4.24631,4.24631,4.24631,4.24631,0,0
HKOHKD2M,D,20221115,000000,4.28179,4.28179,4.28179,4.28179,0,0
HKOHKD2M,D,20221116,000000,4.33893,4.33893,4.33893,4.33893,0,0
HKOHKD2M,D,20221117,000000,4.40054,4.40054,4.40054,4.40054,0,0
HKOHKD2M,D,20221118,000000,4.38476,4.38476,4.38476,4.38476,0,0
HKOHKD2M,D,20221121,000000,4.39316,4.39316,4.39316,4.39316,0,0
HKOHKD2M,D,20221122,000000,4.47292,4.47292,4.47292,4.47292,0,0
HKOHKD2M,D,20221123,000000,4.49143,4.49143,4.49143,4.49143,0,0
HKOHKD2M,D,20221124,000000,4.49833,4.49833,4.49833,4.49833,0,0
HKOHKD2M,D,20221125,000000,4.54649,4.54649,4.54649,4.54649,0,0
HKOHKD2M,D,20221128,000000,4.55185,4.55185,4.55185,4.55185,0,0
HKOHKD2M,D,20221129,000000,4.58958,4.58958,4.58958,4.58958,0,0
HKOHKD2M,D,20221130,000000,4.7056,4.7056,4.7056,4.7056,0,0
HKOHKD2M,D,20221201,000000,4.85786,4.85786,4.85786,4.85786,0,0
HKOHKD2M,D,20221202,000000,4.93196,4.93196,4.93196,4.93196,0,0
HKOHKD2M,D,20221205,000000,5.02643,5.02643,5.02643,5.02643,0,0
HKOHKD2M,D,20221206,000000,5.11863,5.11863,5.11863,5.11863,0,0
HKOHKD2M,D,20221207,000000,5.08191,5.08191,5.08191,5.08191,0,0
HKOHKD2M,D,20221208,000000,5.08571,5.08571,5.08571,5.08571,0,0
HKOHKD2M,D,20221209,000000,5.06726,5.06726,5.06726,5.06726,0,0
HKOHKD2M,D,20221212,000000,5.08315,5.08315,5.08315,5.08315,0,0
HKOHKD2M,D,20221213,000000,5.07643,5.07643,5.07643,5.07643,0,0
HKOHKD2M,D,20221214,000000,5.09929,5.09929,5.09929,5.09929,0,0
HKOHKD2M,D,20221215,000000,5.10369,5.10369,5.10369,5.10369,0,0
HKOHKD2M,D,20221216,000000,5.10298,5.10298,5.10298,5.10298,0,0
HKOHKD2M,D,20221219,000000,5.05679,5.05679,5.05679,5.05679,0,0
HKOHKD2M,D,20221220,000000,5.03304,5.03304,5.03304,5.03304,0,0
HKOHKD2M,D,20221221,000000,4.94929,4.94929,4.94929,4.94929,0,0
HKOHKD2M,D,20221222,000000,4.87952,4.87952,4.87952,4.87952,0,0
HKOHKD2M,D,20221223,000000,4.85185,4.85185,4.85185,4.85185,0,0
HKOHKD2M,D,20221228,000000,4.82494,4.82494,4.82494,4.82494,0,0
HKOHKD2M,D,20221229,000000,4.79881,4.79881,4.79881,4.79881,0,0
HKOHKD2M,D,20221230,000000,4.73857,4.73857,4.73857,4.73857,0,0
HKOHKD2M,D,20230103,000000,4.66577,4.66577,4.66577,4.66577,0,0
HKOHKD2M,D,20230104,000000,4.33202,4.33202,4.33202,4.33202,0,0
HKOHKD2M,D,20230105,000000,4.06857,4.06857,4.06857,4.06857,0,0
HKOHKD2M,D,20230106,000000,4.01464,4.01464,4.01464,4.01464,0,0
HKOHKD2M,D,20230109,000000,3.98107,3.98107,3.98107,3.98107,0,0
HKOHKD2M,D,20230110,000000,3.92316,3.92316,3.92316,3.92316,0,0
HKOHKD2M,D,20230111,000000,3.83696,3.83696,3.83696,3.83696,0,0
HKOHKD2M,D,20230112,000000,3.79899,3.79899,3.79899,3.79899,0,0
HKOHKD2M,D,20230113,000000,3.78054,3.78054,3.78054,3.78054,0,0
HKOHKD2M,D,20230116,000000,3.67548,3.67548,3.67548,3.67548,0,0
HKOHKD2M,D,20230117,000000,3.64232,3.64232,3.64232,3.64232,0,0
HKOHKD2M,D,20230118,000000,3.62905,3.62905,3.62905,3.62905,0,0
HKOHKD2M,D,20230119,000000,3.56393,3.56393,3.56393,3.56393,0,0
HKOHKD2M,D,20230120,000000,3.52232,3.52232,3.52232,3.52232,0,0
HKOHKD2M,D,20230126,000000,3.50851,3.50851,3.50851,3.50851,0,0
HKOHKD2M,D,20230127,000000,3.44607,3.44607,3.44607,3.44607,0,0
HKOHKD2M,D,20230130,000000,3.35881,3.35881,3.35881,3.35881,0,0
HKOHKD2M,D,20230131,000000,3.32863,3.32863,3.32863,3.32863,0,0
HKOHKD2M,D,20230201,000000,3.28833,3.28833,3.28833,3.28833,0,0
HKOHKD2M,D,20230202,000000,3.20441,3.20441,3.20441,3.20441,0,0
HKOHKD2M,D,20230203,000000,3.10911,3.10911,3.10911,3.10911,0,0
HKOHKD2M,D,20230206,000000,3.14286,3.14286,3.14286,3.14286,0,0
HKOHKD2M,D,20230207,000000,3.10071,3.10071,3.10071,3.10071,0,0
HKOHKD2M,D,20230208,000000,3.07512,3.07512,3.07512,3.07512,0,0
HKOHKD2M,D,20230209,000000,3.05185,3.05185,3.05185,3.05185,0,0
HKOHKD2M,D,20230210,000000,3.03304,3.03304,3.03304,3.03304,0,0
HKOHKD2M,D,20230213,000000,3.01607,3.01607,3.01607,3.01607,0,0
HKOHKD2M,D,20230214,000000,2.98339,2.98339,2.98339,2.98339,0,0
HKOHKD2M,D,20230215,000000,3.00256,3.00256,3.00256,3.00256,0,0
HKOHKD2M,D,20230216,000000,3.00655,3.00655,3.00655,3.00655,0,0
HKOHKD2M,D,20230217,000000,3.09601,3.09601,3.09601,3.09601,0,0
HKOHKD2M,D,20230220,000000,3.19113,3.19113,3.19113,3.19113,0,0
HKOHKD2M,D,20230221,000000,3.33476,3.33476,3.33476,3.33476,0,0
HKOHKD2M,D,20230222,000000,3.34655,3.34655,3.34655,3.34655,0,0
HKOHKD2M,D,20230223,000000,3.37298,3.37298,3.37298,3.37298,0,0
HKOHKD2M,D,20230224,000000,3.39929,3.39929,3.39929,3.39929,0,0
HKOHKD2M,D,20230227,000000,3.40768,3.40768,3.40768,3.40768,0,0
HKOHKD2M,D,20230228,000000,3.42048,3.42048,3.42048,3.42048,0,0
HKOHKD2M,D,20230301,000000,3.42768,3.42768,3.42768,3.42768,0,0
HKOHKD2M,D,20230302,000000,3.42881,3.42881,3.42881,3.42881,0,0
HKOHKD2M,D,20230303,000000,3.4281,3.4281,3.4281,3.4281,0,0
HKOHKD2M,D,20230306,000000,3.42881,3.42881,3.42881,3.42881,0,0
HKOHKD2M,D,20230307,000000,3.44048,3.44048,3.44048,3.44048,0,0
HKOHKD2M,D,20230308,000000,3.57833,3.57833,3.57833,3.57833,0,0
HKOHKD2M,D,20230309,000000,3.65185,3.65185,3.65185,3.65185,0,0
HKOHKD2M,D,20230310,000000,3.72786,3.72786,3.72786,3.72786,0,0
HKOHKD2M,D,20230313,000000,3.76536,3.76536,3.76536,3.76536,0,0
HKOHKD2M,D,20230314,000000,3.66589,3.66589,3.66589,3.66589,0,0
HKOHKD2M,D,20230315,000000,3.54244,3.54244,3.54244,3.54244,0,0
HKOHKD2M,D,20230316,000000,3.45589,3.45589,3.45589,3.45589,0,0
HKOHKD2M,D,20230317,000000,3.42488,3.42488,3.42488,3.42488,0,0
HKOHKD2M,D,20230320,000000,3.41792,3.41792,3.41792,3.41792,0,0
HKOHKD2M,D,20230321,000000,3.54494,3.54494,3.54494,3.54494,0,0
HKOHKD2M,D,20230322,000000,3.47762,3.47762,3.47762,3.47762,0,0
HKOHKD2M,D,20230323,000000,3.52405,3.52405,3.52405,3.52405,0,0
HKOHKD2M,D,20230324,000000,3.50387,3.50387,3.50387,3.50387,0,0
HKOHKD2M,D,20230327,000000,3.46804,3.46804,3.46804,3.46804,0,0
HKOHKD2M,D,20230328,000000,3.44476,3.44476,3.44476,3.44476,0,0
HKOHKD2M,D,20230329,000000,3.43917,3.43917,3.43917,3.43917,0,0
HKOHKD2M,D,20230330,000000,3.43494,3.43494,3.43494,3.43494,0,0
HKOHKD2M,D,20230331,000000,3.43708,3.43708,3.43708,3.43708,0,0
HKOHKD2M,D,20230403,000000,3.3772,3.3772,3.3772,3.3772,0,0
HKOHKD2M,D,20230404,000000,3.30363,3.30363,3.30363,3.30363,0,0
HKOHKD2M,D,20230406,000000,3.2297,3.2297,3.2297,3.2297,0,0
HKOHKD2M,D,20230411,000000,3.21393,3.21393,3.21393,3.21393,0,0
HKOHKD2M,D,20230412,000000,3.15357,3.15357,3.15357,3.15357,0,0
HKOHKD2M,D,20230413,000000,3.17262,3.17262,3.17262,3.17262,0,0
HKOHKD2M,D,20230414,000000,3.23839,3.23839,3.23839,3.23839,0,0
HKOHKD2M,D,20230417,000000,3.23899,3.23899,3.23899,3.23899,0,0
HKOHKD2M,D,20230418,000000,3.23756,3.23756,3.23756,3.23756,0,0
HKOHKD2M,D,20230419,000000,3.28071,3.28071,3.28071,3.28071,0,0
