<TICKER>,<PER>,<DATE>,<TIME>,<OPEN>,<HIGH>,<LOW>,<CLOSE>,<VOL>,<OPENINT>
HKOHKD3M,D,20200402,000000,1.94821,1.94821,1.94821,1.94821,0,0
HKOHKD3M,D,20200403,000000,1.94964,1.94964,1.94964,1.94964,0,0
HKOHKD3M,D,20200406,000000,1.95863,1.95863,1.95863,1.95863,0,0
HKOHKD3M,D,20200407,000000,1.96149,1.96149,1.96149,1.96149,0,0
HKOHKD3M,D,20200408,000000,1.92339,1.92339,1.92339,1.92339,0,0
HKOHKD3M,D,20200409,000000,1.94768,1.94768,1.94768,1.94768,0,0
HKOHKD3M,D,20200414,000000,1.94696,1.94696,1.94696,1.94696,0,0
HKOHKD3M,D,20200415,000000,1.91137,1.91137,1.91137,1.91137,0,0
HKOHKD3M,D,20200416,000000,1.90012,1.90012,1.90012,1.90012,0,0
HKOHKD3M,D,20200417,000000,1.89869,1.89869,1.89869,1.89869,0,0
HKOHKD3M,D,20200420,000000,1.8778,1.8778,1.8778,1.8778,0,0
HKOHKD3M,D,20200421,000000,1.86696,1.86696,1.86696,1.86696,0,0
HKOHKD3M,D,20200422,000000,1.82696,1.82696,1.82696,1.82696,0,0
HKOHKD3M,D,20200423,000000,1.79786,1.79786,1.79786,1.79786,0,0
HKOHKD3M,D,20200424,000000,1.78625,1.78625,1.78625,1.78625,0,0
HKOHKD3M,D,20200427,000000,1.75357,1.75357,1.75357,1.75357,0,0
HKOHKD3M,D,20200428,000000,1.69518,1.69518,1.69518,1.69518,0,0
HKOHKD3M,D,20200429,000000,1.66363,1.66363,1.66363,1.66363,0,0
HKOHKD3M,D,20200504,000000,1.63821,1.63821,1.63821,1.63821,0,0
HKOHKD3M,D,20200505,000000,1.45268,1.45268,1.45268,1.45268,0,0
HKOHKD3M,D,20200506,000000,1.35571,1.35571,1.35571,1.35571,0,0
HKOHKD3M,D,20200507,000000,1.34339,1.34339,1.34339,1.34339,0,0
HKOHKD3M,D,20200508,000000,1.31006,1.31006,1.31006,1.31006,0,0
HKOHKD3M,D,20200511,000000,1.23,1.23,1.23,1.23,0,0
HKOHKD3M,D,20200512,000000,1.21857,1.21857,1.21857,1.21857,0,0
HKOHKD3M,D,20200513,000000,1.2025,1.2025,1.2025,1.2025,0,0
HKOHKD3M,D,20200514,000000,1.19839,1.19839,1.19839,1.19839,0,0
HKOHKD3M,D,20200515,000000,1.13762,1.13762,1.13762,1.13762,0,0
HKOHKD3M,D,20200518,000000,1.09429,1.09429,1.09429,1.09429,0,0
HKOHKD3M,D,20200519,000000,1.07637,1.07637,1.07637,1.07637,0,0
HKOHKD3M,D,20200520,000000,1.05946,1.05946,1.05946,1.05946,0,0
HKOHKD3M,D,20200521,000000,1.05655,1.05655,1.05655,1.05655,0,0
HKOHKD3M,D,20200522,000000,1.28869,1.28869,1.28869,1.28869,0,0
HKOHKD3M,D,20200525,000000,1.35571,1.35571,1.35571,1.35571,0,0
HKOHKD3M,D,20200526,000000,1.18232,1.18232,1.18232,1.18232,0,0
HKOHKD3M,D,20200527,000000,1.16214,1.16214,1.16214,1.16214,0,0
HKOHKD3M,D,20200528,000000,1.24738,1.24738,1.24738,1.24738,0,0
HKOHKD3M,D,20200529,000000,1.24667,1.24667,1.24667,1.24667,0,0
HKOHKD3M,D,20200601,000000,1.19857,1.19857,1.19857,1.19857,0,0
HKOHKD3M,D,20200602,000000,1.13089,1.13089,1.13089,1.13089,0,0
HKOHKD3M,D,20200603,000000,1.10143,1.10143,1.10143,1.10143,0,0
HKOHKD3M,D,20200604,000000,1.06036,1.06036,1.06036,1.06036,0,0
HKOHKD3M,D,20200605,000000,1.03661,1.03661,1.03661,1.03661,0,0
HKOHKD3M,D,20200608,000000,1.01887,1.01887,1.01887,1.01887,0,0
HKOHKD3M,D,20200609,000000,1.01887,1.01887,1.01887,1.01887,0,0
HKOHKD3M,D,20200610,000000,0.9572,0.9572,0.9572,0.9572,0,0
HKOHKD3M,D,20200611,000000,0.90339,0.90339,0.90339,0.90339,0,0
HKOHKD3M,D,20200612,000000,0.89411,0.89411,0.89411,0.89411,0,0
HKOHKD3M,D,20200615,000000,0.92756,0.92756,0.92756,0.92756,0,0
HKOHKD3M,D,20200616,000000,0.90941,0.90941,0.90941,0.90941,0,0
HKOHKD3M,D,20200617,000000,0.89268,0.89268,0.89268,0.89268,0,0
HKOHKD3M,D,20200618,000000,0.84691,0.84691,0.84691,0.84691,0,0
HKOHKD3M,D,20200619,000000,0.82095,0.82095,0.82095,0.82095,0,0
HKOHKD3M,D,20200622,000000,0.82595,0.82595,0.82595,0.82595,0,0
HKOHKD3M,D,20200623,000000,0.82417,0.82417,0.82417,0.82417,0,0
HKOHKD3M,D,20200624,000000,0.82167,0.82167,0.82167,0.82167,0,0
HKOHKD3M,D,20200626,000000,0.8206,0.8206,0.8206,0.8206,0,0
HKOHKD3M,D,20200629,000000,0.79667,0.79667,0.79667,0.79667,0,0
HKOHKD3M,D,20200630,000000,0.77786,0.77786,0.77786,0.77786,0,0
HKOHKD3M,D,20200702,000000,0.7856,0.7856,0.7856,0.7856,0,0
HKOHKD3M,D,20200703,000000,0.78345,0.78345,0.78345,0.78345,0,0
HKOHKD3M,D,20200706,000000,0.73464,0.73464,0.73464,0.73464,0,0
HKOHKD3M,D,20200707,000000,0.70756,0.70756,0.70756,0.70756,0,0
HKOHKD3M,D,20200708,000000,0.67036,0.67036,0.67036,0.67036,0,0
HKOHKD3M,D,20200709,000000,0.63768,0.63768,0.63768,0.63768,0,0
HKOHKD3M,D,20200710,000000,0.63161,0.63161,0.63161,0.63161,0,0
HKOHKD3M,D,20200713,000000,0.60786,0.60786,0.60786,0.60786,0,0
HKOHKD3M,D,20200714,000000,0.57571,0.57571,0.57571,0.57571,0,0
HKOHKD3M,D,20200715,000000,0.56393,0.56393,0.56393,0.56393,0,0
HKOHKD3M,D,20200716,000000,0.56179,0.56179,0.56179,0.56179,0,0
HKOHKD3M,D,20200717,000000,0.51768,0.51768,0.51768,0.51768,0,0
HKOHKD3M,D,20200720,000000,0.48982,0.48982,0.48982,0.48982,0,0
HKOHKD3M,D,20200721,000000,0.4775,0.4775,0.4775,0.4775,0,0
HKOHKD3M,D,20200722,000000,0.47994,0.47994,0.47994,0.47994,0,0
HKOHKD3M,D,20200723,000000,0.48071,0.48071,0.48071,0.48071,0,0
HKOHKD3M,D,20200724,000000,0.47571,0.47571,0.47571,0.47571,0,0
HKOHKD3M,D,20200727,000000,0.45732,0.45732,0.45732,0.45732,0,0
HKOHKD3M,D,20200728,000000,0.45429,0.45429,0.45429,0.45429,0,0
HKOHKD3M,D,20200729,000000,0.45071,0.45071,0.45071,0.45071,0,0
HKOHKD3M,D,20200730,000000,0.45214,0.45214,0.45214,0.45214,0,0
HKOHKD3M,D,20200731,000000,0.45119,0.45119,0.45119,0.45119,0,0
HKOHKD3M,D,20200803,000000,0.45,0.45,0.45,0.45,0,0
HKOHKD3M,D,20200804,000000,0.45286,0.45286,0.45286,0.45286,0,0
HKOHKD3M,D,20200805,000000,0.47661,0.47661,0.47661,0.47661,0,0
HKOHKD3M,D,20200806,000000,0.46036,0.46036,0.46036,0.46036,0,0
HKOHKD3M,D,20200807,000000,0.45125,0.45125,0.45125,0.45125,0,0
HKOHKD3M,D,20200810,000000,0.44571,0.44571,0.44571,0.44571,0,0
HKOHKD3M,D,20200811,000000,0.45768,0.45768,0.45768,0.45768,0,0
HKOHKD3M,D,20200812,000000,0.44143,0.44143,0.44143,0.44143,0,0
HKOHKD3M,D,20200813,000000,0.445,0.445,0.445,0.445,0,0
HKOHKD3M,D,20200814,000000,0.44643,0.44643,0.44643,0.44643,0,0
HKOHKD3M,D,20200817,000000,0.44286,0.44286,0.44286,0.44286,0,0
HKOHKD3M,D,20200818,000000,0.44429,0.44429,0.44429,0.44429,0,0
HKOHKD3M,D,20200820,000000,0.44286,0.44286,0.44286,0.44286,0,0
HKOHKD3M,D,20200821,000000,0.45018,0.45018,0.45018,0.45018,0,0
HKOHKD3M,D,20200824,000000,0.44339,0.44339,0.44339,0.44339,0,0
HKOHKD3M,D,20200825,000000,0.44196,0.44196,0.44196,0.44196,0,0
HKOHKD3M,D,20200826,000000,0.44339,0.44339,0.44339,0.44339,0,0
HKOHKD3M,D,20200827,000000,0.45964,0.45964,0.45964,0.45964,0,0
HKOHKD3M,D,20200828,000000,0.47119,0.47119,0.47119,0.47119,0,0
HKOHKD3M,D,20200831,000000,0.48845,0.48845,0.48845,0.48845,0,0
HKOHKD3M,D,20200901,000000,0.51161,0.51161,0.51161,0.51161,0,0
HKOHKD3M,D,20200902,000000,0.51625,0.51625,0.51625,0.51625,0,0
HKOHKD3M,D,20200903,000000,0.51554,0.51554,0.51554,0.51554,0,0
HKOHKD3M,D,20200904,000000,0.51839,0.51839,0.51839,0.51839,0,0
HKOHKD3M,D,20200907,000000,0.51482,0.51482,0.51482,0.51482,0,0
HKOHKD3M,D,20200908,000000,0.51482,0.51482,0.51482,0.51482,0,0
HKOHKD3M,D,20200909,000000,0.52262,0.52262,0.52262,0.52262,0,0
HKOHKD3M,D,20200910,000000,0.52333,0.52333,0.52333,0.52333,0,0
HKOHKD3M,D,20200911,000000,0.54327,0.54327,0.54327,0.54327,0,0
HKOHKD3M,D,20200914,000000,0.54054,0.54054,0.54054,0.54054,0,0
HKOHKD3M,D,20200915,000000,0.54268,0.54268,0.54268,0.54268,0,0
HKOHKD3M,D,20200916,000000,0.54411,0.54411,0.54411,0.54411,0,0
HKOHKD3M,D,20200917,000000,0.57369,0.57369,0.57369,0.57369,0,0
HKOHKD3M,D,20200918,000000,0.60351,0.60351,0.60351,0.60351,0,0
HKOHKD3M,D,20200921,000000,0.63113,0.63113,0.63113,0.63113,0,0
HKOHKD3M,D,20200922,000000,0.66018,0.66018,0.66018,0.66018,0,0
HKOHKD3M,D,20200923,000000,0.65,0.65,0.65,0.65,0,0
HKOHKD3M,D,20200924,000000,0.63232,0.63232,0.63232,0.63232,0,0
HKOHKD3M,D,20200925,000000,0.62875,0.62875,0.62875,0.62875,0,0
HKOHKD3M,D,20200928,000000,0.61964,0.61964,0.61964,0.61964,0,0
HKOHKD3M,D,20200929,000000,0.61125,0.61125,0.61125,0.61125,0,0
HKOHKD3M,D,20200930,000000,0.60857,0.60857,0.60857,0.60857,0,0
HKOHKD3M,D,20201005,000000,0.58714,0.58714,0.58714,0.58714,0,0
HKOHKD3M,D,20201006,000000,0.57661,0.57661,0.57661,0.57661,0,0
HKOHKD3M,D,20201007,000000,0.56964,0.56964,0.56964,0.56964,0,0
HKOHKD3M,D,20201008,000000,0.55893,0.55893,0.55893,0.55893,0,0
HKOHKD3M,D,20201009,000000,0.55,0.55,0.55,0.55,0,0
HKOHKD3M,D,20201012,000000,0.54929,0.54929,0.54929,0.54929,0,0
HKOHKD3M,D,20201014,000000,0.55,0.55,0.55,0.55,0,0
HKOHKD3M,D,20201015,000000,0.54125,0.54125,0.54125,0.54125,0,0
HKOHKD3M,D,20201016,000000,0.54196,0.54196,0.54196,0.54196,0,0
HKOHKD3M,D,20201019,000000,0.54196,0.54196,0.54196,0.54196,0,0
HKOHKD3M,D,20201020,000000,0.54125,0.54125,0.54125,0.54125,0,0
HKOHKD3M,D,20201021,000000,0.54857,0.54857,0.54857,0.54857,0,0
HKOHKD3M,D,20201022,000000,0.54054,0.54054,0.54054,0.54054,0,0
HKOHKD3M,D,20201023,000000,0.54054,0.54054,0.54054,0.54054,0,0
HKOHKD3M,D,20201027,000000,0.54054,0.54054,0.54054,0.54054,0,0
HKOHKD3M,D,20201028,000000,0.54054,0.54054,0.54054,0.54054,0,0
HKOHKD3M,D,20201029,000000,0.51054,0.51054,0.51054,0.51054,0,0
HKOHKD3M,D,20201030,000000,0.50268,0.50268,0.50268,0.50268,0,0
HKOHKD3M,D,20201102,000000,0.47946,0.47946,0.47946,0.47946,0,0
HKOHKD3M,D,20201103,000000,0.46089,0.46089,0.46089,0.46089,0,0
HKOHKD3M,D,20201104,000000,0.46071,0.46071,0.46071,0.46071,0,0
HKOHKD3M,D,20201105,000000,0.43571,0.43571,0.43571,0.43571,0,0
HKOHKD3M,D,20201106,000000,0.42286,0.42286,0.42286,0.42286,0,0
HKOHKD3M,D,20201109,000000,0.37518,0.37518,0.37518,0.37518,0,0
HKOHKD3M,D,20201110,000000,0.34679,0.34679,0.34679,0.34679,0,0
HKOHKD3M,D,20201111,000000,0.33446,0.33446,0.33446,0.33446,0,0
HKOHKD3M,D,20201112,000000,0.32536,0.32536,0.32536,0.32536,0,0
HKOHKD3M,D,20201113,000000,0.3225,0.3225,0.3225,0.3225,0,0
HKOHKD3M,D,20201116,000000,0.32179,0.32179,0.32179,0.32179,0,0
HKOHKD3M,D,20201117,000000,0.32393,0.32393,0.32393,0.32393,0,0
HKOHKD3M,D,20201118,000000,0.32321,0.32321,0.32321,0.32321,0,0
HKOHKD3M,D,20201119,000000,0.32321,0.32321,0.32321,0.32321,0,0
HKOHKD3M,D,20201120,000000,0.31196,0.31196,0.31196,0.31196,0,0
HKOHKD3M,D,20201123,000000,0.30804,0.30804,0.30804,0.30804,0,0
HKOHKD3M,D,20201124,000000,0.30268,0.30268,0.30268,0.30268,0,0
HKOHKD3M,D,20201125,000000,0.30196,0.30196,0.30196,0.30196,0,0
HKOHKD3M,D,20201126,000000,0.30196,0.30196,0.30196,0.30196,0,0
HKOHKD3M,D,20201127,000000,0.29982,0.29982,0.29982,0.29982,0,0
HKOHKD3M,D,20201130,000000,0.30089,0.30089,0.30089,0.30089,0,0
HKOHKD3M,D,20201201,000000,0.30679,0.30679,0.30679,0.30679,0,0
HKOHKD3M,D,20201202,000000,0.30679,0.30679,0.30679,0.30679,0,0
HKOHKD3M,D,20201203,000000,0.30536,0.30536,0.30536,0.30536,0,0
HKOHKD3M,D,20201204,000000,0.30607,0.30607,0.30607,0.30607,0,0
HKOHKD3M,D,20201207,000000,0.31107,0.31107,0.31107,0.31107,0,0
HKOHKD3M,D,20201208,000000,0.32839,0.32839,0.32839,0.32839,0,0
HKOHKD3M,D,20201209,000000,0.34196,0.34196,0.34196,0.34196,0,0
HKOHKD3M,D,20201210,000000,0.34857,0.34857,0.34857,0.34857,0,0
HKOHKD3M,D,20201211,000000,0.35,0.35,0.35,0.35,0,0
HKOHKD3M,D,20201214,000000,0.36554,0.36554,0.36554,0.36554,0,0
HKOHKD3M,D,20201215,000000,0.37036,0.37036,0.37036,0.37036,0,0
HKOHKD3M,D,20201216,000000,0.37643,0.37643,0.37643,0.37643,0,0
HKOHKD3M,D,20201217,000000,0.37786,0.37786,0.37786,0.37786,0,0
HKOHKD3M,D,20201218,000000,0.37714,0.37714,0.37714,0.37714,0,0
HKOHKD3M,D,20201221,000000,0.37714,0.37714,0.37714,0.37714,0,0
HKOHKD3M,D,20201222,000000,0.37429,0.37429,0.37429,0.37429,0,0
HKOHKD3M,D,20201223,000000,0.37643,0.37643,0.37643,0.37643,0,0
HKOHKD3M,D,20201224,000000,0.36304,0.36304,0.36304,0.36304,0,0
HKOHKD3M,D,20201228,000000,0.36196,0.36196,0.36196,0.36196,0,0
HKOHKD3M,D,20201229,000000,0.35911,0.35911,0.35911,0.35911,0,0
HKOHKD3M,D,20201230,000000,0.35643,0.35643,0.35643,0.35643,0,0
HKOHKD3M,D,20201231,000000,0.35143,0.35143,0.35143,0.35143,0,0
HKOHKD3M,D,20210104,000000,0.33054,0.33054,0.33054,0.33054,0,0
HKOHKD3M,D,20210105,000000,0.30982,0.30982,0.30982,0.30982,0,0
HKOHKD3M,D,20210106,000000,0.30036,0.30036,0.30036,0.30036,0,0
HKOHKD3M,D,20210107,000000,0.29821,0.29821,0.29821,0.29821,0,0
HKOHKD3M,D,20210108,000000,0.29232,0.29232,0.29232,0.29232,0,0
HKOHKD3M,D,20210111,000000,0.28107,0.28107,0.28107,0.28107,0,0
HKOHKD3M,D,20210112,000000,0.27214,0.27214,0.27214,0.27214,0,0
HKOHKD3M,D,20210113,000000,0.27054,0.27054,0.27054,0.27054,0,0
HKOHKD3M,D,20210114,000000,0.27054,0.27054,0.27054,0.27054,0,0
HKOHKD3M,D,20210115,000000,0.26875,0.26875,0.26875,0.26875,0,0
HKOHKD3M,D,20210118,000000,0.27161,0.27161,0.27161,0.27161,0,0
HKOHKD3M,D,20210119,000000,0.25,0.25,0.25,0.25,0,0
HKOHKD3M,D,20210120,000000,0.24214,0.24214,0.24214,0.24214,0,0
HKOHKD3M,D,20210121,000000,0.24089,0.24089,0.24089,0.24089,0,0
HKOHKD3M,D,20210122,000000,0.24018,0.24018,0.24018,0.24018,0,0
HKOHKD3M,D,20210125,000000,0.24018,0.24018,0.24018,0.24018,0,0
HKOHKD3M,D,20210126,000000,0.245,0.245,0.245,0.245,0,0
HKOHKD3M,D,20210127,000000,0.24143,0.24143,0.24143,0.24143,0,0
HKOHKD3M,D,20210128,000000,0.24,0.24,0.24,0.24,0,0
HKOHKD3M,D,20210129,000000,0.2425,0.2425,0.2425,0.2425,0,0
HKOHKD3M,D,20210201,000000,0.24214,0.24214,0.24214,0.24214,0,0
HKOHKD3M,D,20210202,000000,0.23929,0.23929,0.23929,0.23929,0,0
HKOHKD3M,D,20210203,000000,0.23768,0.23768,0.23768,0.23768,0,0
HKOHKD3M,D,20210204,000000,0.23839,0.23839,0.23839,0.23839,0,0
HKOHKD3M,D,20210205,000000,0.23536,0.23536,0.23536,0.23536,0,0
HKOHKD3M,D,20210208,000000,0.2375,0.2375,0.2375,0.2375,0,0
HKOHKD3M,D,20210209,000000,0.23536,0.23536,0.23536,0.23536,0,0
HKOHKD3M,D,20210210,000000,0.23536,0.23536,0.23536,0.23536,0,0
HKOHKD3M,D,20210211,000000,0.23393,0.23393,0.23393,0.23393,0,0
HKOHKD3M,D,20210216,000000,0.23464,0.23464,0.23464,0.23464,0,0
HKOHKD3M,D,20210217,000000,0.23393,0.23393,0.23393,0.23393,0,0
HKOHKD3M,D,20210218,000000,0.23321,0.23321,0.23321,0.23321,0,0
HKOHKD3M,D,20210219,000000,0.2325,0.2325,0.2325,0.2325,0,0
HKOHKD3M,D,20210222,000000,0.23393,0.23393,0.23393,0.23393,0,0
HKOHKD3M,D,20210223,000000,0.2325,0.2325,0.2325,0.2325,0,0
HKOHKD3M,D,20210224,000000,0.23321,0.23321,0.23321,0.23321,0,0
HKOHKD3M,D,20210225,000000,0.22786,0.22786,0.22786,0.22786,0,0
HKOHKD3M,D,20210226,000000,0.22714,0.22714,0.22714,0.22714,0,0
HKOHKD3M,D,20210301,000000,0.22643,0.22643,0.22643,0.22643,0,0
HKOHKD3M,D,20210302,000000,0.22411,0.22411,0.22411,0.22411,0,0
HKOHKD3M,D,20210303,000000,0.22589,0.22589,0.22589,0.22589,0,0
HKOHKD3M,D,20210304,000000,0.22518,0.22518,0.22518,0.22518,0,0
HKOHKD3M,D,20210305,000000,0.22518,0.22518,0.22518,0.22518,0,0
HKOHKD3M,D,20210308,000000,0.22589,0.22589,0.22589,0.22589,0,0
HKOHKD3M,D,20210309,000000,0.24357,0.24357,0.24357,0.24357,0,0
HKOHKD3M,D,20210310,000000,0.24952,0.24952,0.24952,0.24952,0,0
HKOHKD3M,D,20210311,000000,0.23732,0.23732,0.23732,0.23732,0,0
HKOHKD3M,D,20210312,000000,0.23661,0.23661,0.23661,0.23661,0,0
HKOHKD3M,D,20210315,000000,0.23696,0.23696,0.23696,0.23696,0,0
HKOHKD3M,D,20210316,000000,0.23518,0.23518,0.23518,0.23518,0,0
HKOHKD3M,D,20210317,000000,0.23661,0.23661,0.23661,0.23661,0,0
HKOHKD3M,D,20210318,000000,0.23423,0.23423,0.23423,0.23423,0,0
HKOHKD3M,D,20210319,000000,0.23423,0.23423,0.23423,0.23423,0,0
HKOHKD3M,D,20210322,000000,0.23518,0.23518,0.23518,0.23518,0,0
HKOHKD3M,D,20210323,000000,0.2325,0.2325,0.2325,0.2325,0,0
HKOHKD3M,D,20210324,000000,0.23179,0.23179,0.23179,0.23179,0,0
HKOHKD3M,D,20210325,000000,0.22911,0.22911,0.22911,0.22911,0,0
HKOHKD3M,D,20210326,000000,0.22768,0.22768,0.22768,0.22768,0,0
HKOHKD3M,D,20210329,000000,0.22696,0.22696,0.22696,0.22696,0,0
HKOHKD3M,D,20210330,000000,0.22911,0.22911,0.22911,0.22911,0,0
HKOHKD3M,D,20210331,000000,0.22673,0.22673,0.22673,0.22673,0,0
HKOHKD3M,D,20210401,000000,0.22589,0.22589,0.22589,0.22589,0,0
HKOHKD3M,D,20210407,000000,0.20821,0.20821,0.20821,0.20821,0,0
HKOHKD3M,D,20210408,000000,0.22304,0.22304,0.22304,0.22304,0,0
HKOHKD3M,D,20210409,000000,0.22077,0.22077,0.22077,0.22077,0,0
HKOHKD3M,D,20210412,000000,0.21196,0.21196,0.21196,0.21196,0,0
HKOHKD3M,D,20210413,000000,0.21125,0.21125,0.21125,0.21125,0,0
HKOHKD3M,D,20210414,000000,0.20643,0.20643,0.20643,0.20643,0,0
HKOHKD3M,D,20210415,000000,0.20161,0.20161,0.20161,0.20161,0,0
HKOHKD3M,D,20210416,000000,0.20232,0.20232,0.20232,0.20232,0,0
HKOHKD3M,D,20210419,000000,0.20161,0.20161,0.20161,0.20161,0,0
HKOHKD3M,D,20210420,000000,0.19,0.19,0.19,0.19,0,0
HKOHKD3M,D,20210421,000000,0.18321,0.18321,0.18321,0.18321,0,0
HKOHKD3M,D,20210422,000000,0.17929,0.17929,0.17929,0.17929,0,0
HKOHKD3M,D,20210423,000000,0.17589,0.17589,0.17589,0.17589,0,0
HKOHKD3M,D,20210426,000000,0.17446,0.17446,0.17446,0.17446,0,0
HKOHKD3M,D,20210427,000000,0.17518,0.17518,0.17518,0.17518,0,0
HKOHKD3M,D,20210428,000000,0.17446,0.17446,0.17446,0.17446,0,0
HKOHKD3M,D,20210429,000000,0.17375,0.17375,0.17375,0.17375,0,0
HKOHKD3M,D,20210430,000000,0.17375,0.17375,0.17375,0.17375,0,0
HKOHKD3M,D,20210503,000000,0.17446,0.17446,0.17446,0.17446,0,0
HKOHKD3M,D,20210504,000000,0.17518,0.17518,0.17518,0.17518,0,0
HKOHKD3M,D,20210505,000000,0.17446,0.17446,0.17446,0.17446,0,0
HKOHKD3M,D,20210506,000000,0.17321,0.17321,0.17321,0.17321,0,0
HKOHKD3M,D,20210507,000000,0.17321,0.17321,0.17321,0.17321,0,0
HKOHKD3M,D,20210510,000000,0.17321,0.17321,0.17321,0.17321,0,0
HKOHKD3M,D,20210511,000000,0.17393,0.17393,0.17393,0.17393,0,0
HKOHKD3M,D,20210512,000000,0.17179,0.17179,0.17179,0.17179,0,0
HKOHKD3M,D,20210513,000000,0.17321,0.17321,0.17321,0.17321,0,0
HKOHKD3M,D,20210514,000000,0.17179,0.17179,0.17179,0.17179,0,0
HKOHKD3M,D,20210517,000000,0.17321,0.17321,0.17321,0.17321,0,0
HKOHKD3M,D,20210518,000000,0.17179,0.17179,0.17179,0.17179,0,0
HKOHKD3M,D,20210520,000000,0.17179,0.17179,0.17179,0.17179,0,0
HKOHKD3M,D,20210521,000000,0.17321,0.17321,0.17321,0.17321,0,0
HKOHKD3M,D,20210524,000000,0.17179,0.17179,0.17179,0.17179,0,0
HKOHKD3M,D,20210525,000000,0.16964,0.16964,0.16964,0.16964,0,0
HKOHKD3M,D,20210526,000000,0.17107,0.17107,0.17107,0.17107,0,0
HKOHKD3M,D,20210527,000000,0.17179,0.17179,0.17179,0.17179,0,0
HKOHKD3M,D,20210528,000000,0.17179,0.17179,0.17179,0.17179,0,0
HKOHKD3M,D,20210531,000000,0.1725,0.1725,0.1725,0.1725,0,0
HKOHKD3M,D,20210601,000000,0.1725,0.1725,0.1725,0.1725,0,0
HKOHKD3M,D,20210602,000000,0.1725,0.1725,0.1725,0.1725,0,0
HKOHKD3M,D,20210603,000000,0.17321,0.17321,0.17321,0.17321,0,0
HKOHKD3M,D,20210604,000000,0.1725,0.1725,0.1725,0.1725,0,0
HKOHKD3M,D,20210607,000000,0.17036,0.17036,0.17036,0.17036,0,0
HKOHKD3M,D,20210608,000000,0.17107,0.17107,0.17107,0.17107,0,0
HKOHKD3M,D,20210609,000000,0.1725,0.1725,0.1725,0.1725,0,0
HKOHKD3M,D,20210610,000000,0.17107,0.17107,0.17107,0.17107,0,0
HKOHKD3M,D,20210611,000000,0.17107,0.17107,0.17107,0.17107,0,0
HKOHKD3M,D,20210615,000000,0.1725,0.1725,0.1725,0.1725,0,0
HKOHKD3M,D,20210616,000000,0.17321,0.17321,0.17321,0.17321,0,0
HKOHKD3M,D,20210617,000000,0.1725,0.1725,0.1725,0.1725,0,0
HKOHKD3M,D,20210618,000000,0.17179,0.17179,0.17179,0.17179,0,0
HKOHKD3M,D,20210621,000000,0.1725,0.1725,0.1725,0.1725,0,0
HKOHKD3M,D,20210622,000000,0.17179,0.17179,0.17179,0.17179,0,0
HKOHKD3M,D,20210628,000000,0.17107,0.17107,0.17107,0.17107,0,0
HKOHKD3M,D,20210629,000000,0.17179,0.17179,0.17179,0.17179,0,0
HKOHKD3M,D,20210630,000000,0.17036,0.17036,0.17036,0.17036,0,0
HKOHKD3M,D,20210701,000000,0.17036,0.17036,0.17036,0.17036,0,0
HKOHKD3M,D,20210707,000000,0.16381,0.16381,0.16381,0.16381,0,0
HKOHKD3M,D,20210708,000000,0.16738,0.16738,0.16738,0.16738,0,0
HKOHKD3M,D,20210709,000000,0.16667,0.16667,0.16667,0.16667,0,0
HKOHKD3M,D,20210712,000000,0.16821,0.16821,0.16821,0.16821,0,0
HKOHKD3M,D,20210713,000000,0.1625,0.1625,0.1625,0.1625,0,0
HKOHKD3M,D,20210714,000000,0.15911,0.15911,0.15911,0.15911,0,0
HKOHKD3M,D,20210715,000000,0.15804,0.15804,0.15804,0.15804,0,0
HKOHKD3M,D,20210716,000000,0.15839,0.15839,0.15839,0.15839,0,0
HKOHKD3M,D,20210719,000000,0.15607,0.15607,0.15607,0.15607,0,0
HKOHKD3M,D,20210720,000000,0.15357,0.15357,0.15357,0.15357,0,0
HKOHKD3M,D,20210721,000000,0.15089,0.15089,0.15089,0.15089,0,0
HKOHKD3M,D,20210722,000000,0.15018,0.15018,0.15018,0.15018,0,0
HKOHKD3M,D,20210723,000000,0.14946,0.14946,0.14946,0.14946,0,0
HKOHKD3M,D,20210726,000000,0.14946,0.14946,0.14946,0.14946,0,0
HKOHKD3M,D,20210727,000000,0.15018,0.15018,0.15018,0.15018,0,0
HKOHKD3M,D,20210728,000000,0.14946,0.14946,0.14946,0.14946,0,0
HKOHKD3M,D,20210729,000000,0.14804,0.14804,0.14804,0.14804,0,0
HKOHKD3M,D,20210730,000000,0.14875,0.14875,0.14875,0.14875,0,0
HKOHKD3M,D,20210802,000000,0.14875,0.14875,0.14875,0.14875,0,0
HKOHKD3M,D,20210803,000000,0.15089,0.15089,0.15089,0.15089,0,0
HKOHKD3M,D,20210804,000000,0.14875,0.14875,0.14875,0.14875,0,0
HKOHKD3M,D,20210805,000000,0.15018,0.15018,0.15018,0.15018,0,0
HKOHKD3M,D,20210806,000000,0.14946,0.14946,0.14946,0.14946,0,0
HKOHKD3M,D,20210809,000000,0.14946,0.14946,0.14946,0.14946,0,0
HKOHKD3M,D,20210810,000000,0.14946,0.14946,0.14946,0.14946,0,0
HKOHKD3M,D,20210811,000000,0.14679,0.14679,0.14679,0.14679,0,0
HKOHKD3M,D,20210812,000000,0.14286,0.14286,0.14286,0.14286,0,0
HKOHKD3M,D,20210813,000000,0.14286,0.14286,0.14286,0.14286,0,0
HKOHKD3M,D,20210816,000000,0.14196,0.14196,0.14196,0.14196,0,0
HKOHKD3M,D,20210817,000000,0.14143,0.14143,0.14143,0.14143,0,0
HKOHKD3M,D,20210818,000000,0.14424,0.14424,0.14424,0.14424,0,0
HKOHKD3M,D,20210819,000000,0.14393,0.14393,0.14393,0.14393,0,0
HKOHKD3M,D,20210820,000000,0.14411,0.14411,0.14411,0.14411,0,0
HKOHKD3M,D,20210823,000000,0.14482,0.14482,0.14482,0.14482,0,0
HKOHKD3M,D,20210824,000000,0.14554,0.14554,0.14554,0.14554,0,0
HKOHKD3M,D,20210825,000000,0.14184,0.14184,0.14184,0.14184,0,0
HKOHKD3M,D,20210826,000000,0.14064,0.14064,0.14064,0.14064,0,0
HKOHKD3M,D,20210827,000000,0.14071,0.14071,0.14071,0.14071,0,0
HKOHKD3M,D,20210830,000000,0.14271,0.14271,0.14271,0.14271,0,0
HKOHKD3M,D,20210831,000000,0.15149,0.15149,0.15149,0.15149,0,0
HKOHKD3M,D,20210901,000000,0.14804,0.14804,0.14804,0.14804,0,0
HKOHKD3M,D,20210902,000000,0.14696,0.14696,0.14696,0.14696,0,0
HKOHKD3M,D,20210903,000000,0.14554,0.14554,0.14554,0.14554,0,0
HKOHKD3M,D,20210906,000000,0.14214,0.14214,0.14214,0.14214,0,0
HKOHKD3M,D,20210907,000000,0.14411,0.14411,0.14411,0.14411,0,0
HKOHKD3M,D,20210908,000000,0.14482,0.14482,0.14482,0.14482,0,0
HKOHKD3M,D,20210909,000000,0.14482,0.14482,0.14482,0.14482,0,0
HKOHKD3M,D,20210910,000000,0.14411,0.14411,0.14411,0.14411,0,0
HKOHKD3M,D,20210913,000000,0.14257,0.14257,0.14257,0.14257,0,0
HKOHKD3M,D,20210914,000000,0.14036,0.14036,0.14036,0.14036,0,0
HKOHKD3M,D,20210915,000000,0.14071,0.14071,0.14071,0.14071,0,0
HKOHKD3M,D,20210916,000000,0.14066,0.14066,0.14066,0.14066,0,0
HKOHKD3M,D,20210917,000000,0.14071,0.14071,0.14071,0.14071,0,0
HKOHKD3M,D,20210920,000000,0.14143,0.14143,0.14143,0.14143,0,0
HKOHKD3M,D,20210921,000000,0.14179,0.14179,0.14179,0.14179,0,0
HKOHKD3M,D,20210923,000000,0.14107,0.14107,0.14107,0.14107,0,0
HKOHKD3M,D,20210924,000000,0.13929,0.13929,0.13929,0.13929,0,0
HKOHKD3M,D,20210927,000000,0.14071,0.14071,0.14071,0.14071,0,0
HKOHKD3M,D,20210928,000000,0.14,0.14,0.14,0.14,0,0
HKOHKD3M,D,20210929,000000,0.14071,0.14071,0.14071,0.14071,0,0
HKOHKD3M,D,20210930,000000,0.14,0.14,0.14,0.14,0,0
HKOHKD3M,D,20211004,000000,0.14143,0.14143,0.14143,0.14143,0,0
HKOHKD3M,D,20211008,000000,0.13679,0.13679,0.13679,0.13679,0,0
HKOHKD3M,D,20211011,000000,0.13714,0.13714,0.13714,0.13714,0,0
HKOHKD3M,D,20211012,000000,0.13899,0.13899,0.13899,0.13899,0,0
HKOHKD3M,D,20211015,000000,0.14476,0.14476,0.14476,0.14476,0,0
HKOHKD3M,D,20211018,000000,0.15143,0.15143,0.15143,0.15143,0,0
HKOHKD3M,D,20211019,000000,0.15339,0.15339,0.15339,0.15339,0,0
HKOHKD3M,D,20211020,000000,0.15196,0.15196,0.15196,0.15196,0,0
HKOHKD3M,D,20211021,000000,0.15125,0.15125,0.15125,0.15125,0,0
HKOHKD3M,D,20211022,000000,0.15268,0.15268,0.15268,0.15268,0,0
HKOHKD3M,D,20211025,000000,0.15161,0.15161,0.15161,0.15161,0,0
HKOHKD3M,D,20211026,000000,0.15196,0.15196,0.15196,0.15196,0,0
HKOHKD3M,D,20211027,000000,0.15324,0.15324,0.15324,0.15324,0,0
HKOHKD3M,D,20211028,000000,0.15375,0.15375,0.15375,0.15375,0,0
HKOHKD3M,D,20211029,000000,0.15375,0.15375,0.15375,0.15375,0,0
HKOHKD3M,D,20211101,000000,0.15304,0.15304,0.15304,0.15304,0,0
HKOHKD3M,D,20211102,000000,0.15589,0.15589,0.15589,0.15589,0,0
HKOHKD3M,D,20211103,000000,0.15518,0.15518,0.15518,0.15518,0,0
HKOHKD3M,D,20211104,000000,0.15857,0.15857,0.15857,0.15857,0,0
HKOHKD3M,D,20211105,000000,0.15821,0.15821,0.15821,0.15821,0,0
HKOHKD3M,D,20211108,000000,0.15857,0.15857,0.15857,0.15857,0,0
HKOHKD3M,D,20211109,000000,0.15898,0.15898,0.15898,0.15898,0,0
HKOHKD3M,D,20211110,000000,0.1625,0.1625,0.1625,0.1625,0,0
HKOHKD3M,D,20211111,000000,0.16661,0.16661,0.16661,0.16661,0,0
HKOHKD3M,D,20211112,000000,0.17429,0.17429,0.17429,0.17429,0,0
HKOHKD3M,D,20211115,000000,0.17464,0.17464,0.17464,0.17464,0,0
HKOHKD3M,D,20211116,000000,0.17982,0.17982,0.17982,0.17982,0,0
HKOHKD3M,D,20211117,000000,0.18292,0.18292,0.18292,0.18292,0,0
HKOHKD3M,D,20211118,000000,0.18875,0.18875,0.18875,0.18875,0,0
HKOHKD3M,D,20211119,000000,0.20167,0.20167,0.20167,0.20167,0,0
HKOHKD3M,D,20211122,000000,0.20625,0.20625,0.20625,0.20625,0,0
HKOHKD3M,D,20211123,000000,0.20857,0.20857,0.20857,0.20857,0,0
HKOHKD3M,D,20211124,000000,0.20893,0.20893,0.20893,0.20893,0,0
HKOHKD3M,D,20211125,000000,0.21069,0.21069,0.21069,0.21069,0,0
HKOHKD3M,D,20211126,000000,0.22536,0.22536,0.22536,0.22536,0,0
HKOHKD3M,D,20211129,000000,0.23149,0.23149,0.23149,0.23149,0,0
HKOHKD3M,D,20211130,000000,0.23512,0.23512,0.23512,0.23512,0,0
HKOHKD3M,D,20211201,000000,0.24964,0.24964,0.24964,0.24964,0,0
HKOHKD3M,D,20211202,000000,0.25077,0.25077,0.25077,0.25077,0,0
HKOHKD3M,D,20211203,000000,0.25768,0.25768,0.25768,0.25768,0,0
HKOHKD3M,D,20211206,000000,0.25929,0.25929,0.25929,0.25929,0,0
HKOHKD3M,D,20211207,000000,0.26226,0.26226,0.26226,0.26226,0,0
HKOHKD3M,D,20211208,000000,0.26083,0.26083,0.26083,0.26083,0,0
HKOHKD3M,D,20211209,000000,0.25732,0.25732,0.25732,0.25732,0,0
HKOHKD3M,D,20211210,000000,0.26042,0.26042,0.26042,0.26042,0,0
HKOHKD3M,D,20211213,000000,0.25946,0.25946,0.25946,0.25946,0,0
HKOHKD3M,D,20211214,000000,0.25911,0.25911,0.25911,0.25911,0,0
HKOHKD3M,D,20211215,000000,0.25732,0.25732,0.25732,0.25732,0,0
HKOHKD3M,D,20211216,000000,0.25732,0.25732,0.25732,0.25732,0,0
HKOHKD3M,D,20211217,000000,0.25661,0.25661,0.25661,0.25661,0,0
HKOHKD3M,D,20211220,000000,0.25732,0.25732,0.25732,0.25732,0,0
HKOHKD3M,D,20211221,000000,0.25804,0.25804,0.25804,0.25804,0,0
HKOHKD3M,D,20211222,000000,0.25732,0.25732,0.25732,0.25732,0,0
HKOHKD3M,D,20211223,000000,0.25839,0.25839,0.25839,0.25839,0,0
HKOHKD3M,D,20211224,000000,0.25911,0.25911,0.25911,0.25911,0,0
HKOHKD3M,D,20211228,000000,0.25804,0.25804,0.25804,0.25804,0,0
HKOHKD3M,D,20211229,000000,0.25839,0.25839,0.25839,0.25839,0,0
HKOHKD3M,D,20211230,000000,0.25661,0.25661,0.25661,0.25661,0,0
HKOHKD3M,D,20211231,000000,0.25875,0.25875,0.25875,0.25875,0,0
HKOHKD3M,D,20220103,000000,0.25696,0.25696,0.25696,0.25696,0,0
HKOHKD3M,D,20220104,000000,0.25381,0.25381,0.25381,0.25381,0,0
HKOHKD3M,D,20220105,000000,0.25411,0.25411,0.25411,0.25411,0,0
HKOHKD3M,D,20220106,000000,0.25363,0.25363,0.25363,0.25363,0,0
HKOHKD3M,D,20220107,000000,0.25363,0.25363,0.25363,0.25363,0,0
HKOHKD3M,D,20220110,000000,0.24304,0.24304,0.24304,0.24304,0,0
HKOHKD3M,D,20220111,000000,0.24321,0.24321,0.24321,0.24321,0,0
HKOHKD3M,D,20220112,000000,0.23964,0.23964,0.23964,0.23964,0,0
HKOHKD3M,D,20220113,000000,0.24036,0.24036,0.24036,0.24036,0,0
HKOHKD3M,D,20220114,000000,0.2553,0.2553,0.2553,0.2553,0,0
HKOHKD3M,D,20220117,000000,0.26095,0.26095,0.26095,0.26095,0,0
HKOHKD3M,D,20220118,000000,0.26661,0.26661,0.26661,0.26661,0,0
HKOHKD3M,D,20220119,000000,0.2822,0.2822,0.2822,0.2822,0,0
HKOHKD3M,D,20220120,000000,0.28661,0.28661,0.28661,0.28661,0,0
HKOHKD3M,D,20220121,000000,0.29339,0.29339,0.29339,0.29339,0,0
HKOHKD3M,D,20220124,000000,0.30083,0.30083,0.30083,0.30083,0,0
HKOHKD3M,D,20220125,000000,0.30411,0.30411,0.30411,0.30411,0,0
HKOHKD3M,D,20220126,000000,0.31042,0.31042,0.31042,0.31042,0,0
HKOHKD3M,D,20220127,000000,0.32446,0.32446,0.32446,0.32446,0,0
HKOHKD3M,D,20220128,000000,0.32946,0.32946,0.32946,0.32946,0,0
HKOHKD3M,D,20220131,000000,0.33042,0.33042,0.33042,0.33042,0,0
HKOHKD3M,D,20220204,000000,0.33369,0.33369,0.33369,0.33369,0,0
HKOHKD3M,D,20220207,000000,0.33441,0.33441,0.33441,0.33441,0,0
HKOHKD3M,D,20220208,000000,0.33762,0.33762,0.33762,0.33762,0,0
HKOHKD3M,D,20220209,000000,0.35369,0.35369,0.35369,0.35369,0,0
HKOHKD3M,D,20220210,000000,0.36179,0.36179,0.36179,0.36179,0,0
HKOHKD3M,D,20220211,000000,0.36125,0.36125,0.36125,0.36125,0,0
HKOHKD3M,D,20220214,000000,0.38964,0.38964,0.38964,0.38964,0,0
HKOHKD3M,D,20220215,000000,0.4,0.4,0.4,0.4,0,0
HKOHKD3M,D,20220216,000000,0.40554,0.40554,0.40554,0.40554,0,0
HKOHKD3M,D,20220217,000000,0.40821,0.40821,0.40821,0.40821,0,0
HKOHKD3M,D,20220218,000000,0.41506,0.41506,0.41506,0.41506,0,0
HKOHKD3M,D,20220221,000000,0.41798,0.41798,0.41798,0.41798,0,0
HKOHKD3M,D,20220222,000000,0.41691,0.41691,0.41691,0.41691,0,0
HKOHKD3M,D,20220223,000000,0.41762,0.41762,0.41762,0.41762,0,0
HKOHKD3M,D,20220224,000000,0.41833,0.41833,0.41833,0.41833,0,0
HKOHKD3M,D,20220225,000000,0.43815,0.43815,0.43815,0.43815,0,0
HKOHKD3M,D,20220228,000000,0.43792,0.43792,0.43792,0.43792,0,0
HKOHKD3M,D,20220301,000000,0.43506,0.43506,0.43506,0.43506,0,0
HKOHKD3M,D,20220302,000000,0.4372,0.4372,0.4372,0.4372,0,0
HKOHKD3M,D,20220303,000000,0.44304,0.44304,0.44304,0.44304,0,0
HKOHKD3M,D,20220304,000000,0.44845,0.44845,0.44845,0.44845,0,0
HKOHKD3M,D,20220307,000000,0.47512,0.47512,0.47512,0.47512,0,0
HKOHKD3M,D,20220308,000000,0.48857,0.48857,0.48857,0.48857,0,0
HKOHKD3M,D,20220309,000000,0.49524,0.49524,0.49524,0.49524,0,0
HKOHKD3M,D,20220310,000000,0.5253,0.5253,0.5253,0.5253,0,0
HKOHKD3M,D,20220311,000000,0.53464,0.53464,0.53464,0.53464,0,0
HKOHKD3M,D,20220314,000000,0.55018,0.55018,0.55018,0.55018,0,0
HKOHKD3M,D,20220315,000000,0.57131,0.57131,0.57131,0.57131,0,0
HKOHKD3M,D,20220316,000000,0.5756,0.5756,0.5756,0.5756,0,0
HKOHKD3M,D,20220317,000000,0.59024,0.59024,0.59024,0.59024,0,0
HKOHKD3M,D,20220318,000000,0.59887,0.59887,0.59887,0.59887,0,0
HKOHKD3M,D,20220321,000000,0.60696,0.60696,0.60696,0.60696,0,0
HKOHKD3M,D,20220322,000000,0.61024,0.61024,0.61024,0.61024,0,0
HKOHKD3M,D,20220323,000000,0.62929,0.62929,0.62929,0.62929,0,0
HKOHKD3M,D,20220324,000000,0.64286,0.64286,0.64286,0.64286,0,0
HKOHKD3M,D,20220325,000000,0.66077,0.66077,0.66077,0.66077,0,0
HKOHKD3M,D,20220328,000000,0.66714,0.66714,0.66714,0.66714,0,0
HKOHKD3M,D,20220329,000000,0.66786,0.66786,0.66786,0.66786,0,0
HKOHKD3M,D,20220330,000000,0.61441,0.61441,0.61441,0.61441,0,0
HKOHKD3M,D,20220331,000000,0.55476,0.55476,0.55476,0.55476,0,0
HKOHKD3M,D,20220401,000000,0.52887,0.52887,0.52887,0.52887,0,0
HKOHKD3M,D,20220404,000000,0.51155,0.51155,0.51155,0.51155,0,0
HKOHKD3M,D,20220406,000000,0.50649,0.50649,0.50649,0.50649,0,0
HKOHKD3M,D,20220407,000000,0.5081,0.5081,0.5081,0.5081,0,0
HKOHKD3M,D,20220408,000000,0.50738,0.50738,0.50738,0.50738,0,0
HKOHKD3M,D,20220411,000000,0.5081,0.5081,0.5081,0.5081,0,0
HKOHKD3M,D,20220412,000000,0.50845,0.50845,0.50845,0.50845,0,0
HKOHKD3M,D,20220413,000000,0.50786,0.50786,0.50786,0.50786,0,0
HKOHKD3M,D,20220414,000000,0.50786,0.50786,0.50786,0.50786,0,0
HKOHKD3M,D,20220419,000000,0.51685,0.51685,0.51685,0.51685,0,0
HKOHKD3M,D,20220420,000000,0.515,0.515,0.515,0.515,0,0
HKOHKD3M,D,20220421,000000,0.52304,0.52304,0.52304,0.52304,0,0
HKOHKD3M,D,20220422,000000,0.5256,0.5256,0.5256,0.5256,0,0
HKOHKD3M,D,20220425,000000,0.55,0.55,0.55,0.55,0,0
HKOHKD3M,D,20220426,000000,0.62417,0.62417,0.62417,0.62417,0,0
HKOHKD3M,D,20220427,000000,0.66881,0.66881,0.66881,0.66881,0,0
HKOHKD3M,D,20220428,000000,0.69988,0.69988,0.69988,0.69988,0,0
HKOHKD3M,D,20220429,000000,0.72875,0.72875,0.72875,0.72875,0,0
HKOHKD3M,D,20220503,000000,0.72625,0.72625,0.72625,0.72625,0,0
HKOHKD3M,D,20220504,000000,0.73935,0.73935,0.73935,0.73935,0,0
HKOHKD3M,D,20220505,000000,0.74185,0.74185,0.74185,0.74185,0,0
HKOHKD3M,D,20220506,000000,0.74893,0.74893,0.74893,0.74893,0,0
HKOHKD3M,D,20220510,000000,0.75292,0.75292,0.75292,0.75292,0,0
HKOHKD3M,D,20220511,000000,0.76339,0.76339,0.76339,0.76339,0,0
HKOHKD3M,D,20220512,000000,0.79054,0.79054,0.79054,0.79054,0,0
HKOHKD3M,D,20220513,000000,0.82661,0.82661,0.82661,0.82661,0,0
HKOHKD3M,D,20220516,000000,0.83774,0.83774,0.83774,0.83774,0,0
HKOHKD3M,D,20220517,000000,0.85399,0.85399,0.85399,0.85399,0,0
HKOHKD3M,D,20220518,000000,0.87119,0.87119,0.87119,0.87119,0,0
HKOHKD3M,D,20220519,000000,0.88673,0.88673,0.88673,0.88673,0,0
HKOHKD3M,D,20220520,000000,0.89042,0.89042,0.89042,0.89042,0,0
HKOHKD3M,D,20220523,000000,0.89774,0.89774,0.89774,0.89774,0,0
HKOHKD3M,D,20220524,000000,0.9,0.9,0.9,0.9,0,0
HKOHKD3M,D,20220525,000000,0.89952,0.89952,0.89952,0.89952,0,0
HKOHKD3M,D,20220526,000000,0.90143,0.90143,0.90143,0.90143,0,0
HKOHKD3M,D,20220527,000000,0.89952,0.89952,0.89952,0.89952,0,0
HKOHKD3M,D,20220530,000000,0.89881,0.89881,0.89881,0.89881,0,0
HKOHKD3M,D,20220531,000000,0.89738,0.89738,0.89738,0.89738,0,0
HKOHKD3M,D,20220601,000000,0.89952,0.89952,0.89952,0.89952,0,0
HKOHKD3M,D,20220602,000000,0.89994,0.89994,0.89994,0.89994,0,0
HKOHKD3M,D,20220606,000000,0.89923,0.89923,0.89923,0.89923,0,0
HKOHKD3M,D,20220607,000000,0.89923,0.89923,0.89923,0.89923,0,0
HKOHKD3M,D,20220608,000000,0.89756,0.89756,0.89756,0.89756,0,0
HKOHKD3M,D,20220609,000000,0.89994,0.89994,0.89994,0.89994,0,0
HKOHKD3M,D,20220610,000000,0.92,0.92,0.92,0.92,0,0
HKOHKD3M,D,20220613,000000,0.94071,0.94071,0.94071,0.94071,0,0
HKOHKD3M,D,20220614,000000,1.03839,1.03839,1.03839,1.03839,0,0
HKOHKD3M,D,20220615,000000,1.09375,1.09375,1.09375,1.09375,0,0
HKOHKD3M,D,20220616,000000,1.17524,1.17524,1.17524,1.17524,0,0
HKOHKD3M,D,20220617,000000,1.28982,1.28982,1.28982,1.28982,0,0
HKOHKD3M,D,20220620,000000,1.34577,1.34577,1.34577,1.34577,0,0
HKOHKD3M,D,20220621,000000,1.42661,1.42661,1.42661,1.42661,0,0
HKOHKD3M,D,20220622,000000,1.47792,1.47792,1.47792,1.47792,0,0
HKOHKD3M,D,20220623,000000,1.61036,1.61036,1.61036,1.61036,0,0
HKOHKD3M,D,20220624,000000,1.68179,1.68179,1.68179,1.68179,0,0
HKOHKD3M,D,20220627,000000,1.72792,1.72792,1.72792,1.72792,0,0
HKOHKD3M,D,20220628,000000,1.73786,1.73786,1.73786,1.73786,0,0
HKOHKD3M,D,20220629,000000,1.74113,1.74113,1.74113,1.74113,0,0
HKOHKD3M,D,20220630,000000,1.75226,1.75226,1.75226,1.75226,0,0
HKOHKD3M,D,20220704,000000,1.75423,1.75423,1.75423,1.75423,0,0
HKOHKD3M,D,20220705,000000,1.74589,1.74589,1.74589,1.74589,0,0
HKOHKD3M,D,20220706,000000,1.73036,1.73036,1.73036,1.73036,0,0
HKOHKD3M,D,20220707,000000,1.72744,1.72744,1.72744,1.72744,0,0
HKOHKD3M,D,20220708,000000,1.71393,1.71393,1.71393,1.71393,0,0
HKOHKD3M,D,20220714,000000,1.735,1.735,1.735,1.735,0,0
HKOHKD3M,D,20220715,000000,1.73571,1.73571,1.73571,1.73571,0,0
HKOHKD3M,D,20220718,000000,1.75536,1.75536,1.75536,1.75536,0,0
HKOHKD3M,D,20220719,000000,1.80375,1.80375,1.80375,1.80375,0,0
HKOHKD3M,D,20220720,000000,1.87851,1.87851,1.87851,1.87851,0,0
HKOHKD3M,D,20220721,000000,1.92155,1.92155,1.92155,1.92155,0,0
HKOHKD3M,D,20220722,000000,1.9897,1.9897,1.9897,1.9897,0,0
HKOHKD3M,D,20220725,000000,2.01786,2.01786,2.01786,2.01786,0,0
HKOHKD3M,D,20220726,000000,2.0531,2.0531,2.0531,2.0531,0,0
HKOHKD3M,D,20220727,000000,2.14155,2.14155,2.14155,2.14155,0,0
HKOHKD3M,D,20220728,000000,2.19161,2.19161,2.19161,2.19161,0,0
HKOHKD3M,D,20220729,000000,2.2,2.2,2.2,2.2,0,0
HKOHKD3M,D,20220801,000000,2.20768,2.20768,2.20768,2.20768,0,0
HKOHKD3M,D,20220802,000000,2.2006,2.2006,2.2006,2.2006,0,0
HKOHKD3M,D,20220803,000000,2.20696,2.20696,2.20696,2.20696,0,0
HKOHKD3M,D,20220804,000000,2.22083,2.22083,2.22083,2.22083,0,0
HKOHKD3M,D,20220805,000000,2.22982,2.22982,2.22982,2.22982,0,0
HKOHKD3M,D,20220808,000000,2.28661,2.28661,2.28661,2.28661,0,0
HKOHKD3M,D,20220809,000000,2.30958,2.30958,2.30958,2.30958,0,0
HKOHKD3M,D,20220810,000000,2.32226,2.32226,2.32226,2.32226,0,0
HKOHKD3M,D,20220811,000000,2.35631,2.35631,2.35631,2.35631,0,0
HKOHKD3M,D,20220812,000000,2.37786,2.37786,2.37786,2.37786,0,0
HKOHKD3M,D,20220815,000000,2.39089,2.39089,2.39089,2.39089,0,0
HKOHKD3M,D,20220816,000000,2.44935,2.44935,2.44935,2.44935,0,0
HKOHKD3M,D,20220817,000000,2.49911,2.49911,2.49911,2.49911,0,0
HKOHKD3M,D,20220818,000000,2.50792,2.50792,2.50792,2.50792,0,0
HKOHKD3M,D,20220819,000000,2.51691,2.51691,2.51691,2.51691,0,0
HKOHKD3M,D,20220822,000000,2.52345,2.52345,2.52345,2.52345,0,0
HKOHKD3M,D,20220823,000000,2.54101,2.54101,2.54101,2.54101,0,0
HKOHKD3M,D,20220824,000000,2.55512,2.55512,2.55512,2.55512,0,0
HKOHKD3M,D,20220826,000000,2.59887,2.59887,2.59887,2.59887,0,0
HKOHKD3M,D,20220829,000000,2.62,2.62,2.62,2.62,0,0
HKOHKD3M,D,20220830,000000,2.6297,2.6297,2.6297,2.6297,0,0
HKOHKD3M,D,20220831,000000,2.6528,2.6528,2.6528,2.6528,0,0
HKOHKD3M,D,20220901,000000,2.68161,2.68161,2.68161,2.68161,0,0
HKOHKD3M,D,20220902,000000,2.70774,2.70774,2.70774,2.70774,0,0
HKOHKD3M,D,20220905,000000,2.72226,2.72226,2.72226,2.72226,0,0
HKOHKD3M,D,20220906,000000,2.74595,2.74595,2.74595,2.74595,0,0
HKOHKD3M,D,20220907,000000,2.75982,2.75982,2.75982,2.75982,0,0
HKOHKD3M,D,20220908,000000,2.76441,2.76441,2.76441,2.76441,0,0
HKOHKD3M,D,20220909,000000,2.78917,2.78917,2.78917,2.78917,0,0
HKOHKD3M,D,20220913,000000,2.79518,2.79518,2.79518,2.79518,0,0
HKOHKD3M,D,20220914,000000,2.82899,2.82899,2.82899,2.82899,0,0
HKOHKD3M,D,20220915,000000,2.90042,2.90042,2.90042,2.90042,0,0
HKOHKD3M,D,20220916,000000,2.97875,2.97875,2.97875,2.97875,0,0
HKOHKD3M,D,20220919,000000,3.01577,3.01577,3.01577,3.01577,0,0
HKOHKD3M,D,20220920,000000,3.08464,3.08464,3.08464,3.08464,0,0
HKOHKD3M,D,20220921,000000,3.15845,3.15845,3.15845,3.15845,0,0
HKOHKD3M,D,20220922,000000,3.18202,3.18202,3.18202,3.18202,0,0
HKOHKD3M,D,20220923,000000,3.20113,3.20113,3.20113,3.20113,0,0
HKOHKD3M,D,20220926,000000,3.22018,3.22018,3.22018,3.22018,0,0
HKOHKD3M,D,20220927,000000,3.24452,3.24452,3.24452,3.24452,0,0
HKOHKD3M,D,20220928,000000,3.25107,3.25107,3.25107,3.25107,0,0
HKOHKD3M,D,20220929,000000,3.28536,3.28536,3.28536,3.28536,0,0
HKOHKD3M,D,20220930,000000,3.33327,3.33327,3.33327,3.33327,0,0
HKOHKD3M,D,20221003,000000,3.35018,3.35018,3.35018,3.35018,0,0
HKOHKD3M,D,20221005,000000,3.40077,3.40077,3.40077,3.40077,0,0
HKOHKD3M,D,20221006,000000,3.45571,3.45571,3.45571,3.45571,0,0
HKOHKD3M,D,20221007,000000,3.52917,3.52917,3.52917,3.52917,0,0
HKOHKD3M,D,20221010,000000,3.55857,3.55857,3.55857,3.55857,0,0
HKOHKD3M,D,20221011,000000,3.60333,3.60333,3.60333,3.60333,0,0
HKOHKD3M,D,20221012,000000,3.62292,3.62292,3.62292,3.62292,0,0
HKOHKD3M,D,20221013,000000,3.68506,3.68506,3.68506,3.68506,0,0
HKOHKD3M,D,20221014,000000,3.81536,3.81536,3.81536,3.81536,0,0
HKOHKD3M,D,20221017,000000,3.95089,3.95089,3.95089,3.95089,0,0
HKOHKD3M,D,20221018,000000,4.04488,4.04488,4.04488,4.04488,0,0
HKOHKD3M,D,20221019,000000,4.11869,4.11869,4.11869,4.11869,0,0
HKOHKD3M,D,20221020,000000,4.15071,4.15071,4.15071,4.15071,0,0
HKOHKD3M,D,20221021,000000,4.24214,4.24214,4.24214,4.24214,0,0
HKOHKD3M,D,20221024,000000,4.31756,4.31756,4.31756,4.31756,0,0
HKOHKD3M,D,20221025,000000,4.38506,4.38506,4.38506,4.38506,0,0
HKOHKD3M,D,20221026,000000,4.41476,4.41476,4.41476,4.41476,0,0
HKOHKD3M,D,20221027,000000,4.47982,4.47982,4.47982,4.47982,0,0
HKOHKD3M,D,20221028,000000,4.55351,4.55351,4.55351,4.55351,0,0
HKOHKD3M,D,20221031,000000,4.58536,4.58536,4.58536,4.58536,0,0
HKOHKD3M,D,20221101,000000,4.63238,4.63238,4.63238,4.63238,0,0
HKOHKD3M,D,20221102,000000,4.68399,4.68399,4.68399,4.68399,0,0
HKOHKD3M,D,20221103,000000,4.72714,4.72714,4.72714,4.72714,0,0
HKOHKD3M,D,20221104,000000,4.76714,4.76714,4.76714,4.76714,0,0
HKOHKD3M,D,20221107,000000,4.77774,4.77774,4.77774,4.77774,0,0
HKOHKD3M,D,20221108,000000,4.79827,4.79827,4.79827,4.79827,0,0
HKOHKD3M,D,20221109,000000,4.81429,4.81429,4.81429,4.81429,0,0
HKOHKD3M,D,20221110,000000,4.82083,4.82083,4.82083,4.82083,0,0
HKOHKD3M,D,20221111,000000,4.87333,4.87333,4.87333,4.87333,0,0
HKOHKD3M,D,20221114,000000,4.97333,4.97333,4.97333,4.97333,0,0
HKOHKD3M,D,20221115,000000,5.00964,5.00964,5.00964,5.00964,0,0
HKOHKD3M,D,20221116,000000,5.05375,5.05375,5.05375,5.05375,0,0
HKOHKD3M,D,20221117,000000,5.11071,5.11071,5.11071,5.11071,0,0
HKOHKD3M,D,20221118,000000,5.11583,5.11583,5.11583,5.11583,0,0
HKOHKD3M,D,20221121,000000,5.14762,5.14762,5.14762,5.14762,0,0
HKOHKD3M,D,20221122,000000,5.17661,5.17661,5.17661,5.17661,0,0
HKOHKD3M,D,20221123,000000,5.19042,5.19042,5.19042,5.19042,0,0
HKOHKD3M,D,20221124,000000,5.20066,5.20066,5.20066,5.20066,0,0
HKOHKD3M,D,20221125,000000,5.22089,5.22089,5.22089,5.22089,0,0
HKOHKD3M,D,20221128,000000,5.22911,5.22911,5.22911,5.22911,0,0
HKOHKD3M,D,20221129,000000,5.27018,5.27018,5.27018,5.27018,0,0
HKOHKD3M,D,20221130,000000,5.3075,5.3075,5.3075,5.3075,0,0
HKOHKD3M,D,20221201,000000,5.31869,5.31869,5.31869,5.31869,0,0
HKOHKD3M,D,20221202,000000,5.34875,5.34875,5.34875,5.34875,0,0
HKOHKD3M,D,20221205,000000,5.38887,5.38887,5.38887,5.38887,0,0
HKOHKD3M,D,20221206,000000,5.41691,5.41691,5.41691,5.41691,0,0
HKOHKD3M,D,20221207,000000,5.40571,5.40571,5.40571,5.40571,0,0
HKOHKD3M,D,20221208,000000,5.39554,5.39554,5.39554,5.39554,0,0
HKOHKD3M,D,20221209,000000,5.39929,5.39929,5.39929,5.39929,0,0
HKOHKD3M,D,20221212,000000,5.40768,5.40768,5.40768,5.40768,0,0
HKOHKD3M,D,20221213,000000,5.40768,5.40768,5.40768,5.40768,0,0
HKOHKD3M,D,20221214,000000,5.40768,5.40768,5.40768,5.40768,0,0
HKOHKD3M,D,20221215,000000,5.40714,5.40714,5.40714,5.40714,0,0
HKOHKD3M,D,20221216,000000,5.40786,5.40786,5.40786,5.40786,0,0
HKOHKD3M,D,20221219,000000,5.37607,5.37607,5.37607,5.37607,0,0
HKOHKD3M,D,20221220,000000,5.3547,5.3547,5.3547,5.3547,0,0
HKOHKD3M,D,20221221,000000,5.23643,5.23643,5.23643,5.23643,0,0
HKOHKD3M,D,20221222,000000,5.12036,5.12036,5.12036,5.12036,0,0
HKOHKD3M,D,20221223,000000,5.0447,5.0447,5.0447,5.0447,0,0
HKOHKD3M,D,20221228,000000,5.0281,5.0281,5.0281,5.0281,0,0
HKOHKD3M,D,20221229,000000,5.02446,5.02446,5.02446,5.02446,0,0
HKOHKD3M,D,20221230,000000,4.99351,4.99351,4.99351,4.99351,0,0
HKOHKD3M,D,20230103,000000,4.95286,4.95286,4.95286,4.95286,0,0
HKOHKD3M,D,20230104,000000,4.65036,4.65036,4.65036,4.65036,0,0
HKOHKD3M,D,20230105,000000,4.43,4.43,4.43,4.43,0,0
HKOHKD3M,D,20230106,000000,4.44655,4.44655,4.44655,4.44655,0,0
HKOHKD3M,D,20230109,000000,4.39631,4.39631,4.39631,4.39631,0,0
HKOHKD3M,D,20230110,000000,4.31619,4.31619,4.31619,4.31619,0,0
HKOHKD3M,D,20230111,000000,4.2028,4.2028,4.2028,4.2028,0,0
HKOHKD3M,D,20230112,000000,4.11363,4.11363,4.11363,4.11363,0,0
HKOHKD3M,D,20230113,000000,4.08298,4.08298,4.08298,4.08298,0,0
HKOHKD3M,D,20230116,000000,3.98381,3.98381,3.98381,3.98381,0,0
HKOHKD3M,D,20230117,000000,3.94089,3.94089,3.94089,3.94089,0,0
HKOHKD3M,D,20230118,000000,3.88589,3.88589,3.88589,3.88589,0,0
HKOHKD3M,D,20230119,000000,3.79774,3.79774,3.79774,3.79774,0,0
HKOHKD3M,D,20230120,000000,3.75839,3.75839,3.75839,3.75839,0,0
HKOHKD3M,D,20230126,000000,3.75345,3.75345,3.75345,3.75345,0,0
HKOHKD3M,D,20230127,000000,3.74345,3.74345,3.74345,3.74345,0,0
HKOHKD3M,D,20230130,000000,3.69441,3.69441,3.69441,3.69441,0,0
HKOHKD3M,D,20230131,000000,3.67256,3.67256,3.67256,3.67256,0,0
HKOHKD3M,D,20230201,000000,3.61821,3.61821,3.61821,3.61821,0,0
HKOHKD3M,D,20230202,000000,3.54667,3.54667,3.54667,3.54667,0,0
HKOHKD3M,D,20230203,000000,3.48036,3.48036,3.48036,3.48036,0,0
HKOHKD3M,D,20230206,000000,3.53851,3.53851,3.53851,3.53851,0,0
HKOHKD3M,D,20230207,000000,3.5228,3.5228,3.5228,3.5228,0,0
HKOHKD3M,D,20230208,000000,3.47323,3.47323,3.47323,3.47323,0,0
HKOHKD3M,D,20230209,000000,3.44107,3.44107,3.44107,3.44107,0,0
HKOHKD3M,D,20230210,000000,3.43286,3.43286,3.43286,3.43286,0,0
HKOHKD3M,D,20230213,000000,3.42958,3.42958,3.42958,3.42958,0,0
HKOHKD3M,D,20230214,000000,3.42958,3.42958,3.42958,3.42958,0,0
HKOHKD3M,D,20230215,000000,3.4225,3.4225,3.4225,3.4225,0,0
HKOHKD3M,D,20230216,000000,3.4303,3.4303,3.4303,3.4303,0,0
HKOHKD3M,D,20230217,000000,3.4631,3.4631,3.4631,3.4631,0,0
HKOHKD3M,D,20230220,000000,3.54631,3.54631,3.54631,3.54631,0,0
HKOHKD3M,D,20230221,000000,3.6725,3.6725,3.6725,3.6725,0,0
HKOHKD3M,D,20230222,000000,3.66144,3.66144,3.66144,3.66144,0,0
HKOHKD3M,D,20230223,000000,3.70816,3.70816,3.70816,3.70816,0,0
HKOHKD3M,D,20230224,000000,3.75726,3.75726,3.75726,3.75726,0,0
HKOHKD3M,D,20230227,000000,3.77804,3.77804,3.77804,3.77804,0,0
HKOHKD3M,D,20230228,000000,3.7997,3.7997,3.7997,3.7997,0,0
HKOHKD3M,D,20230301,000000,3.80768,3.80768,3.80768,3.80768,0,0
HKOHKD3M,D,20230302,000000,3.80793,3.80793,3.80793,3.80793,0,0
HKOHKD3M,D,20230303,000000,3.81845,3.81845,3.81845,3.81845,0,0
HKOHKD3M,D,20230306,000000,3.82226,3.82226,3.82226,3.82226,0,0
HKOHKD3M,D,20230307,000000,3.82369,3.82369,3.82369,3.82369,0,0
HKOHKD3M,D,20230308,000000,3.86518,3.86518,3.86518,3.86518,0,0
HKOHKD3M,D,20230309,000000,3.90964,3.90964,3.90964,3.90964,0,0
HKOHKD3M,D,20230310,000000,4.03869,4.03869,4.03869,4.03869,0,0
HKOHKD3M,D,20230313,000000,4.06077,4.06077,4.06077,4.06077,0,0
HKOHKD3M,D,20230314,000000,3.97274,3.97274,3.97274,3.97274,0,0
HKOHKD3M,D,20230315,000000,3.8197,3.8197,3.8197,3.8197,0,0
HKOHKD3M,D,20230316,000000,3.75946,3.75946,3.75946,3.75946,0,0
HKOHKD3M,D,20230317,000000,3.72702,3.72702,3.72702,3.72702,0,0
HKOHKD3M,D,20230320,000000,3.71857,3.71857,3.71857,3.71857,0,0
HKOHKD3M,D,20230321,000000,3.79405,3.79405,3.79405,3.79405,0,0
HKOHKD3M,D,20230322,000000,3.72161,3.72161,3.72161,3.72161,0,0
HKOHKD3M,D,20230323,000000,3.74625,3.74625,3.74625,3.74625,0,0
HKOHKD3M,D,20230324,000000,3.75869,3.75869,3.75869,3.75869,0,0
HKOHKD3M,D,20230327,000000,3.73893,3.73893,3.73893,3.73893,0,0
HKOHKD3M,D,20230328,000000,3.71935,3.71935,3.71935,3.71935,0,0
HKOHKD3M,D,20230329,000000,3.71208,3.71208,3.71208,3.71208,0,0
HKOHKD3M,D,20230330,000000,3.70952,3.70952,3.70952,3.70952,0,0
HKOHKD3M,D,20230331,000000,3.70988,3.70988,3.70988,3.70988,0,0
HKOHKD3M,D,20230403,000000,3.68321,3.68321,3.68321,3.68321,0,0
HKOHKD3M,D,20230404,000000,3.62566,3.62566,3.62566,3.62566,0,0
HKOHKD3M,D,20230406,000000,3.59857,3.59857,3.59857,3.59857,0,0
HKOHKD3M,D,20230411,000000,3.55768,3.55768,3.55768,3.55768,0,0
HKOHKD3M,D,20230412,000000,3.49744,3.49744,3.49744,3.49744,0,0
HKOHKD3M,D,20230413,000000,3.51125,3.51125,3.51125,3.51125,0,0
HKOHKD3M,D,20230414,000000,3.5131,3.5131,3.5131,3.5131,0,0
HKOHKD3M,D,20230417,000000,3.51274,3.51274,3.51274,3.51274,0,0
HKOHKD3M,D,20230418,000000,3.51024,3.51024,3.51024,3.51024,0,0
HKOHKD3M,D,20230419,000000,3.54714,3.54714,3.54714,3.54714,0,0
