<TICKER>,<PER>,<DATE>,<TIME>,<OPEN>,<HIGH>,<LOW>,<CLOSE>,<VOL>,<OPENINT>
HKOHKD2W,D,20200402,000000,1.53464,1.53464,1.53464,1.53464,0,0
HKOHKD2W,D,20200403,000000,1.46976,1.46976,1.46976,1.46976,0,0
HKOHKD2W,D,20200406,000000,1.44357,1.44357,1.44357,1.44357,0,0
HKOHKD2W,D,20200407,000000,1.40696,1.40696,1.40696,1.40696,0,0
HKOHKD2W,D,20200408,000000,1.31869,1.31869,1.31869,1.31869,0,0
HKOHKD2W,D,20200409,000000,1.25958,1.25958,1.25958,1.25958,0,0
HKOHKD2W,D,20200414,000000,1.3072,1.3072,1.3072,1.3072,0,0
HKOHKD2W,D,20200415,000000,1.3072,1.3072,1.3072,1.3072,0,0
HKOHKD2W,D,20200416,000000,1.34613,1.34613,1.34613,1.34613,0,0
HKOHKD2W,D,20200417,000000,1.41179,1.41179,1.41179,1.41179,0,0
HKOHKD2W,D,20200420,000000,1.43113,1.43113,1.43113,1.43113,0,0
HKOHKD2W,D,20200421,000000,1.43756,1.43756,1.43756,1.43756,0,0
HKOHKD2W,D,20200422,000000,1.4125,1.4125,1.4125,1.4125,0,0
HKOHKD2W,D,20200423,000000,1.3578,1.3578,1.3578,1.3578,0,0
HKOHKD2W,D,20200424,000000,1.34083,1.34083,1.34083,1.34083,0,0
HKOHKD2W,D,20200427,000000,1.31095,1.31095,1.31095,1.31095,0,0
HKOHKD2W,D,20200428,000000,1.14036,1.14036,1.14036,1.14036,0,0
HKOHKD2W,D,20200429,000000,1.01768,1.01768,1.01768,1.01768,0,0
HKOHKD2W,D,20200504,000000,0.91536,0.91536,0.91536,0.91536,0,0
HKOHKD2W,D,20200505,000000,0.62214,0.62214,0.62214,0.62214,0,0
HKOHKD2W,D,20200506,000000,0.56411,0.56411,0.56411,0.56411,0,0
HKOHKD2W,D,20200507,000000,0.625,0.625,0.625,0.625,0,0
HKOHKD2W,D,20200508,000000,0.56196,0.56196,0.56196,0.56196,0,0
HKOHKD2W,D,20200511,000000,0.48393,0.48393,0.48393,0.48393,0,0
HKOHKD2W,D,20200512,000000,0.52321,0.52321,0.52321,0.52321,0,0
HKOHKD2W,D,20200513,000000,0.54054,0.54054,0.54054,0.54054,0,0
HKOHKD2W,D,20200514,000000,0.54268,0.54268,0.54268,0.54268,0,0
HKOHKD2W,D,20200515,000000,0.48679,0.48679,0.48679,0.48679,0,0
HKOHKD2W,D,20200518,000000,0.45375,0.45375,0.45375,0.45375,0,0
HKOHKD2W,D,20200519,000000,0.46536,0.46536,0.46536,0.46536,0,0
HKOHKD2W,D,20200520,000000,0.48232,0.48232,0.48232,0.48232,0,0
HKOHKD2W,D,20200521,000000,0.5025,0.5025,0.5025,0.5025,0,0
HKOHKD2W,D,20200522,000000,0.89786,0.89786,0.89786,0.89786,0,0
HKOHKD2W,D,20200525,000000,1.04161,1.04161,1.04161,1.04161,0,0
HKOHKD2W,D,20200526,000000,0.84738,0.84738,0.84738,0.84738,0,0
HKOHKD2W,D,20200527,000000,0.87268,0.87268,0.87268,0.87268,0,0
HKOHKD2W,D,20200528,000000,0.9375,0.9375,0.9375,0.9375,0,0
HKOHKD2W,D,20200529,000000,0.91696,0.91696,0.91696,0.91696,0,0
HKOHKD2W,D,20200601,000000,0.83321,0.83321,0.83321,0.83321,0,0
HKOHKD2W,D,20200602,000000,0.64054,0.64054,0.64054,0.64054,0,0
HKOHKD2W,D,20200603,000000,0.64411,0.64411,0.64411,0.64411,0,0
HKOHKD2W,D,20200604,000000,0.57179,0.57179,0.57179,0.57179,0,0
HKOHKD2W,D,20200605,000000,0.555,0.555,0.555,0.555,0,0
HKOHKD2W,D,20200608,000000,0.55429,0.55429,0.55429,0.55429,0,0
HKOHKD2W,D,20200609,000000,0.5531,0.5531,0.5531,0.5531,0,0
HKOHKD2W,D,20200610,000000,0.4203,0.4203,0.4203,0.4203,0,0
HKOHKD2W,D,20200611,000000,0.39839,0.39839,0.39839,0.39839,0,0
HKOHKD2W,D,20200612,000000,0.43071,0.43071,0.43071,0.43071,0,0
HKOHKD2W,D,20200615,000000,0.4172,0.4172,0.4172,0.4172,0,0
HKOHKD2W,D,20200616,000000,0.41048,0.41048,0.41048,0.41048,0,0
HKOHKD2W,D,20200617,000000,0.43893,0.43893,0.43893,0.43893,0,0
HKOHKD2W,D,20200618,000000,0.3925,0.3925,0.3925,0.3925,0,0
HKOHKD2W,D,20200619,000000,0.42054,0.42054,0.42054,0.42054,0,0
HKOHKD2W,D,20200622,000000,0.43679,0.43679,0.43679,0.43679,0,0
HKOHKD2W,D,20200623,000000,0.43714,0.43714,0.43714,0.43714,0,0
HKOHKD2W,D,20200624,000000,0.41768,0.41768,0.41768,0.41768,0,0
HKOHKD2W,D,20200626,000000,0.36321,0.36321,0.36321,0.36321,0,0
HKOHKD2W,D,20200629,000000,0.33589,0.33589,0.33589,0.33589,0,0
HKOHKD2W,D,20200630,000000,0.33661,0.33661,0.33661,0.33661,0,0
HKOHKD2W,D,20200702,000000,0.35167,0.35167,0.35167,0.35167,0,0
HKOHKD2W,D,20200703,000000,0.33518,0.33518,0.33518,0.33518,0,0
HKOHKD2W,D,20200706,000000,0.31232,0.31232,0.31232,0.31232,0,0
HKOHKD2W,D,20200707,000000,0.30685,0.30685,0.30685,0.30685,0,0
HKOHKD2W,D,20200708,000000,0.31089,0.31089,0.31089,0.31089,0,0
HKOHKD2W,D,20200709,000000,0.32786,0.32786,0.32786,0.32786,0,0
HKOHKD2W,D,20200710,000000,0.32714,0.32714,0.32714,0.32714,0,0
HKOHKD2W,D,20200713,000000,0.29929,0.29929,0.29929,0.29929,0,0
HKOHKD2W,D,20200714,000000,0.27571,0.27571,0.27571,0.27571,0,0
HKOHKD2W,D,20200715,000000,0.25518,0.25518,0.25518,0.25518,0,0
HKOHKD2W,D,20200716,000000,0.23625,0.23625,0.23625,0.23625,0,0
HKOHKD2W,D,20200717,000000,0.19893,0.19893,0.19893,0.19893,0,0
HKOHKD2W,D,20200720,000000,0.16821,0.16821,0.16821,0.16821,0,0
HKOHKD2W,D,20200721,000000,0.15571,0.15571,0.15571,0.15571,0,0
HKOHKD2W,D,20200722,000000,0.14929,0.14929,0.14929,0.14929,0,0
HKOHKD2W,D,20200723,000000,0.15607,0.15607,0.15607,0.15607,0,0
HKOHKD2W,D,20200724,000000,0.15685,0.15685,0.15685,0.15685,0,0
HKOHKD2W,D,20200727,000000,0.16554,0.16554,0.16554,0.16554,0,0
HKOHKD2W,D,20200728,000000,0.16625,0.16625,0.16625,0.16625,0,0
HKOHKD2W,D,20200729,000000,0.16768,0.16768,0.16768,0.16768,0,0
HKOHKD2W,D,20200730,000000,0.16839,0.16839,0.16839,0.16839,0,0
HKOHKD2W,D,20200731,000000,0.16696,0.16696,0.16696,0.16696,0,0
HKOHKD2W,D,20200803,000000,0.16554,0.16554,0.16554,0.16554,0,0
HKOHKD2W,D,20200804,000000,0.17643,0.17643,0.17643,0.17643,0,0
HKOHKD2W,D,20200805,000000,0.18393,0.18393,0.18393,0.18393,0,0
HKOHKD2W,D,20200806,000000,0.1825,0.1825,0.1825,0.1825,0,0
HKOHKD2W,D,20200807,000000,0.1825,0.1825,0.1825,0.1825,0,0
HKOHKD2W,D,20200810,000000,0.1825,0.1825,0.1825,0.1825,0,0
HKOHKD2W,D,20200811,000000,0.18107,0.18107,0.18107,0.18107,0,0
HKOHKD2W,D,20200812,000000,0.16929,0.16929,0.16929,0.16929,0,0
HKOHKD2W,D,20200813,000000,0.17125,0.17125,0.17125,0.17125,0,0
HKOHKD2W,D,20200814,000000,0.16982,0.16982,0.16982,0.16982,0,0
HKOHKD2W,D,20200817,000000,0.16446,0.16446,0.16446,0.16446,0,0
HKOHKD2W,D,20200818,000000,0.16446,0.16446,0.16446,0.16446,0,0
HKOHKD2W,D,20200820,000000,0.16911,0.16911,0.16911,0.16911,0,0
HKOHKD2W,D,20200821,000000,0.18321,0.18321,0.18321,0.18321,0,0
HKOHKD2W,D,20200824,000000,0.19214,0.19214,0.19214,0.19214,0,0
HKOHKD2W,D,20200825,000000,0.225,0.225,0.225,0.225,0,0
HKOHKD2W,D,20200826,000000,0.21036,0.21036,0.21036,0.21036,0,0
HKOHKD2W,D,20200827,000000,0.20893,0.20893,0.20893,0.20893,0,0
HKOHKD2W,D,20200828,000000,0.36423,0.36423,0.36423,0.36423,0,0
HKOHKD2W,D,20200831,000000,0.34839,0.34839,0.34839,0.34839,0,0
HKOHKD2W,D,20200901,000000,0.43351,0.43351,0.43351,0.43351,0,0
HKOHKD2W,D,20200902,000000,0.39929,0.39929,0.39929,0.39929,0,0
HKOHKD2W,D,20200903,000000,0.38018,0.38018,0.38018,0.38018,0,0
HKOHKD2W,D,20200904,000000,0.37923,0.37923,0.37923,0.37923,0,0
HKOHKD2W,D,20200907,000000,0.34268,0.34268,0.34268,0.34268,0,0
HKOHKD2W,D,20200908,000000,0.26464,0.26464,0.26464,0.26464,0,0
HKOHKD2W,D,20200909,000000,0.23911,0.23911,0.23911,0.23911,0,0
HKOHKD2W,D,20200910,000000,0.24268,0.24268,0.24268,0.24268,0,0
HKOHKD2W,D,20200911,000000,0.24054,0.24054,0.24054,0.24054,0,0
HKOHKD2W,D,20200914,000000,0.23768,0.23768,0.23768,0.23768,0,0
HKOHKD2W,D,20200915,000000,0.24268,0.24268,0.24268,0.24268,0,0
HKOHKD2W,D,20200916,000000,0.27875,0.27875,0.27875,0.27875,0,0
HKOHKD2W,D,20200917,000000,0.33631,0.33631,0.33631,0.33631,0,0
HKOHKD2W,D,20200918,000000,0.37762,0.37762,0.37762,0.37762,0,0
HKOHKD2W,D,20200921,000000,0.40232,0.40232,0.40232,0.40232,0,0
HKOHKD2W,D,20200922,000000,0.41643,0.41643,0.41643,0.41643,0,0
HKOHKD2W,D,20200923,000000,0.41554,0.41554,0.41554,0.41554,0,0
HKOHKD2W,D,20200924,000000,0.39268,0.39268,0.39268,0.39268,0,0
HKOHKD2W,D,20200925,000000,0.37923,0.37923,0.37923,0.37923,0,0
HKOHKD2W,D,20200928,000000,0.37429,0.37429,0.37429,0.37429,0,0
HKOHKD2W,D,20200929,000000,0.33232,0.33232,0.33232,0.33232,0,0
HKOHKD2W,D,20200930,000000,0.31226,0.31226,0.31226,0.31226,0,0
HKOHKD2W,D,20201005,000000,0.28625,0.28625,0.28625,0.28625,0,0
HKOHKD2W,D,20201006,000000,0.26554,0.26554,0.26554,0.26554,0,0
HKOHKD2W,D,20201007,000000,0.26018,0.26018,0.26018,0.26018,0,0
HKOHKD2W,D,20201008,000000,0.26107,0.26107,0.26107,0.26107,0,0
HKOHKD2W,D,20201009,000000,0.24411,0.24411,0.24411,0.24411,0,0
HKOHKD2W,D,20201012,000000,0.23816,0.23816,0.23816,0.23816,0,0
HKOHKD2W,D,20201014,000000,0.23982,0.23982,0.23982,0.23982,0,0
HKOHKD2W,D,20201015,000000,0.24125,0.24125,0.24125,0.24125,0,0
HKOHKD2W,D,20201016,000000,0.23982,0.23982,0.23982,0.23982,0,0
HKOHKD2W,D,20201019,000000,0.25964,0.25964,0.25964,0.25964,0,0
HKOHKD2W,D,20201020,000000,0.33161,0.33161,0.33161,0.33161,0,0
HKOHKD2W,D,20201021,000000,0.36387,0.36387,0.36387,0.36387,0,0
HKOHKD2W,D,20201022,000000,0.42149,0.42149,0.42149,0.42149,0,0
HKOHKD2W,D,20201023,000000,0.45821,0.45821,0.45821,0.45821,0,0
HKOHKD2W,D,20201027,000000,0.45375,0.45375,0.45375,0.45375,0,0
HKOHKD2W,D,20201028,000000,0.45375,0.45375,0.45375,0.45375,0,0
HKOHKD2W,D,20201029,000000,0.41839,0.41839,0.41839,0.41839,0,0
HKOHKD2W,D,20201030,000000,0.42232,0.42232,0.42232,0.42232,0,0
HKOHKD2W,D,20201102,000000,0.27,0.27,0.27,0.27,0,0
HKOHKD2W,D,20201103,000000,0.20607,0.20607,0.20607,0.20607,0,0
HKOHKD2W,D,20201104,000000,0.2,0.2,0.2,0.2,0,0
HKOHKD2W,D,20201105,000000,0.15589,0.15589,0.15589,0.15589,0,0
HKOHKD2W,D,20201106,000000,0.14464,0.14464,0.14464,0.14464,0,0
HKOHKD2W,D,20201109,000000,0.11589,0.11589,0.11589,0.11589,0,0
HKOHKD2W,D,20201110,000000,0.08911,0.08911,0.08911,0.08911,0,0
HKOHKD2W,D,20201111,000000,0.08804,0.08804,0.08804,0.08804,0,0
HKOHKD2W,D,20201112,000000,0.06482,0.06482,0.06482,0.06482,0,0
HKOHKD2W,D,20201113,000000,0.06321,0.06321,0.06321,0.06321,0,0
HKOHKD2W,D,20201116,000000,0.0625,0.0625,0.0625,0.0625,0,0
HKOHKD2W,D,20201117,000000,0.06179,0.06179,0.06179,0.06179,0,0
HKOHKD2W,D,20201118,000000,0.07321,0.07321,0.07321,0.07321,0,0
HKOHKD2W,D,20201119,000000,0.07179,0.07179,0.07179,0.07179,0,0
HKOHKD2W,D,20201120,000000,0.07143,0.07143,0.07143,0.07143,0,0
HKOHKD2W,D,20201123,000000,0.07024,0.07024,0.07024,0.07024,0,0
HKOHKD2W,D,20201124,000000,0.07095,0.07095,0.07095,0.07095,0,0
HKOHKD2W,D,20201125,000000,0.07214,0.07214,0.07214,0.07214,0,0
HKOHKD2W,D,20201126,000000,0.07554,0.07554,0.07554,0.07554,0,0
HKOHKD2W,D,20201127,000000,0.08232,0.08232,0.08232,0.08232,0,0
HKOHKD2W,D,20201130,000000,0.08452,0.08452,0.08452,0.08452,0,0
HKOHKD2W,D,20201201,000000,0.08381,0.08381,0.08381,0.08381,0,0
HKOHKD2W,D,20201202,000000,0.09554,0.09554,0.09554,0.09554,0,0
HKOHKD2W,D,20201203,000000,0.10232,0.10232,0.10232,0.10232,0,0
HKOHKD2W,D,20201204,000000,0.10071,0.10071,0.10071,0.10071,0,0
HKOHKD2W,D,20201207,000000,0.10161,0.10161,0.10161,0.10161,0,0
HKOHKD2W,D,20201208,000000,0.10554,0.10554,0.10554,0.10554,0,0
HKOHKD2W,D,20201209,000000,0.11554,0.11554,0.11554,0.11554,0,0
HKOHKD2W,D,20201210,000000,0.11339,0.11339,0.11339,0.11339,0,0
HKOHKD2W,D,20201211,000000,0.11946,0.11946,0.11946,0.11946,0,0
HKOHKD2W,D,20201214,000000,0.12696,0.12696,0.12696,0.12696,0,0
HKOHKD2W,D,20201215,000000,0.12696,0.12696,0.12696,0.12696,0,0
HKOHKD2W,D,20201216,000000,0.14125,0.14125,0.14125,0.14125,0,0
HKOHKD2W,D,20201217,000000,0.15286,0.15286,0.15286,0.15286,0,0
HKOHKD2W,D,20201218,000000,0.19179,0.19179,0.19179,0.19179,0,0
HKOHKD2W,D,20201221,000000,0.15607,0.15607,0.15607,0.15607,0,0
HKOHKD2W,D,20201222,000000,0.14798,0.14798,0.14798,0.14798,0,0
HKOHKD2W,D,20201223,000000,0.13304,0.13304,0.13304,0.13304,0,0
HKOHKD2W,D,20201224,000000,0.15429,0.15429,0.15429,0.15429,0,0
HKOHKD2W,D,20201228,000000,0.12214,0.12214,0.12214,0.12214,0,0
HKOHKD2W,D,20201229,000000,0.12643,0.12643,0.12643,0.12643,0,0
HKOHKD2W,D,20201230,000000,0.12571,0.12571,0.12571,0.12571,0,0
HKOHKD2W,D,20201231,000000,0.12054,0.12054,0.12054,0.12054,0,0
HKOHKD2W,D,20210104,000000,0.10661,0.10661,0.10661,0.10661,0,0
HKOHKD2W,D,20210105,000000,0.09661,0.09661,0.09661,0.09661,0,0
HKOHKD2W,D,20210106,000000,0.09732,0.09732,0.09732,0.09732,0,0
HKOHKD2W,D,20210107,000000,0.10679,0.10679,0.10679,0.10679,0,0
HKOHKD2W,D,20210108,000000,0.1075,0.1075,0.1075,0.1075,0,0
HKOHKD2W,D,20210111,000000,0.105,0.105,0.105,0.105,0,0
HKOHKD2W,D,20210112,000000,0.10411,0.10411,0.10411,0.10411,0,0
HKOHKD2W,D,20210113,000000,0.09143,0.09143,0.09143,0.09143,0,0
HKOHKD2W,D,20210114,000000,0.08696,0.08696,0.08696,0.08696,0,0
HKOHKD2W,D,20210115,000000,0.07911,0.07911,0.07911,0.07911,0,0
HKOHKD2W,D,20210118,000000,0.08125,0.08125,0.08125,0.08125,0,0
HKOHKD2W,D,20210119,000000,0.07518,0.07518,0.07518,0.07518,0,0
HKOHKD2W,D,20210120,000000,0.07589,0.07589,0.07589,0.07589,0,0
HKOHKD2W,D,20210121,000000,0.08089,0.08089,0.08089,0.08089,0,0
HKOHKD2W,D,20210122,000000,0.07411,0.07411,0.07411,0.07411,0,0
HKOHKD2W,D,20210125,000000,0.08536,0.08536,0.08536,0.08536,0,0
HKOHKD2W,D,20210126,000000,0.10643,0.10643,0.10643,0.10643,0,0
HKOHKD2W,D,20210127,000000,0.10679,0.10679,0.10679,0.10679,0,0
HKOHKD2W,D,20210128,000000,0.11357,0.11357,0.11357,0.11357,0,0
HKOHKD2W,D,20210129,000000,0.17821,0.17821,0.17821,0.17821,0,0
HKOHKD2W,D,20210201,000000,0.16625,0.16625,0.16625,0.16625,0,0
HKOHKD2W,D,20210202,000000,0.15768,0.15768,0.15768,0.15768,0,0
HKOHKD2W,D,20210203,000000,0.14411,0.14411,0.14411,0.14411,0,0
HKOHKD2W,D,20210204,000000,0.10643,0.10643,0.10643,0.10643,0,0
HKOHKD2W,D,20210205,000000,0.10357,0.10357,0.10357,0.10357,0,0
HKOHKD2W,D,20210208,000000,0.11821,0.11821,0.11821,0.11821,0,0
HKOHKD2W,D,20210209,000000,0.11893,0.11893,0.11893,0.11893,0,0
HKOHKD2W,D,20210210,000000,0.11946,0.11946,0.11946,0.11946,0,0
HKOHKD2W,D,20210211,000000,0.11946,0.11946,0.11946,0.11946,0,0
HKOHKD2W,D,20210216,000000,0.12089,0.12089,0.12089,0.12089,0,0
HKOHKD2W,D,20210217,000000,0.11589,0.11589,0.11589,0.11589,0,0
HKOHKD2W,D,20210218,000000,0.11304,0.11304,0.11304,0.11304,0,0
HKOHKD2W,D,20210219,000000,0.10643,0.10643,0.10643,0.10643,0,0
HKOHKD2W,D,20210222,000000,0.10482,0.10482,0.10482,0.10482,0,0
HKOHKD2W,D,20210223,000000,0.10357,0.10357,0.10357,0.10357,0,0
HKOHKD2W,D,20210224,000000,0.09952,0.09952,0.09952,0.09952,0,0
HKOHKD2W,D,20210225,000000,0.09661,0.09661,0.09661,0.09661,0,0
HKOHKD2W,D,20210226,000000,0.09518,0.09518,0.09518,0.09518,0,0
HKOHKD2W,D,20210301,000000,0.09554,0.09554,0.09554,0.09554,0,0
HKOHKD2W,D,20210302,000000,0.08143,0.08143,0.08143,0.08143,0,0
HKOHKD2W,D,20210303,000000,0.08196,0.08196,0.08196,0.08196,0,0
HKOHKD2W,D,20210304,000000,0.08018,0.08018,0.08018,0.08018,0,0
HKOHKD2W,D,20210305,000000,0.08232,0.08232,0.08232,0.08232,0,0
HKOHKD2W,D,20210308,000000,0.08268,0.08268,0.08268,0.08268,0,0
HKOHKD2W,D,20210309,000000,0.09571,0.09571,0.09571,0.09571,0,0
HKOHKD2W,D,20210310,000000,0.09571,0.09571,0.09571,0.09571,0,0
HKOHKD2W,D,20210311,000000,0.09036,0.09036,0.09036,0.09036,0,0
HKOHKD2W,D,20210312,000000,0.09196,0.09196,0.09196,0.09196,0,0
HKOHKD2W,D,20210315,000000,0.10143,0.10143,0.10143,0.10143,0,0
HKOHKD2W,D,20210316,000000,0.09089,0.09089,0.09089,0.09089,0,0
HKOHKD2W,D,20210317,000000,0.09054,0.09054,0.09054,0.09054,0,0
HKOHKD2W,D,20210318,000000,0.0897,0.0897,0.0897,0.0897,0,0
HKOHKD2W,D,20210319,000000,0.0897,0.0897,0.0897,0.0897,0,0
HKOHKD2W,D,20210322,000000,0.08607,0.08607,0.08607,0.08607,0,0
HKOHKD2W,D,20210323,000000,0.085,0.085,0.085,0.085,0,0
HKOHKD2W,D,20210324,000000,0.08482,0.08482,0.08482,0.08482,0,0
HKOHKD2W,D,20210325,000000,0.08429,0.08429,0.08429,0.08429,0,0
HKOHKD2W,D,20210326,000000,0.08214,0.08214,0.08214,0.08214,0,0
HKOHKD2W,D,20210329,000000,0.085,0.085,0.085,0.085,0,0
HKOHKD2W,D,20210330,000000,0.08357,0.08357,0.08357,0.08357,0,0
HKOHKD2W,D,20210331,000000,0.07643,0.07643,0.07643,0.07643,0,0
HKOHKD2W,D,20210401,000000,0.07339,0.07339,0.07339,0.07339,0,0
HKOHKD2W,D,20210407,000000,0.07357,0.07357,0.07357,0.07357,0,0
HKOHKD2W,D,20210408,000000,0.07768,0.07768,0.07768,0.07768,0,0
HKOHKD2W,D,20210409,000000,0.07625,0.07625,0.07625,0.07625,0,0
HKOHKD2W,D,20210412,000000,0.06464,0.06464,0.06464,0.06464,0,0
HKOHKD2W,D,20210413,000000,0.06214,0.06214,0.06214,0.06214,0,0
HKOHKD2W,D,20210414,000000,0.06125,0.06125,0.06125,0.06125,0,0
HKOHKD2W,D,20210415,000000,0.06482,0.06482,0.06482,0.06482,0,0
HKOHKD2W,D,20210416,000000,0.06339,0.06339,0.06339,0.06339,0,0
HKOHKD2W,D,20210419,000000,0.06339,0.06339,0.06339,0.06339,0,0
HKOHKD2W,D,20210420,000000,0.06339,0.06339,0.06339,0.06339,0,0
HKOHKD2W,D,20210421,000000,0.06071,0.06071,0.06071,0.06071,0,0
HKOHKD2W,D,20210422,000000,0.06018,0.06018,0.06018,0.06018,0,0
HKOHKD2W,D,20210423,000000,0.06089,0.06089,0.06089,0.06089,0,0
HKOHKD2W,D,20210426,000000,0.05732,0.05732,0.05732,0.05732,0,0
HKOHKD2W,D,20210427,000000,0.06018,0.06018,0.06018,0.06018,0,0
HKOHKD2W,D,20210428,000000,0.05946,0.05946,0.05946,0.05946,0,0
HKOHKD2W,D,20210429,000000,0.05732,0.05732,0.05732,0.05732,0,0
HKOHKD2W,D,20210430,000000,0.06089,0.06089,0.06089,0.06089,0,0
HKOHKD2W,D,20210503,000000,0.05679,0.05679,0.05679,0.05679,0,0
HKOHKD2W,D,20210504,000000,0.05446,0.05446,0.05446,0.05446,0,0
HKOHKD2W,D,20210505,000000,0.05589,0.05589,0.05589,0.05589,0,0
HKOHKD2W,D,20210506,000000,0.05518,0.05518,0.05518,0.05518,0,0
HKOHKD2W,D,20210507,000000,0.05804,0.05804,0.05804,0.05804,0,0
HKOHKD2W,D,20210510,000000,0.05643,0.05643,0.05643,0.05643,0,0
HKOHKD2W,D,20210511,000000,0.06375,0.06375,0.06375,0.06375,0,0
HKOHKD2W,D,20210512,000000,0.06006,0.06006,0.06006,0.06006,0,0
HKOHKD2W,D,20210513,000000,0.06375,0.06375,0.06375,0.06375,0,0
HKOHKD2W,D,20210514,000000,0.06054,0.06054,0.06054,0.06054,0,0
HKOHKD2W,D,20210517,000000,0.05964,0.05964,0.05964,0.05964,0,0
HKOHKD2W,D,20210518,000000,0.06107,0.06107,0.06107,0.06107,0,0
HKOHKD2W,D,20210520,000000,0.06018,0.06018,0.06018,0.06018,0,0
HKOHKD2W,D,20210521,000000,0.06643,0.06643,0.06643,0.06643,0,0
HKOHKD2W,D,20210524,000000,0.06804,0.06804,0.06804,0.06804,0,0
HKOHKD2W,D,20210525,000000,0.06893,0.06893,0.06893,0.06893,0,0
HKOHKD2W,D,20210526,000000,0.06482,0.06482,0.06482,0.06482,0,0
HKOHKD2W,D,20210527,000000,0.06321,0.06321,0.06321,0.06321,0,0
HKOHKD2W,D,20210528,000000,0.05821,0.05821,0.05821,0.05821,0,0
HKOHKD2W,D,20210531,000000,0.06286,0.06286,0.06286,0.06286,0,0
HKOHKD2W,D,20210601,000000,0.06399,0.06399,0.06399,0.06399,0,0
HKOHKD2W,D,20210602,000000,0.06375,0.06375,0.06375,0.06375,0,0
HKOHKD2W,D,20210603,000000,0.06464,0.06464,0.06464,0.06464,0,0
HKOHKD2W,D,20210604,000000,0.06446,0.06446,0.06446,0.06446,0,0
HKOHKD2W,D,20210607,000000,0.0625,0.0625,0.0625,0.0625,0,0
HKOHKD2W,D,20210608,000000,0.06464,0.06464,0.06464,0.06464,0,0
HKOHKD2W,D,20210609,000000,0.06679,0.06679,0.06679,0.06679,0,0
HKOHKD2W,D,20210610,000000,0.06554,0.06554,0.06554,0.06554,0,0
HKOHKD2W,D,20210611,000000,0.06482,0.06482,0.06482,0.06482,0,0
HKOHKD2W,D,20210615,000000,0.07036,0.07036,0.07036,0.07036,0,0
HKOHKD2W,D,20210616,000000,0.06839,0.06839,0.06839,0.06839,0,0
HKOHKD2W,D,20210617,000000,0.06554,0.06554,0.06554,0.06554,0,0
HKOHKD2W,D,20210618,000000,0.06696,0.06696,0.06696,0.06696,0,0
HKOHKD2W,D,20210621,000000,0.06696,0.06696,0.06696,0.06696,0,0
HKOHKD2W,D,20210622,000000,0.06214,0.06214,0.06214,0.06214,0,0
HKOHKD2W,D,20210628,000000,0.06964,0.06964,0.06964,0.06964,0,0
HKOHKD2W,D,20210629,000000,0.07327,0.07327,0.07327,0.07327,0,0
HKOHKD2W,D,20210630,000000,0.07185,0.07185,0.07185,0.07185,0,0
HKOHKD2W,D,20210701,000000,0.07185,0.07185,0.07185,0.07185,0,0
HKOHKD2W,D,20210707,000000,0.05827,0.05827,0.05827,0.05827,0,0
HKOHKD2W,D,20210708,000000,0.06214,0.06214,0.06214,0.06214,0,0
HKOHKD2W,D,20210709,000000,0.06,0.06,0.06,0.06,0,0
HKOHKD2W,D,20210712,000000,0.05946,0.05946,0.05946,0.05946,0,0
HKOHKD2W,D,20210713,000000,0.05899,0.05899,0.05899,0.05899,0,0
HKOHKD2W,D,20210714,000000,0.05696,0.05696,0.05696,0.05696,0,0
HKOHKD2W,D,20210715,000000,0.05625,0.05625,0.05625,0.05625,0,0
HKOHKD2W,D,20210716,000000,0.05625,0.05625,0.05625,0.05625,0,0
HKOHKD2W,D,20210719,000000,0.05696,0.05696,0.05696,0.05696,0,0
HKOHKD2W,D,20210720,000000,0.05679,0.05679,0.05679,0.05679,0,0
HKOHKD2W,D,20210721,000000,0.05482,0.05482,0.05482,0.05482,0,0
HKOHKD2W,D,20210722,000000,0.05893,0.05893,0.05893,0.05893,0,0
HKOHKD2W,D,20210723,000000,0.0575,0.0575,0.0575,0.0575,0,0
HKOHKD2W,D,20210726,000000,0.05821,0.05821,0.05821,0.05821,0,0
HKOHKD2W,D,20210727,000000,0.06696,0.06696,0.06696,0.06696,0,0
HKOHKD2W,D,20210728,000000,0.07107,0.07107,0.07107,0.07107,0,0
HKOHKD2W,D,20210729,000000,0.06393,0.06393,0.06393,0.06393,0,0
HKOHKD2W,D,20210730,000000,0.05935,0.05935,0.05935,0.05935,0,0
HKOHKD2W,D,20210802,000000,0.06196,0.06196,0.06196,0.06196,0,0
HKOHKD2W,D,20210803,000000,0.06464,0.06464,0.06464,0.06464,0,0
HKOHKD2W,D,20210804,000000,0.06321,0.06321,0.06321,0.06321,0,0
HKOHKD2W,D,20210805,000000,0.05768,0.05768,0.05768,0.05768,0,0
HKOHKD2W,D,20210806,000000,0.05625,0.05625,0.05625,0.05625,0,0
HKOHKD2W,D,20210809,000000,0.05625,0.05625,0.05625,0.05625,0,0
HKOHKD2W,D,20210810,000000,0.05357,0.05357,0.05357,0.05357,0,0
HKOHKD2W,D,20210811,000000,0.05036,0.05036,0.05036,0.05036,0,0
HKOHKD2W,D,20210812,000000,0.04964,0.04964,0.04964,0.04964,0,0
HKOHKD2W,D,20210813,000000,0.05107,0.05107,0.05107,0.05107,0,0
HKOHKD2W,D,20210816,000000,0.05036,0.05036,0.05036,0.05036,0,0
HKOHKD2W,D,20210817,000000,0.05089,0.05089,0.05089,0.05089,0,0
HKOHKD2W,D,20210818,000000,0.06054,0.06054,0.06054,0.06054,0,0
HKOHKD2W,D,20210819,000000,0.05875,0.05875,0.05875,0.05875,0,0
HKOHKD2W,D,20210820,000000,0.05518,0.05518,0.05518,0.05518,0,0
HKOHKD2W,D,20210823,000000,0.05018,0.05018,0.05018,0.05018,0,0
HKOHKD2W,D,20210824,000000,0.05161,0.05161,0.05161,0.05161,0,0
HKOHKD2W,D,20210825,000000,0.05089,0.05089,0.05089,0.05089,0,0
HKOHKD2W,D,20210826,000000,0.04875,0.04875,0.04875,0.04875,0,0
HKOHKD2W,D,20210827,000000,0.04756,0.04756,0.04756,0.04756,0,0
HKOHKD2W,D,20210830,000000,0.05357,0.05357,0.05357,0.05357,0,0
HKOHKD2W,D,20210831,000000,0.04946,0.04946,0.04946,0.04946,0,0
HKOHKD2W,D,20210901,000000,0.04804,0.04804,0.04804,0.04804,0,0
HKOHKD2W,D,20210902,000000,0.05089,0.05089,0.05089,0.05089,0,0
HKOHKD2W,D,20210903,000000,0.04756,0.04756,0.04756,0.04756,0,0
HKOHKD2W,D,20210906,000000,0.04875,0.04875,0.04875,0.04875,0,0
HKOHKD2W,D,20210907,000000,0.04946,0.04946,0.04946,0.04946,0,0
HKOHKD2W,D,20210908,000000,0.04946,0.04946,0.04946,0.04946,0,0
HKOHKD2W,D,20210909,000000,0.04946,0.04946,0.04946,0.04946,0,0
HKOHKD2W,D,20210910,000000,0.04875,0.04875,0.04875,0.04875,0,0
HKOHKD2W,D,20210913,000000,0.04875,0.04875,0.04875,0.04875,0,0
HKOHKD2W,D,20210914,000000,0.04875,0.04875,0.04875,0.04875,0,0
HKOHKD2W,D,20210915,000000,0.04804,0.04804,0.04804,0.04804,0,0
HKOHKD2W,D,20210916,000000,0.04661,0.04661,0.04661,0.04661,0,0
HKOHKD2W,D,20210917,000000,0.04804,0.04804,0.04804,0.04804,0,0
HKOHKD2W,D,20210920,000000,0.04827,0.04827,0.04827,0.04827,0,0
HKOHKD2W,D,20210921,000000,0.05089,0.05089,0.05089,0.05089,0,0
HKOHKD2W,D,20210923,000000,0.04875,0.04875,0.04875,0.04875,0,0
HKOHKD2W,D,20210924,000000,0.04732,0.04732,0.04732,0.04732,0,0
HKOHKD2W,D,20210927,000000,0.04875,0.04875,0.04875,0.04875,0,0
HKOHKD2W,D,20210928,000000,0.04946,0.04946,0.04946,0.04946,0,0
HKOHKD2W,D,20210929,000000,0.05018,0.05018,0.05018,0.05018,0,0
HKOHKD2W,D,20210930,000000,0.04875,0.04875,0.04875,0.04875,0,0
HKOHKD2W,D,20211004,000000,0.04804,0.04804,0.04804,0.04804,0,0
HKOHKD2W,D,20211008,000000,0.04607,0.04607,0.04607,0.04607,0,0
HKOHKD2W,D,20211011,000000,0.04446,0.04446,0.04446,0.04446,0,0
HKOHKD2W,D,20211012,000000,0.04304,0.04304,0.04304,0.04304,0,0
HKOHKD2W,D,20211015,000000,0.04429,0.04429,0.04429,0.04429,0,0
HKOHKD2W,D,20211018,000000,0.04643,0.04643,0.04643,0.04643,0,0
HKOHKD2W,D,20211019,000000,0.05286,0.05286,0.05286,0.05286,0,0
HKOHKD2W,D,20211020,000000,0.05071,0.05071,0.05071,0.05071,0,0
HKOHKD2W,D,20211021,000000,0.05,0.05,0.05,0.05,0,0
HKOHKD2W,D,20211022,000000,0.05071,0.05071,0.05071,0.05071,0,0
HKOHKD2W,D,20211025,000000,0.05161,0.05161,0.05161,0.05161,0,0
HKOHKD2W,D,20211026,000000,0.05089,0.05089,0.05089,0.05089,0,0
HKOHKD2W,D,20211027,000000,0.04946,0.04946,0.04946,0.04946,0,0
HKOHKD2W,D,20211028,000000,0.05161,0.05161,0.05161,0.05161,0,0
HKOHKD2W,D,20211029,000000,0.05232,0.05232,0.05232,0.05232,0,0
HKOHKD2W,D,20211101,000000,0.05214,0.05214,0.05214,0.05214,0,0
HKOHKD2W,D,20211102,000000,0.05214,0.05214,0.05214,0.05214,0,0
HKOHKD2W,D,20211103,000000,0.05214,0.05214,0.05214,0.05214,0,0
HKOHKD2W,D,20211104,000000,0.05143,0.05143,0.05143,0.05143,0,0
HKOHKD2W,D,20211105,000000,0.05071,0.05071,0.05071,0.05071,0,0
HKOHKD2W,D,20211108,000000,0.05089,0.05089,0.05089,0.05089,0,0
HKOHKD2W,D,20211109,000000,0.05232,0.05232,0.05232,0.05232,0,0
HKOHKD2W,D,20211110,000000,0.05393,0.05393,0.05393,0.05393,0,0
HKOHKD2W,D,20211111,000000,0.05607,0.05607,0.05607,0.05607,0,0
HKOHKD2W,D,20211112,000000,0.05804,0.05804,0.05804,0.05804,0,0
HKOHKD2W,D,20211115,000000,0.05732,0.05732,0.05732,0.05732,0,0
HKOHKD2W,D,20211116,000000,0.06018,0.06018,0.06018,0.06018,0,0
HKOHKD2W,D,20211117,000000,0.05875,0.05875,0.05875,0.05875,0,0
HKOHKD2W,D,20211118,000000,0.06946,0.06946,0.06946,0.06946,0,0
HKOHKD2W,D,20211119,000000,0.07125,0.07125,0.07125,0.07125,0,0
HKOHKD2W,D,20211122,000000,0.06929,0.06929,0.06929,0.06929,0,0
HKOHKD2W,D,20211123,000000,0.07143,0.07143,0.07143,0.07143,0,0
HKOHKD2W,D,20211124,000000,0.06911,0.06911,0.06911,0.06911,0,0
HKOHKD2W,D,20211125,000000,0.06982,0.06982,0.06982,0.06982,0,0
HKOHKD2W,D,20211126,000000,0.07054,0.07054,0.07054,0.07054,0,0
HKOHKD2W,D,20211129,000000,0.07393,0.07393,0.07393,0.07393,0,0
HKOHKD2W,D,20211130,000000,0.07625,0.07625,0.07625,0.07625,0,0
HKOHKD2W,D,20211201,000000,0.09446,0.09446,0.09446,0.09446,0,0
HKOHKD2W,D,20211202,000000,0.08214,0.08214,0.08214,0.08214,0,0
HKOHKD2W,D,20211203,000000,0.08286,0.08286,0.08286,0.08286,0,0
HKOHKD2W,D,20211206,000000,0.07946,0.07946,0.07946,0.07946,0,0
HKOHKD2W,D,20211207,000000,0.07708,0.07708,0.07708,0.07708,0,0
HKOHKD2W,D,20211208,000000,0.07345,0.07345,0.07345,0.07345,0,0
HKOHKD2W,D,20211209,000000,0.06417,0.06417,0.06417,0.06417,0,0
HKOHKD2W,D,20211210,000000,0.06804,0.06804,0.06804,0.06804,0,0
HKOHKD2W,D,20211213,000000,0.06577,0.06577,0.06577,0.06577,0,0
HKOHKD2W,D,20211214,000000,0.06506,0.06506,0.06506,0.06506,0,0
HKOHKD2W,D,20211215,000000,0.0644,0.0644,0.0644,0.0644,0,0
HKOHKD2W,D,20211216,000000,0.06298,0.06298,0.06298,0.06298,0,0
HKOHKD2W,D,20211217,000000,0.06089,0.06089,0.06089,0.06089,0,0
HKOHKD2W,D,20211220,000000,0.11208,0.11208,0.11208,0.11208,0,0
HKOHKD2W,D,20211221,000000,0.10881,0.10881,0.10881,0.10881,0,0
HKOHKD2W,D,20211222,000000,0.13417,0.13417,0.13417,0.13417,0,0
HKOHKD2W,D,20211223,000000,0.14167,0.14167,0.14167,0.14167,0,0
HKOHKD2W,D,20211224,000000,0.14827,0.14827,0.14827,0.14827,0,0
HKOHKD2W,D,20211228,000000,0.15435,0.15435,0.15435,0.15435,0,0
HKOHKD2W,D,20211229,000000,0.15506,0.15506,0.15506,0.15506,0,0
HKOHKD2W,D,20211230,000000,0.15875,0.15875,0.15875,0.15875,0,0
HKOHKD2W,D,20211231,000000,0.10929,0.10929,0.10929,0.10929,0,0
HKOHKD2W,D,20220103,000000,0.08637,0.08637,0.08637,0.08637,0,0
HKOHKD2W,D,20220104,000000,0.07815,0.07815,0.07815,0.07815,0,0
HKOHKD2W,D,20220105,000000,0.07417,0.07417,0.07417,0.07417,0,0
HKOHKD2W,D,20220106,000000,0.06762,0.06762,0.06762,0.06762,0,0
HKOHKD2W,D,20220107,000000,0.06839,0.06839,0.06839,0.06839,0,0
HKOHKD2W,D,20220110,000000,0.06923,0.06923,0.06923,0.06923,0,0
HKOHKD2W,D,20220111,000000,0.0881,0.0881,0.0881,0.0881,0,0
HKOHKD2W,D,20220112,000000,0.09643,0.09643,0.09643,0.09643,0,0
HKOHKD2W,D,20220113,000000,0.08881,0.08881,0.08881,0.08881,0,0
HKOHKD2W,D,20220114,000000,0.11464,0.11464,0.11464,0.11464,0,0
HKOHKD2W,D,20220117,000000,0.12202,0.12202,0.12202,0.12202,0,0
HKOHKD2W,D,20220118,000000,0.12274,0.12274,0.12274,0.12274,0,0
HKOHKD2W,D,20220119,000000,0.12083,0.12083,0.12083,0.12083,0,0
HKOHKD2W,D,20220120,000000,0.12339,0.12339,0.12339,0.12339,0,0
HKOHKD2W,D,20220121,000000,0.12482,0.12482,0.12482,0.12482,0,0
HKOHKD2W,D,20220124,000000,0.12756,0.12756,0.12756,0.12756,0,0
HKOHKD2W,D,20220125,000000,0.12946,0.12946,0.12946,0.12946,0,0
HKOHKD2W,D,20220126,000000,0.15816,0.15816,0.15816,0.15816,0,0
HKOHKD2W,D,20220127,000000,0.17274,0.17274,0.17274,0.17274,0,0
HKOHKD2W,D,20220128,000000,0.17601,0.17601,0.17601,0.17601,0,0
HKOHKD2W,D,20220131,000000,0.17601,0.17601,0.17601,0.17601,0,0
HKOHKD2W,D,20220204,000000,0.17673,0.17673,0.17673,0.17673,0,0
HKOHKD2W,D,20220207,000000,0.17637,0.17637,0.17637,0.17637,0,0
HKOHKD2W,D,20220208,000000,0.16137,0.16137,0.16137,0.16137,0,0
HKOHKD2W,D,20220209,000000,0.16113,0.16113,0.16113,0.16113,0,0
HKOHKD2W,D,20220210,000000,0.14661,0.14661,0.14661,0.14661,0,0
HKOHKD2W,D,20220211,000000,0.13101,0.13101,0.13101,0.13101,0,0
HKOHKD2W,D,20220214,000000,0.10518,0.10518,0.10518,0.10518,0,0
HKOHKD2W,D,20220215,000000,0.10191,0.10191,0.10191,0.10191,0,0
HKOHKD2W,D,20220216,000000,0.09863,0.09863,0.09863,0.09863,0,0
HKOHKD2W,D,20220217,000000,0.09774,0.09774,0.09774,0.09774,0,0
HKOHKD2W,D,20220218,000000,0.10542,0.10542,0.10542,0.10542,0,0
HKOHKD2W,D,20220221,000000,0.10429,0.10429,0.10429,0.10429,0,0
HKOHKD2W,D,20220222,000000,0.10387,0.10387,0.10387,0.10387,0,0
HKOHKD2W,D,20220223,000000,0.10333,0.10333,0.10333,0.10333,0,0
HKOHKD2W,D,20220224,000000,0.10333,0.10333,0.10333,0.10333,0,0
HKOHKD2W,D,20220225,000000,0.13095,0.13095,0.13095,0.13095,0,0
HKOHKD2W,D,20220228,000000,0.14679,0.14679,0.14679,0.14679,0,0
HKOHKD2W,D,20220301,000000,0.14595,0.14595,0.14595,0.14595,0,0
HKOHKD2W,D,20220302,000000,0.14631,0.14631,0.14631,0.14631,0,0
HKOHKD2W,D,20220303,000000,0.13042,0.13042,0.13042,0.13042,0,0
HKOHKD2W,D,20220304,000000,0.12,0.12,0.12,0.12,0,0
HKOHKD2W,D,20220307,000000,0.11024,0.11024,0.11024,0.11024,0,0
HKOHKD2W,D,20220308,000000,0.10863,0.10863,0.10863,0.10863,0,0
HKOHKD2W,D,20220309,000000,0.11952,0.11952,0.11952,0.11952,0,0
HKOHKD2W,D,20220310,000000,0.12839,0.12839,0.12839,0.12839,0,0
HKOHKD2W,D,20220311,000000,0.11857,0.11857,0.11857,0.11857,0,0
HKOHKD2W,D,20220314,000000,0.12065,0.12065,0.12065,0.12065,0,0
HKOHKD2W,D,20220315,000000,0.11923,0.11923,0.11923,0.11923,0,0
HKOHKD2W,D,20220316,000000,0.12768,0.12768,0.12768,0.12768,0,0
HKOHKD2W,D,20220317,000000,0.12881,0.12881,0.12881,0.12881,0,0
HKOHKD2W,D,20220318,000000,0.15804,0.15804,0.15804,0.15804,0,0
HKOHKD2W,D,20220321,000000,0.17411,0.17411,0.17411,0.17411,0,0
HKOHKD2W,D,20220322,000000,0.17417,0.17417,0.17417,0.17417,0,0
HKOHKD2W,D,20220323,000000,0.17417,0.17417,0.17417,0.17417,0,0
HKOHKD2W,D,20220324,000000,0.19917,0.19917,0.19917,0.19917,0,0
HKOHKD2W,D,20220325,000000,0.22095,0.22095,0.22095,0.22095,0,0
HKOHKD2W,D,20220328,000000,0.21137,0.21137,0.21137,0.21137,0,0
HKOHKD2W,D,20220329,000000,0.22667,0.22667,0.22667,0.22667,0,0
HKOHKD2W,D,20220330,000000,0.2128,0.2128,0.2128,0.2128,0,0
HKOHKD2W,D,20220331,000000,0.18238,0.18238,0.18238,0.18238,0,0
HKOHKD2W,D,20220401,000000,0.11161,0.11161,0.11161,0.11161,0,0
HKOHKD2W,D,20220404,000000,0.09702,0.09702,0.09702,0.09702,0,0
HKOHKD2W,D,20220406,000000,0.08881,0.08881,0.08881,0.08881,0,0
HKOHKD2W,D,20220407,000000,0.0881,0.0881,0.0881,0.0881,0,0
HKOHKD2W,D,20220408,000000,0.08952,0.08952,0.08952,0.08952,0,0
HKOHKD2W,D,20220411,000000,0.09077,0.09077,0.09077,0.09077,0,0
HKOHKD2W,D,20220412,000000,0.09875,0.09875,0.09875,0.09875,0,0
HKOHKD2W,D,20220413,000000,0.10054,0.10054,0.10054,0.10054,0,0
HKOHKD2W,D,20220414,000000,0.09976,0.09976,0.09976,0.09976,0,0
HKOHKD2W,D,20220419,000000,0.11161,0.11161,0.11161,0.11161,0,0
HKOHKD2W,D,20220420,000000,0.11869,0.11869,0.11869,0.11869,0,0
HKOHKD2W,D,20220421,000000,0.11839,0.11839,0.11839,0.11839,0,0
HKOHKD2W,D,20220422,000000,0.12351,0.12351,0.12351,0.12351,0,0
HKOHKD2W,D,20220425,000000,0.15327,0.15327,0.15327,0.15327,0,0
HKOHKD2W,D,20220426,000000,0.16524,0.16524,0.16524,0.16524,0,0
HKOHKD2W,D,20220427,000000,0.15357,0.15357,0.15357,0.15357,0,0
HKOHKD2W,D,20220428,000000,0.13643,0.13643,0.13643,0.13643,0,0
HKOHKD2W,D,20220429,000000,0.12458,0.12458,0.12458,0.12458,0,0
HKOHKD2W,D,20220503,000000,0.12107,0.12107,0.12107,0.12107,0,0
HKOHKD2W,D,20220504,000000,0.11351,0.11351,0.11351,0.11351,0,0
HKOHKD2W,D,20220505,000000,0.11077,0.11077,0.11077,0.11077,0,0
HKOHKD2W,D,20220506,000000,0.10935,0.10935,0.10935,0.10935,0,0
HKOHKD2W,D,20220510,000000,0.11006,0.11006,0.11006,0.11006,0,0
HKOHKD2W,D,20220511,000000,0.10988,0.10988,0.10988,0.10988,0,0
HKOHKD2W,D,20220512,000000,0.11643,0.11643,0.11643,0.11643,0,0
HKOHKD2W,D,20220513,000000,0.10827,0.10827,0.10827,0.10827,0,0
HKOHKD2W,D,20220516,000000,0.10827,0.10827,0.10827,0.10827,0,0
HKOHKD2W,D,20220517,000000,0.10845,0.10845,0.10845,0.10845,0,0
HKOHKD2W,D,20220518,000000,0.10988,0.10988,0.10988,0.10988,0,0
HKOHKD2W,D,20220519,000000,0.10917,0.10917,0.10917,0.10917,0,0
HKOHKD2W,D,20220520,000000,0.10798,0.10798,0.10798,0.10798,0,0
HKOHKD2W,D,20220523,000000,0.1106,0.1106,0.1106,0.1106,0,0
HKOHKD2W,D,20220524,000000,0.1106,0.1106,0.1106,0.1106,0,0
HKOHKD2W,D,20220525,000000,0.11006,0.11006,0.11006,0.11006,0,0
HKOHKD2W,D,20220526,000000,0.11238,0.11238,0.11238,0.11238,0,0
HKOHKD2W,D,20220527,000000,0.11821,0.11821,0.11821,0.11821,0,0
HKOHKD2W,D,20220530,000000,0.1175,0.1175,0.1175,0.1175,0,0
HKOHKD2W,D,20220531,000000,0.12339,0.12339,0.12339,0.12339,0,0
HKOHKD2W,D,20220601,000000,0.11488,0.11488,0.11488,0.11488,0,0
HKOHKD2W,D,20220602,000000,0.11024,0.11024,0.11024,0.11024,0,0
HKOHKD2W,D,20220606,000000,0.11024,0.11024,0.11024,0.11024,0,0
HKOHKD2W,D,20220607,000000,0.10952,0.10952,0.10952,0.10952,0,0
HKOHKD2W,D,20220608,000000,0.1175,0.1175,0.1175,0.1175,0,0
HKOHKD2W,D,20220609,000000,0.11893,0.11893,0.11893,0.11893,0,0
HKOHKD2W,D,20220610,000000,0.11964,0.11964,0.11964,0.11964,0,0
HKOHKD2W,D,20220613,000000,0.1406,0.1406,0.1406,0.1406,0,0
HKOHKD2W,D,20220614,000000,0.23333,0.23333,0.23333,0.23333,0,0
HKOHKD2W,D,20220615,000000,0.28679,0.28679,0.28679,0.28679,0,0
HKOHKD2W,D,20220616,000000,0.33518,0.33518,0.33518,0.33518,0,0
HKOHKD2W,D,20220617,000000,0.38667,0.38667,0.38667,0.38667,0,0
HKOHKD2W,D,20220620,000000,0.39804,0.39804,0.39804,0.39804,0,0
HKOHKD2W,D,20220621,000000,0.4653,0.4653,0.4653,0.4653,0,0
HKOHKD2W,D,20220622,000000,0.57042,0.57042,0.57042,0.57042,0,0
HKOHKD2W,D,20220623,000000,0.69744,0.69744,0.69744,0.69744,0,0
HKOHKD2W,D,20220624,000000,0.69857,0.69857,0.69857,0.69857,0,0
HKOHKD2W,D,20220627,000000,0.67685,0.67685,0.67685,0.67685,0,0
HKOHKD2W,D,20220628,000000,0.70839,0.70839,0.70839,0.70839,0,0
HKOHKD2W,D,20220629,000000,0.74065,0.74065,0.74065,0.74065,0,0
HKOHKD2W,D,20220630,000000,0.79857,0.79857,0.79857,0.79857,0,0
HKOHKD2W,D,20220704,000000,0.67024,0.67024,0.67024,0.67024,0,0
HKOHKD2W,D,20220705,000000,0.67673,0.67673,0.67673,0.67673,0,0
HKOHKD2W,D,20220706,000000,0.7775,0.7775,0.7775,0.7775,0,0
HKOHKD2W,D,20220707,000000,0.55149,0.55149,0.55149,0.55149,0,0
HKOHKD2W,D,20220708,000000,0.48821,0.48821,0.48821,0.48821,0,0
HKOHKD2W,D,20220714,000000,0.45619,0.45619,0.45619,0.45619,0,0
HKOHKD2W,D,20220715,000000,0.47399,0.47399,0.47399,0.47399,0,0
HKOHKD2W,D,20220718,000000,0.49786,0.49786,0.49786,0.49786,0,0
HKOHKD2W,D,20220719,000000,0.53375,0.53375,0.53375,0.53375,0,0
HKOHKD2W,D,20220720,000000,0.55607,0.55607,0.55607,0.55607,0,0
HKOHKD2W,D,20220721,000000,0.6025,0.6025,0.6025,0.6025,0,0
HKOHKD2W,D,20220722,000000,0.77792,0.77792,0.77792,0.77792,0,0
HKOHKD2W,D,20220725,000000,0.91875,0.91875,0.91875,0.91875,0,0
HKOHKD2W,D,20220726,000000,1.17083,1.17083,1.17083,1.17083,0,0
HKOHKD2W,D,20220727,000000,1.305,1.305,1.305,1.305,0,0
HKOHKD2W,D,20220728,000000,1.30423,1.30423,1.30423,1.30423,0,0
HKOHKD2W,D,20220729,000000,1.17631,1.17631,1.17631,1.17631,0,0
HKOHKD2W,D,20220801,000000,1.14131,1.14131,1.14131,1.14131,0,0
HKOHKD2W,D,20220802,000000,1.11083,1.11083,1.11083,1.11083,0,0
HKOHKD2W,D,20220803,000000,1.13732,1.13732,1.13732,1.13732,0,0
HKOHKD2W,D,20220804,000000,1.24714,1.24714,1.24714,1.24714,0,0
HKOHKD2W,D,20220805,000000,1.3103,1.3103,1.3103,1.3103,0,0
HKOHKD2W,D,20220808,000000,1.34411,1.34411,1.34411,1.34411,0,0
HKOHKD2W,D,20220809,000000,1.35464,1.35464,1.35464,1.35464,0,0
HKOHKD2W,D,20220810,000000,1.43917,1.43917,1.43917,1.43917,0,0
HKOHKD2W,D,20220811,000000,1.5522,1.5522,1.5522,1.5522,0,0
HKOHKD2W,D,20220812,000000,1.59458,1.59458,1.59458,1.59458,0,0
HKOHKD2W,D,20220815,000000,1.63083,1.63083,1.63083,1.63083,0,0
HKOHKD2W,D,20220816,000000,1.81185,1.81185,1.81185,1.81185,0,0
HKOHKD2W,D,20220817,000000,1.83125,1.83125,1.83125,1.83125,0,0
HKOHKD2W,D,20220818,000000,1.77339,1.77339,1.77339,1.77339,0,0
HKOHKD2W,D,20220819,000000,1.66845,1.66845,1.66845,1.66845,0,0
HKOHKD2W,D,20220822,000000,1.59292,1.59292,1.59292,1.59292,0,0
HKOHKD2W,D,20220823,000000,1.55536,1.55536,1.55536,1.55536,0,0
HKOHKD2W,D,20220824,000000,1.57863,1.57863,1.57863,1.57863,0,0
HKOHKD2W,D,20220826,000000,1.59619,1.59619,1.59619,1.59619,0,0
HKOHKD2W,D,20220829,000000,1.53827,1.53827,1.53827,1.53827,0,0
HKOHKD2W,D,20220830,000000,1.55833,1.55833,1.55833,1.55833,0,0
HKOHKD2W,D,20220831,000000,1.53518,1.53518,1.53518,1.53518,0,0
HKOHKD2W,D,20220901,000000,1.52714,1.52714,1.52714,1.52714,0,0
HKOHKD2W,D,20220902,000000,1.49452,1.49452,1.49452,1.49452,0,0
HKOHKD2W,D,20220905,000000,1.5178,1.5178,1.5178,1.5178,0,0
HKOHKD2W,D,20220906,000000,1.51566,1.51566,1.51566,1.51566,0,0
HKOHKD2W,D,20220907,000000,1.51744,1.51744,1.51744,1.51744,0,0
HKOHKD2W,D,20220908,000000,1.49738,1.49738,1.49738,1.49738,0,0
HKOHKD2W,D,20220909,000000,1.48649,1.48649,1.48649,1.48649,0,0
HKOHKD2W,D,20220913,000000,1.53488,1.53488,1.53488,1.53488,0,0
HKOHKD2W,D,20220914,000000,1.60845,1.60845,1.60845,1.60845,0,0
HKOHKD2W,D,20220915,000000,1.75929,1.75929,1.75929,1.75929,0,0
HKOHKD2W,D,20220916,000000,2.05,2.05,2.05,2.05,0,0
HKOHKD2W,D,20220919,000000,2.26274,2.26274,2.26274,2.26274,0,0
HKOHKD2W,D,20220920,000000,2.41869,2.41869,2.41869,2.41869,0,0
HKOHKD2W,D,20220921,000000,2.45149,2.45149,2.45149,2.45149,0,0
HKOHKD2W,D,20220922,000000,2.49417,2.49417,2.49417,2.49417,0,0
HKOHKD2W,D,20220923,000000,2.47357,2.47357,2.47357,2.47357,0,0
HKOHKD2W,D,20220926,000000,2.45048,2.45048,2.45048,2.45048,0,0
HKOHKD2W,D,20220927,000000,2.44405,2.44405,2.44405,2.44405,0,0
HKOHKD2W,D,20220928,000000,2.44333,2.44333,2.44333,2.44333,0,0
HKOHKD2W,D,20220929,000000,2.52845,2.52845,2.52845,2.52845,0,0
HKOHKD2W,D,20220930,000000,2.51893,2.51893,2.51893,2.51893,0,0
HKOHKD2W,D,20221003,000000,2.4228,2.4228,2.4228,2.4228,0,0
HKOHKD2W,D,20221005,000000,2.2,2.2,2.2,2.2,0,0
HKOHKD2W,D,20221006,000000,2.06774,2.06774,2.06774,2.06774,0,0
HKOHKD2W,D,20221007,000000,2.0206,2.0206,2.0206,2.0206,0,0
HKOHKD2W,D,20221010,000000,2.00071,2.00071,2.00071,2.00071,0,0
HKOHKD2W,D,20221011,000000,2.04667,2.04667,2.04667,2.04667,0,0
HKOHKD2W,D,20221012,000000,2.08827,2.08827,2.08827,2.08827,0,0
HKOHKD2W,D,20221013,000000,2.13524,2.13524,2.13524,2.13524,0,0
HKOHKD2W,D,20221014,000000,2.21292,2.21292,2.21292,2.21292,0,0
HKOHKD2W,D,20221017,000000,2.2244,2.2244,2.2244,2.2244,0,0
HKOHKD2W,D,20221018,000000,2.27911,2.27911,2.27911,2.27911,0,0
HKOHKD2W,D,20221019,000000,2.29732,2.29732,2.29732,2.29732,0,0
HKOHKD2W,D,20221020,000000,2.36119,2.36119,2.36119,2.36119,0,0
HKOHKD2W,D,20221021,000000,2.47548,2.47548,2.47548,2.47548,0,0
HKOHKD2W,D,20221024,000000,2.49018,2.49018,2.49018,2.49018,0,0
HKOHKD2W,D,20221025,000000,2.58881,2.58881,2.58881,2.58881,0,0
HKOHKD2W,D,20221026,000000,2.63357,2.63357,2.63357,2.63357,0,0
HKOHKD2W,D,20221027,000000,2.69083,2.69083,2.69083,2.69083,0,0
HKOHKD2W,D,20221028,000000,2.7731,2.7731,2.7731,2.7731,0,0
HKOHKD2W,D,20221031,000000,2.82119,2.82119,2.82119,2.82119,0,0
HKOHKD2W,D,20221101,000000,2.86566,2.86566,2.86566,2.86566,0,0
HKOHKD2W,D,20221102,000000,2.90786,2.90786,2.90786,2.90786,0,0
HKOHKD2W,D,20221103,000000,2.84214,2.84214,2.84214,2.84214,0,0
HKOHKD2W,D,20221104,000000,2.79946,2.79946,2.79946,2.79946,0,0
HKOHKD2W,D,20221107,000000,2.69387,2.69387,2.69387,2.69387,0,0
HKOHKD2W,D,20221108,000000,2.48976,2.48976,2.48976,2.48976,0,0
HKOHKD2W,D,20221109,000000,2.37625,2.37625,2.37625,2.37625,0,0
HKOHKD2W,D,20221110,000000,2.34089,2.34089,2.34089,2.34089,0,0
HKOHKD2W,D,20221111,000000,2.45988,2.45988,2.45988,2.45988,0,0
HKOHKD2W,D,20221114,000000,2.77655,2.77655,2.77655,2.77655,0,0
HKOHKD2W,D,20221115,000000,2.90351,2.90351,2.90351,2.90351,0,0
HKOHKD2W,D,20221116,000000,3.34441,3.34441,3.34441,3.34441,0,0
HKOHKD2W,D,20221117,000000,3.78506,3.78506,3.78506,3.78506,0,0
HKOHKD2W,D,20221118,000000,3.53262,3.53262,3.53262,3.53262,0,0
HKOHKD2W,D,20221121,000000,3.55536,3.55536,3.55536,3.55536,0,0
HKOHKD2W,D,20221122,000000,3.82161,3.82161,3.82161,3.82161,0,0
HKOHKD2W,D,20221123,000000,3.77982,3.77982,3.77982,3.77982,0,0
HKOHKD2W,D,20221124,000000,3.80185,3.80185,3.80185,3.80185,0,0
HKOHKD2W,D,20221125,000000,3.83042,3.83042,3.83042,3.83042,0,0
HKOHKD2W,D,20221128,000000,3.98298,3.98298,3.98298,3.98298,0,0
HKOHKD2W,D,20221129,000000,4.08179,4.08179,4.08179,4.08179,0,0
HKOHKD2W,D,20221130,000000,4.14899,4.14899,4.14899,4.14899,0,0
HKOHKD2W,D,20221201,000000,4.13679,4.13679,4.13679,4.13679,0,0
HKOHKD2W,D,20221202,000000,4.19345,4.19345,4.19345,4.19345,0,0
HKOHKD2W,D,20221205,000000,4.28542,4.28542,4.28542,4.28542,0,0
HKOHKD2W,D,20221206,000000,4.38286,4.38286,4.38286,4.38286,0,0
HKOHKD2W,D,20221207,000000,4.09191,4.09191,4.09191,4.09191,0,0
HKOHKD2W,D,20221208,000000,3.97155,3.97155,3.97155,3.97155,0,0
HKOHKD2W,D,20221209,000000,3.6,3.6,3.6,3.6,0,0
HKOHKD2W,D,20221212,000000,3.54173,3.54173,3.54173,3.54173,0,0
HKOHKD2W,D,20221213,000000,3.98107,3.98107,3.98107,3.98107,0,0
HKOHKD2W,D,20221214,000000,3.97077,3.97077,3.97077,3.97077,0,0
HKOHKD2W,D,20221215,000000,3.99054,3.99054,3.99054,3.99054,0,0
HKOHKD2W,D,20221216,000000,3.92179,3.92179,3.92179,3.92179,0,0
HKOHKD2W,D,20221219,000000,4.21149,4.21149,4.21149,4.21149,0,0
HKOHKD2W,D,20221220,000000,4.24679,4.24679,4.24679,4.24679,0,0
HKOHKD2W,D,20221221,000000,4.02601,4.02601,4.02601,4.02601,0,0
HKOHKD2W,D,20221222,000000,4.01607,4.01607,4.01607,4.01607,0,0
HKOHKD2W,D,20221223,000000,4.03881,4.03881,4.03881,4.03881,0,0
HKOHKD2W,D,20221228,000000,3.94726,3.94726,3.94726,3.94726,0,0
HKOHKD2W,D,20221229,000000,3.97976,3.97976,3.97976,3.97976,0,0
HKOHKD2W,D,20221230,000000,3.73488,3.73488,3.73488,3.73488,0,0
HKOHKD2W,D,20230103,000000,3.13691,3.13691,3.13691,3.13691,0,0
HKOHKD2W,D,20230104,000000,2.97202,2.97202,2.97202,2.97202,0,0
HKOHKD2W,D,20230105,000000,2.83155,2.83155,2.83155,2.83155,0,0
HKOHKD2W,D,20230106,000000,2.92452,2.92452,2.92452,2.92452,0,0
HKOHKD2W,D,20230109,000000,3.06875,3.06875,3.06875,3.06875,0,0
HKOHKD2W,D,20230110,000000,3.01845,3.01845,3.01845,3.01845,0,0
HKOHKD2W,D,20230111,000000,2.83411,2.83411,2.83411,2.83411,0,0
HKOHKD2W,D,20230112,000000,2.8075,2.8075,2.8075,2.8075,0,0
HKOHKD2W,D,20230113,000000,2.89214,2.89214,2.89214,2.89214,0,0
HKOHKD2W,D,20230116,000000,2.92863,2.92863,2.92863,2.92863,0,0
HKOHKD2W,D,20230117,000000,3.04333,3.04333,3.04333,3.04333,0,0
HKOHKD2W,D,20230118,000000,2.98756,2.98756,2.98756,2.98756,0,0
HKOHKD2W,D,20230119,000000,2.65661,2.65661,2.65661,2.65661,0,0
HKOHKD2W,D,20230120,000000,2.48958,2.48958,2.48958,2.48958,0,0
HKOHKD2W,D,20230126,000000,2.45399,2.45399,2.45399,2.45399,0,0
HKOHKD2W,D,20230127,000000,2.40095,2.40095,2.40095,2.40095,0,0
HKOHKD2W,D,20230130,000000,2.36054,2.36054,2.36054,2.36054,0,0
HKOHKD2W,D,20230131,000000,2.3472,2.3472,2.3472,2.3472,0,0
HKOHKD2W,D,20230201,000000,2.28321,2.28321,2.28321,2.28321,0,0
HKOHKD2W,D,20230202,000000,2.10405,2.10405,2.10405,2.10405,0,0
HKOHKD2W,D,20230203,000000,1.97423,1.97423,1.97423,1.97423,0,0
HKOHKD2W,D,20230206,000000,1.96107,1.96107,1.96107,1.96107,0,0
HKOHKD2W,D,20230207,000000,1.95571,1.95571,1.95571,1.95571,0,0
HKOHKD2W,D,20230208,000000,1.87512,1.87512,1.87512,1.87512,0,0
HKOHKD2W,D,20230209,000000,1.7575,1.7575,1.7575,1.7575,0,0
HKOHKD2W,D,20230210,000000,1.67387,1.67387,1.67387,1.67387,0,0
HKOHKD2W,D,20230213,000000,1.60143,1.60143,1.60143,1.60143,0,0
HKOHKD2W,D,20230214,000000,1.54113,1.54113,1.54113,1.54113,0,0
HKOHKD2W,D,20230215,000000,1.57685,1.57685,1.57685,1.57685,0,0
HKOHKD2W,D,20230216,000000,1.60107,1.60107,1.60107,1.60107,0,0
HKOHKD2W,D,20230217,000000,1.89262,1.89262,1.89262,1.89262,0,0
HKOHKD2W,D,20230220,000000,2.41179,2.41179,2.41179,2.41179,0,0
HKOHKD2W,D,20230221,000000,2.73042,2.73042,2.73042,2.73042,0,0
HKOHKD2W,D,20230222,000000,2.66488,2.66488,2.66488,2.66488,0,0
HKOHKD2W,D,20230223,000000,2.66917,2.66917,2.66917,2.66917,0,0
HKOHKD2W,D,20230224,000000,2.68441,2.68441,2.68441,2.68441,0,0
HKOHKD2W,D,20230227,000000,2.68625,2.68625,2.68625,2.68625,0,0
HKOHKD2W,D,20230228,000000,2.85393,2.85393,2.85393,2.85393,0,0
HKOHKD2W,D,20230301,000000,2.69036,2.69036,2.69036,2.69036,0,0
HKOHKD2W,D,20230302,000000,2.66262,2.66262,2.66262,2.66262,0,0
HKOHKD2W,D,20230303,000000,2.58482,2.58482,2.58482,2.58482,0,0
HKOHKD2W,D,20230306,000000,2.60292,2.60292,2.60292,2.60292,0,0
HKOHKD2W,D,20230307,000000,2.57208,2.57208,2.57208,2.57208,0,0
HKOHKD2W,D,20230308,000000,2.63905,2.63905,2.63905,2.63905,0,0
HKOHKD2W,D,20230309,000000,2.59018,2.59018,2.59018,2.59018,0,0
HKOHKD2W,D,20230310,000000,2.65869,2.65869,2.65869,2.65869,0,0
HKOHKD2W,D,20230313,000000,2.63196,2.63196,2.63196,2.63196,0,0
HKOHKD2W,D,20230314,000000,2.59756,2.59756,2.59756,2.59756,0,0
HKOHKD2W,D,20230315,000000,2.29691,2.29691,2.29691,2.29691,0,0
HKOHKD2W,D,20230316,000000,2.20071,2.20071,2.20071,2.20071,0,0
HKOHKD2W,D,20230317,000000,2.15268,2.15268,2.15268,2.15268,0,0
HKOHKD2W,D,20230320,000000,2.41339,2.41339,2.41339,2.41339,0,0
HKOHKD2W,D,20230321,000000,3.30238,3.30238,3.30238,3.30238,0,0
HKOHKD2W,D,20230322,000000,3.17208,3.17208,3.17208,3.17208,0,0
HKOHKD2W,D,20230323,000000,3.10667,3.10667,3.10667,3.10667,0,0
HKOHKD2W,D,20230324,000000,2.84887,2.84887,2.84887,2.84887,0,0
HKOHKD2W,D,20230327,000000,2.87762,2.87762,2.87762,2.87762,0,0
HKOHKD2W,D,20230328,000000,2.83833,2.83833,2.83833,2.83833,0,0
HKOHKD2W,D,20230329,000000,2.94732,2.94732,2.94732,2.94732,0,0
HKOHKD2W,D,20230330,000000,2.98845,2.98845,2.98845,2.98845,0,0
HKOHKD2W,D,20230331,000000,2.68405,2.68405,2.68405,2.68405,0,0
HKOHKD2W,D,20230403,000000,2.62054,2.62054,2.62054,2.62054,0,0
HKOHKD2W,D,20230404,000000,2.44554,2.44554,2.44554,2.44554,0,0
HKOHKD2W,D,20230406,000000,2.36381,2.36381,2.36381,2.36381,0,0
HKOHKD2W,D,20230411,000000,2.30143,2.30143,2.30143,2.30143,0,0
HKOHKD2W,D,20230412,000000,2.23827,2.23827,2.23827,2.23827,0,0
HKOHKD2W,D,20230413,000000,2.44935,2.44935,2.44935,2.44935,0,0
HKOHKD2W,D,20230414,000000,2.44631,2.44631,2.44631,2.44631,0,0
HKOHKD2W,D,20230417,000000,2.49917,2.49917,2.49917,2.49917,0,0
HKOHKD2W,D,20230418,000000,2.52399,2.52399,2.52399,2.52399,0,0
HKOHKD2W,D,20230419,000000,2.60149,2.60149,2.60149,2.60149,0,0
